# total charge: 9.000000 
# r(A)     rho (e/A^3)     4*pi*r^2*rho(e/A)  dip  
 0.0000   -1.0747659E+00   -0.0000000E+00    7.1809610E+01
 0.0100   -1.0699682E+00   -1.3445618E-03    7.1452803E+01
 0.0200   -1.0639098E+00   -5.3477942E-03    7.0393033E+01
 0.0300   -1.0563403E+00   -1.1946927E-02    6.8661754E+01
 0.0400   -1.0469960E+00   -2.1051103E-02    6.6309676E+01
 0.0500   -1.0355912E+00   -3.2534058E-02    6.3404293E+01
 0.0600   -1.0218127E+00   -4.6225716E-02    6.0026654E+01
 0.0700   -1.0053462E+00   -6.1904408E-02    5.6267612E+01
 0.0800   -9.8594202E-01   -7.9294162E-02    5.2223774E+01
 0.0900   -9.6348086E-01   -9.8070406E-02    4.7993415E+01
 0.1000   -9.3799351E-01   -1.1787174E-01    4.3672602E+01
 0.1100   -9.0962419E-01   -1.3831116E-01    3.9351703E+01
 0.1200   -8.7856753E-01   -1.5898184E-01    3.5112472E+01
 0.1300   -8.4501686E-01   -1.7945764E-01    3.1025804E+01
 0.1400   -8.0914093E-01   -1.9929211E-01    2.7150236E+01
 0.1500   -7.7108540E-01   -2.1801926E-01    2.3531186E+01
 0.1600   -7.3098615E-01   -2.3515758E-01    2.0200908E+01
 0.1700   -6.8898179E-01   -2.5021622E-01    1.7179050E+01
 0.1800   -6.4521743E-01   -2.6270054E-01    1.4473729E+01
 0.1900   -5.9983907E-01   -2.7211458E-01    1.2082961E+01
 0.2000   -5.5298484E-01   -2.7796050E-01    9.9963345E+00
 0.2100   -5.0478146E-01   -2.7973825E-01    8.1967855E+00
 0.2200   -4.5534873E-01   -2.7694872E-01    6.6623754E+00
 0.2300   -4.0480823E-01   -2.6910072E-01    5.3679675E+00
 0.2400   -3.5328939E-01   -2.5571897E-01    4.2867344E+00
 0.2500   -3.0093033E-01   -2.3635013E-01    3.3914442E+00
 0.2600   -2.4787464E-01   -2.1056620E-01    2.6555007E+00
 0.2700   -1.9426737E-01   -1.7796608E-01    2.0537344E+00
 0.2800   -1.4025207E-01   -1.3817683E-01    1.5629581E+00
 0.2900   -8.5969336E-02   -9.0855125E-02    1.1623110E+00
 0.3000   -3.1556317E-02   -3.5689354E-02    8.3342207E-01
 0.3100    2.2853039E-02    2.7597975E-02    5.6042946E-01
 0.3200    7.7127677E-02    9.9247613E-02    3.2988826E-01
 0.3300    1.3113921E-01    1.7946110E-01    1.3060131E-01
 0.3400    1.8476201E-01    2.6839869E-01   -4.6599235E-02
 0.3500    2.3787364E-01    3.6617801E-01   -2.0909513E-01
 0.3600    2.9035567E-01    4.7287372E-01   -3.6273138E-01
 0.3700    3.4209463E-01    5.8851775E-01   -5.1205730E-01
 0.3800    3.9298223E-01    7.1309924E-01   -6.6054880E-01
 0.3900    4.4291499E-01    8.4656333E-01   -8.1080535E-01
 0.4000    4.9179332E-01    9.8880914E-01   -9.6471970E-01
 0.4100    5.3952133E-01    1.1396886E+00   -1.1236215E+00
 0.4200    5.8600757E-01    1.2990075E+00   -1.2883978E+00
 0.4300    6.3116644E-01    1.4665291E+00   -1.4595927E+00
 0.4400    6.7491928E-01    1.6419769E+00   -1.6374873E+00
 0.4500    7.1719462E-01    1.8250380E+00   -1.8221609E+00
 0.4600    7.5792765E-01    2.0153630E+00   -2.0135376E+00
 0.4700    7.9705942E-01    2.2125662E+00   -2.2114197E+00
 0.4800    8.3453639E-01    2.4162263E+00   -2.4155133E+00
 0.4900    8.7031006E-01    2.6258870E+00   -2.6254480E+00
 0.5000    9.0433715E-01    2.8410590E+00   -2.8407913E+00
 0.5100    9.3658011E-01    3.0612242E+00   -3.0610627E+00
 0.5200    9.6700788E-01    3.2858412E+00   -3.2857447E+00
 0.5300    9.9559630E-01    3.5143489E+00   -3.5142918E+00
 0.5400    1.0223275E+00    3.7461696E+00   -3.7461362E+00
 0.5500    1.0471891E+00    3.9807082E+00   -3.9806888E+00
 0.5600    1.0701731E+00    4.2173528E+00   -4.2173417E+00
 0.5700    1.0912763E+00    4.4554778E+00   -4.4554715E+00
 0.5800    1.1105004E+00    4.6944486E+00   -4.6944450E+00
 0.5900    1.1278526E+00    4.9336263E+00   -4.9336243E+00
 0.6000    1.1433450E+00    5.1723711E+00   -5.1723700E+00
 0.6100    1.1569945E+00    5.4100443E+00   -5.4100437E+00
 0.6200    1.1688223E+00    5.6460110E+00   -5.6460107E+00
 0.6300    1.1788539E+00    5.8796428E+00   -5.8796426E+00
 0.6400    1.1871189E+00    6.1103212E+00   -6.1103211E+00
 0.6500    1.1936510E+00    6.3374411E+00   -6.3374410E+00
 0.6600    1.1984872E+00    6.5604122E+00   -6.5604122E+00
 0.6700    1.2016680E+00    6.7786620E+00   -6.7786619E+00
 0.6800    1.2032371E+00    6.9916374E+00   -6.9916374E+00
 0.6900    1.2032408E+00    7.1988081E+00   -7.1988081E+00
 0.7000    1.2017283E+00    7.3996677E+00   -7.3996677E+00
 0.7100    1.1987509E+00    7.5937363E+00   -7.5937363E+00
 0.7200    1.1943623E+00    7.7805615E+00   -7.7805615E+00
 0.7300    1.1886179E+00    7.9597208E+00   -7.9597208E+00
 0.7400    1.1815746E+00    8.1308223E+00   -8.1308223E+00
 0.7500    1.1732910E+00    8.2935053E+00   -8.2935053E+00
 0.7600    1.1638262E+00    8.4474413E+00   -8.4474413E+00
 0.7700    1.1532405E+00    8.5923347E+00   -8.5923347E+00
 0.7800    1.1415946E+00    8.7279245E+00   -8.7279245E+00
 0.7900    1.1289501E+00    8.8539855E+00   -8.8539855E+00
 0.8000    1.1153688E+00    8.9703279E+00   -8.9703279E+00
 0.8100    1.1009122E+00    9.0767964E+00   -9.0767964E+00
 0.8200    1.0856418E+00    9.1732692E+00   -9.1732692E+00
 0.8300    1.0696184E+00    9.2596570E+00   -9.2596570E+00
 0.8400    1.0529018E+00    9.3359028E+00   -9.3359028E+00
 0.8500    1.0355515E+00    9.4019821E+00   -9.4019821E+00
 0.8600    1.0176257E+00    9.4579025E+00   -9.4579025E+00
 0.8700    9.9918177E-01    9.5037034E+00   -9.5037034E+00
 0.8800    9.8027586E-01    9.5394540E+00   -9.5394540E+00
 0.8900    9.6096273E-01    9.5652521E+00   -9.5652521E+00
 0.9000    9.4129568E-01    9.5812230E+00   -9.5812230E+00
 0.9100    9.2132643E-01    9.5875177E+00   -9.5875177E+00
 0.9200    9.0110509E-01    9.5843125E+00   -9.5843125E+00
 0.9300    8.8068003E-01    9.5718064E+00   -9.5718064E+00
 0.9400    8.6009771E-01    9.5502197E+00   -9.5502197E+00
 0.9500    8.3940266E-01    9.5197911E+00   -9.5197911E+00
 0.9600    8.1863741E-01    9.4807766E+00   -9.4807766E+00
 0.9700    7.9784249E-01    9.4334488E+00   -9.4334488E+00
 0.9800    7.7705654E-01    9.3780951E+00   -9.3780951E+00
 0.9900    7.5631623E-01    9.3150175E+00   -9.3150175E+00
 1.0000    7.3565635E-01    9.2445303E+00   -9.2445303E+00
 1.0100    7.1510975E-01    9.1669595E+00   -9.1669595E+00
 1.0200    6.9470742E-01    9.0826409E+00   -9.0826409E+00
 1.0300    6.7447847E-01    8.9919193E+00   -8.9919193E+00
 1.0400    6.5445016E-01    8.8951468E+00   -8.8951468E+00
 1.0500    6.3464796E-01    8.7926817E+00   -8.7926817E+00
 1.0600    6.1509561E-01    8.6848880E+00   -8.6848880E+00
 1.0700    5.9581522E-01    8.5721353E+00   -8.5721353E+00
 1.0800    5.7682751E-01    8.4548000E+00   -8.4548000E+00
 1.0900    5.5815181E-01    8.3332651E+00   -8.3332651E+00
 1.1000    5.3980618E-01    8.2079195E+00   -8.2079195E+00
 1.1100    5.2180728E-01    8.0791553E+00   -8.0791553E+00
 1.1200    5.0417037E-01    7.9473662E+00   -7.9473662E+00
 1.1300    4.8690933E-01    7.8129465E+00   -7.8129465E+00
 1.1400    4.7003683E-01    7.6762914E+00   -7.6762914E+00
 1.1500    4.5356438E-01    7.5377979E+00   -7.5377979E+00
 1.1600    4.3750247E-01    7.3978641E+00   -7.3978641E+00
 1.1700    4.2186038E-01    7.2568865E+00   -7.2568865E+00
 1.1800    4.0664601E-01    7.1152537E+00   -7.1152537E+00
 1.1900    3.9186541E-01    6.9733380E+00   -6.9733380E+00
 1.2000    3.7752245E-01    6.8314852E+00   -6.8314852E+00
 1.2100    3.6361842E-01    6.6900056E+00   -6.6900056E+00
 1.2200    3.5015196E-01    6.5491673E+00   -6.5491673E+00
 1.2300    3.3711912E-01    6.4091948E+00   -6.4091948E+00
 1.2400    3.2451373E-01    6.2702710E+00   -6.2702710E+00
 1.2500    3.1232789E-01    6.1325437E+00   -6.1325437E+00
 1.2600    3.0055250E-01    5.9961336E+00   -5.9961336E+00
 1.2700    2.8917781E-01    5.8611423E+00   -5.8611423E+00
 1.2800    2.7819379E-01    5.7276600E+00   -5.7276600E+00
 1.2900    2.6759040E-01    5.5957695E+00   -5.5957695E+00
 1.3000    2.5735767E-01    5.4655477E+00   -5.4655477E+00
 1.3100    2.4748568E-01    5.3370654E+00   -5.3370654E+00
 1.3200    2.3796454E-01    5.2103869E+00   -5.2103869E+00
 1.3300    2.2878445E-01    5.0855702E+00   -5.0855702E+00
 1.3400    2.1993570E-01    4.9626677E+00   -4.9626677E+00
 1.3500    2.1140869E-01    4.8417263E+00   -4.8417263E+00
 1.3600    2.0319396E-01    4.7227883E+00   -4.7227883E+00
 1.3700    1.9528224E-01    4.6058920E+00   -4.6058920E+00
 1.3800    1.8766449E-01    4.4910732E+00   -4.4910732E+00
 1.3900    1.8033191E-01    4.3783658E+00   -4.3783658E+00
 1.4000    1.7327593E-01    4.2678011E+00   -4.2678011E+00
 1.4100    1.6648812E-01    4.1594064E+00   -4.1594064E+00
 1.4200    1.5996016E-01    4.0532033E+00   -4.0532033E+00
 1.4300    1.5368379E-01    3.9492080E+00   -3.9492080E+00
 1.4400    1.4765087E-01    3.8474312E+00   -3.8474312E+00
 1.4500    1.4185340E-01    3.7478795E+00   -3.7478795E+00
 1.4600    1.3628355E-01    3.6505560E+00   -3.6505560E+00
 1.4700    1.3093370E-01    3.5554614E+00   -3.5554614E+00
 1.4800    1.2579639E-01    3.4625932E+00   -3.4625932E+00
 1.4900    1.2086436E-01    3.3719463E+00   -3.3719463E+00
 1.5000    1.1613049E-01    3.2835122E+00   -3.2835122E+00
 1.5100    1.1158780E-01    3.1972786E+00   -3.1972786E+00
 1.5200    1.0722945E-01    3.1132295E+00   -3.1132295E+00
 1.5300    1.0304875E-01    3.0313455E+00   -3.0313455E+00
 1.5400    9.9039134E-02    2.9516043E+00   -2.9516043E+00
 1.5500    9.5194227E-02    2.8739809E+00   -2.8739809E+00
 1.5600    9.1507792E-02    2.7984473E+00   -2.7984473E+00
 1.5700    8.7973746E-02    2.7249733E+00   -2.7249733E+00
 1.5800    8.4586157E-02    2.6535259E+00   -2.6535259E+00
 1.5900    8.1339265E-02    2.5840705E+00   -2.5840705E+00
 1.6000    7.8227493E-02    2.5165713E+00   -2.5165713E+00
 1.6100    7.5245459E-02    2.4509921E+00   -2.4509921E+00
 1.6200    7.2387963E-02    2.3872959E+00   -2.3872959E+00
 1.6300    6.9649955E-02    2.3254441E+00   -2.3254441E+00
 1.6400    6.7026511E-02    2.2653962E+00   -2.2653962E+00
 1.6500    6.4512835E-02    2.2071095E+00   -2.2071095E+00
 1.6600    6.2104288E-02    2.1505405E+00   -2.1505405E+00
 1.6700    5.9796416E-02    2.0956462E+00   -2.0956462E+00
 1.6800    5.7584961E-02    2.0423845E+00   -2.0423845E+00
 1.6900    5.5465840E-02    1.9907140E+00   -1.9907140E+00
 1.7000    5.3435118E-02    1.9405931E+00   -1.9405931E+00
 1.7100    5.1488989E-02    1.8919796E+00   -1.8919796E+00
 1.7200    4.9623783E-02    1.8448312E+00   -1.8448312E+00
 1.7300    4.7835987E-02    1.7991062E+00   -1.7991062E+00
 1.7400    4.6122259E-02    1.7547649E+00   -1.7547649E+00
 1.7500    4.4479434E-02    1.7117692E+00   -1.7117692E+00
 1.7600    4.2904501E-02    1.6700830E+00   -1.6700830E+00
 1.7700    4.1394579E-02    1.6296707E+00   -1.6296707E+00
 1.7800    3.9946887E-02    1.5904968E+00   -1.5904968E+00
 1.7900    3.8558742E-02    1.5525257E+00   -1.5525257E+00
 1.8000    3.7227570E-02    1.5157220E+00   -1.5157220E+00
 1.8100    3.5950931E-02    1.4800526E+00   -1.4800526E+00
 1.8200    3.4726530E-02    1.4454865E+00   -1.4454865E+00
 1.8300    3.3552198E-02    1.4119945E+00   -1.4119945E+00
 1.8400    3.2425845E-02    1.3795480E+00   -1.3795480E+00
 1.8500    3.1345433E-02    1.3481170E+00   -1.3481170E+00
 1.8600    3.0308980E-02    1.3176713E+00   -1.3176713E+00
 1.8700    2.9314603E-02    1.2881816E+00   -1.2881816E+00
 1.8800    2.8360547E-02    1.2596218E+00   -1.2596218E+00
 1.8900    2.7445185E-02    1.2319686E+00   -1.2319686E+00
 1.9000    2.6566973E-02    1.2052000E+00   -1.2052000E+00
 1.9100    2.5724415E-02    1.1792940E+00   -1.1792940E+00
 1.9200    2.4916047E-02    1.1542276E+00   -1.1542276E+00
 1.9300    2.4140454E-02    1.1299778E+00   -1.1299778E+00
 1.9400    2.3396289E-02    1.1065226E+00   -1.1065226E+00
 1.9500    2.2682288E-02    1.0838419E+00   -1.0838419E+00
 1.9600    2.1997255E-02    1.0619168E+00   -1.0619168E+00
 1.9700    2.1340034E-02    1.0407284E+00   -1.0407284E+00
 1.9800    2.0709482E-02    1.0202568E+00   -1.0202568E+00
 1.9900    2.0104443E-02    1.0004792E+00   -1.0004792E+00
 2.0000    1.9523745E-02    9.8137044E-01   -9.8137044E-01
 2.0100    1.8966236E-02    9.6290433E-01   -9.6290433E-01
 2.0200    1.8430831E-02    9.4505594E-01   -9.4505594E-01
 2.0300    1.7916542E-02    9.2780378E-01   -9.2780378E-01
 2.0400    1.7422490E-02    9.1113015E-01   -9.1113015E-01
 2.0500    1.6947869E-02    8.9501991E-01   -8.9501991E-01
 2.0600    1.6491906E-02    8.7945808E-01   -8.7945808E-01
 2.0700    1.6053813E-02    8.6442787E-01   -8.6442787E-01
 2.0800    1.5632791E-02    8.4991022E-01   -8.4991022E-01
 2.0900    1.5228051E-02    8.3588544E-01   -8.3588544E-01
 2.1000    1.4838861E-02    8.2233546E-01   -8.2233546E-01
 2.1100    1.4464564E-02    8.0924516E-01   -8.0924516E-01
 2.1200    1.4104564E-02    7.9660173E-01   -7.9660173E-01
 2.1300    1.3758294E-02    7.8439292E-01   -7.8439292E-01
 2.1400    1.3425184E-02    7.7260525E-01   -7.7260525E-01
 2.1500    1.3104638E-02    7.6122285E-01   -7.6122285E-01
 2.1600    1.2796026E-02    7.5022665E-01   -7.5022665E-01
 2.1700    1.2498685E-02    7.3959445E-01   -7.3959445E-01
 2.1800    1.2211940E-02    7.2930221E-01   -7.2930221E-01
 2.1900    1.1935167E-02    7.1932737E-01   -7.1932737E-01
 2.2000    1.1667845E-02    7.0965270E-01   -7.0965270E-01
 2.2100    1.1409592E-02    7.0026841E-01   -7.0026841E-01
 2.2200    1.1160142E-02    6.9117103E-01   -6.9117103E-01
 2.2300    1.0919273E-02    6.8235963E-01   -6.8235963E-01
 2.2400    1.0686750E-02    6.7383188E-01   -6.7383188E-01
 2.2500    1.0462287E-02    6.6558195E-01   -6.6558195E-01
 2.2600    1.0245559E-02    6.5760088E-01   -6.5760088E-01
 2.2700    1.0036225E-02    6.4987820E-01   -6.4987820E-01
 2.2800    9.8339532E-03    6.4240320E-01   -6.4240320E-01
 2.2900    9.6384147E-03    6.3516482E-01   -6.3516482E-01
 2.3000    9.4492765E-03    6.2815105E-01   -6.2815105E-01
 2.3100    9.2662010E-03    6.2134891E-01   -6.2134891E-01
 2.3200    9.0888575E-03    6.1474518E-01   -6.1474518E-01
 2.3300    8.9169355E-03    6.0832734E-01   -6.0832734E-01
 2.3400    8.7501591E-03    6.0208462E-01   -6.0208462E-01
 2.3500    8.5883087E-03    5.9600957E-01   -5.9600957E-01
 2.3600    8.4312428E-03    5.9009980E-01   -5.9009980E-01
 2.3700    8.2788963E-03    5.8435801E-01   -5.8435801E-01
 2.3800    8.1312347E-03    5.7878901E-01   -5.7878901E-01
 2.3900    7.9881806E-03    5.7339453E-01   -5.7339453E-01
 2.4000    7.8495612E-03    5.6816925E-01   -5.6816925E-01
 2.4100    7.7151145E-03    5.6310103E-01   -5.6310103E-01
 2.4200    7.5845488E-03    5.5817495E-01   -5.5817495E-01
 2.4300    7.4576108E-03    5.5337830E-01   -5.5337830E-01
 2.4400    7.3341208E-03    5.4870331E-01   -5.4870331E-01
 2.4500    7.2139663E-03    5.4414688E-01   -5.4414688E-01
 2.4600    7.0970768E-03    5.3970890E-01   -5.3970890E-01
 2.4700    6.9834016E-03    5.3539066E-01   -5.3539066E-01
 2.4800    6.8728911E-03    5.3119342E-01   -5.3119342E-01
 2.4900    6.7654712E-03    5.2711650E-01   -5.2711650E-01
 2.5000    6.6610141E-03    5.2315483E-01   -5.2315483E-01
 2.5100    6.5593268E-03    5.1929791E-01   -5.1929791E-01
 2.5200    6.4601766E-03    5.1553165E-01   -5.1553165E-01
 2.5300    6.3633487E-03    5.1184284E-01   -5.1184284E-01
 2.5400    6.2687033E-03    5.0822381E-01   -5.0822381E-01
 2.5500    6.1761989E-03    5.0467466E-01   -5.0467466E-01
 2.5600    6.0858612E-03    5.0120089E-01   -5.0120089E-01
 2.5700    5.9977092E-03    4.9780759E-01   -4.9780759E-01
 2.5800    5.9116839E-03    4.9449338E-01   -4.9449338E-01
 2.5900    5.8276318E-03    4.9124879E-01   -4.9124879E-01
 2.6000    5.7453592E-03    4.8806059E-01   -4.8806059E-01
 2.6100    5.6647136E-03    4.8491859E-01   -4.8491859E-01
 2.6200    5.5856194E-03    4.8181885E-01   -4.8181885E-01
 2.6300    5.5080315E-03    4.7875991E-01   -4.7875991E-01
 2.6400    5.4318520E-03    4.7573559E-01   -4.7573559E-01
 2.6500    5.3569032E-03    4.7273244E-01   -4.7273244E-01
 2.6600    5.2830082E-03    4.6973662E-01   -4.6973662E-01
 2.6700    5.2101207E-03    4.6674553E-01   -4.6674553E-01
 2.6800    5.1383853E-03    4.6377370E-01   -4.6377370E-01
 2.6900    5.0680623E-03    4.6084658E-01   -4.6084658E-01
 2.7000    4.9993692E-03    4.5798642E-01   -4.5798642E-01
 2.7100    4.9323536E-03    4.5520042E-01   -4.5520042E-01
 2.7200    4.8668827E-03    4.5247912E-01   -4.5247912E-01
 2.7300    4.8027374E-03    4.4980471E-01   -4.4980471E-01
 2.7400    4.7397339E-03    4.4716206E-01   -4.4716206E-01
 2.7500    4.6777789E-03    4.4454420E-01   -4.4454420E-01
 2.7600    4.6168365E-03    4.4194937E-01   -4.4194937E-01
 2.7700    4.5568575E-03    4.3937450E-01   -4.3937450E-01
 2.7800    4.4977520E-03    4.3681241E-01   -4.3681241E-01
 2.7900    4.4394294E-03    4.3425560E-01   -4.3425560E-01
 2.8000    4.3818646E-03    4.3170281E-01   -4.3170281E-01
 2.8100    4.3251333E-03    4.2916274E-01   -4.2916274E-01
 2.8200    4.2693890E-03    4.2665202E-01   -4.2665202E-01
 2.8300    4.2147952E-03    4.2418882E-01   -4.2418882E-01
 2.8400    4.1614444E-03    4.2178452E-01   -4.2178452E-01
 2.8500    4.1092910E-03    4.1943675E-01   -4.1943675E-01
 2.8600    4.0581237E-03    4.1712596E-01   -4.1712596E-01
 2.8700    4.0076023E-03    4.1481865E-01   -4.1481865E-01
 2.8800    3.9573718E-03    4.1247886E-01   -4.1247886E-01
 2.8900    3.9072269E-03    4.1008528E-01   -4.1008528E-01
 2.9000    3.8572339E-03    4.0764473E-01   -4.0764473E-01
 2.9100    3.8077044E-03    4.0519032E-01   -4.0519032E-01
 2.9200    3.7589977E-03    4.0276120E-01   -4.0276120E-01
 2.9300    3.7112682E-03    4.0037545E-01   -4.0037545E-01
 2.9400    3.6643405E-03    3.9801584E-01   -3.9801584E-01
 2.9500    3.6178189E-03    3.9564048E-01   -3.9564048E-01
 2.9600    3.5713631E-03    3.9321248E-01   -3.9321248E-01
 2.9700    3.5249323E-03    3.9072711E-01   -3.9072711E-01
 2.9800    3.4788101E-03    3.8821571E-01   -3.8821571E-01
 2.9900    3.4333979E-03    3.8572375E-01   -3.8572375E-01
 3.0000    3.3889486E-03    3.8328106E-01   -3.8328106E-01
 3.0100    3.3454478E-03    3.8088784E-01   -3.8088784E-01
 3.0200    3.3027077E-03    3.7852441E-01   -3.7852441E-01
 3.0300    3.2605584E-03    3.7617256E-01   -3.7617256E-01
 3.0400    3.2189629E-03    3.7382902E-01   -3.7382902E-01
 3.0500    3.1779819E-03    3.7150183E-01   -3.7150183E-01
 3.0600    3.1376539E-03    3.6919666E-01   -3.6919666E-01
 3.0700    3.0979201E-03    3.6690770E-01   -3.6690770E-01
 3.0800    3.0586606E-03    3.6462176E-01   -3.6462176E-01
 3.0900    3.0198015E-03    3.6233077E-01   -3.6233077E-01
 3.1000    2.9813851E-03    3.6004048E-01   -3.6004048E-01
 3.1100    2.9435369E-03    3.5776688E-01   -3.5776688E-01
 3.1200    2.9063539E-03    3.5552287E-01   -3.5552287E-01
 3.1300    2.8698060E-03    3.5330605E-01   -3.5330605E-01
 3.1400    2.8337280E-03    3.5109717E-01   -3.5109717E-01
 3.1500    2.7979033E-03    3.4887004E-01   -3.4887004E-01
 3.1600    2.7621771E-03    3.4660557E-01   -3.4660557E-01
 3.1700    2.7265322E-03    3.4430159E-01   -3.4430159E-01
 3.1800    2.6910969E-03    3.4197427E-01   -3.4197427E-01
 3.1900    2.6560866E-03    3.3965144E-01   -3.3965144E-01
 3.2000    2.6217069E-03    3.3736029E-01   -3.3736029E-01
 3.2100    2.5880586E-03    3.3511513E-01   -3.3511513E-01
 3.2200    2.5550952E-03    3.3291142E-01   -3.3291142E-01
 3.2300    2.5226576E-03    3.3072972E-01   -3.3072972E-01
 3.2400    2.4905669E-03    3.2854744E-01   -3.2854744E-01
 3.2500    2.4587215E-03    3.2635173E-01   -3.2635173E-01
 3.2600    2.4271499E-03    3.2414674E-01   -3.2414674E-01
 3.2700    2.3959810E-03    3.2195023E-01   -3.2195023E-01
 3.2800    2.3653324E-03    3.1977885E-01   -3.1977885E-01
 3.2900    2.3351747E-03    3.1762966E-01   -3.1762966E-01
 3.3000    2.3052811E-03    3.1547259E-01   -3.1547259E-01
 3.3100    2.2753316E-03    3.1326405E-01   -3.1326405E-01
 3.3200    2.2451225E-03    3.1097542E-01   -3.1097542E-01
 3.3300    2.2147243E-03    3.0861569E-01   -3.0861569E-01
 3.3400    2.1844595E-03    3.0622933E-01   -3.0622933E-01
 3.3500    2.1547070E-03    3.0386991E-01   -3.0386991E-01
 3.3600    2.1256863E-03    3.0156962E-01   -3.0156962E-01
 3.3700    2.0973818E-03    2.9932787E-01   -2.9932787E-01
 3.3800    2.0696446E-03    2.9712489E-01   -2.9712489E-01
 3.3900    2.0423551E-03    2.9494464E-01   -2.9494464E-01
 3.4000    2.0154947E-03    2.9278536E-01   -2.9278536E-01
 3.4100    1.9890826E-03    2.9065074E-01   -2.9065074E-01
 3.4200    1.9630688E-03    2.8853439E-01   -2.8853439E-01
 3.4300    1.9373084E-03    2.8641573E-01   -2.8641573E-01
 3.4400    1.9116481E-03    2.8427240E-01   -2.8427240E-01
 3.4500    1.8860392E-03    2.8209719E-01   -2.8209719E-01
 3.4600    1.8605675E-03    2.7990297E-01   -2.7990297E-01
 3.4700    1.8353764E-03    2.7771155E-01   -2.7771155E-01
 3.4800    1.8105615E-03    2.7553809E-01   -2.7553809E-01
 3.4900    1.7861287E-03    2.7338423E-01   -2.7338423E-01
 3.5000    1.7620320E-03    2.7124375E-01   -2.7124375E-01
 3.5100    1.7382467E-03    2.6911351E-01   -2.6911351E-01
 3.5200    1.7148221E-03    2.6700185E-01   -2.6700185E-01
 3.5300    1.6918864E-03    2.6492960E-01   -2.6492960E-01
 3.5400    1.6695930E-03    2.6292204E-01   -2.6292204E-01
 3.5500    1.6480215E-03    2.6099335E-01   -2.6099335E-01
 3.5600    1.6270840E-03    2.5913128E-01   -2.5913128E-01
 3.5700    1.6065084E-03    2.5729379E-01   -2.5729379E-01
 3.5800    1.5859389E-03    2.5542440E-01   -2.5542440E-01
 3.5900    1.5651046E-03    2.5347908E-01   -2.5347908E-01
 3.6000    1.5439443E-03    2.5144701E-01   -2.5144701E-01
 3.6100    1.5226054E-03    2.4935130E-01   -2.4935130E-01
 3.6200    1.5013362E-03    2.4723216E-01   -2.4723216E-01
 3.6300    1.4803643E-03    2.4512732E-01   -2.4512732E-01
 3.6400    1.4598408E-03    2.4306260E-01   -2.4306260E-01
 3.6500    1.4398596E-03    2.4105477E-01   -2.4105477E-01
 3.6600    1.4205024E-03    2.3911895E-01   -2.3911895E-01
 3.6700    1.4018481E-03    2.3727006E-01   -2.3727006E-01
 3.6800    1.3839153E-03    2.3551306E-01   -2.3551306E-01
 3.6900    1.3665662E-03    2.3382625E-01   -2.3382625E-01
 3.7000    1.3494561E-03    2.3215181E-01   -2.3215181E-01
 3.7100    1.3321150E-03    2.3040897E-01   -2.3040897E-01
 3.7200    1.3141623E-03    2.2853080E-01   -2.2853080E-01
 3.7300    1.2955328E-03    2.2650404E-01   -2.2650404E-01
 3.7400    1.2765396E-03    2.2438166E-01   -2.2438166E-01
 3.7500    1.2577057E-03    2.2225495E-01   -2.2225495E-01
 3.7600    1.2394786E-03    2.2020369E-01   -2.2020369E-01
 3.7700    1.2220258E-03    2.1825939E-01   -2.1825939E-01
 3.7800    1.2052303E-03    2.1640312E-01   -2.1640312E-01
 3.7900    1.1888394E-03    2.1459098E-01   -2.1459098E-01
 3.8000    1.1726262E-03    2.1278286E-01   -2.1278286E-01
 3.8100    1.1564636E-03    2.1095595E-01   -2.1095595E-01
 3.8200    1.1403109E-03    2.0910282E-01   -2.0910282E-01
 3.8300    1.1241829E-03    2.0722607E-01   -2.0722607E-01
 3.8400    1.1081469E-03    2.0533815E-01   -2.0533815E-01
 3.8500    1.0923305E-03    2.0346298E-01   -2.0346298E-01
 3.8600    1.0768924E-03    2.0163076E-01   -2.0163076E-01
 3.8700    1.0619468E-03    1.9986399E-01   -1.9986399E-01
 3.8800    1.0474888E-03    1.9816307E-01   -1.9816307E-01
 3.8900    1.0333846E-03    1.9650384E-01   -1.9650384E-01
 3.9000    1.0194451E-03    1.9485113E-01   -1.9485113E-01
 3.9100    1.0055345E-03    1.9317919E-01   -1.9317919E-01
 3.9200    9.9163012E-04    1.9148365E-01   -1.9148365E-01
 3.9300    9.7780076E-04    1.8977777E-01   -1.8977777E-01
 3.9400    9.6414337E-04    1.8808057E-01   -1.8808057E-01
 3.9500    9.5074625E-04    1.8640977E-01   -1.8640977E-01
 3.9600    9.3769863E-04    1.8478364E-01   -1.8478364E-01
 3.9700    9.2510648E-04    1.8322410E-01   -1.8322410E-01
 3.9800    9.1306895E-04    1.8175216E-01   -1.8175216E-01
 3.9900    9.0162110E-04    1.8037640E-01   -1.8037640E-01
 4.0000    8.9069402E-04    1.7908466E-01   -1.7908466E-01
 4.0100    8.8012957E-04    1.7784646E-01   -1.7784646E-01
 4.0200    8.6973249E-04    1.7662317E-01   -1.7662317E-01
 4.0300    8.5931464E-04    1.7537681E-01   -1.7537681E-01
 4.0400    8.4871672E-04    1.7407458E-01   -1.7407458E-01
 4.0500    8.3783019E-04    1.7269347E-01   -1.7269347E-01
 4.0600    8.2663044E-04    1.7122743E-01   -1.7122743E-01
 4.0700    8.1518955E-04    1.6969040E-01   -1.6969040E-01
 4.0800    8.0363534E-04    1.6810832E-01   -1.6810832E-01
 4.0900    7.9207855E-04    1.6650402E-01   -1.6650402E-01
 4.1000    7.8057218E-04    1.6488861E-01   -1.6488861E-01
 4.1100    7.6913735E-04    1.6326662E-01   -1.6326662E-01
 4.1200    7.5782111E-04    1.6164825E-01   -1.6164825E-01
 4.1300    7.4672299E-04    1.6005509E-01   -1.6005509E-01
 4.1400    7.3596433E-04    1.5851389E-01   -1.5851389E-01
 4.1500    7.2563052E-04    1.5704409E-01   -1.5704409E-01
 4.1600    7.1573708E-04    1.5565033E-01   -1.5565033E-01
 4.1700    7.0624382E-04    1.5432512E-01   -1.5432512E-01
 4.1800    6.9709205E-04    1.5305677E-01   -1.5305677E-01
 4.1900    6.8821638E-04    1.5183186E-01   -1.5183186E-01
 4.2000    6.7951827E-04    1.5062934E-01   -1.5062934E-01
 4.2100    6.7084973E-04    1.4941676E-01   -1.4941676E-01
 4.2200    6.6205958E-04    1.4816030E-01   -1.4816030E-01
 4.2300    6.5307937E-04    1.4684412E-01   -1.4684412E-01
 4.2400    6.4396332E-04    1.4547980E-01   -1.4547980E-01
 4.2500    6.3483657E-04    1.4409525E-01   -1.4409525E-01
 4.2600    6.2580198E-04    1.4271381E-01   -1.4271381E-01
 4.2700    6.1688822E-04    1.4134228E-01   -1.4134228E-01
 4.2800    6.0806203E-04    1.3997333E-01   -1.3997333E-01
 4.2900    5.9926807E-04    1.3859437E-01   -1.3859437E-01
 4.3000    5.9046539E-04    1.3719593E-01   -1.3719593E-01
 4.3100    5.8166353E-04    1.3578014E-01   -1.3578014E-01
 4.3200    5.7296186E-04    1.3437023E-01   -1.3437023E-01
 4.3300    5.6456222E-04    1.3301404E-01   -1.3301404E-01
 4.3400    5.5670939E-04    1.3177040E-01   -1.3177040E-01
 4.3500    5.4955433E-04    1.3067696E-01   -1.3067696E-01
 4.3600    5.4301876E-04    1.2971723E-01   -1.2971723E-01
 4.3700    5.3678326E-04    1.2881656E-01   -1.2881656E-01
 4.3800    5.3044553E-04    1.2787890E-01   -1.2787890E-01
 4.3900    5.2374096E-04    1.2683977E-01   -1.2683977E-01
 4.4000    5.1664819E-04    1.2569272E-01   -1.2569272E-01
 4.4100    5.0931176E-04    1.2447174E-01   -1.2447174E-01
 4.4200    5.0188798E-04    1.2321432E-01   -1.2321432E-01
 4.4300    4.9446413E-04    1.2194166E-01   -1.2194166E-01
 4.4400    4.8708467E-04    1.2066471E-01   -1.2066471E-01
 4.4500    4.7979903E-04    1.1939586E-01   -1.1939586E-01
 4.4600    4.7265584E-04    1.1814752E-01   -1.1814752E-01
 4.4700    4.6566372E-04    1.1692229E-01   -1.1692229E-01
 4.4800    4.5878773E-04    1.1571181E-01   -1.1571181E-01
 4.4900    4.5199972E-04    1.1450929E-01   -1.1450929E-01
 4.5000    4.4532799E-04    1.1332217E-01   -1.1332217E-01
 4.5100    4.3884980E-04    1.1217055E-01   -1.1217055E-01
 4.5200    4.3263598E-04    1.1107322E-01   -1.1107322E-01
 4.5300    4.2670661E-04    1.1003621E-01   -1.1003621E-01
 4.5400    4.2103519E-04    1.0905359E-01   -1.0905359E-01
 4.5500    4.1558155E-04    1.0811574E-01   -1.0811574E-01
 4.5600    4.1031132E-04    1.0721438E-01   -1.0721438E-01
 4.5700    4.0518819E-04    1.0634059E-01   -1.0634059E-01
 4.5800    4.0016290E-04    1.0548183E-01   -1.0548183E-01
 4.5900    3.9518452E-04    1.0462492E-01   -1.0462492E-01
 4.6000    3.9022907E-04    1.0376363E-01   -1.0376363E-01
 4.6100    3.8531444E-04    1.0290275E-01   -1.0290275E-01
 4.6200    3.8047819E-04    1.0205249E-01   -1.0205249E-01
 4.6300    3.7573064E-04    1.0121583E-01   -1.0121583E-01
 4.6400    3.7102241E-04    1.0037972E-01   -1.0037972E-01
 4.6500    3.6625768E-04    9.9518199E-02   -9.9518199E-02
 4.6600    3.6134670E-04    9.8606557E-02   -9.8606557E-02
 4.6700    3.5625912E-04    9.7635918E-02   -9.7635918E-02
 4.6800    3.5103983E-04    9.6617982E-02   -9.6617982E-02
 4.6900    3.4577893E-04    9.5577151E-02   -9.5577151E-02
 4.7000    3.4056195E-04    9.4536976E-02   -9.4536976E-02
 4.7100    3.3543899E-04    9.3511543E-02   -9.3511543E-02
 4.7200    3.3043215E-04    9.2507332E-02   -9.2507332E-02
 4.7300    3.2556729E-04    9.1531992E-02   -9.1531992E-02
 4.7400    3.2089959E-04    9.0601567E-02   -9.0601567E-02
 4.7500    3.1650902E-04    8.9739403E-02   -8.9739403E-02
 4.7600    3.1245852E-04    8.8964377E-02   -8.8964377E-02
 4.7700    3.0872874E-04    8.8272146E-02   -8.8272146E-02
 4.7800    3.0517461E-04    8.7622180E-02   -8.7622180E-02
 4.7900    3.0156303E-04    8.6947878E-02   -8.6947878E-02
 4.8000    2.9770297E-04    8.6193697E-02   -8.6193697E-02
 4.8100    2.9358789E-04    8.5356805E-02   -8.5356805E-02
 4.8200    2.8943281E-04    8.4499026E-02   -8.4499026E-02
 4.8300    2.8556535E-04    8.3716225E-02   -8.3716225E-02
 4.8400    2.8225205E-04    8.3087884E-02   -8.3087884E-02
 4.8500    2.7958115E-04    8.2642079E-02   -8.2642079E-02
 4.8600    2.7744585E-04    8.2349438E-02   -8.2349438E-02
 4.8700    2.7558091E-04    8.2132855E-02   -8.2132855E-02
 4.8800    2.7360851E-04    8.1880240E-02   -8.1880240E-02
 4.8900    2.7111973E-04    8.1468309E-02   -8.1468309E-02
 4.9000    2.6782570E-04    8.0807985E-02   -8.0807985E-02
 4.9100    2.6371388E-04    7.9892468E-02   -7.9892468E-02
 4.9200    2.5907230E-04    7.8806320E-02   -7.8806320E-02
 4.9300    2.5433254E-04    7.7679360E-02   -7.7679360E-02
 4.9400    2.4985718E-04    7.6622374E-02   -7.6622374E-02
 4.9500    2.4584830E-04    7.5698534E-02   -7.5698534E-02
 4.9600    2.4240897E-04    7.4941417E-02   -7.4941417E-02
 4.9700    2.3961659E-04    7.4377147E-02   -7.4377147E-02
 4.9800    2.3746926E-04    7.4007538E-02   -7.4007538E-02
 4.9900    2.3574453E-04    7.3765380E-02   -7.3765380E-02
 5.0000    2.3396041E-04    7.3500831E-02   -7.3500831E-02
 5.0100    2.3156648E-04    7.3040041E-02   -7.3040041E-02
 5.0200    2.2826259E-04    7.2285642E-02   -7.2285642E-02
 5.0300    2.2419156E-04    7.1279573E-02   -7.1279573E-02
 5.0400    2.1984974E-04    7.0177340E-02   -7.0177340E-02
 5.0500    2.1579830E-04    6.9157717E-02   -6.9157717E-02
 5.0600    2.1238851E-04    6.8334799E-02   -6.8334799E-02
 5.0700    2.0964574E-04    6.7719202E-02   -6.7719202E-02
 5.0800    2.0731499E-04    6.7230756E-02   -6.7230756E-02
 5.0900    2.0500148E-04    6.6742494E-02   -6.6742494E-02
 5.1000    2.0234832E-04    6.6137811E-02   -6.6137811E-02
 5.1100    1.9920278E-04    6.5365271E-02   -6.5365271E-02
 5.1200    1.9570484E-04    6.4469063E-02   -6.4469063E-02
 5.1300    1.9223427E-04    6.3573396E-02   -6.3573396E-02
 5.1400    1.8922167E-04    6.2821309E-02   -6.2821309E-02
 5.1500    1.8692662E-04    6.2301066E-02   -6.2301066E-02
 5.1600    1.8531789E-04    6.2004985E-02   -6.2004985E-02
 5.1700    1.8411413E-04    6.1841224E-02   -6.1841224E-02
 5.1800    1.8292981E-04    6.1681348E-02   -6.1681348E-02
 5.1900    1.8142487E-04    6.1410325E-02   -6.1410325E-02
 5.2000    1.7939774E-04    6.0958395E-02   -6.0958395E-02
 5.2100    1.7681789E-04    6.0313081E-02   -6.0313081E-02
 5.2200    1.7381103E-04    5.9515240E-02   -5.9515240E-02
 5.2300    1.7060217E-04    5.8640518E-02   -5.8640518E-02
 5.2400    1.6743007E-04    5.7770470E-02   -5.7770470E-02
 5.2500    1.6446961E-04    5.6965791E-02   -5.6965791E-02
 5.2600    1.6179988E-04    5.6254795E-02   -5.6254795E-02
 5.2700    1.5942032E-04    5.5638419E-02   -5.5638419E-02
 5.2800    1.5728082E-04    5.5100239E-02   -5.5100239E-02
 5.2900    1.5529533E-04    5.4610934E-02   -5.4610934E-02
 5.3000    1.5334621E-04    5.4129580E-02   -5.4129580E-02
 5.3100    1.5130939E-04    5.3612345E-02   -5.3612345E-02
 5.3200    1.4910742E-04    5.3031312E-02   -5.3031312E-02
 5.3300    1.4675503E-04    5.2391071E-02   -5.2391071E-02
 5.3400    1.4435355E-04    5.1727305E-02   -5.1727305E-02
 5.3500    1.4203083E-04    5.1085784E-02   -5.1085784E-02
 5.3600    1.3987108E-04    5.0497209E-02   -5.0497209E-02
 5.3700    1.3788379E-04    4.9965662E-02   -4.9965662E-02
 5.3800    1.3602363E-04    4.9475337E-02   -4.9475337E-02
 5.3900    1.3423523E-04    4.9006526E-02   -4.9006526E-02
 5.4000    1.3249093E-04    4.8549364E-02   -4.8549364E-02
 5.4100    1.3080666E-04    4.8109877E-02   -4.8109877E-02
 5.4200    1.2923388E-04    4.7707298E-02   -4.7707298E-02
 5.4300    1.2782786E-04    4.7362548E-02   -4.7362548E-02
 5.4400    1.2660367E-04    4.7081897E-02   -4.7081897E-02
 5.4500    1.2551067E-04    4.6847186E-02   -4.6847186E-02
 5.4600    1.2445284E-04    4.6622973E-02   -4.6622973E-02
 5.4700    1.2334433E-04    4.6377113E-02   -4.6377113E-02
 5.4800    1.2215570E-04    4.6098280E-02   -4.6098280E-02
 5.4900    1.2091669E-04    4.5797397E-02   -4.5797397E-02
 5.5000    1.1968445E-04    4.5495974E-02   -4.5495974E-02
 5.5100    1.1851366E-04    4.5214890E-02   -4.5214890E-02
 5.5200    1.1745060E-04    4.4972109E-02   -4.4972109E-02
 5.5300    1.1654046E-04    4.4785441E-02   -4.4785441E-02
 5.5400    1.1582397E-04    4.4671222E-02   -4.4671222E-02
 5.5500    1.1531522E-04    4.4635712E-02   -4.4635712E-02
 5.5600    1.1497610E-04    4.4664968E-02   -4.4664968E-02
 5.5700    1.1471000E-04    4.4722032E-02   -4.4722032E-02
 5.5800    1.1438602E-04    4.4755993E-02   -4.4755993E-02
 5.5900    1.1388481E-04    4.4719740E-02   -4.4719740E-02
 5.6000    1.1314029E-04    4.4586480E-02   -4.4586480E-02
 5.6100    1.1214789E-04    4.4353377E-02   -4.4353377E-02
 5.6200    1.1093090E-04    4.4028617E-02   -4.4028617E-02
 5.6300    1.0949452E-04    4.3613309E-02   -4.3613309E-02
 5.6400    1.0781623E-04    4.3097512E-02   -4.3097512E-02
 5.6500    1.0588896E-04    4.2477353E-02   -4.2477353E-02
 5.6600    1.0377809E-04    4.1778072E-02   -4.1778072E-02
 5.6700    1.0163708E-04    4.1060870E-02   -4.1060870E-02
 5.6800    9.9666768E-05    4.0407028E-02   -4.0407028E-02
 5.6900    9.8049350E-05    3.9891385E-02   -3.9891385E-02
 5.7000    9.6898632E-05    3.9561907E-02   -3.9561907E-02
 5.7100    9.6252837E-05    3.9436251E-02   -3.9436251E-02
 5.7200    9.6112008E-05    3.9516600E-02   -3.9516600E-02
 5.7300    9.6484362E-05    3.9808520E-02   -3.9808520E-02
 5.7400    9.7372453E-05    4.0315287E-02   -4.0315287E-02
 5.7500    9.8660947E-05    4.0991219E-02   -4.0991219E-02
 5.7600    9.9982815E-05    4.1685037E-02   -4.1685037E-02
 5.7700    1.0073712E-04    4.2145483E-02   -4.2145483E-02
 5.7800    1.0035882E-04    4.2132875E-02   -4.2132875E-02
 5.7900    9.8700962E-05    4.1580373E-02   -4.1580373E-02
 5.8000    9.6212868E-05    4.0672326E-02   -4.0672326E-02
 5.8100    9.3716600E-05    3.9753801E-02   -3.9753801E-02
 5.8200    9.1925135E-05    3.9128221E-02   -3.9128221E-02
 5.8300    9.1067371E-05    3.8896433E-02   -3.8896433E-02
 5.8400    9.0867582E-05    3.8944356E-02   -3.8944356E-02
 5.8500    9.0818814E-05    3.9056869E-02   -3.9056869E-02
 5.8600    9.0499597E-05    3.9052761E-02   -3.9052761E-02
 5.8700    8.9733697E-05    3.8854527E-02   -3.8854527E-02
 5.8800    8.8564788E-05    3.8479162E-02   -3.8479162E-02
 5.8900    8.7146721E-05    3.7991943E-02   -3.7991943E-02
 5.9000    8.5662520E-05    3.7471815E-02   -3.7471815E-02
 5.9100    8.4301485E-05    3.7001561E-02   -3.7001561E-02
 5.9200    8.3232715E-05    3.6656191E-02   -3.6656191E-02
 5.9300    8.2519247E-05    3.6464856E-02   -3.6464856E-02
 5.9400    8.2023213E-05    3.6368009E-02   -3.6368009E-02
 5.9500    8.1424315E-05    3.6224125E-02   -3.6224125E-02
 5.9600    8.0393755E-05    3.5885970E-02   -3.5885970E-02
 5.9700    7.8802985E-05    3.5294026E-02   -3.5294026E-02
 5.9800    7.6792973E-05    3.4509106E-02   -3.4509106E-02
 5.9900    7.4658462E-05    3.3662204E-02   -3.3662204E-02
 6.0000    7.2670324E-05    3.2875280E-02   -3.2875280E-02
 6.0100    7.0986595E-05    3.2220713E-02   -3.2220713E-02
 6.0200    6.9684881E-05    3.1735212E-02   -3.1735212E-02
 6.0300    6.8834530E-05    3.1452186E-02   -3.1452186E-02
 6.0400    6.8523788E-05    3.1414135E-02   -3.1414135E-02
 6.0500    6.8830854E-05    3.1659479E-02   -3.1659479E-02
 6.0600    6.9780132E-05    3.2202300E-02   -3.2202300E-02
 6.0700    7.1309572E-05    3.3016807E-02   -3.3016807E-02
 6.0800    7.3233002E-05    3.4019182E-02   -3.4019182E-02
 6.0900    7.5189913E-05    3.5043222E-02   -3.5043222E-02
 6.1000    7.6645078E-05    3.5838828E-02   -3.5838828E-02
 6.1100    7.7028194E-05    3.6136160E-02   -3.6136160E-02
 6.1200    7.5994294E-05    3.5767921E-02   -3.5767921E-02
 6.1300    7.3626025E-05    3.4766596E-02   -3.4766596E-02
 6.1400    7.0395359E-05    3.3349600E-02   -3.3349600E-02
 6.1500    6.6902037E-05    3.1797973E-02   -3.1797973E-02
 6.1600    6.3600038E-05    3.0326945E-02   -3.0326945E-02
 6.1700    6.0700824E-05    2.9038540E-02   -2.9038540E-02
 6.1800    5.8250024E-05    2.7956508E-02   -2.7956508E-02
 6.1900    5.6238522E-05    2.7078529E-02   -2.7078529E-02
 6.2000    5.4649630E-05    2.6398574E-02   -2.6398574E-02
 6.2100    5.3460489E-05    2.5907529E-02   -2.5907529E-02
 6.2200    5.2652649E-05    2.5598284E-02   -2.5598284E-02
 6.2300    5.2229389E-05    2.5474220E-02   -2.5474220E-02
 6.2400    5.2194445E-05    2.5538967E-02   -2.5538967E-02
 6.2500    5.2485622E-05    2.5763819E-02   -2.5763819E-02
 6.2600    5.2924167E-05    2.6062289E-02   -2.6062289E-02
 6.2700    5.3246411E-05    2.6304817E-02   -2.6304817E-02
 6.2800    5.3213786E-05    2.6372622E-02   -2.6372622E-02
 6.2900    5.2722824E-05    2.6212583E-02   -2.6212583E-02
 6.3000    5.1834288E-05    2.5852831E-02   -2.5852831E-02
 6.3100    5.0713223E-05    2.5374050E-02   -2.5374050E-02
 6.3200    4.9545428E-05    2.4868386E-02   -2.4868386E-02
 6.3300    4.8495790E-05    2.4418632E-02   -2.4418632E-02
 6.3400    4.7708467E-05    2.4098158E-02   -2.4098158E-02
 6.3500    4.7300211E-05    2.3967371E-02   -2.3967371E-02
 6.3600    4.7318376E-05    2.4052151E-02   -2.4052151E-02
 6.3700    4.7687349E-05    2.4315987E-02   -2.4315987E-02
 6.3800    4.8189066E-05    2.4649024E-02   -2.4649024E-02
 6.3900    4.8505463E-05    2.4888701E-02   -2.4888701E-02
 6.4000    4.8319185E-05    2.4870781E-02   -2.4870781E-02
 6.4100    4.7436220E-05    2.4492662E-02   -2.4492662E-02
 6.4200    4.5869127E-05    2.3757481E-02   -2.3757481E-02
 6.4300    4.3830502E-05    2.2772371E-02   -2.2772371E-02
 6.4400    4.1642550E-05    2.1702957E-02   -2.1702957E-02
 6.4500    3.9624713E-05    2.0715500E-02   -2.0715500E-02
 6.4600    3.8020686E-05    1.9938609E-02   -1.9938609E-02
 6.4700    3.6974909E-05    1.9450266E-02   -1.9450266E-02
 6.4800    3.6526594E-05    1.9273876E-02   -1.9273876E-02
 6.4900    3.6597434E-05    1.9370904E-02   -1.9370904E-02
 6.5000    3.6987208E-05    1.9637587E-02   -1.9637587E-02
 6.5100    3.7409696E-05    1.9923059E-02   -1.9923059E-02
 6.5200    3.7575962E-05    2.0073133E-02   -2.0073133E-02
 6.5300    3.7290210E-05    1.9981637E-02   -1.9981637E-02
 6.5400    3.6510059E-05    1.9623564E-02   -1.9623564E-02
 6.5500    3.5348262E-05    1.9057263E-02   -1.9057263E-02
 6.5600    3.4024573E-05    1.8399678E-02   -1.8399678E-02
 6.5700    3.2787964E-05    1.7785049E-02   -1.7785049E-02
 6.5800    3.1831347E-05    1.7318755E-02   -1.7318755E-02
 6.5900    3.1229395E-05    1.7042930E-02   -1.7042930E-02
 6.6000    3.0930810E-05    1.6931250E-02   -1.6931250E-02
 6.6100    3.0808612E-05    1.6915503E-02   -1.6915503E-02
 6.6200    3.0733237E-05    1.6925213E-02   -1.6925213E-02
 6.6300    3.0623776E-05    1.6915921E-02   -1.6915921E-02
 6.6400    3.0460242E-05    1.6876383E-02   -1.6876383E-02
 6.6500    3.0270244E-05    1.6821669E-02   -1.6821669E-02
 6.6600    3.0108632E-05    1.6782217E-02   -1.6782217E-02
 6.6700    3.0035996E-05    1.6792044E-02   -1.6792044E-02
 6.6800    3.0093785E-05    1.6874837E-02   -1.6874837E-02
 6.6900    3.0278365E-05    1.7029211E-02   -1.7029211E-02
 6.7000    3.0526263E-05    1.7219999E-02   -1.7219999E-02
 6.7100    3.0725802E-05    1.7384337E-02   -1.7384337E-02
 6.7200    3.0758899E-05    1.7454974E-02   -1.7454974E-02
 6.7300    3.0555334E-05    1.7391099E-02   -1.7391099E-02
 6.7400    3.0127966E-05    1.7198852E-02   -1.7198852E-02
 6.7500    2.9565986E-05    1.6928161E-02   -1.6928161E-02
 6.7600    2.8989597E-05    1.6647363E-02   -1.6647363E-02
 6.7700    2.8493476E-05    1.6410909E-02   -1.6410909E-02
 6.7800    2.8110844E-05    1.6238396E-02   -1.6238396E-02
 6.7900    2.7814304E-05    1.6114529E-02   -1.6114529E-02
 6.8000    2.7546776E-05    1.6006577E-02   -1.6006577E-02
 6.8100    2.7261016E-05    1.5887155E-02   -1.5887155E-02
 6.8200    2.6945287E-05    1.5749306E-02   -1.5749306E-02
 6.8300    2.6622635E-05    1.5606385E-02   -1.5606385E-02
 6.8400    2.6325929E-05    1.5477677E-02   -1.5477677E-02
 6.8500    2.6065617E-05    1.5369474E-02   -1.5369474E-02
 6.8600    2.5814096E-05    1.5265640E-02   -1.5265640E-02
 6.8700    2.5521395E-05    1.5136580E-02   -1.5136580E-02
 6.8800    2.5153708E-05    1.4961969E-02   -1.4961969E-02
 6.8900    2.4726302E-05    1.4750525E-02   -1.4750525E-02
 6.9000    2.4303613E-05    1.4540485E-02   -1.4540485E-02
 6.9100    2.3963580E-05    1.4378635E-02   -1.4378635E-02
 6.9200    2.3752557E-05    1.4293297E-02   -1.4293297E-02
 6.9300    2.3665433E-05    1.4282058E-02   -1.4282058E-02
 6.9400    2.3661900E-05    1.4321168E-02   -1.4321168E-02
 6.9500    2.3695070E-05    1.4382602E-02   -1.4382602E-02
 6.9600    2.3720937E-05    1.4439767E-02   -1.4439767E-02
 6.9700    2.3687251E-05    1.4460726E-02   -1.4460726E-02
 6.9800    2.3531113E-05    1.4406656E-02   -1.4406656E-02
 6.9900    2.3204341E-05    1.4247329E-02   -1.4247329E-02
 7.0000    2.2705634E-05    1.3981043E-02   -1.3981043E-02
 7.0100    2.2082286E-05    1.3636092E-02   -1.3636092E-02
 7.0200    2.1396251E-05    1.3250180E-02   -1.3250180E-02
 7.0300    2.0690530E-05    1.2849674E-02   -1.2849674E-02
 7.0400    1.9991187E-05    1.2450700E-02   -1.2450700E-02
 7.0500    1.9338681E-05    1.2078554E-02   -1.2078554E-02
 7.0600    1.8807682E-05    1.1780251E-02   -1.1780251E-02
 7.0700    1.8484047E-05    1.1610362E-02   -1.1610362E-02
 7.0800    1.8410105E-05    1.1596652E-02   -1.1596652E-02
 7.0900    1.8542778E-05    1.1713242E-02   -1.1713242E-02
 7.1000    1.8762509E-05    1.1885501E-02   -1.1885501E-02
 7.1100    1.8930878E-05    1.2025962E-02   -1.2025962E-02
 7.1200    1.8956828E-05    1.2076345E-02   -1.2076345E-02
 7.1300    1.8827413E-05    1.2027617E-02   -1.2027617E-02
 7.1400    1.8589771E-05    1.1909138E-02   -1.1909138E-02
 7.1500    1.8307392E-05    1.1761113E-02   -1.1761113E-02
 7.1600    1.8025252E-05    1.1612274E-02   -1.1612274E-02
 7.1700    1.7761150E-05    1.1474117E-02   -1.1474117E-02
 7.1800    1.7516977E-05    1.1347963E-02   -1.1347963E-02
 7.1900    1.7294036E-05    1.1234765E-02   -1.1234765E-02
 7.2000    1.7101324E-05    1.1140498E-02   -1.1140498E-02
 7.2100    1.6953942E-05    1.1075188E-02   -1.1075188E-02
 7.2200    1.6864229E-05    1.1047163E-02   -1.1047163E-02
 7.2300    1.6830736E-05    1.1055784E-02   -1.1055784E-02
 7.2400    1.6830747E-05    1.1086396E-02   -1.1086396E-02
 7.2500    1.6821244E-05    1.1110766E-02   -1.1110766E-02
 7.2600    1.6751195E-05    1.1095041E-02   -1.1095041E-02
 7.2700    1.6582964E-05    1.1013893E-02   -1.1013893E-02
 7.2800    1.6313060E-05    1.0864458E-02   -1.0864458E-02
 7.2900    1.5978386E-05    1.0670821E-02   -1.0670821E-02
 7.3000    1.5640513E-05    1.0473856E-02   -1.0473856E-02
 7.3100    1.5355159E-05    1.0310956E-02   -1.0310956E-02
 7.3200    1.5145447E-05    1.0197979E-02   -1.0197979E-02
 7.3300    1.4995374E-05    1.0124536E-02   -1.0124536E-02
 7.3400    1.4865622E-05    1.0064335E-02   -1.0064335E-02
 7.3500    1.4718878E-05    9.9921572E-03   -9.9921572E-03
 7.3600    1.4537771E-05    9.8960827E-03   -9.8960827E-03
 7.3700    1.4326926E-05    9.7790766E-03   -9.7790766E-03
 7.3800    1.4103105E-05    9.6524450E-03   -9.6524450E-03
 7.3900    1.3883322E-05    9.5277888E-03   -9.5277888E-03
 7.4000    1.3677498E-05    9.4119579E-03   -9.4119579E-03
 7.4100    1.3486304E-05    9.3054898E-03   -9.3054898E-03
 7.4200    1.3303026E-05    9.2038199E-03   -9.2038199E-03
 7.4300    1.3119531E-05    9.1013497E-03   -9.1013497E-03
 7.4400    1.2934900E-05    8.9974367E-03   -8.9974367E-03
 7.4500    1.2761111E-05    8.9004283E-03   -8.9004283E-03
 7.4600    1.2619509E-05    8.8253100E-03   -8.8253100E-03
 7.4700    1.2528045E-05    8.7848506E-03   -8.7848506E-03
 7.4800    1.2487634E-05    8.7799736E-03   -8.7799736E-03
 7.4900    1.2477928E-05    8.7966230E-03   -8.7966230E-03
 7.5000    1.2466079E-05    8.8117521E-03   -8.8117521E-03
 7.5100    1.2422669E-05    8.8044993E-03   -8.8044993E-03
 7.5200    1.2335127E-05    8.7657516E-03   -8.7657516E-03
 7.5300    1.2211586E-05    8.7010548E-03   -8.7010548E-03
 7.5400    1.2073230E-05    8.6253363E-03   -8.6253363E-03
 7.5500    1.1938785E-05    8.5519253E-03   -8.5519253E-03
 7.5600    1.1811175E-05    8.4829432E-03   -8.4829432E-03
 7.5700    1.1677744E-05    8.4093144E-03   -8.4093144E-03
 7.5800    1.1525448E-05    8.3215854E-03   -8.3215854E-03
 7.5900    1.1357373E-05    8.2218831E-03   -8.2218831E-03
 7.6000    1.1193918E-05    8.1249217E-03   -8.1249217E-03
 7.6100    1.1056414E-05    8.0462492E-03   -8.0462492E-03
 7.6200    1.0948152E-05    7.9884153E-03   -7.9884153E-03
 7.6300    1.0850229E-05    7.9377580E-03   -7.9377580E-03
 7.6400    1.0736129E-05    7.8748863E-03   -7.8748863E-03
 7.6500    1.0592711E-05    7.7900433E-03   -7.7900433E-03
 7.6600    1.0430258E-05    7.6906396E-03   -7.6906396E-03
 7.6700    1.0274365E-05    7.5954859E-03   -7.5954859E-03
 7.6800    1.0148272E-05    7.5218453E-03   -7.5218453E-03
 7.6900    1.0060634E-05    7.4763204E-03   -7.4763204E-03
 7.7000    1.0005733E-05    7.4548723E-03   -7.4548723E-03
 7.7100    9.9709433E-06    7.4482606E-03   -7.4482606E-03
 7.7200    9.9426093E-06    7.4463739E-03   -7.4463739E-03
 7.7300    9.9075590E-06    7.4393591E-03   -7.4393591E-03
 7.7400    9.8540285E-06    7.4183206E-03   -7.4183206E-03
 7.7500    9.7751561E-06    7.3779715E-03   -7.3779715E-03
 7.7600    9.6727523E-06    7.3195330E-03   -7.3195330E-03
 7.7700    9.5564516E-06    7.2501763E-03   -7.2501763E-03
 7.7800    9.4371511E-06    7.1781076E-03   -7.1781076E-03
 7.7900    9.3195348E-06    7.1068805E-03   -7.1068805E-03
 7.8000    9.2001083E-06    7.0338323E-03   -7.0338323E-03
 7.8100    9.0728482E-06    6.9543345E-03   -6.9543345E-03
 7.8200    8.9381509E-06    6.8686447E-03   -6.8686447E-03
 7.8300    8.8075705E-06    6.7856197E-03   -6.7856197E-03
 7.8400    8.6996332E-06    6.7195924E-03   -6.7195924E-03
 7.8500    8.6289295E-06    6.6819943E-03   -6.6819943E-03
 7.8600    8.5961882E-06    6.6736107E-03   -6.6736107E-03
 7.8700    8.5862296E-06    6.6828517E-03   -6.6828517E-03
 7.8800    8.5744096E-06    6.6906225E-03   -6.6906225E-03
 7.8900    8.5366190E-06    6.6780516E-03   -6.6780516E-03
 7.9000    8.4576452E-06    6.6330537E-03   -6.6330537E-03
 7.9100    8.3355974E-06    6.5538962E-03   -6.5538962E-03
 7.9200    8.1817828E-06    6.4492346E-03   -6.4492346E-03
 7.9300    8.0160781E-06    6.3345852E-03   -6.3345852E-03
 7.9400    7.8599181E-06    6.2268569E-03   -6.2268569E-03
 7.9500    7.7308652E-06    6.1400545E-03   -6.1400545E-03
 7.9600    7.6406102E-06    6.0836475E-03   -6.0836475E-03
 7.9700    7.5941124E-06    6.0618268E-03   -6.0618268E-03
 7.9800    7.5876354E-06    6.0718649E-03   -6.0718649E-03
 7.9900    7.6080005E-06    6.1034298E-03   -6.1034298E-03
 8.0000    7.6369158E-06    6.1419721E-03   -6.1419721E-03
 8.0100    7.6588200E-06    6.1749971E-03   -6.1749971E-03
 8.0200    7.6655873E-06    6.1958948E-03   -6.1958948E-03
 8.0300    7.6547875E-06    6.2026045E-03   -6.2026045E-03
 8.0400    7.6257198E-06    6.1944508E-03   -6.1944508E-03
 8.0500    7.5784798E-06    6.1714004E-03   -6.1714004E-03
 8.0600    7.5153557E-06    6.1352108E-03   -6.1352108E-03
 8.0700    7.4404260E-06    6.0891228E-03   -6.0891228E-03
 8.0800    7.3565404E-06    6.0354021E-03   -6.0354021E-03
 8.0900    7.2628063E-06    5.9732594E-03   -5.9732594E-03
 8.1000    7.1550825E-06    5.8992194E-03   -5.8992194E-03
 8.1100    7.0292328E-06    5.8097775E-03   -5.8097775E-03
 8.1200    6.8857574E-06    5.7052364E-03   -5.7052364E-03
 8.1300    6.7341567E-06    5.5933781E-03   -5.5933781E-03
 8.1400    6.5941507E-06    5.4905714E-03   -5.4905714E-03
 8.1500    6.4905118E-06    5.4175637E-03   -5.4175637E-03
 8.1600    6.4418569E-06    5.3901550E-03   -5.3901550E-03
 8.1700    6.4495391E-06    5.4098181E-03   -5.4098181E-03
 8.1800    6.4944379E-06    5.4608222E-03   -5.4608222E-03
 8.1900    6.5441125E-06    5.5160529E-03   -5.5160529E-03
 8.2000    6.5655807E-06    5.5476712E-03   -5.5476712E-03
 8.2100    6.5366540E-06    5.5367087E-03   -5.5367087E-03
 8.2200    6.4515574E-06    5.4779500E-03   -5.4779500E-03
 8.2300    6.3200760E-06    5.3793752E-03   -5.3793752E-03
 8.2400    6.1616719E-06    5.2573012E-03   -5.2573012E-03
 8.2500    5.9977570E-06    5.1298732E-03   -5.1298732E-03
 8.2600    5.8461333E-06    5.0123186E-03   -5.0123186E-03
 8.2700    5.7198960E-06    4.9159676E-03   -4.9159676E-03
 8.2800    5.6296362E-06    4.8501019E-03   -4.8501019E-03
 8.2900    5.5854193E-06    4.8236380E-03   -4.8236380E-03
 8.3000    5.5953252E-06    4.8438578E-03   -4.8438578E-03
 8.3100    5.6598248E-06    4.9115085E-03   -4.9115085E-03
 8.3200    5.7646031E-06    5.0144803E-03   -5.0144803E-03
 8.3300    5.8768830E-06    5.1244459E-03   -5.1244459E-03
 8.3400    5.9502166E-06    5.2008550E-03   -5.2008550E-03
 8.3500    5.9392633E-06    5.2037376E-03   -5.2037376E-03
 8.3600    5.8196817E-06    5.1111856E-03   -5.1111856E-03
 8.3700    5.6020732E-06    4.9318466E-03   -4.9318466E-03
 8.3800    5.3292762E-06    4.7029042E-03   -4.7029042E-03
 8.3900    5.0565717E-06    4.4729079E-03   -4.4729079E-03
 8.4000    4.8272523E-06    4.2802431E-03   -4.2802431E-03
 8.4100    4.6590527E-06    4.1409452E-03   -4.1409452E-03
 8.4200    4.5473218E-06    4.0512565E-03   -4.0512565E-03
 8.4300    4.4785966E-06    3.9995116E-03   -3.9995116E-03
 8.4400    4.4433699E-06    3.9774729E-03   -3.9774729E-03
 8.4500    4.4399355E-06    3.9838221E-03   -3.9838221E-03
 8.4600    4.4680891E-06    4.0185781E-03   -4.0185781E-03
 8.4700    4.5189037E-06    4.0738945E-03   -4.0738945E-03
 8.4800    4.5707875E-06    4.1304046E-03   -4.1304046E-03
 8.4900    4.5977686E-06    4.1645910E-03   -4.1645910E-03
 8.5000    4.5847648E-06    4.1626009E-03   -4.1626009E-03
 8.5100    4.5368092E-06    4.1287587E-03   -4.1287587E-03
 8.5200    4.4738960E-06    4.0810784E-03   -4.0810784E-03
 8.5300    4.4160768E-06    4.0377976E-03   -4.0377976E-03
 8.5400    4.3711887E-06    4.0061311E-03   -4.0061311E-03
 8.5500    4.3333847E-06    3.9807907E-03   -3.9807907E-03
 8.5600    4.2909874E-06    3.9510692E-03   -3.9510692E-03
 8.5700    4.2365647E-06    3.9100774E-03   -3.9100774E-03
 8.5800    4.1726148E-06    3.8600483E-03   -3.8600483E-03
 8.5900    4.1097958E-06    3.8108024E-03   -3.8108024E-03
 8.6000    4.0593870E-06    3.7728299E-03   -3.7728299E-03
 8.6100    4.0260478E-06    3.7505512E-03   -3.7505512E-03
 8.6200    4.0070301E-06    3.7415107E-03   -3.7415107E-03
 8.6300    3.9979729E-06    3.7417201E-03   -3.7417201E-03
 8.6400    3.9986453E-06    3.7510273E-03   -3.7510273E-03
 8.6500    4.0122662E-06    3.7725224E-03   -3.7725224E-03
 8.6600    4.0393672E-06    3.8067905E-03   -3.8067905E-03
 8.6700    4.0731627E-06    3.8475106E-03   -3.8475106E-03
 8.6800    4.1014287E-06    3.8831528E-03   -3.8831528E-03
 8.6900    4.1128032E-06    3.9028993E-03   -3.9028993E-03
 8.7000    4.1015148E-06    3.9011500E-03   -3.9011500E-03
 8.7100    4.0675054E-06    3.8777010E-03   -3.8777010E-03
 8.7200    4.0141924E-06    3.8356681E-03   -3.8356681E-03
 8.7300    3.9472431E-06    3.7803519E-03   -3.7803519E-03
 8.7400    3.8744805E-06    3.7191716E-03   -3.7191716E-03
 8.7500    3.8048419E-06    3.6606869E-03   -3.6606869E-03
 8.7600    3.7460752E-06    3.6123895E-03   -3.6123895E-03
 8.7700    3.7029563E-06    3.5789665E-03   -3.5789665E-03
 8.7800    3.6765550E-06    3.5615575E-03   -3.5615575E-03
 8.7900    3.6631807E-06    3.5566895E-03   -3.5566895E-03
 8.8000    3.6533932E-06    3.5552622E-03   -3.5552622E-03
 8.8100    3.6342776E-06    3.5447024E-03   -3.5447024E-03
 8.8200    3.5959947E-06    3.5153298E-03   -3.5153298E-03
 8.8300    3.5378433E-06    3.4663296E-03   -3.4663296E-03
 8.8400    3.4679880E-06    3.4055870E-03   -3.4055870E-03
 8.8500    3.3971760E-06    3.3436011E-03   -3.3436011E-03
 8.8600    3.3325403E-06    3.2874013E-03   -3.2874013E-03
 8.8700    3.2762403E-06    3.2391633E-03   -3.2391633E-03
 8.8800    3.2281490E-06    3.1988168E-03   -3.1988168E-03
 8.8900    3.1888423E-06    3.1669881E-03   -3.1669881E-03
 8.9000    3.1602886E-06    3.1456951E-03   -3.1456951E-03
 8.9100    3.1439846E-06    3.1365028E-03   -3.1365028E-03
 8.9200    3.1381274E-06    3.1376908E-03   -3.1376908E-03
 8.9300    3.1365041E-06    3.1431032E-03   -3.1431032E-03
 8.9400    3.1308734E-06    3.1444913E-03   -3.1444913E-03
 8.9500    3.1154583E-06    3.1360132E-03   -3.1360132E-03
 8.9600    3.0898938E-06    3.1172342E-03   -3.1172342E-03
 8.9700    3.0585590E-06    3.0925136E-03   -3.0925136E-03
 8.9800    3.0277734E-06    3.0682158E-03   -3.0682158E-03
 8.9900    3.0034799E-06    3.0503802E-03   -3.0503802E-03
 9.0000    2.9900857E-06    3.0435365E-03   -3.0435365E-03
 9.0100    2.9894489E-06    3.0496541E-03   -3.0496541E-03
 9.0200    2.9997302E-06    3.0669390E-03   -3.0669390E-03
 9.0300    3.0152820E-06    3.0896785E-03   -3.0896785E-03
 9.0400    3.0284745E-06    3.1100734E-03   -3.1100734E-03
 9.0500    3.0325716E-06    3.1211748E-03   -3.1211748E-03
 9.0600    3.0237748E-06    3.1190023E-03   -3.1190023E-03
 9.0700    3.0015685E-06    3.1029351E-03   -3.1029351E-03
 9.0800    2.9681447E-06    3.0751523E-03   -3.0751523E-03
 9.0900    2.9279108E-06    3.0401532E-03   -3.0401532E-03
 9.1000    2.8869629E-06    3.0042346E-03   -3.0042346E-03
 9.1100    2.8518059E-06    2.9741754E-03   -2.9741754E-03
 9.1200    2.8273670E-06    2.9551650E-03   -2.9551650E-03
 9.1300    2.8152375E-06    2.9489435E-03   -2.9489435E-03
 9.1400    2.8129493E-06    2.9530048E-03   -2.9530048E-03
 9.1500    2.8145016E-06    2.9611033E-03   -2.9611033E-03
 9.1600    2.8121776E-06    2.9651287E-03   -2.9651287E-03
 9.1700    2.7994911E-06    2.9582006E-03   -2.9582006E-03
 9.1800    2.7741494E-06    2.9378192E-03   -2.9378192E-03
 9.1900    2.7390765E-06    2.9070001E-03   -2.9070001E-03
 9.2000    2.7004786E-06    2.8722766E-03   -2.8722766E-03
 9.2100    2.6643311E-06    2.8399933E-03   -2.8399933E-03
 9.2200    2.6340274E-06    2.8137920E-03   -2.8137920E-03
 9.2300    2.6105900E-06    2.7948077E-03   -2.7948077E-03
 9.2400    2.5942261E-06    2.7833103E-03   -2.7833103E-03
 9.2500    2.5850025E-06    2.7794208E-03   -2.7794208E-03
 9.2600    2.5819513E-06    2.7821458E-03   -2.7821458E-03
 9.2700    2.5820552E-06    2.7882702E-03   -2.7882702E-03
 9.2800    2.5808959E-06    2.7930345E-03   -2.7930345E-03
 9.2900    2.5749885E-06    2.7926505E-03   -2.7926505E-03
 9.3000    2.5638963E-06    2.7866102E-03   -2.7866102E-03
 9.3100    2.5501102E-06    2.7775902E-03   -2.7775902E-03
 9.3200    2.5366014E-06    2.7688149E-03   -2.7688149E-03
 9.3300    2.5241248E-06    2.7611117E-03   -2.7611117E-03
 9.3400    2.5106705E-06    2.7522846E-03   -2.7522846E-03
 9.3500    2.4935771E-06    2.7394027E-03   -2.7394027E-03
 9.3600    2.4724243E-06    2.7219777E-03   -2.7219777E-03
 9.3700    2.4500852E-06    2.7031506E-03   -2.7031506E-03
 9.3800    2.4309087E-06    2.6877211E-03   -2.6877211E-03
 9.3900    2.4175073E-06    2.6786060E-03   -2.6786060E-03
 9.4000    2.4087833E-06    2.6746275E-03   -2.6746275E-03
 9.4100    2.4006691E-06    2.6712923E-03   -2.6712923E-03
 9.4200    2.3888120E-06    2.6637511E-03   -2.6637511E-03
 9.4300    2.3711239E-06    2.6496438E-03   -2.6496438E-03
 9.4400    2.3485815E-06    2.6300227E-03   -2.6300227E-03
 9.4500    2.3241692E-06    2.6082020E-03   -2.6082020E-03
 9.4600    2.3010976E-06    2.5877790E-03   -2.5877790E-03
 9.4700    2.2815971E-06    2.5712765E-03   -2.5712765E-03
 9.4800    2.2667496E-06    2.5599418E-03   -2.5599418E-03
 9.4900    2.2568746E-06    2.5541695E-03   -2.5541695E-03
 9.5000    2.2518205E-06    2.5538233E-03   -2.5538233E-03
 9.5100    2.2510265E-06    2.5583002E-03   -2.5583002E-03
 9.5200    2.2535839E-06    2.5665959E-03   -2.5665959E-03
