# total charge: 10.000000 
# r(A)     rho (e/A^3)     4*pi*r^2*rho(e/A)  dip  
 0.0000   -2.4365446E+00   -0.0000000E+00    7.9788456E+01
 0.0100   -2.4275549E+00   -3.0505554E-03    7.9393560E+01
 0.0200   -2.4162035E+00   -1.2145163E-02    7.8220684E+01
 0.0300   -2.4020221E+00   -2.7166230E-02    7.6304729E+01
 0.0400   -2.3845188E+00   -4.7943595E-02    7.3701972E+01
 0.0500   -2.3631612E+00   -7.4240898E-02    7.0487306E+01
 0.0600   -2.3373667E+00   -1.0573998E-01    6.6750661E+01
 0.0700   -2.3065529E+00   -1.4202649E-01    6.2592813E+01
 0.0800   -2.2702594E+00   -1.8258509E-01    5.8120896E+01
 0.0900   -2.2282710E+00   -2.2681037E-01    5.3443860E+01
 0.1000   -2.1806548E+00   -2.7402916E-01    4.8668174E+01
 0.1100   -2.1276901E+00   -3.2352184E-01    4.3893957E+01
 0.1200   -2.0697513E+00   -3.7453336E-01    3.9211744E+01
 0.1300   -2.0072105E+00   -4.2627462E-01    3.4699993E+01
 0.1400   -1.9403944E+00   -4.7792083E-01    3.0423414E+01
 0.1500   -1.8695873E+00   -5.2861335E-01    2.6432132E+01
 0.1600   -1.7950547E+00   -5.7746747E-01    2.2761634E+01
 0.1700   -1.7170670E+00   -6.2358397E-01    1.9433399E+01
 0.1800   -1.6359057E+00   -6.6605966E-01    1.6456091E+01
 0.1900   -1.5518539E+00   -7.0399228E-01    1.3827155E+01
 0.2000   -1.4651809E+00   -7.3648027E-01    1.1534674E+01
 0.2100   -1.3761359E+00   -7.6262280E-01    9.5593420E+00
 0.2200   -1.2849559E+00   -7.8152604E-01    7.8764446E+00
 0.2300   -1.1918810E+00   -7.9231599E-01    6.4577235E+00
 0.2400   -1.0971646E+00   -7.9415290E-01    5.2730590E+00
 0.2500   -1.0010743E+00   -7.8624190E-01    4.2919020E+00
 0.2600   -9.0388567E-01   -7.6783881E-01    3.4844327E+00
 0.2700   -8.0587551E-01   -7.3825322E-01    2.8224402E+00
 0.2800   -7.0731712E-01   -6.9685127E-01    2.2799416E+00
 0.2900   -6.0847829E-01   -6.4305918E-01    1.8335657E+00
 0.3000   -5.0962054E-01   -5.7636725E-01    1.4627369E+00
 0.3100   -4.1099892E-01   -4.9633389E-01    1.1496977E+00
 0.3200   -3.1286188E-01   -4.0258952E-01    8.7940716E-01
 0.3300   -2.1545125E-01   -2.9484024E-01    6.3935403E-01
 0.3400   -1.1900222E-01   -1.7287125E-01    4.1931508E-01
 0.3500   -2.3742827E-02   -3.6549242E-02    2.1108578E-01
 0.3600    7.0107472E-02    1.1417714E-01    8.2032433E-03
 0.3700    1.6233950E-01    2.7927850E-01   -1.9432245E-01
 0.3800    2.5275516E-01    4.5864546E-01   -4.0025607E-01
 0.3900    3.4116661E-01    6.5208708E-01   -6.1235598E-01
 0.4000    4.2739447E-01    8.5932756E-01   -8.3256151E-01
 0.4100    5.1126712E-01    1.0800042E+00   -1.0621519E+00
 0.4200    5.9262194E-01    1.3136697E+00   -1.3018811E+00
 0.4300    6.7130787E-01    1.5597986E+00   -1.5520915E+00
 0.4400    7.4718761E-01    1.8177949E+00   -1.8128064E+00
 0.4500    8.2013824E-01    2.0869976E+00   -2.0838009E+00
 0.4600    8.9005042E-01    2.3666832E+00   -2.3646551E+00
 0.4700    9.5682721E-01    2.6560674E+00   -2.6547935E+00
 0.4800    1.0203830E+00    2.9543065E+00   -2.9535143E+00
 0.4900    1.0806427E+00    3.2604996E+00   -3.2600118E+00
 0.5000    1.1375415E+00    3.5736920E+00   -3.5733947E+00
 0.5100    1.1910256E+00    3.8928826E+00   -3.8927032E+00
 0.5200    1.2410537E+00    4.2170343E+00   -4.2169271E+00
 0.5300    1.2875981E+00    4.5450842E+00   -4.5450208E+00
 0.5400    1.3306437E+00    4.8759490E+00   -4.8759119E+00
 0.5500    1.3701860E+00    5.2085253E+00   -5.2085037E+00
 0.5600    1.4062299E+00    5.5416902E+00   -5.5416778E+00
 0.5700    1.4387890E+00    5.8743077E+00   -5.8743007E+00
 0.5800    1.4678871E+00    6.2052389E+00   -6.2052349E+00
 0.5900    1.4935584E+00    6.5333524E+00   -6.5333502E+00
 0.6000    1.5158473E+00    6.8575317E+00   -6.8575305E+00
 0.6100    1.5348075E+00    7.1766776E+00   -7.1766769E+00
 0.6200    1.5505000E+00    7.4897101E+00   -7.4897097E+00
 0.6300    1.5629932E+00    7.7955730E+00   -7.7955728E+00
 0.6400    1.5723625E+00    8.0932416E+00   -8.0932415E+00
 0.6500    1.5786912E+00    8.3817318E+00   -8.3817318E+00
 0.6600    1.5820695E+00    8.6601075E+00   -8.6601074E+00
 0.6700    1.5825944E+00    8.9274841E+00   -8.9274841E+00
 0.6800    1.5803685E+00    9.1830311E+00   -9.1830311E+00
 0.6900    1.5754991E+00    9.4259734E+00   -9.4259734E+00
 0.7000    1.5680974E+00    9.6555936E+00   -9.6555936E+00
 0.7100    1.5582783E+00    9.8712371E+00   -9.8712371E+00
 0.7200    1.5461604E+00    1.0072317E+01   -1.0072317E+01
 0.7300    1.5318656E+00    1.0258320E+01   -1.0258320E+01
 0.7400    1.5155187E+00    1.0428807E+01   -1.0428807E+01
 0.7500    1.4972467E+00    1.0583414E+01   -1.0583414E+01
 0.7600    1.4771775E+00    1.0721850E+01   -1.0721850E+01
 0.7700    1.4554393E+00    1.0843898E+01   -1.0843898E+01
 0.7800    1.4321605E+00    1.0949411E+01   -1.0949411E+01
 0.7900    1.4074688E+00    1.1038316E+01   -1.1038316E+01
 0.8000    1.3814913E+00    1.1110613E+01   -1.1110613E+01
 0.8100    1.3543544E+00    1.1166375E+01   -1.1166375E+01
 0.8200    1.3261832E+00    1.1205754E+01   -1.1205754E+01
 0.8300    1.2971017E+00    1.1228974E+01   -1.1228974E+01
 0.8400    1.2672316E+00    1.1236329E+01   -1.1236329E+01
 0.8500    1.2366923E+00    1.1228180E+01   -1.1228180E+01
 0.8600    1.2056001E+00    1.1204953E+01   -1.1204953E+01
 0.8700    1.1740679E+00    1.1167130E+01   -1.1167130E+01
 0.8800    1.1422055E+00    1.1115256E+01   -1.1115256E+01
 0.8900    1.1101192E+00    1.1049929E+01   -1.1049929E+01
 0.9000    1.0779115E+00    1.0971803E+01   -1.0971803E+01
 0.9100    1.0456809E+00    1.0881577E+01   -1.0881577E+01
 0.9200    1.0135219E+00    1.0779997E+01   -1.0779997E+01
 0.9300    9.8152466E-01    1.0667852E+01   -1.0667852E+01
 0.9400    9.4977545E-01    1.0545970E+01   -1.0545970E+01
 0.9500    9.1835609E-01    1.0415214E+01   -1.0415214E+01
 0.9600    8.8734348E-01    1.0276473E+01   -1.0276473E+01
 0.9700    8.5680897E-01    1.0130651E+01   -1.0130651E+01
 0.9800    8.2681757E-01    9.9786482E+00   -9.9786482E+00
 0.9900    7.9742707E-01    9.8213509E+00   -9.8213509E+00
 1.0000    7.6868695E-01    9.6596052E+00   -9.6596052E+00
 1.0100    7.4063736E-01    9.4941968E+00   -9.4941968E+00
 1.0200    7.1330857E-01    9.3258333E+00   -9.3258333E+00
 1.0300    6.8672121E-01    9.1551355E+00   -9.1551355E+00
 1.0400    6.6088734E-01    8.9826396E+00   -8.9826396E+00
 1.0500    6.3581191E-01    8.8088076E+00   -8.8088076E+00
 1.0600    6.1149446E-01    8.6340413E+00   -8.6340413E+00
 1.0700    5.8793067E-01    8.4586984E+00   -8.4586984E+00
 1.0800    5.6511362E-01    8.2831047E+00   -8.2831047E+00
 1.0900    5.4303462E-01    8.1075639E+00   -8.1075639E+00
 1.1000    5.2168370E-01    7.9323616E+00   -7.9323616E+00
 1.1100    5.0104980E-01    7.7577667E+00   -7.7577667E+00
 1.1200    4.8112086E-01    7.5840310E+00   -7.5840310E+00
 1.1300    4.6188397E-01    7.4113896E+00   -7.4113896E+00
 1.1400    4.4332550E-01    7.2400618E+00   -7.2400618E+00
 1.1500    4.2543132E-01    7.0702539E+00   -7.0702539E+00
 1.1600    4.0818704E-01    6.9021605E+00   -6.9021605E+00
 1.1700    3.9157796E-01    6.7359651E+00   -6.7359651E+00
 1.1800    3.7558914E-01    6.5718389E+00   -6.5718389E+00
 1.1900    3.6020529E-01    6.4099386E+00   -6.4099386E+00
 1.2000    3.4541080E-01    6.2504067E+00   -6.2504067E+00
 1.2100    3.3118992E-01    6.0933722E+00   -6.0933722E+00
 1.2200    3.1752683E-01    5.9389538E+00   -5.9389538E+00
 1.2300    3.0440581E-01    5.7872603E+00   -5.7872603E+00
 1.2400    2.9181120E-01    5.6383911E+00   -5.6383911E+00
 1.2500    2.7972737E-01    5.4924341E+00   -5.4924341E+00
 1.2600    2.6813866E-01    5.3494655E+00   -5.3494655E+00
 1.2700    2.5702953E-01    5.2095513E+00   -5.2095513E+00
 1.2800    2.4638458E-01    5.0727485E+00   -5.0727485E+00
 1.2900    2.3618870E-01    4.9391065E+00   -4.9391065E+00
 1.3000    2.2642695E-01    4.8086669E+00   -4.8086669E+00
 1.3100    2.1708462E-01    4.6814620E+00   -4.6814620E+00
 1.3200    2.0814711E-01    4.5575150E+00   -4.5575150E+00
 1.3300    1.9960000E-01    4.4368392E+00   -4.4368392E+00
 1.3400    1.9142907E-01    4.3194391E+00   -4.3194391E+00
 1.3500    1.8362025E-01    4.2053096E+00   -4.2053096E+00
 1.3600    1.7615968E-01    4.0944371E+00   -4.0944371E+00
 1.3700    1.6903378E-01    3.9868004E+00   -3.9868004E+00
 1.3800    1.6222927E-01    3.8823729E+00   -3.8823729E+00
 1.3900    1.5573330E-01    3.7811243E+00   -3.7811243E+00
 1.4000    1.4953339E-01    3.6830204E+00   -3.6830204E+00
 1.4100    1.4361738E-01    3.5880218E+00   -3.5880218E+00
 1.4200    1.3797333E-01    3.4960828E+00   -3.4960828E+00
 1.4300    1.3258957E-01    3.4071505E+00   -3.4071505E+00
 1.4400    1.2745468E-01    3.3211664E+00   -3.3211664E+00
 1.4500    1.2255757E-01    3.2380683E+00   -3.2380683E+00
 1.4600    1.1788756E-01    3.1577922E+00   -3.1577922E+00
 1.4700    1.1343436E-01    3.0802726E+00   -3.0802726E+00
 1.4800    1.0918808E-01    3.0054433E+00   -3.0054433E+00
 1.4900    1.0513918E-01    2.9332358E+00   -2.9332358E+00
 1.5000    1.0127842E-01    2.8635798E+00   -2.8635798E+00
 1.5100    9.7596925E-02    2.7964039E+00   -2.7964039E+00
 1.5200    9.4086181E-02    2.7316363E+00   -2.7316363E+00
 1.5300    9.0738036E-02    2.6692061E+00   -2.6692061E+00
 1.5400    8.7544699E-02    2.6090425E+00   -2.6090425E+00
 1.5500    8.4498704E-02    2.5510755E+00   -2.5510755E+00
 1.5600    8.1592891E-02    2.4952346E+00   -2.4952346E+00
 1.5700    7.8820410E-02    2.4414501E+00   -2.4414501E+00
 1.5800    7.6174724E-02    2.3896535E+00   -2.3896535E+00
 1.5900    7.3649630E-02    2.3397782E+00   -2.3397782E+00
 1.6000    7.1239258E-02    2.2917604E+00   -2.2917604E+00
 1.6100    6.8938061E-02    2.2455394E+00   -2.2455394E+00
 1.6200    6.6740775E-02    2.2010562E+00   -2.2010562E+00
 1.6300    6.4642372E-02    2.1582530E+00   -2.1582530E+00
 1.6400    6.2638028E-02    2.1170720E+00   -2.1170720E+00
 1.6500    6.0723126E-02    2.0774562E+00   -2.0774562E+00
 1.6600    5.8893279E-02    2.0393500E+00   -2.0393500E+00
 1.6700    5.7144356E-02    2.0027012E+00   -2.0027012E+00
 1.6800    5.5472484E-02    1.9674606E+00   -1.9674606E+00
 1.6900    5.3874007E-02    1.9335818E+00   -1.9335818E+00
 1.7000    5.2345450E-02    1.9010198E+00   -1.9010198E+00
 1.7100    5.0883474E-02    1.8697297E+00   -1.8697297E+00
 1.7200    4.9484870E-02    1.8396669E+00   -1.8396669E+00
 1.7300    4.8146573E-02    1.8107874E+00   -1.8107874E+00
 1.7400    4.6865672E-02    1.7830487E+00   -1.7830487E+00
 1.7500    4.5639414E-02    1.7564105E+00   -1.7564105E+00
 1.7600    4.4465193E-02    1.7308339E+00   -1.7308339E+00
 1.7700    4.3340525E-02    1.7062811E+00   -1.7062811E+00
 1.7800    4.2263027E-02    1.6827146E+00   -1.6827146E+00
 1.7900    4.1230400E-02    1.6600971E+00   -1.6600971E+00
 1.8000    4.0240444E-02    1.6383913E+00   -1.6383913E+00
 1.8100    3.9291058E-02    1.6175613E+00   -1.6175613E+00
 1.8200    3.8380253E-02    1.5975721E+00   -1.5975721E+00
 1.8300    3.7506123E-02    1.5783896E+00   -1.5783896E+00
 1.8400    3.6666817E-02    1.5599789E+00   -1.5599789E+00
 1.8500    3.5860521E-02    1.5423038E+00   -1.5423038E+00
 1.8600    3.5085481E-02    1.5253278E+00   -1.5253278E+00
 1.8700    3.4340039E-02    1.5090161E+00   -1.5090161E+00
 1.8800    3.3622672E-02    1.4933369E+00   -1.4933369E+00
 1.8900    3.2931973E-02    1.4782613E+00   -1.4782613E+00
 1.9000    3.2266610E-02    1.4637618E+00   -1.4637618E+00
 1.9100    3.1625289E-02    1.4498100E+00   -1.4498100E+00
 1.9200    3.1006742E-02    1.4363771E+00   -1.4363771E+00
 1.9300    3.0409754E-02    1.4234342E+00   -1.4234342E+00
 1.9400    2.9833185E-02    1.4109543E+00   -1.4109543E+00
 1.9500    2.9275986E-02    1.3989127E+00   -1.3989127E+00
 1.9600    2.8737180E-02    1.3872865E+00   -1.3872865E+00
 1.9700    2.8215837E-02    1.3760533E+00   -1.3760533E+00
 1.9800    2.7711051E-02    1.3651905E+00   -1.3651905E+00
 1.9900    2.7221921E-02    1.3546740E+00   -1.3546740E+00
 2.0000    2.6747564E-02    1.3444792E+00   -1.3444792E+00
 2.0100    2.6287134E-02    1.3345819E+00   -1.3345819E+00
 2.0200    2.5839861E-02    1.3249600E+00   -1.3249600E+00
 2.0300    2.5405062E-02    1.3155950E+00   -1.3155950E+00
 2.0400    2.4982143E-02    1.3064713E+00   -1.3064713E+00
 2.0500    2.4570566E-02    1.2975758E+00   -1.2975758E+00
 2.0600    2.4169827E-02    1.2888959E+00   -1.2888959E+00
 2.0700    2.3779428E-02    1.2804186E+00   -1.2804186E+00
 2.0800    2.3398884E-02    1.2721306E+00   -1.2721306E+00
 2.0900    2.3027741E-02    1.2640195E+00   -1.2640195E+00
 2.1000    2.2665598E-02    1.2560752E+00   -1.2560752E+00
 2.1100    2.2312109E-02    1.2482898E+00   -1.2482898E+00
 2.1200    2.1966965E-02    1.2406568E+00   -1.2406568E+00
 2.1300    2.1629863E-02    1.2331697E+00   -1.2331697E+00
 2.1400    2.1300490E-02    1.2258209E+00   -1.2258209E+00
 2.1500    2.0978513E-02    1.2186009E+00   -1.2186009E+00
 2.1600    2.0663577E-02    1.2114985E+00   -1.2114985E+00
 2.1700    2.0355310E-02    1.2045007E+00   -1.2045007E+00
 2.1800    2.0053339E-02    1.1975938E+00   -1.1975938E+00
 2.1900    1.9757323E-02    1.1907654E+00   -1.1907654E+00
 2.2000    1.9466991E-02    1.1840064E+00   -1.1840064E+00
 2.2100    1.9182156E-02    1.1773127E+00   -1.1773127E+00
 2.2200    1.8902698E-02    1.1706838E+00   -1.1706838E+00
 2.2300    1.8628520E-02    1.1641205E+00   -1.1641205E+00
 2.2400    1.8359511E-02    1.1576226E+00   -1.1576226E+00
 2.2500    1.8095526E-02    1.1511876E+00   -1.1511876E+00
 2.2600    1.7836389E-02    1.1448107E+00   -1.1448107E+00
 2.2700    1.7581910E-02    1.1384858E+00   -1.1384858E+00
 2.2800    1.7331896E-02    1.1322064E+00   -1.1322064E+00
 2.2900    1.7086148E-02    1.1259652E+00   -1.1259652E+00
 2.3000    1.6844462E-02    1.1197541E+00   -1.1197541E+00
 2.3100    1.6606630E-02    1.1135644E+00   -1.1135644E+00
 2.3200    1.6372448E-02    1.1073871E+00   -1.1073871E+00
 2.3300    1.6141731E-02    1.1012142E+00   -1.1012142E+00
 2.3400    1.5914316E-02    1.0950389E+00   -1.0950389E+00
 2.3500    1.5690082E-02    1.0888569E+00   -1.0888569E+00
 2.3600    1.5468962E-02    1.0826674E+00   -1.0826674E+00
 2.3700    1.5250942E-02    1.0764732E+00   -1.0764732E+00
 2.3800    1.5036025E-02    1.0702786E+00   -1.0702786E+00
 2.3900    1.4824184E-02    1.0640853E+00   -1.0640853E+00
 2.4000    1.4615324E-02    1.0578907E+00   -1.0578907E+00
 2.4100    1.4409294E-02    1.0516873E+00   -1.0516873E+00
 2.4200    1.4205926E-02    1.0454666E+00   -1.0454666E+00
 2.4300    1.4005089E-02    1.0392219E+00   -1.0392219E+00
 2.4400    1.3806703E-02    1.0329505E+00   -1.0329505E+00
 2.4500    1.3610740E-02    1.0266532E+00   -1.0266532E+00
 2.4600    1.3417193E-02    1.0203326E+00   -1.0203326E+00
 2.4700    1.3226068E-02    1.0139920E+00   -1.0139920E+00
 2.4800    1.3037363E-02    1.0076344E+00   -1.0076344E+00
 2.4900    1.2851066E-02    1.0012620E+00   -1.0012620E+00
 2.5000    1.2667129E-02    9.9487400E-01   -9.9487400E-01
 2.5100    1.2485469E-02    9.8846696E-01   -9.8846696E-01
 2.5200    1.2305979E-02    9.8203537E-01   -9.8203537E-01
 2.5300    1.2128570E-02    9.7557467E-01   -9.7557467E-01
 2.5400    1.1953199E-02    9.6908401E-01   -9.6908401E-01
 2.5500    1.1779882E-02    9.6256741E-01   -9.6256741E-01
 2.5600    1.1608677E-02    9.5603218E-01   -9.5603218E-01
 2.5700    1.1439634E-02    9.4948530E-01   -9.4948530E-01
 2.5800    1.1272755E-02    9.4292978E-01   -9.4292978E-01
 2.5900    1.1107982E-02    9.3636366E-01   -9.3636366E-01
 2.6000    1.0945228E-02    9.2978251E-01   -9.2978251E-01
 2.6100    1.0784428E-02    9.2318339E-01   -9.2318339E-01
 2.6200    1.0625557E-02    9.1656686E-01   -9.1656686E-01
 2.6300    1.0468608E-02    9.0993481E-01   -9.0993481E-01
 2.6400    1.0313540E-02    9.0328638E-01   -9.0328638E-01
 2.6500    1.0160267E-02    8.9661649E-01   -8.9661649E-01
 2.6600    1.0008701E-02    8.8991976E-01   -8.8991976E-01
 2.6700    9.8588281E-03    8.8319719E-01   -8.8319719E-01
 2.6800    9.7107406E-03    8.7645940E-01   -8.7645940E-01
 2.6900    9.5645930E-03    8.6972293E-01   -8.6972293E-01
 2.7000    9.4205100E-03    8.6300201E-01   -8.6300201E-01
 2.7100    9.2785147E-03    8.5630190E-01   -8.5630190E-01
 2.7200    9.1385267E-03    8.4961830E-01   -8.4961830E-01
 2.7300    9.0004206E-03    8.4294253E-01   -8.4294253E-01
 2.7400    8.8640958E-03    8.3626791E-01   -8.3626791E-01
 2.7500    8.7295043E-03    8.2959253E-01   -8.2959253E-01
 2.7600    8.5966242E-03    8.2291688E-01   -8.2291688E-01
 2.7700    8.4654165E-03    8.1623973E-01   -8.1623973E-01
 2.7800    8.3358118E-03    8.0955686E-01   -8.0955686E-01
 2.7900    8.2077407E-03    8.0286384E-01   -8.0286384E-01
 2.8000    8.0811779E-03    7.9616044E-01   -7.9616044E-01
 2.8100    7.9561629E-03    7.8945280E-01   -7.8945280E-01
 2.8200    7.8327825E-03    7.8275194E-01   -7.8275194E-01
 2.8300    7.7111280E-03    7.7606956E-01   -7.7606956E-01
 2.8400    7.5912471E-03    7.6941327E-01   -7.6941327E-01
 2.8500    7.4731081E-03    7.6278272E-01   -7.6278272E-01
 2.8600    7.3565875E-03    7.5616807E-01   -7.5616807E-01
 2.8700    7.2414915E-03    7.4955185E-01   -7.4955185E-01
 2.8800    7.1276187E-03    7.4291530E-01   -7.4291530E-01
 2.8900    7.0148503E-03    7.3624771E-01   -7.3624771E-01
 2.9000    6.9032191E-03    7.2955412E-01   -7.2955412E-01
 2.9100    6.7928980E-03    7.2285458E-01   -7.2285458E-01
 2.9200    6.6840928E-03    7.1617315E-01   -7.1617315E-01
 2.9300    6.5768995E-03    7.0952272E-01   -7.0952272E-01
 2.9400    6.4712306E-03    7.0289653E-01   -7.0289653E-01
 2.9500    6.3668701E-03    6.9627353E-01   -6.9627353E-01
 2.9600    6.2636251E-03    6.8963460E-01   -6.8963460E-01
 2.9700    6.1614637E-03    6.8297790E-01   -6.8297790E-01
 2.9800    6.0605352E-03    6.7632177E-01   -6.7632177E-01
 2.9900    5.9610603E-03    6.6969300E-01   -6.6969300E-01
 3.0000    5.8631827E-03    6.6311034E-01   -6.6311034E-01
 3.0100    5.7668989E-03    6.5657628E-01   -6.5657628E-01
 3.0200    5.6721065E-03    6.5008198E-01   -6.5008198E-01
 3.0300    5.5787077E-03    6.4361881E-01   -6.4361881E-01
 3.0400    5.4866739E-03    6.3718593E-01   -6.3718593E-01
 3.0500    5.3960286E-03    6.3078853E-01   -6.3078853E-01
 3.0600    5.3067830E-03    6.2443041E-01   -6.2443041E-01
 3.0700    5.2188945E-03    6.1810909E-01   -6.1810909E-01
 3.0800    5.1322872E-03    6.1181800E-01   -6.1181800E-01
 3.0900    5.0469119E-03    6.0555354E-01   -6.0555354E-01
 3.1000    4.9627855E-03    5.9931997E-01   -5.9931997E-01
 3.1100    4.8799726E-03    5.9312746E-01   -5.9312746E-01
 3.1200    4.7985230E-03    5.8698450E-01   -5.8698450E-01
 3.1300    4.7184137E-03    5.8089088E-01   -5.8089088E-01
 3.1400    4.6395426E-03    5.7483648E-01   -5.7483648E-01
 3.1500    4.5617743E-03    5.6880678E-01   -5.6880678E-01
 3.1600    4.4850053E-03    5.6279080E-01   -5.6279080E-01
 3.1700    4.4092079E-03    5.5678684E-01   -5.5678684E-01
 3.1800    4.3344360E-03    5.5080351E-01   -5.5080351E-01
 3.1900    4.2607936E-03    5.4485598E-01   -5.4485598E-01
 3.2000    4.1883812E-03    5.3895936E-01   -5.3895936E-01
 3.2100    4.1172431E-03    5.3312180E-01   -5.3312180E-01
 3.2200    4.0473434E-03    5.2734114E-01   -5.2734114E-01
 3.2300    3.9785839E-03    5.2160703E-01   -5.2160703E-01
 3.2400    3.9108549E-03    5.1590720E-01   -5.1590720E-01
 3.2500    3.8440887E-03    5.1023469E-01   -5.1023469E-01
 3.2600    3.7782894E-03    5.0459191E-01   -5.0459191E-01
 3.2700    3.7135175E-03    4.9898885E-01   -4.9898885E-01
 3.2800    3.6498279E-03    4.9343499E-01   -4.9343499E-01
 3.2900    3.5871955E-03    4.8792908E-01   -4.8792908E-01
 3.3000    3.5254867E-03    4.8245501E-01   -4.8245501E-01
 3.3100    3.4645164E-03    4.7698912E-01   -4.7698912E-01
 3.3200    3.4041619E-03    4.7151579E-01   -4.7151579E-01
 3.3300    3.3444496E-03    4.6603978E-01   -4.6603978E-01
 3.3400    3.2855426E-03    4.6058512E-01   -4.6058512E-01
 3.3500    3.2276363E-03    4.5518094E-01   -4.5518094E-01
 3.3600    3.1708411E-03    4.4984501E-01   -4.4984501E-01
 3.3700    3.1151427E-03    4.4457764E-01   -4.4457764E-01
 3.3800    3.0604567E-03    4.3936910E-01   -4.3936910E-01
 3.3900    3.0067158E-03    4.3421182E-01   -4.3421182E-01
 3.4000    2.9539059E-03    4.2910576E-01   -4.2910576E-01
 3.4100    2.9020300E-03    4.2405336E-01   -4.2405336E-01
 3.4200    2.8510495E-03    4.1905096E-01   -4.1905096E-01
 3.4300    2.8008717E-03    4.1408673E-01   -4.1408673E-01
 3.4400    2.7513987E-03    4.0914785E-01   -4.0914785E-01
 3.4500    2.7025923E-03    4.0423004E-01   -4.0423004E-01
 3.4600    2.6544912E-03    3.9934049E-01   -3.9934049E-01
 3.4700    2.6071689E-03    3.9449180E-01   -3.9449180E-01
 3.4800    2.5606745E-03    3.8969311E-01   -3.8969311E-01
 3.4900    2.5150070E-03    3.8494610E-01   -3.8494610E-01
 3.5000    2.4701352E-03    3.8024777E-01   -3.8024777E-01
 3.5100    2.4260371E-03    3.7559649E-01   -3.7559649E-01
 3.5200    2.3827295E-03    3.7099661E-01   -3.7099661E-01
 3.5300    2.3402713E-03    3.6645908E-01   -3.6645908E-01
 3.5400    2.2987343E-03    3.6199716E-01   -3.6199716E-01
 3.5500    2.2581503E-03    3.5761804E-01   -3.5761804E-01
 3.5600    2.2184611E-03    3.5331468E-01   -3.5331468E-01
 3.5700    2.1795100E-03    3.4906408E-01   -3.4906408E-01
 3.5800    2.1410959E-03    3.4483555E-01   -3.4483555E-01
 3.5900    2.1030631E-03    3.4060504E-01   -3.4060504E-01
 3.6000    2.0653677E-03    3.3636612E-01   -3.3636612E-01
 3.6100    2.0280772E-03    3.3213050E-01   -3.3213050E-01
 3.6200    1.9913141E-03    3.2791915E-01   -3.2791915E-01
 3.6300    1.9551918E-03    3.2375201E-01   -3.2375201E-01
 3.6400    1.9197843E-03    3.1964291E-01   -3.1964291E-01
 3.6500    1.8851364E-03    3.1560099E-01   -3.1560099E-01
 3.6600    1.8512860E-03    3.1163452E-01   -3.1163452E-01
 3.6700    1.8182697E-03    3.0775159E-01   -3.0775159E-01
 3.6800    1.7860903E-03    3.0395474E-01   -3.0395474E-01
 3.6900    1.7546637E-03    3.0023166E-01   -3.0023166E-01
 3.7000    1.7237905E-03    2.9654991E-01   -2.9654991E-01
 3.7100    1.6932013E-03    2.9286419E-01   -2.9286419E-01
 3.7200    1.6626764E-03    2.8913687E-01   -2.8913687E-01
 3.7300    1.6321721E-03    2.8536025E-01   -2.8536025E-01
 3.7400    1.6018555E-03    2.8156352E-01   -2.8156352E-01
 3.7500    1.5720110E-03    2.7779727E-01   -2.7779727E-01
 3.7600    1.5428812E-03    2.7410568E-01   -2.7410568E-01
 3.7700    1.5145532E-03    2.7050612E-01   -2.7050612E-01
 3.7800    1.4869560E-03    2.6698791E-01   -2.6698791E-01
 3.7900    1.4599431E-03    2.6352645E-01   -2.6352645E-01
 3.8000    1.4333825E-03    2.6009929E-01   -2.6009929E-01
 3.8100    1.4071989E-03    2.5669376E-01   -2.5669376E-01
 3.8200    1.3813661E-03    2.5330595E-01   -2.5330595E-01
 3.8300    1.3558894E-03    2.4993764E-01   -2.4993764E-01
 3.8400    1.3308018E-03    2.4659581E-01   -2.4659581E-01
 3.8500    1.3061680E-03    2.4329342E-01   -2.4329342E-01
 3.8600    1.2820681E-03    2.4004661E-01   -2.4004661E-01
 3.8700    1.2585577E-03    2.3686720E-01   -2.3686720E-01
 3.8800    1.2356272E-03    2.3375493E-01   -2.3375493E-01
 3.8900    1.2131969E-03    2.3069615E-01   -2.3069615E-01
 3.9000    1.1911568E-03    2.2767116E-01   -2.2767116E-01
 3.9100    1.1694259E-03    2.2466534E-01   -2.2466534E-01
 3.9200    1.1479849E-03    2.2167574E-01   -2.2167574E-01
 3.9300    1.1268657E-03    2.1870924E-01   -2.1870924E-01
 3.9400    1.1061178E-03    2.1577627E-01   -2.1577627E-01
 3.9500    1.0857872E-03    2.1288682E-01   -2.1288682E-01
 3.9600    1.0659204E-03    2.1005112E-01   -2.1005112E-01
 3.9700    1.0465706E-03    2.0728095E-01   -2.0728095E-01
 3.9800    1.0277839E-03    2.0458690E-01   -2.0458690E-01
 3.9900    1.0095694E-03    2.0197231E-01   -2.0197231E-01
 4.0000    9.9187939E-04    1.9942918E-01   -1.9942918E-01
 4.0100    9.7461981E-04    1.9693996E-01   -1.9693996E-01
 4.0200    9.5768014E-04    1.9448336E-01   -1.9448336E-01
 4.0300    9.4095752E-04    1.9203924E-01   -1.9203924E-01
 4.0400    9.2436706E-04    1.8959071E-01   -1.8959071E-01
 4.0500    9.0785126E-04    1.8712621E-01   -1.8712621E-01
 4.0600    8.9139571E-04    1.8464284E-01   -1.8464284E-01
 4.0700    8.7503499E-04    1.8214787E-01   -1.8214787E-01
 4.0800    8.5883136E-04    1.7965449E-01   -1.7965449E-01
 4.0900    8.4283727E-04    1.7717409E-01   -1.7717409E-01
 4.1000    8.2707518E-04    1.7471193E-01   -1.7471193E-01
 4.1100    8.1155205E-04    1.7227009E-01   -1.7227009E-01
 4.1200    7.9628959E-04    1.6985383E-01   -1.6985383E-01
 4.1300    7.8133708E-04    1.6747439E-01   -1.6747439E-01
 4.1400    7.6675407E-04    1.6514546E-01   -1.6514546E-01
 4.1500    7.5257982E-04    1.6287657E-01   -1.6287657E-01
 4.1600    7.3881645E-04    1.6066937E-01   -1.6066937E-01
 4.1700    7.2543778E-04    1.5851930E-01   -1.5851930E-01
 4.1800    7.1240954E-04    1.5641995E-01   -1.5641995E-01
 4.1900    6.9969524E-04    1.5436429E-01   -1.5436429E-01
 4.2000    6.8724122E-04    1.5234129E-01   -1.5234129E-01
 4.2100    6.7496730E-04    1.5033385E-01   -1.5033385E-01
 4.2200    6.6279126E-04    1.4832404E-01   -1.4832404E-01
 4.2300    6.5067461E-04    1.4630341E-01   -1.4630341E-01
 4.2400    6.3864378E-04    1.4427805E-01   -1.4427805E-01
 4.2500    6.2676226E-04    1.4226254E-01   -1.4226254E-01
 4.2600    6.1508080E-04    1.4026885E-01   -1.4026885E-01
 4.2700    6.0361014E-04    1.3829999E-01   -1.3829999E-01
 4.2800    5.9232831E-04    1.3635149E-01   -1.3635149E-01
 4.2900    5.8120280E-04    1.3441636E-01   -1.3441636E-01
 4.3000    5.7021032E-04    1.3248962E-01   -1.3248962E-01
 4.3100    5.5935564E-04    1.3057271E-01   -1.3057271E-01
 4.3200    5.4869133E-04    1.2867834E-01   -1.2867834E-01
 4.3300    5.3832339E-04    1.2683202E-01   -1.2683202E-01
 4.3400    5.2837918E-04    1.2506478E-01   -1.2506478E-01
 4.3500    5.1893503E-04    1.2339608E-01   -1.2339608E-01
 4.3600    5.0994481E-04    1.2181647E-01   -1.2181647E-01
 4.3700    5.0123399E-04    1.2028549E-01   -1.2028549E-01
 4.3800    4.9258418E-04    1.1875135E-01   -1.1875135E-01
 4.3900    4.8385105E-04    1.1717922E-01   -1.1717922E-01
 4.4000    4.7502105E-04    1.1556547E-01   -1.1556547E-01
 4.4100    4.6617033E-04    1.1392832E-01   -1.1392832E-01
 4.4200    4.5738221E-04    1.1228808E-01   -1.1228808E-01
 4.4300    4.4870331E-04    1.1065641E-01   -1.1065641E-01
 4.4400    4.4015673E-04    1.0903933E-01   -1.0903933E-01
 4.4500    4.3176702E-04    1.0744330E-01   -1.0744330E-01
 4.4600    4.2355685E-04    1.0587448E-01   -1.0587448E-01
 4.4700    4.1552664E-04    1.0433350E-01   -1.0433350E-01
 4.4800    4.0765335E-04    1.0281510E-01   -1.0281510E-01
 4.4900    3.9991810E-04    1.0131497E-01   -1.0131497E-01
 4.5000    3.9233300E-04    9.9836588E-02   -9.9836588E-02
 4.5100    3.8493726E-04    9.8390439E-02   -9.8390439E-02
 4.5200    3.7776751E-04    9.6986510E-02   -9.6986510E-02
 4.5300    3.7083380E-04    9.5628112E-02   -9.5628112E-02
 4.5400    3.6412117E-04    9.4312119E-02   -9.4312119E-02
 4.5500    3.5760643E-04    9.3033203E-02   -9.3033203E-02
 4.5600    3.5126820E-04    9.1786410E-02   -9.1786410E-02
 4.5700    3.4508336E-04    9.0566229E-02   -9.0566229E-02
 4.5800    3.3902235E-04    8.9365348E-02   -8.9365348E-02
 4.5900    3.3305630E-04    8.8176505E-02   -8.8176505E-02
 4.6000    3.2717245E-04    8.6996594E-02   -8.6996594E-02
 4.6100    3.2138115E-04    8.5828616E-02   -8.5828616E-02
 4.6200    3.1570286E-04    8.4678339E-02   -8.4678339E-02
 4.6300    3.1014264E-04    8.3547474E-02   -8.3547474E-02
 4.6400    3.0467317E-04    8.2429002E-02   -8.2429002E-02
 4.6500    2.9924225E-04    8.1309012E-02   -8.1309012E-02
 4.6600    2.9380054E-04    8.0174137E-02   -8.0174137E-02
 4.6700    2.8832958E-04    7.9019236E-02   -7.9019236E-02
 4.6800    2.8285043E-04    7.7849963E-02   -7.7849963E-02
 4.6900    2.7740875E-04    7.6678869E-02   -7.6678869E-02
 4.7000    2.7204946E-04    7.5518517E-02   -7.5518517E-02
 4.7100    2.6680059E-04    7.4376968E-02   -7.4376968E-02
 4.7200    2.6167606E-04    7.3258472E-02   -7.3258472E-02
 4.7300    2.5669087E-04    7.2167651E-02   -7.2167651E-02
 4.7400    2.5187326E-04    7.1112935E-02   -7.1112935E-02
 4.7500    2.4726212E-04    7.0105917E-02   -7.0105917E-02
 4.7600    2.4288599E-04    6.9155423E-02   -6.9155423E-02
 4.7700    2.3873046E-04    6.8258141E-02   -6.8258141E-02
 4.7800    2.3471679E-04    6.7392228E-02   -6.7392228E-02
 4.7900    2.3072193E-04    6.6522684E-02   -6.6522684E-02
 4.8000    2.2664585E-04    6.5620587E-02   -6.5620587E-02
 4.8100    2.2248513E-04    6.4684616E-02   -6.4684616E-02
 4.8200    2.1835205E-04    6.3747214E-02   -6.3747214E-02
 4.8300    2.1441804E-04    6.2858707E-02   -6.2858707E-02
 4.8400    2.1082342E-04    6.2061096E-02   -6.2061096E-02
 4.8500    2.0761587E-04    6.1369683E-02   -6.1369683E-02
 4.8600    2.0474003E-04    6.0769432E-02   -6.0769432E-02
 4.8700    2.0205418E-04    6.0219288E-02   -6.0219288E-02
 4.8800    1.9935263E-04    5.9658383E-02   -5.9658383E-02
 4.8900    1.9641006E-04    5.9018927E-02   -5.9018927E-02
 4.9000    1.9306546E-04    5.8251431E-02   -5.8251431E-02
 4.9100    1.8930919E-04    5.7351470E-02   -5.7351470E-02
 4.9200    1.8529721E-04    5.6364927E-02   -5.6364927E-02
 4.9300    1.8126511E-04    5.5362783E-02   -5.5362783E-02
 4.9400    1.7741101E-04    5.4405690E-02   -5.4405690E-02
 4.9500    1.7384431E-04    5.3527966E-02   -5.3527966E-02
 4.9600    1.7061876E-04    5.2747272E-02   -5.2747272E-02
 4.9700    1.6777361E-04    5.2077041E-02   -5.2077041E-02
 4.9800    1.6530667E-04    5.1517991E-02   -5.1517991E-02
 4.9900    1.6309899E-04    5.1034309E-02   -5.1034309E-02
 5.0000    1.6089313E-04    5.0546067E-02   -5.0546067E-02
 5.0100    1.5839410E-04    4.9960217E-02   -4.9960217E-02
 5.0200    1.5543956E-04    4.9224221E-02   -4.9224221E-02
 5.0300    1.5210356E-04    4.8359879E-02   -4.8359879E-02
 5.0400    1.4864989E-04    4.7449924E-02   -4.7449924E-02
 5.0500    1.4537828E-04    4.6589940E-02   -4.6589940E-02
 5.0600    1.4247717E-04    4.5841222E-02   -4.5841222E-02
 5.0700    1.3996063E-04    4.5209705E-02   -4.5209705E-02
 5.0800    1.3769205E-04    4.4652540E-02   -4.4652540E-02
 5.0900    1.3545976E-04    4.4101740E-02   -4.4101740E-02
 5.1000    1.3307286E-04    4.3495036E-02   -4.3495036E-02
 5.1100    1.3045027E-04    4.2805210E-02   -4.2805210E-02
 5.1200    1.2766682E-04    4.2055987E-02   -4.2055987E-02
 5.1300    1.2492349E-04    4.1313187E-02   -4.1313187E-02
 5.1400    1.2244627E-04    4.0651976E-02   -4.0651976E-02
 5.1500    1.2036953E-04    4.0118148E-02   -4.0118148E-02
 5.1600    1.1867444E-04    3.9706944E-02   -3.9706944E-02
 5.1700    1.1721180E-04    3.9369716E-02   -3.9369716E-02
 5.1800    1.1577876E-04    3.9038963E-02   -3.9038963E-02
 5.1900    1.1419654E-04    3.8654275E-02   -3.8654275E-02
 5.2000    1.1235837E-04    3.8178773E-02   -3.8178773E-02
 5.2100    1.1024674E-04    3.7605476E-02   -3.7605476E-02
 5.2200    1.0792687E-04    3.6955616E-02   -3.6955616E-02
 5.2300    1.0551783E-04    3.6269292E-02   -3.6269292E-02
 5.2400    1.0314778E-04    3.5590356E-02   -3.5590356E-02
 5.2500    1.0091222E-04    3.4952014E-02   -3.4952014E-02
 5.2600    9.8855491E-05    3.4370207E-02   -3.4370207E-02
 5.2700    9.6977767E-05    3.3845682E-02   -3.3845682E-02
 5.2800    9.5249943E-05    3.3368942E-02   -3.3368942E-02
 5.2900    9.3621217E-05    3.2922703E-02   -3.2922703E-02
 5.3000    9.2023305E-05    3.2483247E-02   -3.2483247E-02
 5.3100    9.0386603E-05    3.2026020E-02   -3.2026020E-02
 5.3200    8.8670347E-05    3.1536358E-02   -3.1536358E-02
 5.3300    8.6886380E-05    3.1018157E-02   -3.1018157E-02
 5.3400    8.5093355E-05    3.0492149E-02   -3.0492149E-02
 5.3500    8.3361741E-05    2.9983630E-02   -2.9983630E-02
 5.3600    8.1735334E-05    2.9508646E-02   -2.9508646E-02
 5.3700    8.0215847E-05    2.9068231E-02   -2.9068231E-02
 5.3800    7.8775443E-05    2.8652681E-02   -2.8652681E-02
 5.3900    7.7381978E-05    2.8250570E-02   -2.8250570E-02
 5.4000    7.6019629E-05    2.7856281E-02   -2.7856281E-02
 5.4100    7.4697302E-05    2.7473204E-02   -2.7473204E-02
 5.4200    7.3443575E-05    2.7112043E-02   -2.7112043E-02
 5.4300    7.2288580E-05    2.6784233E-02   -2.6784233E-02
 5.4400    7.1239931E-05    2.6493001E-02   -2.6493001E-02
 5.4500    7.0269815E-05    2.6228393E-02   -2.6228393E-02
 5.4600    6.9327074E-05    2.5971559E-02   -2.5971559E-02
 5.4700    6.8367243E-05    2.5705886E-02   -2.5705886E-02
 5.4800    6.7376464E-05    2.5426068E-02   -2.5426068E-02
 5.4900    6.6372000E-05    2.5138505E-02   -2.5138505E-02
 5.5000    6.5385006E-05    2.4854980E-02   -2.4854980E-02
 5.5100    6.4444762E-05    2.4586725E-02   -2.4586725E-02
 5.5200    6.3575524E-05    2.4343217E-02   -2.4343217E-02
 5.5300    6.2800317E-05    2.4133592E-02   -2.4133592E-02
 5.5400    6.2139276E-05    2.3966002E-02   -2.3966002E-02
 5.5500    6.1598293E-05    2.3843198E-02   -2.3843198E-02
 5.5600    6.1155694E-05    2.3757260E-02   -2.3757260E-02
 5.5700    6.0758815E-05    2.3688063E-02   -2.3688063E-02
 5.5800    6.0336729E-05    2.3608045E-02   -2.3608045E-02
 5.5900    5.9824949E-05    2.3491774E-02   -2.3491774E-02
 5.6000    5.9188290E-05    2.3325003E-02   -2.3325003E-02
 5.6100    5.8425508E-05    2.3106708E-02   -2.3106708E-02
 5.6200    5.7550411E-05    2.2841831E-02   -2.2841831E-02
 5.6300    5.6565701E-05    2.2530967E-02   -2.2530967E-02
 5.6400    5.5456898E-05    2.2167854E-02   -2.2167854E-02
 5.6500    5.4216445E-05    2.1748925E-02   -2.1748925E-02
 5.6600    5.2876829E-05    2.1286690E-02   -2.1286690E-02
 5.6700    5.1521339E-05    2.0814363E-02   -2.0814363E-02
 5.6800    5.0262445E-05    2.0377465E-02   -2.0377465E-02
 5.6900    4.9204226E-05    2.0018743E-02   -2.0018743E-02
 5.7000    4.8412930E-05    1.9766098E-02   -1.9766098E-02
 5.7100    4.7911841E-05    1.9630210E-02   -1.9630210E-02
 5.7200    4.7702092E-05    1.9612788E-02   -1.9612788E-02
 5.7300    4.7788864E-05    1.9717226E-02   -1.9717226E-02
 5.7400    4.8173731E-05    1.9945454E-02   -1.9945454E-02
 5.7500    4.8791784E-05    2.0271797E-02   -2.0271797E-02
 5.7600    4.9436444E-05    2.0611142E-02   -2.0611142E-02
 5.7700    4.9768526E-05    2.0821704E-02   -2.0821704E-02
 5.7800    4.9466222E-05    2.0767025E-02   -2.0767025E-02
 5.7900    4.8439368E-05    2.0406356E-02   -2.0406356E-02
 5.8000    4.6932137E-05    1.9839750E-02   -1.9839750E-02
 5.8100    4.5402745E-05    1.9259466E-02   -1.9259466E-02
 5.8200    4.4257392E-05    1.8838298E-02   -1.8838298E-02
 5.8300    4.3639347E-05    1.8639112E-02   -1.8639112E-02
 5.8400    4.3411096E-05    1.8605284E-02   -1.8605284E-02
 5.8500    4.3299189E-05    1.8620929E-02   -1.8620929E-02
 5.8600    4.3066789E-05    1.8584359E-02   -1.8584359E-02
 5.8700    4.2604622E-05    1.8447724E-02   -1.8447724E-02
 5.8800    4.1922709E-05    1.8214357E-02   -1.8214357E-02
 5.8900    4.1094904E-05    1.7915479E-02   -1.7915479E-02
 5.9000    4.0216484E-05    1.7592112E-02   -1.7592112E-02
 5.9100    3.9391252E-05    1.7289587E-02   -1.7289587E-02
 5.9200    3.8715647E-05    1.7050605E-02   -1.7050605E-02
 5.9300    3.8230142E-05    1.6893715E-02   -1.6893715E-02
 5.9400    3.7865760E-05    1.6789178E-02   -1.6789178E-02
 5.9500    3.7452825E-05    1.6662048E-02   -1.6662048E-02
 5.9600    3.6815256E-05    1.6433505E-02   -1.6433505E-02
 5.9700    3.5884611E-05    1.6071883E-02   -1.6071883E-02
 5.9800    3.4738292E-05    1.5610639E-02   -1.5610639E-02
 5.9900    3.3536509E-05    1.5121029E-02   -1.5121029E-02
 6.0000    3.2425025E-05    1.4668736E-02   -1.4668736E-02
 6.0100    3.1486298E-05    1.4291585E-02   -1.4291585E-02
 6.0200    3.0757482E-05    1.4007274E-02   -1.4007274E-02
 6.0300    3.0270979E-05    1.3831553E-02   -1.3831553E-02
 6.0400    3.0070961E-05    1.3785771E-02   -1.3785771E-02
 6.0500    3.0199084E-05    1.3890388E-02   -1.3890388E-02
 6.0600    3.0670945E-05    1.4154101E-02   -1.4154101E-02
 6.0700    3.1456636E-05    1.4564632E-02   -1.4564632E-02
 6.0800    3.2457189E-05    1.5077451E-02   -1.5077451E-02
 6.0900    3.3475298E-05    1.5601591E-02   -1.5601591E-02
 6.1000    3.4216779E-05    1.5999583E-02   -1.5999583E-02
 6.1100    3.4371100E-05    1.6124480E-02   -1.6124480E-02
 6.1200    3.3756112E-05    1.5887850E-02   -1.5887850E-02
 6.1300    3.2426058E-05    1.5311755E-02   -1.5311755E-02
 6.1400    3.0645151E-05    1.4518053E-02   -1.4518053E-02
 6.1500    2.8741306E-05    1.3660500E-02   -1.3660500E-02
 6.1600    2.6957985E-05    1.2854605E-02   -1.2854605E-02
 6.1700    2.5405025E-05    1.2153457E-02   -1.2153457E-02
 6.1800    2.4102966E-05    1.1567974E-02   -1.1567974E-02
 6.1900    2.3043814E-05    1.1095465E-02   -1.1095465E-02
 6.2000    2.2215644E-05    1.0731295E-02   -1.0731295E-02
 6.2100    2.1602128E-05    1.0468624E-02   -1.0468624E-02
 6.2200    2.1187639E-05    1.0300853E-02   -1.0300853E-02
 6.2300    2.0967411E-05    1.0226588E-02   -1.0226588E-02
 6.2400    2.0938699E-05    1.0245396E-02   -1.0245396E-02
 6.2500    2.1068369E-05    1.0341911E-02   -1.0341911E-02
 6.2600    2.1267279E-05    1.0472984E-02   -1.0472984E-02
 6.2700    2.1405239E-05    1.0574626E-02   -1.0574626E-02
 6.2800    2.1365116E-05    1.0588499E-02   -1.0588499E-02
 6.2900    2.1097096E-05    1.0488994E-02   -1.0488994E-02
 6.3000    2.0632795E-05    1.0290797E-02   -1.0290797E-02
 6.3100    2.0055047E-05    1.0034420E-02   -1.0034420E-02
 6.3200    1.9456091E-05    9.7656152E-03   -9.7656152E-03
 6.3300    1.8916917E-05    9.5250583E-03   -9.5250583E-03
 6.3400    1.8507914E-05    9.3485843E-03   -9.3485843E-03
 6.3500    1.8286411E-05    9.2658612E-03   -9.2658612E-03
 6.3600    1.8276461E-05    9.2900106E-03   -9.2900106E-03
 6.3700    1.8442084E-05    9.4036989E-03   -9.4036989E-03
 6.3800    1.8676548E-05    9.5531772E-03   -9.5531772E-03
 6.3900    1.8822254E-05    9.6579111E-03   -9.6579111E-03
 6.4000    1.8720543E-05    9.6358105E-03   -9.6358105E-03
 6.4100    1.8273939E-05    9.4353519E-03   -9.4353519E-03
 6.4200    1.7489459E-05    9.0584999E-03   -9.0584999E-03
 6.4300    1.6476090E-05    8.5602404E-03   -8.5602404E-03
 6.4400    1.5398255E-05    8.0251488E-03   -8.0251488E-03
 6.4500    1.4416780E-05    7.5369834E-03   -7.5369834E-03
 6.4600    1.3650066E-05    7.1582957E-03   -7.1582957E-03
 6.4700    1.3162360E-05    6.9239221E-03   -6.9239221E-03
 6.4800    1.2963673E-05    6.8405015E-03   -6.8405015E-03
 6.4900    1.3008165E-05    6.8851798E-03   -6.8851798E-03
 6.5000    1.3195751E-05    7.0060089E-03   -7.0060089E-03
 6.5100    1.3390919E-05    7.1315220E-03   -7.1315220E-03
 6.5200    1.3461638E-05    7.1912265E-03   -7.1912265E-03
 6.5300    1.3322278E-05    7.1386276E-03   -7.1386276E-03
 6.5400    1.2958653E-05    6.9650655E-03   -6.9650655E-03
 6.5500    1.2425543E-05    6.6989670E-03   -6.6989670E-03
 6.5600    1.1822406E-05    6.3932754E-03   -6.3932754E-03
 6.5700    1.1258219E-05    6.1067522E-03   -6.1067522E-03
 6.5800    1.0815677E-05    5.8845784E-03   -5.8845784E-03
 6.5900    1.0526580E-05    5.7447085E-03   -5.7447085E-03
 6.6000    1.0369908E-05    5.6763954E-03   -5.6763954E-03
 6.6100    1.0293216E-05    5.6515015E-03   -5.6515015E-03
 6.6200    1.0242818E-05    5.6408599E-03   -5.6408599E-03
 6.6300    1.0184705E-05    5.6258139E-03   -5.6258139E-03
 6.6400    1.0109454E-05    5.6011053E-03   -5.6011053E-03
 6.6500    1.0026851E-05    5.5720847E-03   -5.5720847E-03
 6.6600    9.9578195E-06    5.5503782E-03   -5.5503782E-03
 6.6700    9.9259339E-06    5.5492323E-03   -5.5492323E-03
 6.6800    9.9472964E-06    5.5778631E-03   -5.5778631E-03
 6.6900    1.0019668E-05    5.6352793E-03   -5.6352793E-03
 6.7000    1.0116082E-05    5.7065260E-03   -5.7065260E-03
 6.7100    1.0189550E-05    5.7651408E-03   -5.7651408E-03
 6.7200    1.0190540E-05    5.7828989E-03   -5.7828989E-03
 6.7300    1.0089721E-05    5.7427397E-03   -5.7427397E-03
 6.7400    9.8927542E-06    5.6473783E-03   -5.6473783E-03
 6.7500    9.6375504E-06    5.5180302E-03   -5.5180302E-03
 6.7600    9.3753983E-06    5.3838504E-03   -5.3838504E-03
 6.7700    9.1472855E-06    5.2684084E-03   -5.2684084E-03
 6.7800    8.9686719E-06    5.1808067E-03   -5.1808067E-03
 6.7900    8.8295512E-06    5.1154994E-03   -5.1154994E-03
 6.8000    8.7071109E-06    5.0594320E-03   -5.0594320E-03
 6.8100    8.5820145E-06    5.0014201E-03   -5.0014201E-03
 6.8200    8.4489969E-06    4.9383716E-03   -4.9383716E-03
 6.8300    8.3166245E-06    4.8752665E-03   -4.8752665E-03
 6.8400    8.1971984E-06    4.8193394E-03   -4.8193394E-03
 6.8500    8.0937748E-06    4.7724581E-03   -4.7724581E-03
 6.8600    7.9940495E-06    4.7274281E-03   -4.7274281E-03
 6.8700    7.8769983E-06    4.6717984E-03   -4.6717984E-03
 6.8800    7.7286908E-06    4.5971923E-03   -4.5971923E-03
 6.8900    7.5556024E-06    4.5073097E-03   -4.5073097E-03
 6.9000    7.3843547E-06    4.4179479E-03   -4.4179479E-03
 6.9100    7.2467561E-06    4.3482009E-03   -4.3482009E-03
 6.9200    7.1610070E-06    4.3091951E-03   -4.3091951E-03
 6.9300    7.1234857E-06    4.2990143E-03   -4.2990143E-03
 6.9400    7.1159077E-06    4.3068437E-03   -4.3068437E-03
 6.9500    7.1181194E-06    4.3206068E-03   -4.3206068E-03
 6.9600    7.1130499E-06    4.3299631E-03   -4.3299631E-03
 6.9700    7.0823575E-06    4.3236772E-03   -4.3236772E-03
 6.9800    7.0043547E-06    4.2883364E-03   -4.2883364E-03
 6.9900    6.8625786E-06    4.2135829E-03   -4.2135829E-03
 7.0000    6.6577140E-06    4.0995017E-03   -4.0995017E-03
 7.0100    6.4086088E-06    3.9573974E-03   -3.9573974E-03
 7.0200    6.1398407E-06    3.8022546E-03   -3.8022546E-03
 7.0300    5.8689256E-06    3.6448455E-03   -3.6448455E-03
 7.0400    5.6062869E-06    3.4916484E-03   -3.4916484E-03
 7.0500    5.3659846E-06    3.3514868E-03   -3.3514868E-03
 7.0600    5.1728052E-06    3.2400028E-03   -3.2400028E-03
 7.0700    5.0547206E-06    3.1750155E-03   -3.1750155E-03
 7.0800    5.0245232E-06    3.1649819E-03   -3.1649819E-03
 7.0900    5.0658386E-06    3.2000273E-03   -3.2000273E-03
 7.1000    5.1364041E-06    3.2537617E-03   -3.2537617E-03
 7.1100    5.1879257E-06    3.2956632E-03   -3.2956632E-03
 7.1200    5.1889035E-06    3.3055630E-03   -3.3055630E-03
 7.1300    5.1352913E-06    3.2806055E-03   -3.2806055E-03
 7.1400    5.0442472E-06    3.2314887E-03   -3.2314887E-03
 7.1500    4.9387925E-06    3.1728002E-03   -3.1728002E-03
 7.1600    4.8353674E-06    3.1150526E-03   -3.1150526E-03
 7.1700    4.7404995E-06    3.0624731E-03   -3.0624731E-03
 7.1800    4.6545905E-06    3.0153674E-03   -3.0153674E-03
 7.1900    4.5773492E-06    2.9735941E-03   -2.9735941E-03
 7.2000    4.5109394E-06    2.9386093E-03   -2.9386093E-03
 7.2100    4.4597446E-06    2.9133347E-03   -2.9133347E-03
 7.2200    4.4275206E-06    2.9003129E-03   -2.9003129E-03
 7.2300    4.4136021E-06    2.8992097E-03   -2.8992097E-03
 7.2400    4.4101326E-06    2.9049499E-03   -2.9049499E-03
 7.2500    4.4022062E-06    2.9077446E-03   -2.9077446E-03
 7.2600    4.3721451E-06    2.8958608E-03   -2.8958608E-03
 7.2700    4.3071541E-06    2.8606788E-03   -2.8606788E-03
 7.2800    4.2066469E-06    2.8016164E-03   -2.8016164E-03
 7.2900    4.0841881E-06    2.7275370E-03   -2.7275370E-03
 7.3000    3.9616026E-06    2.6529343E-03   -2.6529343E-03
 7.3100    3.8581762E-06    2.5907569E-03   -2.5907569E-03
 7.3200    3.7816142E-06    2.5462981E-03   -2.5462981E-03
 7.3300    3.7262159E-06    2.5158563E-03   -2.5158563E-03
 7.3400    3.6785606E-06    2.4904618E-03   -2.4904618E-03
 7.3500    3.6261142E-06    2.4616484E-03   -2.4616484E-03
 7.3600    3.5631475E-06    2.4254889E-03   -2.4254889E-03
 7.3700    3.4913298E-06    2.3830640E-03   -2.3830640E-03
 7.3800    3.4163906E-06    2.3382455E-03   -2.3382455E-03
 7.3900    3.3440722E-06    2.2949561E-03   -2.2949561E-03
 7.4000    3.2775604E-06    2.2554022E-03   -2.2554022E-03
 7.4100    3.2167325E-06    2.2195311E-03   -2.2195311E-03
 7.4200    3.1589235E-06    2.1855301E-03   -2.1855301E-03
 7.4300    3.1010843E-06    2.1513004E-03   -2.1513004E-03
 7.4400    3.0426647E-06    2.1164589E-03   -2.1164589E-03
 7.4500    2.9873803E-06    2.0835932E-03   -2.0835932E-03
 7.4600    2.9420026E-06    2.0574561E-03   -2.0574561E-03
 7.4700    2.9122995E-06    2.0421475E-03   -2.0421475E-03
 7.4800    2.8987334E-06    2.0380805E-03   -2.0380805E-03
 7.4900    2.8950955E-06    2.0409689E-03   -2.0409689E-03
 7.5000    2.8911983E-06    2.0436677E-03   -2.0436677E-03
 7.5100    2.8778759E-06    2.0396789E-03   -2.0396789E-03
 7.5200    2.8512405E-06    2.0261864E-03   -2.0261864E-03
 7.5300    2.8138909E-06    2.0049663E-03   -2.0049663E-03
 7.5400    2.7724062E-06    1.9806576E-03   -1.9806576E-03
 7.5500    2.7323865E-06    1.9572482E-03   -1.9572482E-03
 7.5600    2.6943214E-06    1.9350975E-03   -1.9350975E-03
 7.5700    2.6538576E-06    1.9110816E-03   -1.9110816E-03
 7.5800    2.6067440E-06    1.8821172E-03   -1.8821172E-03
 7.5900    2.5540494E-06    1.8489395E-03   -1.8489395E-03
 7.6000    2.5024401E-06    1.8163550E-03   -1.8163550E-03
 7.6100    2.4589283E-06    1.7894725E-03   -1.7894725E-03
 7.6200    2.4248366E-06    1.7693033E-03   -1.7693033E-03
 7.6300    2.3944172E-06    1.7516961E-03   -1.7516961E-03
 7.6400    2.3593462E-06    1.7305663E-03   -1.7305663E-03
 7.6500    2.3152786E-06    1.7026916E-03   -1.7026916E-03
 7.6600    2.2650911E-06    1.6701408E-03   -1.6701408E-03
 7.6700    2.2165394E-06    1.6386117E-03   -1.6386117E-03
 7.6800    2.1768882E-06    1.6134980E-03   -1.6134980E-03
 7.6900    2.1490711E-06    1.5970309E-03   -1.5970309E-03
 7.7000    2.1315866E-06    1.5881601E-03   -1.5881601E-03
 7.7100    2.1206760E-06    1.5841377E-03   -1.5841377E-03
 7.7200    2.1121609E-06    1.5818725E-03   -1.5818725E-03
 7.7300    2.1020347E-06    1.5783697E-03   -1.5783697E-03
 7.7400    2.0867974E-06    1.5709852E-03   -1.5709852E-03
 7.7500    2.0644272E-06    1.5581628E-03   -1.5581628E-03
 7.7600    2.0353896E-06    1.5402133E-03   -1.5402133E-03
 7.7700    2.0023672E-06    1.5191324E-03   -1.5191324E-03
 7.7800    1.9684209E-06    1.4972249E-03   -1.4972249E-03
 7.7900    1.9349074E-06    1.4755195E-03   -1.4755195E-03
 7.8000    1.9009141E-06    1.4533211E-03   -1.4533211E-03
 7.8100    1.8648005E-06    1.4293688E-03   -1.4293688E-03
 7.8200    1.8266708E-06    1.4037302E-03   -1.4037302E-03
 7.8300    1.7897170E-06    1.3788523E-03   -1.3788523E-03
 7.8400    1.7591070E-06    1.3587334E-03   -1.3587334E-03
 7.8500    1.7389906E-06    1.3466242E-03   -1.3466242E-03
 7.8600    1.7297331E-06    1.3428703E-03   -1.3428703E-03
 7.8700    1.7272884E-06    1.3443866E-03   -1.3443866E-03
 7.8800    1.7249087E-06    1.3459484E-03   -1.3459484E-03
 7.8900    1.7158639E-06    1.3422911E-03   -1.3422911E-03
 7.9000    1.6957675E-06    1.3299348E-03   -1.3299348E-03
 7.9100    1.6638776E-06    1.3082303E-03   -1.3082303E-03
 7.9200    1.6231620E-06    1.2794464E-03   -1.2794464E-03
 7.9300    1.5790755E-06    1.2478407E-03   -1.2478407E-03
 7.9400    1.5375887E-06    1.2181227E-03   -1.2181227E-03
 7.9500    1.5035837E-06    1.1941853E-03   -1.1941853E-03
 7.9600    1.4802181E-06    1.1785872E-03   -1.1785872E-03
 7.9700    1.4687172E-06    1.1723700E-03   -1.1723700E-03
 7.9800    1.4679607E-06    1.1747084E-03   -1.1747084E-03
 7.9900    1.4743834E-06    1.1828069E-03   -1.1828069E-03
 8.0000    1.4831409E-06    1.1928127E-03   -1.1928127E-03
 8.0100    1.4901367E-06    1.2014370E-03   -1.2014370E-03
 8.0200    1.4932079E-06    1.2069211E-03   -1.2069211E-03
 8.0300    1.4916419E-06    1.2086639E-03   -1.2086639E-03
 8.0400    1.4851481E-06    1.2064011E-03   -1.2064011E-03
 8.0500    1.4736565E-06    1.2000460E-03   -1.2000460E-03
 8.0600    1.4577284E-06    1.1900263E-03   -1.1900263E-03
 8.0700    1.4384674E-06    1.1772182E-03   -1.1772182E-03
 8.0800    1.4167155E-06    1.1622920E-03   -1.1622920E-03
 8.0900    1.3923678E-06    1.1451461E-03   -1.1451461E-03
 8.1000    1.3644706E-06    1.1249781E-03   -1.1249781E-03
 8.1100    1.3320382E-06    1.1009516E-03   -1.1009516E-03
 8.1200    1.2952374E-06    1.0731768E-03   -1.0731768E-03
 8.1300    1.2565306E-06    1.0436720E-03   -1.0436720E-03
 8.1400    1.2210260E-06    1.0166784E-03   -1.0166784E-03
 8.1500    1.1951576E-06    9.9758583E-04   -9.9758583E-04
 8.1600    1.1837580E-06    9.9049686E-04   -9.9049686E-04
 8.1700    1.1871296E-06    9.9575410E-04   -9.9575410E-04
 8.1800    1.2001754E-06    1.0091627E-03   -1.0091627E-03
 8.1900    1.2142516E-06    1.0234965E-03   -1.0234965E-03
 8.2000    1.2205210E-06    1.0312948E-03   -1.0312948E-03
 8.2100    1.2129775E-06    1.0274222E-03   -1.0274222E-03
 8.2200    1.1900148E-06    1.0104291E-03   -1.0104291E-03
 8.2300    1.1542870E-06    9.8247918E-04   -9.8247918E-04
 8.2400    1.1111760E-06    9.4808473E-04   -9.4808473E-04
 8.2500    1.0666882E-06    9.1233690E-04   -9.1233690E-04
 8.2600    1.0258910E-06    8.7957155E-04   -8.7957155E-04
 8.2700    9.9254549E-07    8.5304374E-04   -8.5304374E-04
 8.2800    9.6963235E-07    8.3536761E-04   -8.3536761E-04
 8.2900    9.5983017E-07    8.2892134E-04   -8.2892134E-04
 8.3000    9.6512063E-07    8.3550230E-04   -8.3550230E-04
 8.3100    9.8536647E-07    8.5508580E-04   -8.5508580E-04
 8.3200    1.0165283E-06    8.8425189E-04   -8.8425189E-04
 8.3300    1.0497641E-06    9.1535926E-04   -9.1535926E-04
 8.3400    1.0726592E-06    9.3757002E-04   -9.3757002E-04
 8.3500    1.0730407E-06    9.4015404E-04   -9.4015404E-04
 8.3600    1.0442122E-06    9.1708837E-04   -9.1708837E-04
 8.3700    9.8873788E-07    8.7044623E-04   -8.7044623E-04
 8.3800    9.1786836E-07    8.0998747E-04   -8.0998747E-04
 8.3900    8.4636509E-07    7.4867189E-04   -7.4867189E-04
 8.4000    7.8597498E-07    6.9691074E-04   -6.9691074E-04
 8.4100    7.4171532E-07    6.5923325E-04   -6.5923325E-04
 8.4200    7.1260255E-07    6.3486505E-04   -6.3486505E-04
 8.4300    6.9517503E-07    6.2081067E-04   -6.2081067E-04
 8.4400    6.8684018E-07    6.1482349E-04   -6.1482349E-04
 8.4500    6.8691673E-07    6.1634996E-04   -6.1634996E-04
 8.4600    6.9507791E-07    6.2514977E-04   -6.2514977E-04
 8.4700    7.0880830E-07    6.3900680E-04   -6.3900680E-04
 8.4800    7.2246064E-07    6.5285353E-04   -6.5285353E-04
 8.4900    7.2939084E-07    6.6067147E-04   -6.6067147E-04
 8.5000    7.2582547E-07    6.5899166E-04   -6.5899166E-04
 8.5100    7.1317122E-07    6.4902704E-04   -6.4902704E-04
 8.5200    6.9667528E-07    6.3550571E-04   -6.3550571E-04
 8.5300    6.8162098E-07    6.2323363E-04   -6.2323363E-04
 8.5400    6.7018988E-07    6.1421931E-04   -6.1421931E-04
 8.5500    6.6104968E-07    6.0726213E-04   -6.0726213E-04
 8.5600    6.5129287E-07    5.9969955E-04   -5.9969955E-04
 8.5700    6.3894626E-07    5.8970640E-04   -5.8970640E-04
 8.5800    6.2440696E-07    5.7763324E-04   -5.7763324E-04
 8.5900    6.1005163E-07    5.6566952E-04   -5.6566952E-04
 8.6000    5.9843588E-07    5.5619156E-04   -5.5619156E-04
 8.6100    5.9056563E-07    5.5015408E-04   -5.5015408E-04
 8.6200    5.8573423E-07    5.4692151E-04   -5.4692151E-04
 8.6300    5.8293929E-07    5.4557540E-04   -5.4557540E-04
 8.6400    5.8225532E-07    5.4619889E-04   -5.4619889E-04
 8.6500    5.8462938E-07    5.4969618E-04   -5.4969618E-04
 8.6600    5.9036296E-07    5.5637134E-04   -5.5637134E-04
 8.6700    5.9798005E-07    5.6485211E-04   -5.6485211E-04
 8.6800    6.0467307E-07    5.7249269E-04   -5.7249269E-04
 8.6900    6.0780388E-07    5.7678358E-04   -5.7678358E-04
 8.7000    6.0601659E-07    5.7641183E-04   -5.7641183E-04
 8.7100    5.9924928E-07    5.7128615E-04   -5.7128615E-04
 8.7200    5.8819421E-07    5.6203528E-04   -5.6203528E-04
 8.7300    5.7401862E-07    5.4974885E-04   -5.4974885E-04
 8.7400    5.5838095E-07    5.3599819E-04   -5.3599819E-04
 8.7500    5.4325100E-07    5.2266872E-04   -5.2266872E-04
 8.7600    5.3044552E-07    5.1151558E-04   -5.1151558E-04
 8.7700    5.2128130E-07    5.0382672E-04   -5.0382672E-04
 8.7800    5.1647206E-07    5.0031754E-04   -5.0031754E-04
 8.7900    5.1595483E-07    5.0095567E-04   -5.0095567E-04
 8.8000    5.1864080E-07    5.0470997E-04   -5.0470997E-04
 8.8100    5.2257911E-07    5.0969893E-04   -5.0969893E-04
 8.8200    5.2568951E-07    5.1389731E-04   -5.1389731E-04
 8.8300    5.2654636E-07    5.1590280E-04   -5.1590280E-04
