# total charge: 11.000000 
# r(A)     rho (e/A^3)     4*pi*r^2*rho(e/A)  dip  
 0.0000   -9.8018258E-01   -0.0000000E+00    8.7767302E+01
 0.0100   -9.7272199E-01   -1.2223585E-03    8.7330783E+01
 0.0200   -9.6330327E-01   -4.8420904E-03    8.6034235E+01
 0.0300   -9.5154018E-01   -1.0761666E-02    8.3916081E+01
 0.0400   -9.3702903E-01   -1.8840086E-02    8.1038271E+01
 0.0500   -9.1933545E-01   -2.8881775E-02    7.7483254E+01
 0.0600   -8.9798635E-01   -4.0623946E-02    7.3350037E+01
 0.0700   -8.7251141E-01   -5.3725078E-02    6.8749590E+01
 0.0800   -8.4254349E-01   -6.7761368E-02    6.3799903E+01
 0.0900   -8.0792064E-01   -8.2236305E-02    5.8620991E+01
 0.1000   -7.6871635E-01   -9.6599746E-02    5.3330159E+01
 0.1100   -7.2518170E-01   -1.1026611E-01    4.8037745E+01
 0.1200   -6.7764607E-01   -1.2262394E-01    4.2843556E+01
 0.1300   -6.2643503E-01   -1.3303705E-01    3.7834127E+01
 0.1400   -5.7183474E-01   -1.4084339E-01    3.3080886E+01
 0.1500   -5.1410005E-01   -1.4535837E-01    2.8639229E+01
 0.1600   -4.5348542E-01   -1.4588585E-01    2.4548469E+01
 0.1700   -3.9027110E-01   -1.4173402E-01    2.0832531E+01
 0.1800   -3.2476253E-01   -1.3222720E-01    1.7501262E+01
 0.1900   -2.5726118E-01   -1.1670550E-01    1.4552185E+01
 0.2000   -1.8803023E-01   -9.4514302E-02    1.1972527E+01
 0.2100   -1.1728370E-01   -6.4995923E-02    9.7413870E+00
 0.2200   -4.5205945E-02   -2.7494814E-02    7.8319052E+00
 0.2300    2.8017560E-02    1.8624982E-02    6.2133233E+00
 0.2400    1.0218031E-01    7.3960452E-02    4.8528362E+00
 0.2500    1.7705051E-01    1.3905514E-01    3.7171710E+00
 0.2600    2.5237313E-01    2.1438761E-01    2.7738656E+00
 0.2700    3.2787258E-01    3.0036027E-01    1.9922454E+00
 0.2800    4.0326172E-01    3.9729484E-01    1.3441045E+00
 0.2900    4.7826457E-01    5.0544520E-01    8.0411194E-01
 0.3000    5.5264500E-01    6.2502677E-01    3.4997988E-01
 0.3100    6.2621779E-01    7.5623827E-01   -3.7538076E-02
 0.3200    6.9882309E-01    8.9924301E-01   -3.7474360E-01
 0.3300    7.7027572E-01    1.0541052E+00   -6.7514003E-01
 0.3400    8.4033114E-01    1.2207259E+00   -9.4963767E-01
 0.3500    9.0870512E-01    1.3988429E+00   -1.2068527E+00
 0.3600    9.7513906E-01    1.5881131E+00   -1.4534946E+00
 0.3700    1.0394609E+00    1.7882221E+00   -1.6947704E+00
 0.3800    1.1015957E+00    1.9989379E+00   -1.9347096E+00
 0.3900    1.1615248E+00    2.2200745E+00   -2.1763703E+00
 0.4000    1.2192242E+00    2.4513957E+00   -2.4219531E+00
 0.4100    1.2746187E+00    2.6925133E+00   -2.6728758E+00
 0.4200    1.3275638E+00    2.9428210E+00   -2.9298535E+00
 0.4300    1.3778647E+00    3.2014989E+00   -3.1930211E+00
 0.4400    1.4253309E+00    3.4676154E+00   -3.4621281E+00
 0.4500    1.4698472E+00    3.7403055E+00   -3.7367891E+00
 0.4600    1.5114179E+00    4.0189268E+00   -4.0166959E+00
 0.4700    1.5501437E+00    4.3030613E+00   -4.3016599E+00
 0.4800    1.5861334E+00    4.5923189E+00   -4.5914474E+00
 0.4900    1.6194154E+00    4.8860767E+00   -4.8855401E+00
 0.5000    1.6499219E+00    5.1833824E+00   -5.1830554E+00
 0.5100    1.6775653E+00    5.4831439E+00   -5.4829465E+00
 0.5200    1.7023397E+00    5.7844593E+00   -5.7843413E+00
 0.5300    1.7243534E+00    6.0867839E+00   -6.0867141E+00
 0.5400    1.7437546E+00    6.3897337E+00   -6.3896928E+00
 0.5500    1.7606036E+00    6.6926301E+00   -6.6926064E+00
 0.5600    1.7747938E+00    6.9941319E+00   -6.9941183E+00
 0.5700    1.7860922E+00    7.2922820E+00   -7.2922743E+00
 0.5800    1.7942842E+00    7.5850261E+00   -7.5850217E+00
 0.5900    1.7993306E+00    7.8709082E+00   -7.8709057E+00
 0.6000    1.8014317E+00    8.1494849E+00   -8.1494836E+00
 0.6100    1.8009518E+00    8.4211543E+00   -8.4211536E+00
 0.6200    1.7982536E+00    8.6864870E+00   -8.6864866E+00
 0.6300    1.7935499E+00    8.9454959E+00   -8.9454957E+00
 0.6400    1.7868656E+00    9.1973283E+00   -9.1973282E+00
 0.6500    1.7781207E+00    9.4405610E+00   -9.4405610E+00
 0.6600    1.7672635E+00    9.6738431E+00   -9.6738431E+00
 0.6700    1.7543574E+00    9.8964071E+00   -9.8964071E+00
 0.6800    1.7395746E+00    1.0108128E+01   -1.0108128E+01
 0.6900    1.7231197E+00    1.0309165E+01   -1.0309165E+01
 0.7000    1.7051449E+00    1.0499466E+01   -1.0499466E+01
 0.7100    1.6857058E+00    1.0678453E+01   -1.0678453E+01
 0.7200    1.6647835E+00    1.0845076E+01   -1.0845076E+01
 0.7300    1.6423536E+00    1.0998216E+01   -1.0998216E+01
 0.7400    1.6184477E+00    1.1137096E+01   -1.1137096E+01
 0.7500    1.5931537E+00    1.1261340E+01   -1.1261340E+01
 0.7600    1.5665533E+00    1.1370570E+01   -1.1370570E+01
 0.7700    1.5386666E+00    1.1463991E+01   -1.1463991E+01
 0.7800    1.5094733E+00    1.1540496E+01   -1.1540496E+01
 0.7900    1.4790160E+00    1.1599437E+01   -1.1599437E+01
 0.8000    1.4475038E+00    1.1641517E+01   -1.1641517E+01
 0.8100    1.4153199E+00    1.1669023E+01   -1.1669023E+01
 0.8200    1.3829032E+00    1.1685017E+01   -1.1685017E+01
 0.8300    1.3505710E+00    1.1691856E+01   -1.1691856E+01
 0.8400    1.3183872E+00    1.1689917E+01   -1.1689917E+01
 0.8500    1.2861528E+00    1.1677242E+01   -1.1677242E+01
 0.8600    1.2535255E+00    1.1650376E+01   -1.1650376E+01
 0.8700    1.2202114E+00    1.1606024E+01   -1.1606024E+01
 0.8800    1.1861245E+00    1.1542649E+01   -1.1542649E+01
 0.8900    1.1514243E+00    1.1461073E+01   -1.1461073E+01
 0.9000    1.1164185E+00    1.1363756E+01   -1.1363756E+01
 0.9100    1.0814144E+00    1.1253427E+01   -1.1253427E+01
 0.9200    1.0466326E+00    1.1132169E+01   -1.1132169E+01
 0.9300    1.0122232E+00    1.1001503E+01   -1.1001503E+01
 0.9400    9.7832752E-01    1.0863002E+01   -1.0863002E+01
 0.9500    9.4510184E-01    1.0718541E+01   -1.0718541E+01
 0.9600    9.1267948E-01    1.0569894E+01   -1.0569894E+01
 0.9700    8.8112236E-01    1.0418125E+01   -1.0418125E+01
 0.9800    8.5040549E-01    1.0263325E+01   -1.0263325E+01
 0.9900    8.2042618E-01    1.0104615E+01   -1.0104615E+01
 1.0000    7.9101838E-01    9.9402302E+00   -9.9402302E+00
 1.0100    7.6199126E-01    9.7679315E+00   -9.7679315E+00
 1.0200    7.3321527E-01    9.5860945E+00   -9.5860945E+00
 1.0300    7.0471803E-01    9.3950630E+00   -9.3950630E+00
 1.0400    6.7670868E-01    9.1976798E+00   -9.1976798E+00
 1.0500    6.4949290E-01    8.9983498E+00   -8.9983498E+00
 1.0600    6.2333107E-01    8.8011692E+00   -8.8011692E+00
 1.0700    5.9833508E-01    8.6083890E+00   -8.6083890E+00
 1.0800    5.7446221E-01    8.4201309E+00   -8.4201309E+00
 1.0900    5.5158946E-01    8.2352885E+00   -8.2352885E+00
 1.1000    5.2960039E-01    8.0527373E+00   -8.0527373E+00
 1.1100    5.0842343E-01    7.8719327E+00   -7.8719327E+00
 1.1200    4.8801192E-01    7.6926565E+00   -7.6926565E+00
 1.1300    4.6830938E-01    7.5144917E+00   -7.5144917E+00
 1.1400    4.4924694E-01    7.3367664E+00   -7.3367664E+00
 1.1500    4.3077489E-01    7.1590587E+00   -7.1590587E+00
 1.1600    4.1288733E-01    6.9816391E+00   -6.9816391E+00
 1.1700    3.9560900E-01    6.8053074E+00   -6.8053074E+00
 1.1800    3.7896036E-01    6.6308265E+00   -6.6308265E+00
 1.1900    3.6293992E-01    6.4586021E+00   -6.4586021E+00
 1.2000    3.4753704E-01    6.2888822E+00   -6.2888822E+00
 1.2100    3.3275176E-01    6.1221076E+00   -6.1221076E+00
 1.2200    3.1859610E-01    5.9589533E+00   -5.9589533E+00
 1.2300    3.0507914E-01    5.8000615E+00   -5.8000615E+00
 1.2400    2.9219617E-01    5.6458294E+00   -5.6458294E+00
 1.2500    2.7993256E-01    5.4964629E+00   -5.4964629E+00
 1.2600    2.6827225E-01    5.3521306E+00   -5.3521306E+00
 1.2700    2.5719599E-01    5.2129254E+00   -5.2129254E+00
 1.2800    2.4666839E-01    5.0785917E+00   -5.0785917E+00
 1.2900    2.3662843E-01    4.9483020E+00   -4.9483020E+00
 1.3000    2.2700058E-01    4.8208491E+00   -4.8208491E+00
 1.3100    2.1772836E-01    4.6953443E+00   -4.6953443E+00
 1.3200    2.0880939E-01    4.5720161E+00   -4.5720161E+00
 1.3300    2.0029969E-01    4.4523924E+00   -4.4523924E+00
 1.3400    1.9227259E-01    4.3384724E+00   -4.3384724E+00
 1.3500    1.8475794E-01    4.2313652E+00   -4.2313652E+00
 1.3600    1.7771071E-01    4.1304872E+00   -4.1304872E+00
 1.3700    1.7103725E-01    4.0340541E+00   -4.0340541E+00
 1.3800    1.6465903E-01    3.9405205E+00   -3.9405205E+00
 1.3900    1.5856262E-01    3.8498186E+00   -3.8498186E+00
 1.4000    1.5279593E-01    3.7633771E+00   -3.7633771E+00
 1.4100    1.4741239E-01    3.6828334E+00   -3.6828334E+00
 1.4200    1.4240583E-01    3.6083971E+00   -3.6083971E+00
 1.4300    1.3768815E-01    3.5381686E+00   -3.5381686E+00
 1.4400    1.3312813E-01    3.4690032E+00   -3.4690032E+00
 1.4500    1.2862118E-01    3.3982736E+00   -3.3982736E+00
 1.4600    1.2413742E-01    3.3252039E+00   -3.3252039E+00
 1.4700    1.1971732E-01    3.2508845E+00   -3.2508845E+00
 1.4800    1.1542610E-01    3.1771471E+00   -3.1771471E+00
 1.4900    1.1130493E-01    3.1052517E+00   -3.1052517E+00
 1.5000    1.0735258E-01    3.0353227E+00   -3.0353227E+00
 1.5100    1.0354398E-01    2.9668025E+00   -2.9668025E+00
 1.5200    9.9865282E-02    2.8994230E+00   -2.8994230E+00
 1.5300    9.6335362E-02    2.8338605E+00   -2.8338605E+00
 1.5400    9.2997975E-02    2.7715633E+00   -2.7715633E+00
 1.5500    8.9892357E-02    2.7139137E+00   -2.7139137E+00
 1.5600    8.7025577E-02    2.6613744E+00   -2.6613744E+00
 1.5700    8.4366634E-02    2.6132436E+00   -2.6132436E+00
 1.5800    8.1865521E-02    2.5681777E+00   -2.5681777E+00
 1.5900    7.9482464E-02    2.5250817E+00   -2.5250817E+00
 1.6000    7.7206094E-02    2.4837130E+00   -2.4837130E+00
 1.6100    7.5049470E-02    2.4446081E+00   -2.4446081E+00
 1.6200    7.3030643E-02    2.4084909E+00   -2.4084909E+00
 1.6300    7.1153897E-02    2.3756571E+00   -2.3756571E+00
 1.6400    6.9403063E-02    2.3457202E+00   -2.3457202E+00
 1.6500    6.7747967E-02    2.3177897E+00   -2.3177897E+00
 1.6600    6.6158318E-02    2.2909230E+00   -2.2909230E+00
 1.6700    6.4616580E-02    2.2645753E+00   -2.2645753E+00
 1.6800    6.3121605E-02    2.2387544E+00   -2.2387544E+00
 1.6900    6.1680143E-02    2.2137504E+00   -2.2137504E+00
 1.7000    6.0292538E-02    2.1896327E+00   -2.1896327E+00
 1.7100    5.8944065E-02    2.1659188E+00   -2.1659188E+00
 1.7200    5.7609232E-02    2.1417010E+00   -2.1417010E+00
 1.7300    5.6266587E-02    2.1161802E+00   -2.1161802E+00
 1.7400    5.4914161E-02    2.0892611E+00   -2.0892611E+00
 1.7500    5.3574751E-02    2.0617980E+00   -2.0617980E+00
 1.7600    5.2285791E-02    2.0352552E+00   -2.0352552E+00
 1.7700    5.1077993E-02    2.0108988E+00   -2.0108988E+00
 1.7800    4.9955863E-02    1.9890071E+00   -1.9890071E+00
 1.7900    4.8895051E-02    1.9687058E+00   -1.9687058E+00
 1.8000    4.7861473E-02    1.9486818E+00   -1.9486818E+00
 1.8100    4.6839406E-02    1.9283168E+00   -1.9283168E+00
 1.8200    4.5844545E-02    1.9082721E+00   -1.9082721E+00
 1.8300    4.4907044E-02    1.8898464E+00   -1.8898464E+00
 1.8400    4.4035829E-02    1.8734913E+00   -1.8734913E+00
 1.8500    4.3196419E-02    1.8578090E+00   -1.8578090E+00
 1.8600    4.2326657E-02    1.8401352E+00   -1.8401352E+00
 1.8700    4.1380414E-02    1.8183937E+00   -1.8183937E+00
 1.8800    4.0361518E-02    1.7926399E+00   -1.7926399E+00
 1.8900    3.9318811E-02    1.7649559E+00   -1.7649559E+00
 1.9000    3.8309948E-02    1.7379154E+00   -1.7379154E+00
 1.9100    3.7367618E-02    1.7130578E+00   -1.7130578E+00
 1.9200    3.6493166E-02    1.6905338E+00   -1.6905338E+00
 1.9300    3.5674000E-02    1.6698455E+00   -1.6698455E+00
 1.9400    3.4903651E-02    1.6507609E+00   -1.6507609E+00
 1.9500    3.4188960E-02    1.6336724E+00   -1.6336724E+00
 1.9600    3.3544164E-02    1.6193435E+00   -1.6193435E+00
 1.9700    3.2979799E-02    1.6083861E+00   -1.6083861E+00
 1.9800    3.2493148E-02    1.6007814E+00   -1.6007814E+00
 1.9900    3.2063971E-02    1.5956342E+00   -1.5956342E+00
 2.0000    3.1657990E-02    1.5913042E+00   -1.5913042E+00
 2.0100    3.1238046E-02    1.5859366E+00   -1.5859366E+00
 2.0200    3.0777931E-02    1.5781636E+00   -1.5781636E+00
 2.0300    3.0271303E-02    1.5675921E+00   -1.5675921E+00
 2.0400    2.9730927E-02    1.5548148E+00   -1.5548148E+00
 2.0500    2.9179388E-02    1.5409685E+00   -1.5409685E+00
 2.0600    2.8636765E-02    1.5271027E+00   -1.5271027E+00
 2.0700    2.8111927E-02    1.5137047E+00   -1.5137047E+00
 2.0800    2.7602075E-02    1.5006460E+00   -1.5006460E+00
 2.0900    2.7100072E-02    1.4875545E+00   -1.4875545E+00
 2.1000    2.6603681E-02    1.4743147E+00   -1.4743147E+00
 2.1100    2.6119730E-02    1.4613137E+00   -1.4613137E+00
 2.1200    2.5660990E-02    1.4492890E+00   -1.4492890E+00
 2.1300    2.5239295E-02    1.4389520E+00   -1.4389520E+00
 2.1400    2.4859804E-02    1.4306556E+00   -1.4306556E+00
 2.1500    2.4518431E-02    1.4242278E+00   -1.4242278E+00
 2.1600    2.4201679E-02    1.4189362E+00   -1.4189362E+00
 2.1700    2.3888275E-02    1.4135596E+00   -1.4135596E+00
 2.1800    2.3553684E-02    1.4066359E+00   -1.4066359E+00
 2.1900    2.3178083E-02    1.3969331E+00   -1.3969331E+00
 2.2000    2.2754863E-02    1.3839789E+00   -1.3839789E+00
 2.2100    2.2294111E-02    1.3683102E+00   -1.3683102E+00
 2.2200    2.1818017E-02    1.3512356E+00   -1.3512356E+00
 2.2300    2.1350943E-02    1.3342483E+00   -1.3342483E+00
 2.2400    2.0910443E-02    1.3184666E+00   -1.3184666E+00
 2.2500    2.0504049E-02    1.3044112E+00   -1.3044112E+00
 2.2600    2.0132000E-02    1.2921522E+00   -1.2921522E+00
 2.2700    1.9792110E-02    1.2816035E+00   -1.2816035E+00
 2.2800    1.9482245E-02    1.2726780E+00   -1.2726780E+00
 2.2900    1.9199018E-02    1.2652019E+00   -1.2652019E+00
 2.3000    1.8935279E-02    1.2587435E+00   -1.2587435E+00
 2.3100    1.8679783E-02    1.2525805E+00   -1.2525805E+00
 2.3200    1.8419753E-02    1.2458611E+00   -1.2458611E+00
 2.3300    1.8144482E-02    1.2378450E+00   -1.2378450E+00
 2.3400    1.7848231E-02    1.2281086E+00   -1.2281086E+00
 2.3500    1.7531982E-02    1.2166807E+00   -1.2166807E+00
 2.3600    1.7203786E-02    1.2040871E+00   -1.2040871E+00
 2.3700    1.6876801E-02    1.1912330E+00   -1.1912330E+00
 2.3800    1.6564581E-02    1.1790826E+00   -1.1790826E+00
 2.3900    1.6275342E-02    1.1682500E+00   -1.1682500E+00
 2.4000    1.6008604E-02    1.1587395E+00   -1.1587395E+00
 2.4100    1.5756537E-02    1.1500182E+00   -1.1500182E+00
 2.4200    1.5509008E-02    1.1413652E+00   -1.1413652E+00
 2.4300    1.5258799E-02    1.1322512E+00   -1.1322512E+00
 2.4400    1.5003903E-02    1.1225192E+00   -1.1225192E+00
 2.4500    1.4746541E-02    1.1123262E+00   -1.1123262E+00
 2.4600    1.4490794E-02    1.1019764E+00   -1.1019764E+00
 2.4700    1.4240822E-02    1.0917893E+00   -1.0917893E+00
 2.4800    1.4000002E-02    1.0820350E+00   -1.0820350E+00
 2.4900    1.3770193E-02    1.0728737E+00   -1.0728737E+00
 2.5000    1.3550758E-02    1.0642741E+00   -1.0642741E+00
 2.5100    1.3338139E-02    1.0559723E+00   -1.0559723E+00
 2.5200    1.3126972E-02    1.0475518E+00   -1.0475518E+00
 2.5300    1.2912552E-02    1.0386351E+00   -1.0386351E+00
 2.5400    1.2693280E-02    1.0290848E+00   -1.0290848E+00
 2.5500    1.2471576E-02    1.0190877E+00   -1.0190877E+00
 2.5600    1.2252497E-02    1.0090540E+00   -1.0090540E+00
 2.5700    1.2040690E-02    9.9937270E-01   -9.9937270E-01
 2.5800    1.1837540E-02    9.9017224E-01   -9.9017224E-01
 2.5900    1.1640544E-02    9.8125681E-01   -9.8125681E-01
 2.6000    1.1445418E-02    9.7227298E-01   -9.7227298E-01
 2.6100    1.1249213E-02    9.6297056E-01   -9.6297056E-01
 2.6200    1.1051728E-02    9.5332863E-01   -9.5332863E-01
 2.6300    1.0853956E-02    9.4342945E-01   -9.4342945E-01
 2.6400    1.0655199E-02    9.3320979E-01   -9.3320979E-01
 2.6500    1.0452089E-02    9.2236903E-01   -9.2236903E-01
 2.6600    1.0241132E-02    9.1058626E-01   -9.1058626E-01
 2.6700    1.0022789E-02    8.9788550E-01   -8.9788550E-01
 2.6800    9.8032449E-03    8.8480854E-01   -8.8480854E-01
 2.6900    9.5919512E-03    8.7221065E-01   -8.7221065E-01
 2.7000    9.3967405E-03    8.6082451E-01   -8.6082451E-01
 2.7100    9.2201406E-03    8.5091462E-01   -8.5091462E-01
 2.7200    9.0591628E-03    8.4223975E-01   -8.4223975E-01
 2.7300    8.9081024E-03    8.3429637E-01   -8.3429637E-01
 2.7400    8.7619815E-03    8.2663411E-01   -8.2663411E-01
 2.7500    8.6182823E-03    8.1902275E-01   -8.1902275E-01
 2.7600    8.4763149E-03    8.1140020E-01   -8.1140020E-01
 2.7700    8.3355614E-03    8.0371904E-01   -8.0371904E-01
 2.7800    8.1948813E-03    7.9586998E-01   -7.9586998E-01
 2.7900    8.0532124E-03    7.8774821E-01   -7.8774821E-01
 2.8000    7.9108193E-03    7.7937665E-01   -7.7937665E-01
 2.8100    7.7698189E-03    7.7096275E-01   -7.7096275E-01
 2.8200    7.6335738E-03    7.6284444E-01   -7.6284444E-01
 2.8300    7.5054168E-03    7.5536621E-01   -7.5536621E-01
 2.8400    7.3873232E-03    7.4874450E-01   -7.4874450E-01
 2.8500    7.2788636E-03    7.4295612E-01   -7.4295612E-01
 2.8600    7.1766636E-03    7.3767408E-01   -7.3767408E-01
 2.8700    7.0748182E-03    7.3229984E-01   -7.3229984E-01
 2.8800    6.9667498E-03    7.2614785E-01   -7.2614785E-01
 2.8900    6.8482241E-03    7.1875936E-01   -7.1875936E-01
 2.9000    6.7199004E-03    7.1018042E-01   -7.1018042E-01
 2.9100    6.5873226E-03    7.0097862E-01   -7.0097862E-01
 2.9200    6.4577256E-03    6.9191883E-01   -6.9191883E-01
 2.9300    6.3355551E-03    6.8348624E-01   -6.8348624E-01
 2.9400    6.2198649E-03    6.7559352E-01   -6.7559352E-01
 2.9500    6.1054959E-03    6.6768996E-01   -6.6768996E-01
 2.9600    5.9871414E-03    6.5919332E-01   -6.5919332E-01
 2.9700    5.8632495E-03    6.4992185E-01   -6.4992185E-01
 2.9800    5.7369125E-03    6.4020729E-01   -6.4020729E-01
 2.9900    5.6133529E-03    6.3062994E-01   -6.3062994E-01
 3.0000    5.4963195E-03    6.2161909E-01   -6.2161909E-01
 3.0100    5.3862681E-03    6.1324049E-01   -6.1324049E-01
 3.0200    5.2812931E-03    6.0529072E-01   -6.0529072E-01
 3.0300    5.1793909E-03    5.9754939E-01   -5.9754939E-01
 3.0400    5.0799244E-03    5.8994875E-01   -5.8994875E-01
 3.0500    4.9833501E-03    5.8254697E-01   -5.8254697E-01
 3.0600    4.8899612E-03    5.7538446E-01   -5.7538446E-01
 3.0700    4.7990781E-03    5.6838739E-01   -5.6838739E-01
 3.0800    4.7094368E-03    5.6141017E-01   -5.6141017E-01
 3.0900    4.6203057E-03    5.5436721E-01   -5.5436721E-01
 3.1000    4.5322307E-03    5.4732497E-01   -5.4732497E-01
 3.1100    4.4466982E-03    5.4046590E-01   -5.4046590E-01
 3.1200    4.3649697E-03    5.3394962E-01   -5.3394962E-01
 3.1300    4.2870242E-03    5.2778188E-01   -5.2778188E-01
 3.1400    4.2114189E-03    5.2179222E-01   -5.2179222E-01
 3.1500    4.1361054E-03    5.1573020E-01   -5.1573020E-01
 3.1600    4.0595585E-03    5.0940457E-01   -5.0940457E-01
 3.1700    3.9815071E-03    5.0277756E-01   -5.0277756E-01
 3.1800    3.9029720E-03    4.9597472E-01   -4.9597472E-01
 3.1900    3.8257159E-03    4.8921971E-01   -4.8921971E-01
 3.2000    3.7513981E-03    4.8272854E-01   -4.8272854E-01
 3.2100    3.6808131E-03    4.7661060E-01   -4.7661060E-01
 3.2200    3.6135914E-03    4.7082623E-01   -4.7082623E-01
 3.2300    3.5485184E-03    4.6522385E-01   -4.6522385E-01
 3.2400    3.4842642E-03    4.5963275E-01   -4.5963275E-01
 3.2500    3.4200994E-03    4.5395763E-01   -4.5395763E-01
 3.2600    3.3562255E-03    4.4822512E-01   -4.4822512E-01
 3.2700    3.2935390E-03    4.4255595E-01   -4.4255595E-01
 3.2800    3.2328956E-03    4.3706823E-01   -4.3706823E-01
 3.2900    3.1742697E-03    4.3176306E-01   -4.3176306E-01
 3.3000    3.1164377E-03    4.2647757E-01   -4.2647757E-01
 3.3100    3.0575789E-03    4.2096260E-01   -4.2096260E-01
 3.3200    2.9964790E-03    4.1504700E-01   -4.1504700E-01
 3.3300    2.9334473E-03    4.0876775E-01   -4.0876775E-01
 3.3400    2.8702044E-03    4.0236076E-01   -4.0236076E-01
 3.3500    2.8088151E-03    3.9611622E-01   -3.9611622E-01
 3.3600    2.7504981E-03    3.9021123E-01   -3.9021123E-01
 3.3700    2.6951929E-03    3.8464449E-01   -3.8464449E-01
 3.3800    2.6420733E-03    3.7930461E-01   -3.7930461E-01
 3.3900    2.5904055E-03    3.7409079E-01   -3.7409079E-01
 3.4000    2.5399792E-03    3.6897579E-01   -3.6897579E-01
 3.4100    2.4908673E-03    3.6397304E-01   -3.6397304E-01
 3.4200    2.4429331E-03    3.5906548E-01   -3.5906548E-01
 3.4300    2.3956618E-03    3.5417966E-01   -3.5417966E-01
 3.4400    2.3484815E-03    3.4923189E-01   -3.4923189E-01
 3.4500    2.3012204E-03    3.4419635E-01   -3.4419635E-01
 3.4600    2.2542359E-03    3.3912626E-01   -3.3912626E-01
 3.4700    2.2081082E-03    3.3410976E-01   -3.3410976E-01
 3.4800    2.1632111E-03    3.2920563E-01   -3.2920563E-01
 3.4900    2.1195325E-03    3.2441490E-01   -3.2441490E-01
 3.5000    2.0768339E-03    3.1970374E-01   -3.1970374E-01
 3.5100    2.0349573E-03    3.1504994E-01   -3.1504994E-01
 3.5200    1.9940417E-03    3.1047699E-01   -3.1047699E-01
 3.5300    1.9545243E-03    3.0605561E-01   -3.0605561E-01
 3.5400    1.9169187E-03    3.0187009E-01   -3.0187009E-01
 3.5500    1.8814646E-03    2.9796320E-01   -2.9796320E-01
 3.5600    1.8478416E-03    2.9428939E-01   -2.9428939E-01
 3.5700    1.8151648E-03    2.9071159E-01   -2.9071159E-01
 3.5800    1.7823337E-03    2.8705488E-01   -2.8705488E-01
 3.5900    1.7485505E-03    2.8318937E-01   -2.8318937E-01
 3.6000    1.7136709E-03    2.7908872E-01   -2.7908872E-01
 3.6100    1.6781691E-03    2.7482737E-01   -2.7482737E-01
 3.6200    1.6427980E-03    2.7052735E-01   -2.7052735E-01
 3.6300    1.6082207E-03    2.6629853E-01   -2.6629853E-01
 3.6400    1.5748362E-03    2.6220926E-01   -2.6220926E-01
 3.6500    1.5428303E-03    2.5829367E-01   -2.5829367E-01
 3.6600    1.5123267E-03    2.5457612E-01   -2.5457612E-01
 3.6700    1.4834674E-03    2.5108455E-01   -2.5108455E-01
 3.6800    1.4563145E-03    2.4783387E-01   -2.4783387E-01
 3.6900    1.4306165E-03    2.4478558E-01   -2.4478558E-01
 3.7000    1.4056459E-03    2.4181834E-01   -2.4181834E-01
 3.7100    1.3803415E-03    2.3875047E-01   -2.3875047E-01
 3.7200    1.3537864E-03    2.3542137E-01   -2.3542137E-01
 3.7300    1.3257387E-03    2.3178507E-01   -2.3178507E-01
 3.7400    1.2968093E-03    2.2794454E-01   -2.2794454E-01
 3.7500    1.2681155E-03    2.2409450E-01   -2.2409450E-01
 3.7600    1.2406493E-03    2.2041167E-01   -2.2041167E-01
 3.7700    1.2148081E-03    2.1697027E-01   -2.1697027E-01
 3.7800    1.1903593E-03    2.1373297E-01   -2.1373297E-01
 3.7900    1.1667572E-03    2.1060505E-01   -2.1060505E-01
 3.8000    1.1435102E-03    2.0749953E-01   -2.0749953E-01
 3.8100    1.1203565E-03    2.0436949E-01   -2.0436949E-01
 3.8200    1.0972319E-03    2.0120327E-01   -2.0120327E-01
 3.8300    1.0741762E-03    1.9800809E-01   -1.9800809E-01
 3.8400    1.0513044E-03    1.9480531E-01   -1.9480531E-01
 3.8500    1.0288338E-03    1.9163575E-01   -1.9163575E-01
 3.8600    1.0070714E-03    1.8855791E-01   -1.8855791E-01
 3.8700    9.8630959E-04    1.8562867E-01   -1.8562867E-01
 3.8800    9.6667897E-04    1.8287553E-01   -1.8287553E-01
 3.8900    9.4807045E-04    1.8028088E-01   -1.8028088E-01
 3.9000    9.3019201E-04    1.7779178E-01   -1.7779178E-01
 3.9100    9.1271996E-04    1.7534804E-01   -1.7534804E-01
 3.9200    8.9543096E-04    1.7290761E-01   -1.7290761E-01
 3.9300    8.7823845E-04    1.7045408E-01   -1.7045408E-01
 3.9400    8.6115769E-04    1.6799060E-01   -1.6799060E-01
 3.9500    8.4427248E-04    1.6553380E-01   -1.6553380E-01
 3.9600    8.2772980E-04    1.6311309E-01   -1.6311309E-01
 3.9700    8.1172253E-04    1.6076758E-01   -1.6076758E-01
 3.9800    7.9642115E-04    1.5853268E-01   -1.5853268E-01
 3.9900    7.8187982E-04    1.5642122E-01   -1.5642122E-01
 4.0000    7.6798892E-04    1.5441333E-01   -1.5441333E-01
 4.0100    7.5451712E-04    1.5246414E-01   -1.5246414E-01
 4.0200    7.4121057E-04    1.5052325E-01   -1.5052325E-01
 4.0300    7.2787805E-04    1.4855203E-01   -1.4855203E-01
 4.0400    7.1442392E-04    1.4653069E-01   -1.4653069E-01
 4.0500    7.0084243E-04    1.4445757E-01   -1.4445757E-01
 4.0600    6.8719722E-04    1.4234536E-01   -1.4234536E-01
 4.0700    6.7358585E-04    1.4021408E-01   -1.4021408E-01
 4.0800    6.6008671E-04    1.3808013E-01   -1.3808013E-01
 4.0900    6.4671557E-04    1.3594705E-01   -1.3594705E-01
 4.1000    6.3343349E-04    1.3380693E-01   -1.3380693E-01
 4.1100    6.2021043E-04    1.3165355E-01   -1.3165355E-01
 4.1200    6.0709370E-04    1.2949709E-01   -1.2949709E-01
 4.1300    5.9422042E-04    1.2736718E-01   -1.2736718E-01
 4.1400    5.8176070E-04    1.2530111E-01   -1.2530111E-01
 4.1500    5.6983688E-04    1.2332656E-01   -1.2332656E-01
 4.1600    5.5848201E-04    1.2145229E-01   -1.2145229E-01
 4.1700    5.4766374E-04    1.1967294E-01   -1.1967294E-01
 4.1800    5.3733571E-04    1.1797993E-01   -1.1797993E-01
 4.1900    5.2744657E-04    1.1636339E-01   -1.1636339E-01
 4.2000    5.1788459E-04    1.1479988E-01   -1.1479988E-01
 4.2100    5.0842926E-04    1.1324123E-01   -1.1324123E-01
 4.2200    4.9880500E-04    1.1162605E-01   -1.1162605E-01
 4.2300    4.8883197E-04    1.0991329E-01   -1.0991329E-01
 4.2400    4.7854646E-04    1.0810996E-01   -1.0810996E-01
 4.2500    4.6817406E-04    1.0626618E-01   -1.0626618E-01
 4.2600    4.5797752E-04    1.0444153E-01   -1.0444153E-01
 4.2700    4.4811126E-04    1.0267187E-01   -1.0267187E-01
 4.2800    4.3858364E-04    1.0096011E-01   -1.0096011E-01
 4.2900    4.2932149E-04    9.9290358E-02   -9.9290358E-02
 4.3000    4.2026547E-04    9.7649602E-02   -9.7649602E-02
 4.3100    4.1143288E-04    9.6042488E-02   -9.6042488E-02
 4.3200    4.0292318E-04    9.4492993E-02   -9.4492993E-02
 4.3300    3.9487225E-04    9.3034124E-02   -9.3034124E-02
 4.3400    3.8737787E-04    9.1690456E-02   -9.1690456E-02
 4.3500    3.8042432E-04    9.0460013E-02   -9.0460013E-02
 4.3600    3.7384223E-04    8.9304059E-02   -8.9304059E-02
 4.3700    3.6734461E-04    8.8154890E-02   -8.8154890E-02
 4.3800    3.6064768E-04    8.6944322E-02   -8.6944322E-02
 4.3900    3.5361238E-04    8.5637970E-02   -8.5637970E-02
 4.4000    3.4630019E-04    8.4249618E-02   -8.4249618E-02
 4.4100    3.3889724E-04    8.2823785E-02   -8.2823785E-02
 4.4200    3.3157813E-04    8.1402976E-02   -8.1402976E-02
 4.4300    3.2442661E-04    8.0008067E-02   -8.0008067E-02
 4.4400    3.1745683E-04    7.8643074E-02   -7.8643074E-02
 4.4500    3.1067525E-04    7.7310155E-02   -7.7310155E-02
 4.4600    3.0410316E-04    7.6015213E-02   -7.6015213E-02
 4.4700    2.9774944E-04    7.4761132E-02   -7.4761132E-02
 4.4800    2.9158814E-04    7.3542052E-02   -7.3542052E-02
 4.4900    2.8558166E-04    7.2349055E-02   -7.2349055E-02
 4.5000    2.7972535E-04    7.1181431E-02   -7.1181431E-02
 4.5100    2.7405926E-04    7.0049887E-02   -7.0049887E-02
 4.5200    2.6863268E-04    6.8967674E-02   -6.8967674E-02
 4.5300    2.6346014E-04    6.7939318E-02   -6.7939318E-02
 4.5400    2.5851058E-04    6.6957601E-02   -6.6957601E-02
 4.5500    2.5372922E-04    6.6008998E-02   -6.6008998E-02
 4.5600    2.4906177E-04    6.5079861E-02   -6.5079861E-02
 4.5700    2.4446125E-04    6.4158217E-02   -6.4158217E-02
 4.5800    2.3988569E-04    6.3233201E-02   -6.3233201E-02
 4.5900    2.3530409E-04    6.2296654E-02   -6.2296654E-02
 4.6000    2.3071223E-04    6.1347398E-02   -6.1347398E-02
 4.6100    2.2614128E-04    6.0393691E-02   -6.0393691E-02
 4.6200    2.2164426E-04    5.9449787E-02   -5.9449787E-02
 4.6300    2.1726717E-04    5.8528306E-02   -5.8528306E-02
 4.6400    2.1302828E-04    5.7634574E-02   -5.7634574E-02
 4.6500    2.0891845E-04    5.6766558E-02   -5.6766558E-02
 4.6600    2.0491256E-04    5.5917827E-02   -5.5917827E-02
 4.6700    2.0097592E-04    5.5079203E-02   -5.5079203E-02
 4.6800    1.9706588E-04    5.4239167E-02   -5.4239167E-02
 4.6900    1.9314055E-04    5.3386200E-02   -5.3386200E-02
 4.7000    1.8917647E-04    5.2513709E-02   -5.2513709E-02
 4.7100    1.8518230E-04    5.1623940E-02   -5.1623940E-02
 4.7200    1.8119611E-04    5.0727416E-02   -5.0727416E-02
 4.7300    1.7726876E-04    4.9838431E-02   -4.9838431E-02
 4.7400    1.7344776E-04    4.8970580E-02   -4.8970580E-02
 4.7500    1.6977304E-04    4.8135535E-02   -4.8135535E-02
 4.7600    1.6627971E-04    4.7343792E-02   -4.7343792E-02
 4.7700    1.6299181E-04    4.6602843E-02   -4.6602843E-02
 4.7800    1.5990208E-04    4.5911318E-02   -4.5911318E-02
 4.7900    1.5695795E-04    4.5254754E-02   -4.5254754E-02
 4.8000    1.5407891E-04    4.4610340E-02   -4.4610340E-02
 4.8100    1.5120204E-04    4.3959998E-02   -4.3959998E-02
 4.8200    1.4832116E-04    4.3301909E-02   -4.3301909E-02
 4.8300    1.4548726E-04    4.2650986E-02   -4.2650986E-02
 4.8400    1.4277163E-04    4.2028366E-02   -4.2028366E-02
 4.8500    1.4022050E-04    4.1448121E-02   -4.1448121E-02
 4.8600    1.3782778E-04    4.0909028E-02   -4.0909028E-02
 4.8700    1.3553298E-04    4.0393619E-02   -4.0393619E-02
 4.8800    1.3323977E-04    3.9873411E-02   -3.9873411E-02
 4.8900    1.3085117E-04    3.9319248E-02   -3.9319248E-02
 4.9000    1.2831302E-04    3.8714421E-02   -3.8714421E-02
 4.9100    1.2564307E-04    3.8063734E-02   -3.8063734E-02
 4.9200    1.2292080E-04    3.7390859E-02   -3.7390859E-02
 4.9300    1.2024084E-04    3.6724485E-02   -3.6724485E-02
 4.9400    1.1766772E-04    3.6084534E-02   -3.6084534E-02
 4.9500    1.1522830E-04    3.5479657E-02   -3.5479657E-02
 4.9600    1.1293634E-04    3.4914589E-02   -3.4914589E-02
 4.9700    1.1080803E-04    3.4394887E-02   -3.4394887E-02
 4.9800    1.0884129E-04    3.3920500E-02   -3.3920500E-02
 4.9900    1.0697986E-04    3.3474415E-02   -3.3474415E-02
 5.0000    1.0511002E-04    3.3021286E-02   -3.3021286E-02
 5.0100    1.0311176E-04    3.2523217E-02   -3.2523217E-02
 5.0200    1.0093294E-04    3.1963197E-02   -3.1963197E-02
 5.0300    9.8629983E-05    3.1358465E-02   -3.1358465E-02
 5.0400    9.6344872E-05    3.0753854E-02   -3.0753854E-02
 5.0500    9.4234961E-05    3.0199842E-02   -3.0199842E-02
 5.0600    9.2396355E-05    2.9728003E-02   -2.9728003E-02
 5.0700    9.0815049E-05    2.9334832E-02   -2.9334832E-02
 5.0800    8.9364088E-05    2.8980129E-02   -2.8980129E-02
 5.0900    8.7852752E-05    2.8602290E-02   -2.8602290E-02
 5.1000    8.6117533E-05    2.8147628E-02   -2.8147628E-02
 5.1100    8.4118433E-05    2.7602145E-02   -2.7602145E-02
 5.1200    8.1983825E-05    2.7007101E-02   -2.7007101E-02
 5.1300    7.9962607E-05    2.6444267E-02   -2.6444267E-02
 5.1400    7.8299352E-05    2.5995266E-02   -2.5995266E-02
 5.1500    7.7105349E-05    2.5698562E-02   -2.5698562E-02
 5.1600    7.6302351E-05    2.5529787E-02   -2.5529787E-02
 5.1700    7.5663052E-05    2.5414104E-02   -2.5414104E-02
 5.1800    7.4913691E-05    2.5259839E-02   -2.5259839E-02
 5.1900    7.3843128E-05    2.4995088E-02   -2.4995088E-02
 5.2000    7.2374765E-05    2.4592559E-02   -2.4592559E-02
 5.2100    7.0578976E-05    2.4074688E-02   -2.4074688E-02
 5.2200    6.8626621E-05    2.3498681E-02   -2.3498681E-02
 5.2300    6.6708672E-05    2.2929550E-02   -2.2929550E-02
 5.2400    6.4962299E-05    2.2414746E-02   -2.2414746E-02
 5.2500    6.3436978E-05    2.1972069E-02   -2.1972069E-02
 5.2600    6.2107675E-05    2.1593678E-02   -2.1593678E-02
 5.2700    6.0914001E-05    2.1259264E-02   -2.1259264E-02
 5.2800    5.9794238E-05    2.0947734E-02   -2.0947734E-02
 5.2900    5.8697771E-05    2.0641574E-02   -2.0641574E-02
 5.3000    5.7583855E-05    2.0326488E-02   -2.0326488E-02
 5.3100    5.6424722E-05    1.9992557E-02   -1.9992557E-02
 5.3200    5.5217731E-05    1.9638652E-02   -1.9638652E-02
 5.3300    5.3992097E-05    1.9275004E-02   -1.9275004E-02
 5.3400    5.2795320E-05    1.8918548E-02   -1.8918548E-02
 5.3500    5.1665176E-05    1.8582979E-02   -1.8582979E-02
 5.3600    5.0610442E-05    1.8271726E-02   -1.8271726E-02
 5.3700    4.9615995E-05    1.7979605E-02   -1.7979605E-02
 5.3800    4.8663904E-05    1.7700330E-02   -1.7700330E-02
 5.3900    4.7748973E-05    1.7432169E-02   -1.7432169E-02
 5.4000    4.6877471E-05    1.7177563E-02   -1.7177563E-02
 5.4100    4.6056363E-05    1.6939244E-02   -1.6939244E-02
 5.4200    4.5285852E-05    1.6717486E-02   -1.6717486E-02
 5.4300    4.4558683E-05    1.6509802E-02   -1.6509802E-02
 5.4400    4.3861609E-05    1.6311437E-02   -1.6311437E-02
 5.4500    4.3177030E-05    1.6115940E-02   -1.6115940E-02
 5.4600    4.2487774E-05    1.5916923E-02   -1.5916923E-02
 5.4700    4.1785293E-05    1.5711150E-02   -1.5711150E-02
 5.4800    4.1075054E-05    1.5500622E-02   -1.5500622E-02
 5.4900    4.0373271E-05    1.5291444E-02   -1.5291444E-02
 5.5000    3.9697448E-05    1.5090299E-02   -1.5090299E-02
 5.5100    3.9059417E-05    1.4901803E-02   -1.4901803E-02
 5.5200    3.8466028E-05    1.4728732E-02   -1.4728732E-02
 5.5300    3.7923692E-05    1.4573731E-02   -1.4573731E-02
 5.5400    3.7438980E-05    1.4439541E-02   -1.4439541E-02
 5.5500    3.7012486E-05    1.4326631E-02   -1.4326631E-02
 5.5600    3.6630901E-05    1.4230070E-02   -1.4230070E-02
 5.5700    3.6264887E-05    1.4138606E-02   -1.4138606E-02
 5.5800    3.5876218E-05    1.4037343E-02   -1.4037343E-02
 5.5900    3.5431173E-05    1.3912943E-02   -1.3912943E-02
 5.6000    3.4912796E-05    1.3758483E-02   -1.3758483E-02
 5.6100    3.4324148E-05    1.3574860E-02   -1.3574860E-02
 5.6200    3.3679122E-05    1.3367286E-02   -1.3367286E-02
 5.6300    3.2986357E-05    1.3138960E-02   -1.3138960E-02
 5.6400    3.2239622E-05    1.2887183E-02   -1.2887183E-02
 5.6500    3.1425856E-05    1.2606481E-02   -1.2606481E-02
 5.6600    3.0548685E-05    1.2298021E-02   -1.2298021E-02
 5.6700    2.9650665E-05    1.1978720E-02   -1.1978720E-02
 5.6800    2.8814040E-05    1.1681825E-02   -1.1681825E-02
 5.6900    2.8132075E-05    1.1445537E-02   -1.1445537E-02
 5.7000    2.7665305E-05    1.1295229E-02   -1.1295229E-02
 5.7100    2.7413582E-05    1.1231761E-02   -1.1231761E-02
 5.7200    2.7327050E-05    1.1235559E-02   -1.1235559E-02
 5.7300    2.7345881E-05    1.1282648E-02   -1.1282648E-02
 5.7400    2.7429005E-05    1.1356479E-02   -1.1356479E-02
 5.7500    2.7541016E-05    1.1442621E-02   -1.1442621E-02
 5.7600    2.7612456E-05    1.1512241E-02   -1.1512241E-02
 5.7700    2.7526572E-05    1.1516317E-02   -1.1516317E-02
 5.7800    2.7169865E-05    1.1406516E-02   -1.1406516E-02
 5.7900    2.6520354E-05    1.1172396E-02   -1.1172396E-02
 5.8000    2.5697920E-05    1.0863351E-02   -1.0863351E-02
 5.8100    2.4921953E-05    1.0571685E-02   -1.0571685E-02
 5.8200    2.4397946E-05    1.0385062E-02   -1.0385062E-02
 5.8300    2.4211670E-05    1.0341218E-02   -1.0341218E-02
 5.8400    2.4296251E-05    1.0412975E-02   -1.0412975E-02
 5.8500    2.4479038E-05    1.0527275E-02   -1.0527275E-02
 5.8600    2.4569014E-05    1.0602123E-02   -1.0602123E-02
 5.8700    2.4435927E-05    1.0580712E-02   -1.0580712E-02
 5.8800    2.4047857E-05    1.0448186E-02   -1.0448186E-02
 5.8900    2.3461223E-05    1.0228009E-02   -1.0228009E-02
 5.9000    2.2783429E-05    9.9662774E-03   -9.9662774E-03
 5.9100    2.2133180E-05    9.7146832E-03   -9.7146832E-03
 5.9200    2.1605256E-05    9.5150853E-03   -9.5150853E-03
 5.9300    2.1235372E-05    9.3838082E-03   -9.3838082E-03
 5.9400    2.0977196E-05    9.3010116E-03   -9.3010116E-03
 5.9500    2.0719290E-05    9.2176171E-03   -9.2176171E-03
 5.9600    2.0347333E-05    9.0825934E-03   -9.0825934E-03
 5.9700    1.9812061E-05    8.8733615E-03   -8.8733615E-03
 5.9800    1.9151401E-05    8.6062269E-03   -8.6062269E-03
 5.9900    1.8455946E-05    8.3214656E-03   -8.3214656E-03
 6.0000    1.7815423E-05    8.0595076E-03   -8.0595076E-03
 6.0100    1.7288863E-05    7.8473901E-03   -7.8473901E-03
 6.0200    1.6906663E-05    7.6994684E-03   -7.6994684E-03
 6.0300    1.6683755E-05    7.6232171E-03   -7.6232171E-03
 6.0400    1.6625851E-05    7.6219770E-03   -7.6219770E-03
 6.0500    1.6729764E-05    7.6950321E-03   -7.6950321E-03
 6.0600    1.6985698E-05    7.8386003E-03   -7.8386003E-03
 6.0700    1.7377505E-05    8.0459007E-03   -8.0459007E-03
 6.0800    1.7866620E-05    8.2996432E-03   -8.2996432E-03
 6.0900    1.8360698E-05    8.5572384E-03   -8.5572384E-03
 6.1000    1.8700771E-05    8.7443807E-03   -8.7443807E-03
 6.1100    1.8706081E-05    8.7755654E-03   -8.7755654E-03
 6.1200    1.8266275E-05    8.5973122E-03   -8.5973122E-03
 6.1300    1.7411628E-05    8.2218620E-03   -8.2218620E-03
 6.1400    1.6298767E-05    7.7214944E-03   -7.7214944E-03
 6.1500    1.5124887E-05    7.1887311E-03   -7.1887311E-03
 6.1600    1.4043640E-05    6.6965478E-03   -6.6965478E-03
 6.1700    1.3136751E-05    6.2844627E-03   -6.2844627E-03
 6.1800    1.2431090E-05    5.9661756E-03   -5.9661756E-03
 6.1900    1.1919817E-05    5.7393242E-03   -5.7393242E-03
 6.2000    1.1570385E-05    5.5890895E-03   -5.5890895E-03
 6.2100    1.1334272E-05    5.4927102E-03   -5.4927102E-03
 6.2200    1.1169664E-05    5.4303866E-03   -5.4303866E-03
 6.2300    1.1061922E-05    5.3953120E-03   -5.3953120E-03
 6.2400    1.1019136E-05    5.3917106E-03   -5.3917106E-03
 6.2500    1.1043817E-05    5.4211211E-03   -5.4211211E-03
 6.2600    1.1107774E-05    5.4699778E-03   -5.4699778E-03
 6.2700    1.1155101E-05    5.5108482E-03   -5.5108482E-03
 6.2800    1.1131284E-05    5.5166371E-03   -5.5166371E-03
 6.2900    1.1013130E-05    5.4754765E-03   -5.4754765E-03
 6.3000    1.0815972E-05    5.3945660E-03   -5.3945660E-03
 6.3100    1.0576782E-05    5.2920279E-03   -5.2920279E-03
 6.3200    1.0331877E-05    5.1858893E-03   -5.1858893E-03
 6.3300    1.0107373E-05    5.0892712E-03   -5.0892712E-03
 6.3400    9.9229015E-06    5.0121846E-03   -5.0121846E-03
 6.3500    9.7953061E-06    4.9633549E-03   -4.9633549E-03
 6.3600    9.7329781E-06    4.9473181E-03   -4.9473181E-03
 6.3700    9.7246781E-06    4.9586558E-03   -4.9586558E-03
 6.3800    9.7330848E-06    4.9785369E-03   -4.9785369E-03
 6.3900    9.6997201E-06    4.9770360E-03   -4.9770360E-03
 6.4000    9.5618057E-06    4.9216387E-03   -4.9216387E-03
 6.4100    9.2763215E-06    4.7896272E-03   -4.7896272E-03
 6.4200    8.8410701E-06    4.5791488E-03   -4.5791488E-03
 6.4300    8.3007261E-06    4.3126866E-03   -4.3126866E-03
 6.4400    7.7332276E-06    4.0303466E-03   -4.0303466E-03
 6.4500    7.2242138E-06    3.7767643E-03   -3.7767643E-03
 6.4600    6.8427230E-06    3.5884249E-03   -3.5884249E-03
 6.4700    6.6259051E-06    3.4854883E-03   -3.4854883E-03
 6.4800    6.5726471E-06    3.4681685E-03   -3.4681685E-03
 6.4900    6.6446241E-06    3.5169782E-03   -3.5169782E-03
 6.5000    6.7762562E-06    3.5977120E-03   -3.5977120E-03
 6.5100    6.8940272E-06    3.6715110E-03   -3.6715110E-03
 6.5200    6.9389415E-06    3.7067926E-03   -3.7067926E-03
 6.5300    6.8816444E-06    3.6874696E-03   -3.6874696E-03
 6.5400    6.7245093E-06    3.6143146E-03   -3.6143146E-03
 6.5500    6.4940522E-06    3.5011300E-03   -3.5011300E-03
 6.5600    6.2303430E-06    3.3692210E-03   -3.3692210E-03
 6.5700    5.9762140E-06    3.2416546E-03   -3.2416546E-03
 6.5800    5.7661183E-06    3.1372216E-03   -3.1372216E-03
 6.5900    5.6170092E-06    3.0653906E-03   -3.0653906E-03
 6.6000    5.5260393E-06    3.0249048E-03   -3.0249048E-03
 6.6100    5.4764232E-06    3.0068363E-03   -3.0068363E-03
 6.6200    5.4469777E-06    2.9997250E-03   -2.9997250E-03
 6.6300    5.4198090E-06    2.9937870E-03   -2.9937870E-03
 6.6400    5.3844458E-06    2.9832320E-03   -2.9832320E-03
 6.6500    5.3396209E-06    2.9673145E-03   -2.9673145E-03
 6.6600    5.2931771E-06    2.9503582E-03   -2.9503582E-03
 6.6700    5.2590474E-06    2.9401441E-03   -2.9401441E-03
 6.6800    5.2508174E-06    2.9443518E-03   -2.9443518E-03
 6.6900    5.2736214E-06    2.9659993E-03   -2.9659993E-03
 6.7000    5.3181471E-06    2.9999900E-03   -2.9999900E-03
 6.7100    5.3608333E-06    3.0331034E-03   -3.0331034E-03
 6.7200    5.3719426E-06    3.0484549E-03   -3.0484549E-03
 6.7300    5.3284403E-06    3.0327743E-03   -3.0327743E-03
 6.7400    5.2245923E-06    2.9825111E-03   -2.9825111E-03
 6.7500    5.0738144E-06    2.9050391E-03   -2.9050391E-03
 6.7600    4.9010419E-06    2.8144379E-03   -2.8144379E-03
 6.7700    4.7312778E-06    2.7249946E-03   -2.7249946E-03
 6.7800    4.5815710E-06    2.6465718E-03   -2.6465718E-03
 6.7900    4.4595942E-06    2.5837159E-03   -2.5837159E-03
 6.8000    4.3665564E-06    2.5372705E-03   -2.5372705E-03
 6.8100    4.3001879E-06    2.5060603E-03   -2.5060603E-03
 6.8200    4.2556145E-06    2.4873729E-03   -2.4873729E-03
 6.8300    4.2250653E-06    2.4767644E-03   -2.4767644E-03
 6.8400    4.1985127E-06    2.4684114E-03   -2.4684114E-03
 6.8500    4.1660493E-06    2.4564923E-03   -2.4564923E-03
 6.8600    4.1208731E-06    2.4369540E-03   -2.4369540E-03
 6.8700    4.0612582E-06    2.4087068E-03   -2.4087068E-03
 6.8800    3.9909682E-06    2.3739142E-03   -2.3739142E-03
 6.8900    3.9183840E-06    2.3375198E-03   -2.3375198E-03
 6.9000    3.8541012E-06    2.3058506E-03   -2.3058506E-03
 6.9100    3.8066876E-06    2.2840899E-03   -2.2840899E-03
 6.9200    3.7783855E-06    2.2736747E-03   -2.2736747E-03
 6.9300    3.7644505E-06    2.2718410E-03   -2.2718410E-03
 6.9400    3.7574292E-06    2.2741527E-03   -2.2741527E-03
 6.9500    3.7522157E-06    2.2775466E-03   -2.2775466E-03
 6.9600    3.7461026E-06    2.2803841E-03   -2.2803841E-03
 6.9700    3.7337781E-06    2.2794177E-03   -2.2794177E-03
 6.9800    3.7040124E-06    2.2677394E-03   -2.2677394E-03
 6.9900    3.6436739E-06    2.2371944E-03   -2.2371944E-03
 7.0000    3.5462830E-06    2.1836314E-03   -2.1836314E-03
 7.0100    3.4168367E-06    2.1099401E-03   -2.1099401E-03
 7.0200    3.2688343E-06    2.0243099E-03   -2.0243099E-03
 7.0300    3.1177549E-06    1.9362547E-03   -1.9362547E-03
 7.0400    2.9775535E-06    1.8544484E-03   -1.8544484E-03
 7.0500    2.8613555E-06    1.7871455E-03   -1.7871455E-03
 7.0600    2.7819533E-06    1.7424852E-03   -1.7424852E-03
 7.0700    2.7482534E-06    1.7262570E-03   -1.7262570E-03
 7.0800    2.7590156E-06    1.7379230E-03   -1.7379230E-03
 7.0900    2.7992565E-06    1.7682555E-03   -1.7682555E-03
 7.1000    2.8438078E-06    1.8014691E-03   -1.8014691E-03
 7.1100    2.8674246E-06    1.8215499E-03   -1.8215499E-03
 7.1200    2.8555455E-06    1.8191099E-03   -1.8191099E-03
 7.1300    2.8088620E-06    1.7944003E-03   -1.7944003E-03
 7.1400    2.7394614E-06    1.7549772E-03   -1.7549772E-03
 7.1500    2.6624471E-06    1.7104207E-03   -1.7104207E-03
 7.1600    2.5890550E-06    1.6679276E-03   -1.6679276E-03
 7.1700    2.5243538E-06    1.6307914E-03   -1.6307914E-03
 7.1800    2.4686591E-06    1.5992629E-03   -1.5992629E-03
 7.1900    2.4203028E-06    1.5723070E-03   -1.5723070E-03
 7.2000    2.3779537E-06    1.5490957E-03   -1.5490957E-03
 7.2100    2.3414859E-06    1.5295791E-03   -1.5295791E-03
 7.2200    2.3112506E-06    1.5140189E-03   -1.5140189E-03
 7.2300    2.2867041E-06    1.5020917E-03   -1.5020917E-03
 7.2400    2.2657915E-06    1.4924745E-03   -1.4924745E-03
 7.2500    2.2456134E-06    1.4832723E-03   -1.4832723E-03
 7.2600    2.2237047E-06    1.4728557E-03   -1.4728557E-03
 7.2700    2.1989824E-06    1.4604963E-03   -1.4604963E-03
 7.2800    2.1720133E-06    1.4465555E-03   -1.4465555E-03
 7.2900    2.1447049E-06    1.4322949E-03   -1.4322949E-03
 7.3000    2.1194989E-06    1.4193476E-03   -1.4193476E-03
 7.3100    2.0981158E-06    1.4088802E-03   -1.4088802E-03
 7.3200    2.0802617E-06    1.4007157E-03   -1.4007157E-03
 7.3300    2.0630968E-06    1.3929561E-03   -1.3929561E-03
 7.3400    2.0420838E-06    1.3825331E-03   -1.3825331E-03
 7.3500    2.0130620E-06    1.3666009E-03   -1.3666009E-03
 7.3600    1.9745946E-06    1.3441367E-03   -1.3441367E-03
 7.3700    1.9293357E-06    1.3168995E-03   -1.3168995E-03
 7.3800    1.8834873E-06    1.2890961E-03   -1.2890961E-03
 7.3900    1.8442850E-06    1.2656883E-03   -1.2656883E-03
 7.4000    1.8166304E-06    1.2500860E-03   -1.2500860E-03
 7.4100    1.8008160E-06    1.2425550E-03   -1.2425550E-03
 7.4200    1.7928509E-06    1.2404002E-03   -1.2404002E-03
 7.4300    1.7871453E-06    1.2397878E-03   -1.2397878E-03
 7.4400    1.7796076E-06    1.2378841E-03   -1.2378841E-03
 7.4500    1.7690916E-06    1.2338794E-03   -1.2338794E-03
 7.4600    1.7566456E-06    1.2284902E-03   -1.2284902E-03
 7.4700    1.7436950E-06    1.2227047E-03   -1.2227047E-03
 7.4800    1.7307583E-06    1.2168848E-03   -1.2168848E-03
 7.4900    1.7174461E-06    1.2107560E-03   -1.2107560E-03
 7.5000    1.7032824E-06    1.2039794E-03   -1.2039794E-03
 7.5100    1.6883907E-06    1.1966377E-03   -1.1966377E-03
 7.5200    1.6735334E-06    1.1892685E-03   -1.1892685E-03
 7.5300    1.6596559E-06    1.1825455E-03   -1.1825455E-03
 7.5400    1.6472373E-06    1.1768164E-03   -1.1768164E-03
 7.5500    1.6356521E-06    1.1716414E-03   -1.1716414E-03
 7.5600    1.6229821E-06    1.1656473E-03   -1.1656473E-03
 7.5700    1.6069027E-06    1.1571541E-03   -1.1571541E-03
 7.5800    1.5864822E-06    1.1454693E-03   -1.1454693E-03
 7.5900    1.5634652E-06    1.1318311E-03   -1.1318311E-03
 7.6000    1.5415826E-06    1.1189324E-03   -1.1189324E-03
 7.6100    1.5241031E-06    1.1091583E-03   -1.1091583E-03
 7.6200    1.5115326E-06    1.1029030E-03   -1.1029030E-03
 7.6300    1.5013234E-06    1.0983309E-03   -1.0983309E-03
 7.6400    1.4898061E-06    1.0927639E-03   -1.0927639E-03
 7.6500    1.4748072E-06    1.0845959E-03   -1.0845959E-03
 7.6600    1.4569573E-06    1.0742720E-03   -1.0742720E-03
 7.6700    1.4388648E-06    1.0637035E-03   -1.0637035E-03
 7.6800    1.4231119E-06    1.0548030E-03   -1.0548030E-03
 7.6900    1.4108087E-06    1.0484088E-03   -1.0484088E-03
 7.7000    1.4015753E-06    1.0442578E-03   -1.0442578E-03
 7.7100    1.3943878E-06    1.0416029E-03   -1.0416029E-03
 7.7200    1.3882139E-06    1.0396828E-03   -1.0396828E-03
 7.7300    1.3820435E-06    1.0377448E-03   -1.0377448E-03
 7.7400    1.3747792E-06    1.0349628E-03   -1.0349628E-03
 7.7500    1.3655034E-06    1.0306378E-03   -1.0306378E-03
 7.7600    1.3539832E-06    1.0245817E-03   -1.0245817E-03
 7.7700    1.3408205E-06    1.0172379E-03   -1.0172379E-03
 7.7800    1.3269417E-06    1.0093014E-03   -1.0093014E-03
 7.7900    1.3128119E-06    1.0011227E-03   -1.0011227E-03
 7.8000    1.2981112E-06    9.9245530E-04   -9.9245530E-04
 7.8100    1.2822615E-06    9.8285290E-04   -9.8285290E-04
 7.8200    1.2654316E-06    9.7243830E-04   -9.7243830E-04
 7.8300    1.2491272E-06    9.6236552E-04   -9.6236552E-04
 7.8400    1.2357058E-06    9.5445852E-04   -9.5445852E-04
 7.8500    1.2270194E-06    9.5016848E-04   -9.5016848E-04
 7.8600    1.2231406E-06    9.4957954E-04   -9.4957954E-04
 7.8700    1.2220712E-06    9.5116492E-04   -9.5116492E-04
 7.8800    1.2205501E-06    9.5239679E-04   -9.5239679E-04
 7.8900    1.2153596E-06    9.5075508E-04   -9.5075508E-04
 7.9000    1.2044593E-06    9.4461793E-04   -9.4461793E-04
 7.9100    1.1876224E-06    9.3377282E-04   -9.3377282E-04
 7.9200    1.1664662E-06    9.1945904E-04   -9.1945904E-04
 7.9300    1.1438766E-06    9.0393125E-04   -9.0393125E-04
 7.9400    1.1230699E-06    8.8972878E-04   -8.8972878E-04
 7.9500    1.1067476E-06    8.7900779E-04   -8.7900779E-04
 7.9600    1.0965964E-06    8.7313788E-04   -8.7313788E-04
 7.9700    1.0929906E-06    8.7245483E-04   -8.7245483E-04
 7.9800    1.0947984E-06    8.7609216E-04   -8.7609216E-04
 7.9900    1.0996083E-06    8.8214792E-04   -8.8214792E-04
 8.0000    1.1046552E-06    8.8841643E-04   -8.8841643E-04
 8.0100    1.1079730E-06    8.9331383E-04   -8.9331383E-04
 8.0200    1.1088383E-06    8.9624514E-04   -8.9624514E-04
 8.0300    1.1072519E-06    8.9719610E-04   -8.9719610E-04
 8.0400    1.1032442E-06    8.9617661E-04   -8.9617661E-04
 8.0500    1.0967882E-06    8.9315001E-04   -8.9315001E-04
 8.0600    1.0881331E-06    8.8830475E-04   -8.8830475E-04
 8.0700    1.0778566E-06    8.8210018E-04   -8.8210018E-04
 8.0800    1.0664524E-06    8.7493148E-04   -8.7493148E-04
 8.0900    1.0539127E-06    8.6678535E-04   -8.6678535E-04
 8.1000    1.0397350E-06    8.5724024E-04   -8.5724024E-04
 8.1100    1.0233745E-06    8.4583599E-04   -8.4583599E-04
 8.1200    1.0049398E-06    8.3264902E-04   -8.3264902E-04
 8.1300    9.8582983E-07    8.1882842E-04   -8.1882842E-04
 8.1400    9.6884568E-07    8.0670228E-04   -8.0670228E-04
 8.1500    9.5733703E-07    7.9907941E-04   -7.9907941E-04
 8.1600    9.5354981E-07    7.9787263E-04   -7.9787263E-04
 8.1700    9.5716200E-07    8.0285927E-04   -8.0285927E-04
 8.1800    9.6508554E-07    8.1148833E-04   -8.1148833E-04
 8.1900    9.7269708E-07    8.1988941E-04   -8.1988941E-04
 8.2000    9.7564393E-07    8.2438279E-04   -8.2438279E-04
 8.2100    9.7122767E-07    8.2265403E-04   -8.2265403E-04
 8.2200    9.5894651E-07    8.1423147E-04   -8.1423147E-04
 8.2300    9.4027496E-07    8.0032135E-04   -8.0032135E-04
 8.2400    9.1790468E-07    7.8318051E-04   -7.8318051E-04
 8.2500    8.9477141E-07    7.6529673E-04   -7.6529673E-04
 8.2600    8.7332205E-07    7.4876301E-04   -7.4876301E-04
 8.2700    8.5535750E-07    7.3513745E-04   -7.3513745E-04
 8.2800    8.4237333E-07    7.2573012E-04   -7.2573012E-04
 8.2900    8.3593185E-07    7.2192120E-04   -7.2192120E-04
 8.3000    8.3753148E-07    7.2504871E-04   -7.2504871E-04
 8.3100    8.4774716E-07    7.3566189E-04   -7.3566189E-04
 8.3200    8.6494542E-07    7.5239382E-04   -7.5239382E-04
 8.3300    8.8435925E-07    7.7113176E-04   -7.7113176E-04
 8.3400    8.9847213E-07    7.8531985E-04   -7.8531985E-04
 8.3500    8.9926246E-07    7.8789669E-04   -7.8789669E-04
 8.3600    8.8174058E-07    7.7439626E-04   -7.7439626E-04
 8.3700    8.4683452E-07    7.4552005E-04   -7.4552005E-04
 8.3800    8.0141734E-07    7.0722342E-04   -7.0722342E-04
 8.3900    7.5504523E-07    6.6789279E-04   -6.6789279E-04
 8.4000    7.1552417E-07    6.3444320E-04   -6.3444320E-04
 8.4100    6.8623685E-07    6.0992424E-04   -6.0992424E-04
 8.4200    6.6650632E-07    5.9379744E-04   -5.9379744E-04
 8.4300    6.5397756E-07    5.8402019E-04   -5.8402019E-04
 8.4400    6.4698960E-07    5.7915133E-04   -5.7915133E-04
 8.4500    6.4538302E-07    5.7908300E-04   -5.7908300E-04
 8.4600    6.4941577E-07    5.8408146E-04   -5.8408146E-04
 8.4700    6.5786194E-07    5.9307750E-04   -5.9307750E-04
 8.4800    6.6717850E-07    6.0289768E-04   -6.0289768E-04
 8.4900    6.7289165E-07    6.0949533E-04   -6.0949533E-04
 8.5000    6.7229111E-07    6.1038673E-04   -6.1038673E-04
 8.5100    6.6606573E-07    6.0615832E-04   -6.0615832E-04
 8.5200    6.5737028E-07    5.9965177E-04   -5.9965177E-04
 8.5300    6.4919377E-07    5.9358411E-04   -5.9358411E-04
 8.5400    6.4228879E-07    5.8864837E-04   -5.8864837E-04
 8.5500    6.3510402E-07    5.8342758E-04   -5.8342758E-04
 8.5600    6.2538328E-07    5.7584243E-04   -5.7584243E-04
 8.5700    6.1209057E-07    5.6492032E-04   -5.6492032E-04
 8.5800    5.9641667E-07    5.5173967E-04   -5.5173967E-04
 8.5900    5.8126675E-07    5.3897879E-04   -5.3897879E-04
 8.6000    5.6955930E-07    5.2935341E-04   -5.2935341E-04
 8.6100    5.6259313E-07    5.2409570E-04   -5.2409570E-04
 8.6200    5.5980109E-07    5.2270678E-04   -5.2270678E-04
 8.6300    5.5996640E-07    5.2407497E-04   -5.2407497E-04
 8.6400    5.6253574E-07    5.2770045E-04   -5.2770045E-04
 8.6500    5.6765760E-07    5.3373851E-04   -5.3373851E-04
 8.6600    5.7506747E-07    5.4195652E-04   -5.4195652E-04
 8.6700    5.8321269E-07    5.5090286E-04   -5.5090286E-04
 8.6800    5.8964356E-07    5.5826304E-04   -5.5826304E-04
 8.6900    5.9224192E-07    5.6201584E-04   -5.6201584E-04
 8.7000    5.9005748E-07    5.6123234E-04   -5.6123234E-04
 8.7100    5.8318948E-07    5.5597576E-04   -5.5597576E-04
 8.7200    5.7228992E-07    5.4683831E-04   -5.4683831E-04
 8.7300    5.5841846E-07    5.3480827E-04   -5.3480827E-04
 8.7400    5.4312340E-07    5.2135224E-04   -5.2135224E-04
 8.7500    5.2812689E-07    5.0811762E-04   -5.0811762E-04
 8.7600    5.1460212E-07    4.9623758E-04   -4.9623758E-04
 8.7700    5.0274243E-07    4.8590861E-04   -4.8590861E-04
 8.7800    4.9202768E-07    4.7663774E-04   -4.7663774E-04
 8.7900    4.8182716E-07    4.6782012E-04   -4.6782012E-04
