# total charge: 4.000000 
# r(A)     rho (e/A^3)     4*pi*r^2*rho(e/A)  dip  
 0.0000   -1.6381378E-01   -0.0000000E+00    3.1915382E+01
 0.0100   -1.6283349E-01   -2.0462260E-04    3.1756408E+01
 0.0200   -1.6159533E-01   -8.1226671E-04    3.1284228E+01
 0.0300   -1.6004773E-01   -1.8100972E-03    3.0512835E+01
 0.0400   -1.5813615E-01   -3.1795160E-03    2.9464791E+01
 0.0500   -1.5580105E-01   -4.8946344E-03    2.8170121E+01
 0.0600   -1.5297674E-01   -6.9205048E-03    2.6664889E+01
 0.0700   -1.4959694E-01   -9.2114638E-03    2.4989526E+01
 0.0800   -1.4560818E-01   -1.1710504E-02    2.3187035E+01
 0.0900   -1.4098339E-01   -1.4350361E-02    2.1301170E+01
 0.1000   -1.3572599E-01   -1.7055831E-02    1.9374714E+01
 0.1100   -1.2986237E-01   -1.9745974E-02    1.7447920E+01
 0.1200   -1.2342897E-01   -2.2335180E-02    1.5557220E+01
 0.1300   -1.1646173E-01   -2.4733171E-02    1.3734221E+01
 0.1400   -1.0899136E-01   -2.6844665E-02    1.2005042E+01
 0.1500   -1.0104381E-01   -2.8569463E-02    1.0389977E+01
 0.1600   -9.2643210E-02   -2.9803236E-02    8.9034700E+00
 0.1700   -8.3814599E-02   -3.0438790E-02    7.5543650E+00
 0.1800   -7.4584635E-02   -3.0367164E-02    6.3463798E+00
 0.1900   -6.4980197E-02   -2.9478005E-02    5.2787432E+00
 0.2000   -5.5026330E-02   -2.7659251E-02    4.3469366E+00
 0.2100   -4.4745436E-02   -2.4796889E-02    3.5434846E+00
 0.2200   -3.4158393E-02   -2.0775556E-02    2.8587430E+00
 0.2300   -2.3286642E-02   -1.5480052E-02    2.2816431E+00
 0.2400   -1.2153722E-02   -8.7971432E-03    1.8003596E+00
 0.2500   -7.8554878E-04   -6.1696857E-04    1.4028810E+00
 0.2600    1.0790239E-02    9.1661641E-03    1.0774714E+00
 0.2700    2.2545216E-02    2.0653412E-02    8.1302137E-01
 0.2800    3.4450963E-02    3.3941208E-02    5.9929492E-01
 0.2900    4.6479543E-02    4.9121058E-02    4.2708154E-01
 0.3000    5.8603636E-02    6.6279150E-02    2.8826872E-01
 0.3100    7.0796369E-02    8.5495692E-02    1.7584983E-01
 0.3200    8.3031052E-02    1.0684405E-01    8.3883002E-02
 0.3300    9.5280998E-02    1.3038993E-01    7.4155885E-03
 0.3400    1.0751954E-01    1.5619067E-01   -5.7613138E-02
 0.3500    1.1972021E-01    1.8429494E-01   -1.1448033E-01
 0.3600    1.3185699E-01    2.1474252E-01   -1.6579036E-01
 0.3700    1.4390454E-01    2.4756418E-01   -2.1358176E-01
 0.3800    1.5583823E-01    2.8278155E-01   -2.5942580E-01
 0.3900    1.6763416E-01    3.2040671E-01   -3.0451428E-01
 0.4000    1.7926898E-01    3.6044168E-01   -3.4973526E-01
 0.4100    1.9071990E-01    4.0287803E-01   -3.9573709E-01
 0.4200    2.0196474E-01    4.4769682E-01   -4.4298137E-01
 0.4300    2.1298224E-01    4.9486891E-01   -4.9178610E-01
 0.4400    2.2375220E-01    5.4435541E-01   -5.4236001E-01
 0.4500    2.3425565E-01    5.9610801E-01   -5.9482931E-01
 0.4600    2.4447479E-01    6.5006922E-01   -6.4925795E-01
 0.4700    2.5439296E-01    7.0617229E-01   -7.0566270E-01
 0.4800    2.6399452E-01    7.6434116E-01   -7.6402426E-01
 0.4900    2.7326471E-01    8.2449035E-01   -8.2429523E-01
 0.5000    2.8218971E-01    8.8652512E-01   -8.8640619E-01
 0.5100    2.9075673E-01    9.5034216E-01   -9.5027038E-01
 0.5200    2.9895427E-01    1.0158306E+00   -1.0157877E+00
 0.5300    3.0677217E-01    1.0828731E+00   -1.0828477E+00
 0.5400    3.1420162E-01    1.1513459E+00   -1.1513310E+00
 0.5500    3.2123485E-01    1.2211188E+00   -1.2211101E+00
 0.5600    3.2786506E-01    1.2920552E+00   -1.2920502E+00
 0.5700    3.3408642E-01    1.3640126E+00   -1.3640098E+00
 0.5800    3.3989418E-01    1.4368439E+00   -1.4368423E+00
 0.5900    3.4528477E-01    1.5103977E+00   -1.5103968E+00
 0.6000    3.5025580E-01    1.5845199E+00   -1.5845194E+00
 0.6100    3.5480590E-01    1.6590534E+00   -1.6590531E+00
 0.6200    3.5893463E-01    1.7338384E+00   -1.7338382E+00
 0.6300    3.6264251E-01    1.8087131E+00   -1.8087130E+00
 0.6400    3.6593099E-01    1.8835147E+00   -1.8835146E+00
 0.6500    3.6880254E-01    1.9580802E+00   -1.9580802E+00
 0.6600    3.7126055E-01    2.0322472E+00   -2.0322472E+00
 0.6700    3.7330935E-01    2.1058544E+00   -2.1058544E+00
 0.6800    3.7495406E-01    2.1787417E+00   -2.1787417E+00
 0.6900    3.7620060E-01    2.2507514E+00   -2.2507514E+00
 0.7000    3.7705570E-01    2.3217286E+00   -2.3217286E+00
 0.7100    3.7752682E-01    2.3915219E+00   -2.3915219E+00
 0.7200    3.7762217E-01    2.4599843E+00   -2.4599843E+00
 0.7300    3.7735069E-01    2.5269737E+00   -2.5269737E+00
 0.7400    3.7672194E-01    2.5923535E+00   -2.5923535E+00
 0.7500    3.7574611E-01    2.6559927E+00   -2.6559927E+00
 0.7600    3.7443389E-01    2.7177669E+00   -2.7177669E+00
 0.7700    3.7279653E-01    2.7775582E+00   -2.7775582E+00
 0.7800    3.7084572E-01    2.8352564E+00   -2.8352564E+00
 0.7900    3.6859363E-01    2.8907589E+00   -2.8907589E+00
 0.8000    3.6605282E-01    2.9439715E+00   -2.9439715E+00
 0.8100    3.6323627E-01    2.9948089E+00   -2.9948089E+00
 0.8200    3.6015737E-01    3.0431957E+00   -3.0431957E+00
 0.8300    3.5682988E-01    3.0890665E+00   -3.0890665E+00
 0.8400    3.5326786E-01    3.1323665E+00   -3.1323665E+00
 0.8500    3.4948561E-01    3.1730508E+00   -3.1730508E+00
 0.8600    3.4549766E-01    3.2110855E+00   -3.2110855E+00
 0.8700    3.4131872E-01    3.2464482E+00   -3.2464482E+00
 0.8800    3.3696375E-01    3.2791281E+00   -3.2791281E+00
 0.8900    3.3244785E-01    3.3091268E+00   -3.3091268E+00
 0.9000    3.2778621E-01    3.3364572E+00   -3.3364572E+00
 0.9100    3.2299401E-01    3.3611440E+00   -3.3611440E+00
 0.9200    3.1808638E-01    3.3832228E+00   -3.3832228E+00
 0.9300    3.1307838E-01    3.4027406E+00   -3.4027406E+00
 0.9400    3.0798496E-01    3.4197556E+00   -3.4197556E+00
 0.9500    3.0282082E-01    3.4343362E+00   -3.4343362E+00
 0.9600    2.9760033E-01    3.4465591E+00   -3.4465591E+00
 0.9700    2.9233717E-01    3.4565065E+00   -3.4565065E+00
 0.9800    2.8704414E-01    3.4642617E+00   -3.4642617E+00
 0.9900    2.8173275E-01    3.4699050E+00   -3.4699050E+00
 1.0000    2.7641309E-01    3.4735093E+00   -3.4735093E+00
 1.0100    2.7109374E-01    3.4751384E+00   -3.4751384E+00
 1.0200    2.6578193E-01    3.4748468E+00   -3.4748468E+00
 1.0300    2.6048376E-01    3.4726816E+00   -3.4726816E+00
 1.0400    2.5520456E-01    3.4686859E+00   -3.4686859E+00
 1.0500    2.4994914E-01    3.4629013E+00   -3.4629013E+00
 1.0600    2.4472199E-01    3.4553703E+00   -3.4553703E+00
 1.0700    2.3952739E-01    3.4461375E+00   -3.4461375E+00
 1.0800    2.3436945E-01    3.4352503E+00   -3.4352503E+00
 1.0900    2.2925216E-01    3.4227588E+00   -3.4227588E+00
 1.1000    2.2417933E-01    3.4087158E+00   -3.4087158E+00
 1.1100    2.1915462E-01    3.3931765E+00   -3.3931765E+00
 1.1200    2.1418151E-01    3.3761978E+00   -3.3761978E+00
 1.1300    2.0926330E-01    3.3578386E+00   -3.3578386E+00
 1.1400    2.0440308E-01    3.3381589E+00   -3.3381589E+00
 1.1500    1.9960377E-01    3.3172200E+00   -3.3172200E+00
 1.1600    1.9486807E-01    3.2950842E+00   -3.2950842E+00
 1.1700    1.9019849E-01    3.2718143E+00   -3.2718143E+00
 1.1800    1.8559734E-01    3.2474736E+00   -3.2474736E+00
 1.1900    1.8106671E-01    3.2221250E+00   -3.2221250E+00
 1.2000    1.7660845E-01    3.1958311E+00   -3.1958311E+00
 1.2100    1.7222420E-01    3.1686537E+00   -3.1686537E+00
 1.2200    1.6791538E-01    3.1406534E+00   -3.1406534E+00
 1.2300    1.6368320E-01    3.1118898E+00   -3.1118898E+00
 1.2400    1.5952866E-01    3.0824210E+00   -3.0824210E+00
 1.2500    1.5545253E-01    3.0523033E+00   -3.0523033E+00
 1.2600    1.5145539E-01    3.0215911E+00   -3.0215911E+00
 1.2700    1.4753764E-01    2.9903370E+00   -2.9903370E+00
 1.2800    1.4369950E-01    2.9585920E+00   -2.9585920E+00
 1.2900    1.3994107E-01    2.9264053E+00   -2.9264053E+00
 1.3000    1.3626226E-01    2.8938244E+00   -2.8938244E+00
 1.3100    1.3266286E-01    2.8608944E+00   -2.8608944E+00
 1.3200    1.2914250E-01    2.8276583E+00   -2.8276583E+00
 1.3300    1.2570068E-01    2.7941567E+00   -2.7941567E+00
 1.3400    1.2233676E-01    2.7604280E+00   -2.7604280E+00
 1.3500    1.1904998E-01    2.7265078E+00   -2.7265078E+00
 1.3600    1.1583949E-01    2.6924294E+00   -2.6924294E+00
 1.3700    1.1270433E-01    2.6582242E+00   -2.6582242E+00
 1.3800    1.0964349E-01    2.6239217E+00   -2.6239217E+00
 1.3900    1.0665591E-01    2.5895505E+00   -2.5895505E+00
 1.4000    1.0374052E-01    2.5551379E+00   -2.5551379E+00
 1.4100    1.0089618E-01    2.5207097E+00   -2.5207097E+00
 1.4200    9.8121725E-02    2.4862897E+00   -2.4862897E+00
 1.4300    9.5415903E-02    2.4518997E+00   -2.4518997E+00
 1.4400    9.2777439E-02    2.4175598E+00   -2.4175598E+00
 1.4500    9.0205038E-02    2.3832887E+00   -2.3832887E+00
 1.4600    8.7697406E-02    2.3491044E+00   -2.3491044E+00
 1.4700    8.5253267E-02    2.3150243E+00   -2.3150243E+00
 1.4800    8.2871353E-02    2.2810653E+00   -2.2810653E+00
 1.4900    8.0550404E-02    2.2472435E+00   -2.2472435E+00
 1.5000    7.8289155E-02    2.2135737E+00   -2.2135737E+00
 1.5100    7.6086343E-02    2.1800701E+00   -2.1800701E+00
 1.5200    7.3940714E-02    2.1467461E+00   -2.1467461E+00
 1.5300    7.1851039E-02    2.1136145E+00   -2.1136145E+00
 1.5400    6.9816107E-02    2.0806879E+00   -2.0806879E+00
 1.5500    6.7834733E-02    2.0479784E+00   -2.0479784E+00
 1.5600    6.5905744E-02    2.0154978E+00   -2.0154978E+00
 1.5700    6.4027986E-02    1.9832571E+00   -1.9832571E+00
 1.5800    6.2200316E-02    1.9512667E+00   -1.9512667E+00
 1.5900    6.0421607E-02    1.9195365E+00   -1.9195365E+00
 1.6000    5.8690756E-02    1.8880763E+00   -1.8880763E+00
 1.6100    5.7006685E-02    1.8568952E+00   -1.8568952E+00
 1.6200    5.5368345E-02    1.8260028E+00   -1.8260028E+00
 1.6300    5.3774706E-02    1.7954078E+00   -1.7954078E+00
 1.6400    5.2224751E-02    1.7651188E+00   -1.7651188E+00
 1.6500    5.0717474E-02    1.7351434E+00   -1.7351434E+00
 1.6600    4.9251881E-02    1.7054887E+00   -1.7054887E+00
 1.6700    4.7826991E-02    1.6761615E+00   -1.6761615E+00
 1.6800    4.6441837E-02    1.6471677E+00   -1.6471677E+00
 1.6900    4.5095466E-02    1.6185129E+00   -1.6185129E+00
 1.7000    4.3786940E-02    1.5902020E+00   -1.5902020E+00
 1.7100    4.2515335E-02    1.5622398E+00   -1.5622398E+00
 1.7200    4.1279745E-02    1.5346303E+00   -1.5346303E+00
 1.7300    4.0079273E-02    1.5073771E+00   -1.5073771E+00
 1.7400    3.8913030E-02    1.4804829E+00   -1.4804829E+00
 1.7500    3.7780136E-02    1.4539500E+00   -1.4539500E+00
 1.7600    3.6679724E-02    1.4277799E+00   -1.4277799E+00
 1.7700    3.5610940E-02    1.4019736E+00   -1.4019736E+00
 1.7800    3.4572952E-02    1.3765320E+00   -1.3765320E+00
 1.7900    3.3564942E-02    1.3514557E+00   -1.3514557E+00
 1.8000    3.2586108E-02    1.3267447E+00   -1.3267447E+00
 1.8100    3.1635655E-02    1.3023984E+00   -1.3023984E+00
 1.8200    3.0712794E-02    1.2784153E+00   -1.2784153E+00
 1.8300    2.9816748E-02    1.2547937E+00   -1.2547937E+00
 1.8400    2.8946755E-02    1.2315311E+00   -1.2315311E+00
 1.8500    2.8102077E-02    1.2086255E+00   -1.2086255E+00
 1.8600    2.7282001E-02    1.1860745E+00   -1.1860745E+00
 1.8700    2.6485830E-02    1.1638759E+00   -1.1638759E+00
 1.8800    2.5712884E-02    1.1420270E+00   -1.1420270E+00
 1.8900    2.4962492E-02    1.1205246E+00   -1.1205246E+00
 1.9000    2.4233995E-02    1.0993654E+00   -1.0993654E+00
 1.9100    2.3526752E-02    1.0785458E+00   -1.0785458E+00
 1.9200    2.2840145E-02    1.0580622E+00   -1.0580622E+00
 1.9300    2.2173576E-02    1.0379113E+00   -1.0379113E+00
 1.9400    2.1526463E-02    1.0180896E+00   -1.0180896E+00
 1.9500    2.0898239E-02    9.9859362E-01   -9.9859362E-01
 1.9600    2.0288352E-02    9.7941955E-01   -9.7941955E-01
 1.9700    1.9696260E-02    9.6056353E-01   -9.6056353E-01
 1.9800    1.9121447E-02    9.4202189E-01   -9.4202189E-01
 1.9900    1.8563415E-02    9.2379135E-01   -9.2379135E-01
 2.0000    1.8021693E-02    9.0586911E-01   -9.0586911E-01
 2.0100    1.7495827E-02    8.8825254E-01   -8.8825254E-01
 2.0200    1.6985371E-02    8.7093881E-01   -8.7093881E-01
 2.0300    1.6489884E-02    8.5392465E-01   -8.5392465E-01
 2.0400    1.6008930E-02    8.3720631E-01   -8.3720631E-01
 2.0500    1.5542080E-02    8.2077991E-01   -8.2077991E-01
 2.0600    1.5088923E-02    8.0464171E-01   -8.0464171E-01
 2.0700    1.4649067E-02    7.8878839E-01   -7.8878839E-01
 2.0800    1.4222137E-02    7.7321702E-01   -7.7321702E-01
 2.0900    1.3807776E-02    7.5792491E-01   -7.5792491E-01
 2.1000    1.3405634E-02    7.4290931E-01   -7.4290931E-01
 2.1100    1.3015365E-02    7.2816723E-01   -7.2816723E-01
 2.1200    1.2636631E-02    7.1369540E-01   -7.1369540E-01
 2.1300    1.2269098E-02    6.9949034E-01   -6.9949034E-01
 2.1400    1.1912442E-02    6.8554853E-01   -6.8554853E-01
 2.1500    1.1566346E-02    6.7186646E-01   -6.7186646E-01
 2.1600    1.1230506E-02    6.5844076E-01   -6.5844076E-01
 2.1700    1.0904631E-02    6.4526824E-01   -6.4526824E-01
 2.1800    1.0588437E-02    6.3234588E-01   -6.3234588E-01
 2.1900    1.0281650E-02    6.1967065E-01   -6.1967065E-01
 2.2000    9.9840015E-03    6.0723929E-01   -6.0723929E-01
 2.2100    9.6952195E-03    5.9504808E-01   -5.9504808E-01
 2.2200    9.4150345E-03    5.8309287E-01   -5.8309287E-01
 2.2300    9.1431803E-03    5.7136926E-01   -5.7136926E-01
 2.2400    8.8793989E-03    5.5987293E-01   -5.5987293E-01
 2.2500    8.6234437E-03    5.4859979E-01   -5.4859979E-01
 2.2600    8.3750791E-03    5.3754603E-01   -5.3754603E-01
 2.2700    8.1340780E-03    5.2670799E-01   -5.2670799E-01
 2.2800    7.9002191E-03    5.1608198E-01   -5.1608198E-01
 2.2900    7.6732862E-03    5.0566422E-01   -5.0566422E-01
 2.3000    7.4530682E-03    4.9545091E-01   -4.9545091E-01
 2.3100    7.2393594E-03    4.8543821E-01   -4.8543821E-01
 2.3200    7.0319597E-03    4.7562229E-01   -4.7562229E-01
 2.3300    6.8306750E-03    4.6599937E-01   -4.6599937E-01
 2.3400    6.6353176E-03    4.5656571E-01   -4.5656571E-01
 2.3500    6.4457058E-03    4.4731768E-01   -4.4731768E-01
 2.3600    6.2616631E-03    4.3825165E-01   -4.3825165E-01
 2.3700    6.0830169E-03    4.2936395E-01   -4.2936395E-01
 2.3800    5.9095992E-03    4.2065088E-01   -4.2065088E-01
 2.3900    5.7412472E-03    4.1210882E-01   -4.1210882E-01
 2.4000    5.5778054E-03    4.0373435E-01   -4.0373435E-01
 2.4100    5.4191251E-03    3.9552426E-01   -3.9552426E-01
 2.4200    5.2650644E-03    3.8747553E-01   -3.8747553E-01
 2.4300    5.1154861E-03    3.7958524E-01   -3.7958524E-01
 2.4400    4.9702574E-03    3.7185052E-01   -3.7185052E-01
 2.4500    4.8292488E-03    3.6426850E-01   -3.6426850E-01
 2.4600    4.6923344E-03    3.5683631E-01   -3.5683631E-01
 2.4700    4.5593913E-03    3.4955107E-01   -3.4955107E-01
 2.4800    4.4303002E-03    3.4240995E-01   -3.4240995E-01
 2.4900    4.3049460E-03    3.3541020E-01   -3.3541020E-01
 2.5000    4.1832195E-03    3.2854929E-01   -3.2854929E-01
 2.5100    4.0650168E-03    3.2182490E-01   -3.2182490E-01
 2.5200    3.9502389E-03    3.1523491E-01   -3.1523491E-01
 2.5300    3.8387895E-03    3.0877718E-01   -3.0877718E-01
 2.5400    3.7305732E-03    3.0244949E-01   -3.0244949E-01
 2.5500    3.6254949E-03    2.9624943E-01   -2.9624943E-01
 2.5600    3.5234604E-03    2.9017446E-01   -2.9017446E-01
 2.5700    3.4243792E-03    2.8422217E-01   -2.8422217E-01
 2.5800    3.3281656E-03    2.7839036E-01   -2.7839036E-01
 2.5900    3.2347396E-03    2.7267713E-01   -2.7267713E-01
 2.6000    3.1440244E-03    2.6708068E-01   -2.6708068E-01
 2.6100    3.0559442E-03    2.6159913E-01   -2.6159913E-01
 2.6200    2.9704223E-03    2.5623039E-01   -2.5623039E-01
 2.6300    2.8873827E-03    2.5097225E-01   -2.5097225E-01
 2.6400    2.8067525E-03    2.4582262E-01   -2.4582262E-01
 2.6500    2.7284629E-03    2.4077959E-01   -2.4077959E-01
 2.6600    2.6524474E-03    2.3584133E-01   -2.3584133E-01
 2.6700    2.5786384E-03    2.3100577E-01   -2.3100577E-01
 2.6800    2.5069663E-03    2.2627050E-01   -2.2627050E-01
 2.6900    2.4373605E-03    2.2163288E-01   -2.2163288E-01
 2.7000    2.3697534E-03    2.1709036E-01   -2.1709036E-01
 2.7100    2.3040824E-03    2.1264073E-01   -2.1264073E-01
 2.7200    2.2402905E-03    2.0828213E-01   -2.0828213E-01
 2.7300    2.1783243E-03    2.0401293E-01   -2.0401293E-01
 2.7400    2.1181310E-03    1.9983144E-01   -1.9983144E-01
 2.7500    2.0596581E-03    1.9573585E-01   -1.9573585E-01
 2.7600    2.0028530E-03    1.9172428E-01   -1.9172428E-01
 2.7700    1.9476652E-03    1.8779486E-01   -1.8779486E-01
 2.7800    1.8940464E-03    1.8394589E-01   -1.8394589E-01
 2.7900    1.8419503E-03    1.8017568E-01   -1.8017568E-01
 2.8000    1.7913307E-03    1.7648252E-01   -1.7648252E-01
 2.8100    1.7421415E-03    1.7286455E-01   -1.7286455E-01
 2.8200    1.6943359E-03    1.6931974E-01   -1.6931974E-01
 2.8300    1.6478683E-03    1.6584609E-01   -1.6584609E-01
 2.8400    1.6026958E-03    1.6244174E-01   -1.6244174E-01
 2.8500    1.5587796E-03    1.5910517E-01   -1.5910517E-01
 2.8600    1.5160862E-03    1.5583529E-01   -1.5583529E-01
 2.8700    1.4745858E-03    1.5263133E-01   -1.5263133E-01
 2.8800    1.4342506E-03    1.4949267E-01   -1.4949267E-01
 2.8900    1.3950512E-03    1.4641842E-01   -1.4641842E-01
 2.9000    1.3569537E-03    1.4340718E-01   -1.4340718E-01
 2.9100    1.3199206E-03    1.4045709E-01   -1.4045709E-01
 2.9200    1.2839146E-03    1.3756619E-01   -1.3756619E-01
 2.9300    1.2489036E-03    1.3473301E-01   -1.3473301E-01
 2.9400    1.2148628E-03    1.3195679E-01   -1.3195679E-01
 2.9500    1.1817725E-03    1.2923728E-01   -1.2923728E-01
 2.9600    1.1496128E-03    1.2657411E-01   -1.2657411E-01
 2.9700    1.1183584E-03    1.2396633E-01   -1.2396633E-01
 2.9800    1.0879787E-03    1.2141233E-01   -1.2141233E-01
 2.9900    1.0584423E-03    1.1891029E-01   -1.1891029E-01
 3.0000    1.0297212E-03    1.1645873E-01   -1.1645873E-01
 3.0100    1.0017933E-03    1.1405675E-01   -1.1405675E-01
 3.0200    9.7464021E-04    1.1170383E-01   -1.1170383E-01
 3.0300    9.4824332E-04    1.0939939E-01   -1.0939939E-01
 3.0400    9.2258191E-04    1.0714255E-01   -1.0714255E-01
 3.0500    8.9763372E-04    1.0493218E-01   -1.0493218E-01
 3.0600    8.7337731E-04    1.0276722E-01   -1.0276722E-01
 3.0700    8.4979374E-04    1.0064684E-01   -1.0064684E-01
 3.0800    8.2686598E-04    9.8570377E-02   -9.8570377E-02
 3.0900    8.0457706E-04    9.6537149E-02   -9.6537149E-02
 3.1000    7.8290871E-04    9.4546265E-02   -9.4546265E-02
 3.1100    7.6184164E-04    9.2596666E-02   -9.2596666E-02
 3.1200    7.4135731E-04    9.0687332E-02   -9.0687332E-02
 3.1300    7.2143931E-04    8.8817458E-02   -8.8817458E-02
 3.1400    7.0207351E-04    8.6986478E-02   -8.6986478E-02
 3.1500    6.8324675E-04    8.5193909E-02   -8.5193909E-02
 3.1600    6.6494518E-04    8.3439151E-02   -8.3439151E-02
 3.1700    6.4715331E-04    8.1721356E-02   -8.1721356E-02
 3.1800    6.2985392E-04    8.0039421E-02   -8.0039421E-02
 3.1900    6.1302900E-04    7.8392092E-02   -7.8392092E-02
 3.2000    5.9666121E-04    7.6778147E-02   -7.6778147E-02
 3.2100    5.8073527E-04    7.5196588E-02   -7.5196588E-02
 3.2200    5.6523867E-04    7.3646731E-02   -7.3646731E-02
 3.2300    5.5016111E-04    7.2128151E-02   -7.2128151E-02
 3.2400    5.3549314E-04    7.0640506E-02   -7.0640506E-02
 3.2500    5.2122461E-04    6.9183336E-02   -6.9183336E-02
 3.2600    5.0734374E-04    6.7755939E-02   -6.7755939E-02
 3.2700    4.9383745E-04    6.6357404E-02   -6.6357404E-02
 3.2800    4.8069304E-04    6.4986835E-02   -6.4986835E-02
 3.2900    4.6790035E-04    6.3643642E-02   -6.3643642E-02
 3.3000    4.5545261E-04    6.2327677E-02   -6.2327677E-02
 3.3100    4.4334489E-04    6.1039021E-02   -6.1039021E-02
 3.3200    4.3157078E-04    5.9777543E-02   -5.9777543E-02
 3.3300    4.2011998E-04    5.8542554E-02   -5.8542554E-02
 3.3400    4.0897876E-04    5.7332853E-02   -5.7332853E-02
 3.3500    3.9813303E-04    5.6147146E-02   -5.6147146E-02
 3.3600    3.8757165E-04    5.4984517E-02   -5.4984517E-02
 3.3700    3.7728740E-04    5.3844577E-02   -5.3844577E-02
 3.3800    3.6727530E-04    5.2727233E-02   -5.2727233E-02
 3.3900    3.5752992E-04    5.1632321E-02   -5.1632321E-02
 3.4000    3.4804428E-04    5.0559433E-02   -5.0559433E-02
 3.4100    3.3881085E-04    4.9508063E-02   -4.9508063E-02
 3.4200    3.2982339E-04    4.8477870E-02   -4.8477870E-02
 3.4300    3.2107748E-04    4.7468767E-02   -4.7468767E-02
 3.4400    3.1256934E-04    4.6480749E-02   -4.6480749E-02
 3.4500    3.0429398E-04    4.5513624E-02   -4.5513624E-02
 3.4600    2.9624456E-04    4.4566902E-02   -4.4566902E-02
 3.4700    2.8841328E-04    4.3639933E-02   -4.3639933E-02
 3.4800    2.8079297E-04    4.2732134E-02   -4.2732134E-02
 3.4900    2.7337772E-04    4.1843098E-02   -4.1843098E-02
 3.5000    2.6616251E-04    4.0972536E-02   -4.0972536E-02
 3.5100    2.5914223E-04    4.0120125E-02   -4.0120125E-02
 3.5200    2.5231083E-04    3.9285392E-02   -3.9285392E-02
 3.5300    2.4566131E-04    3.8467684E-02   -3.8467684E-02
 3.5400    2.3918639E-04    3.7666290E-02   -3.7666290E-02
 3.5500    2.3287996E-04    3.6880660E-02   -3.6880660E-02
 3.5600    2.2673851E-04    3.6110637E-02   -3.6110637E-02
 3.5700    2.2076129E-04    3.5356496E-02   -3.5356496E-02
 3.5800    2.1494884E-04    3.4618722E-02   -3.4618722E-02
 3.5900    2.0930050E-04    3.3897606E-02   -3.3897606E-02
 3.6000    2.0381260E-04    3.3192954E-02   -3.3192954E-02
 3.6100    1.9847857E-04    3.2504081E-02   -3.2504081E-02
 3.6200    1.9329049E-04    3.1830063E-02   -3.1830063E-02
 3.6300    1.8824083E-04    3.1170011E-02   -3.1170011E-02
 3.6400    1.8332323E-04    3.0523204E-02   -3.0523204E-02
 3.6500    1.7853219E-04    2.9889051E-02   -2.9889051E-02
 3.6600    1.7386256E-04    2.9266994E-02   -2.9266994E-02
 3.6700    1.6930942E-04    2.8656499E-02   -2.8656499E-02
 3.6800    1.6486897E-04    2.8057207E-02   -2.8057207E-02
 3.6900    1.6053991E-04    2.7469175E-02   -2.7469175E-02
 3.7000    1.5632412E-04    2.6893002E-02   -2.6893002E-02
 3.7100    1.5222538E-04    2.6329630E-02   -2.6329630E-02
 3.7200    1.4824620E-04    2.5779787E-02   -2.5779787E-02
 3.7300    1.4438448E-04    2.5243410E-02   -2.5243410E-02
 3.7400    1.4063261E-04    2.4719468E-02   -2.4719468E-02
 3.7500    1.3698007E-04    2.4206376E-02   -2.4206376E-02
 3.7600    1.3341752E-04    2.3702732E-02   -2.3702732E-02
 3.7700    1.2993984E-04    2.3207849E-02   -2.3207849E-02
 3.7800    1.2654613E-04    2.2721779E-02   -2.2721779E-02
 3.7900    1.2323760E-04    2.2244954E-02   -2.2244954E-02
 3.8000    1.2001524E-04    2.1777772E-02   -2.1777772E-02
 3.8100    1.1687876E-04    2.1320403E-02   -2.1320403E-02
 3.8200    1.1382674E-04    2.0872808E-02   -2.0872808E-02
 3.8300    1.1085699E-04    2.0434805E-02   -2.0434805E-02
 3.8400    1.0796660E-04    2.0006068E-02   -2.0006068E-02
 3.8500    1.0515183E-04    1.9586109E-02   -1.9586109E-02
 3.8600    1.0240858E-04    1.9174357E-02   -1.9174357E-02
 3.8700    9.9733452E-05    1.8770362E-02   -1.8770362E-02
 3.8800    9.7124838E-05    1.8373996E-02   -1.8373996E-02
 3.8900    9.4583002E-05    1.7985485E-02   -1.7985485E-02
 3.9000    9.2109012E-05    1.7605210E-02   -1.7605210E-02
 3.9100    8.9703172E-05    1.7233408E-02   -1.7233408E-02
 3.9200    8.7364137E-05    1.6870004E-02   -1.6870004E-02
 3.9300    8.5089211E-05    1.6514653E-02   -1.6514653E-02
 3.9400    8.2875256E-05    1.6166916E-02   -1.6166916E-02
 3.9500    8.0719256E-05    1.5826366E-02   -1.5826366E-02
 3.9600    7.8618231E-05    1.5492571E-02   -1.5492571E-02
 3.9700    7.6569026E-05    1.5165055E-02   -1.5165055E-02
 3.9800    7.4568617E-05    1.4843356E-02   -1.4843356E-02
 3.9900    7.2614891E-05    1.4527181E-02   -1.4527181E-02
 4.0000    7.0707263E-05    1.4216539E-02   -1.4216539E-02
 4.0100    6.8846579E-05    1.3911725E-02   -1.3911725E-02
 4.0200    6.7034459E-05    1.3613195E-02   -1.3613195E-02
 4.0300    6.5272622E-05    1.3321435E-02   -1.3321435E-02
 4.0400    6.3562403E-05    1.3036857E-02   -1.3036857E-02
 4.0500    6.1904240E-05    1.2759695E-02   -1.2759695E-02
 4.0600    6.0297109E-05    1.2489885E-02   -1.2489885E-02
 4.0700    5.8738413E-05    1.2227028E-02   -1.2227028E-02
 4.0800    5.7224731E-05    1.1970546E-02   -1.1970546E-02
 4.0900    5.5752988E-05    1.1719920E-02   -1.1719920E-02
 4.1000    5.4321072E-05    1.1474821E-02   -1.1474821E-02
 4.1100    5.2927417E-05    1.1235029E-02   -1.1235029E-02
 4.1200    5.1570176E-05    1.1000259E-02   -1.1000259E-02
 4.1300    5.0246875E-05    1.0770082E-02   -1.0770082E-02
 4.1400    4.8954890E-05    1.0544030E-02   -1.0544030E-02
 4.1500    4.7692235E-05    1.0321759E-02   -1.0321759E-02
 4.1600    4.6457950E-05    1.0103145E-02   -1.0103145E-02
 4.1700    4.5251817E-05    9.8882171E-03   -9.8882171E-03
 4.1800    4.4073790E-05    9.6770465E-03   -9.6770465E-03
 4.1900    4.2923852E-05    9.4697082E-03   -9.4697082E-03
 4.2000    4.1802423E-05    9.2663756E-03   -9.2663756E-03
 4.2100    4.0710651E-05    9.0673861E-03   -9.0673861E-03
 4.2200    3.9649815E-05    8.8731114E-03   -8.8731114E-03
 4.2300    3.8620146E-05    8.6836941E-03   -8.6836941E-03
 4.2400    3.7620248E-05    8.4989101E-03   -8.4989101E-03
 4.2500    3.6647769E-05    8.3183132E-03   -8.3183132E-03
 4.2600    3.5700659E-05    8.1415163E-03   -8.1415163E-03
 4.2700    3.4777901E-05    7.9683606E-03   -7.9683606E-03
 4.2800    3.3879373E-05    7.7988894E-03   -7.7988894E-03
 4.2900    3.3005313E-05    7.6332291E-03   -7.6332291E-03
 4.3000    3.2155782E-05    7.4714666E-03   -7.4714666E-03
 4.3100    3.1330120E-05    7.3135201E-03   -7.3135201E-03
 4.3200    3.0526377E-05    7.1590043E-03   -7.1590043E-03
 4.3300    2.9741184E-05    7.0071902E-03   -7.0071902E-03
 4.3400    2.8970624E-05    6.8572056E-03   -6.8572056E-03
 4.3500    2.8212161E-05    6.7084893E-03   -6.7084893E-03
 4.3600    2.7466494E-05    6.5612422E-03   -6.5612422E-03
 4.3700    2.6737678E-05    6.4164738E-03   -6.4164738E-03
 4.3800    2.6030887E-05    6.2754815E-03   -6.2754815E-03
 4.3900    2.5349322E-05    6.1391078E-03   -6.1391078E-03
 4.4000    2.4692732E-05    6.0073698E-03   -6.0073698E-03
 4.4100    2.4058503E-05    5.8797064E-03   -5.8797064E-03
 4.4200    2.3443843E-05    5.7555020E-03   -5.7555020E-03
 4.4300    2.2846969E-05    5.6343772E-03   -5.6343772E-03
 4.4400    2.2266772E-05    5.5161118E-03   -5.5161118E-03
 4.4500    2.1702129E-05    5.4004784E-03   -5.4004784E-03
 4.4600    2.1151942E-05    5.2872497E-03   -5.2872497E-03
 4.4700    2.0615638E-05    5.1763268E-03   -5.1763268E-03
 4.4800    2.0093249E-05    5.0677602E-03   -5.0677602E-03
 4.4900    1.9584750E-05    4.9615865E-03   -4.9615865E-03
 4.5000    1.9089390E-05    4.8576581E-03   -4.8576581E-03
 4.5100    1.8605765E-05    4.7556565E-03   -4.7556565E-03
 4.5200    1.8132530E-05    4.6552730E-03   -4.6552730E-03
 4.5300    1.7668999E-05    4.5563620E-03   -4.5563620E-03
 4.5400    1.7215115E-05    4.4589386E-03   -4.4589386E-03
 4.5500    1.6771037E-05    4.3630739E-03   -4.3630739E-03
 4.5600    1.6336892E-05    4.2688314E-03   -4.2688314E-03
 4.5700    1.5912860E-05    4.1762886E-03   -4.1762886E-03
 4.5800    1.5499285E-05    4.0855684E-03   -4.0855684E-03
 4.5900    1.5096518E-05    3.9967963E-03   -3.9967963E-03
 4.6000    1.4704538E-05    3.9100013E-03   -3.9100013E-03
 4.6100    1.4322788E-05    3.8250692E-03   -3.8250692E-03
 4.6200    1.3950489E-05    3.7418231E-03   -3.7418231E-03
 4.6300    1.3587248E-05    3.6601877E-03   -3.6601877E-03
 4.6400    1.3233458E-05    3.5802981E-03   -3.5802981E-03
 4.6500    1.2890099E-05    3.5024508E-03   -3.5024508E-03
 4.6600    1.2558057E-05    3.4269214E-03   -3.4269214E-03
 4.6700    1.2237455E-05    3.3537812E-03   -3.3537812E-03
 4.6800    1.1927470E-05    3.2828415E-03   -3.2828415E-03
 4.6900    1.1626727E-05    3.2137568E-03   -3.2137568E-03
 4.7000    1.1333920E-05    3.1461957E-03   -3.1461957E-03
 4.7100    1.1048215E-05    3.0799508E-03   -3.0799508E-03
 4.7200    1.0769153E-05    3.0149172E-03   -3.0149172E-03
 4.7300    1.0496264E-05    2.9509844E-03   -2.9509844E-03
 4.7400    1.0228750E-05    2.8879463E-03   -2.8879463E-03
 4.7500    9.9655240E-06    2.8255124E-03   -2.8255124E-03
 4.7600    9.7057076E-06    2.7634459E-03   -2.7634459E-03
 4.7700    9.4493958E-06    2.7017842E-03   -2.7017842E-03
 4.7800    9.1981731E-06    2.6409929E-03   -2.6409929E-03
 4.7900    8.9546769E-06    2.5818488E-03   -2.5818488E-03
 4.8000    8.7210574E-06    2.5250006E-03   -2.5250006E-03
 4.8100    8.4972694E-06    2.4704690E-03   -2.4704690E-03
 4.8200    8.2806012E-06    2.4174963E-03   -2.4174963E-03
 4.8300    8.0669561E-06    2.3649057E-03   -2.3649057E-03
 4.8400    7.8529304E-06    2.3117046E-03   -2.3117046E-03
 4.8500    7.6372404E-06    2.2575106E-03   -2.2575106E-03
 4.8600    7.4209655E-06    2.2026364E-03   -2.2026364E-03
 4.8700    7.2071685E-06    2.1479910E-03   -2.1479910E-03
 4.8800    7.0003913E-06    2.0949411E-03   -2.0949411E-03
 4.8900    6.8056527E-06    2.0450191E-03   -2.0450191E-03
 4.9000    6.6265157E-06    1.9993428E-03   -1.9993428E-03
 4.9100    6.4630579E-06    1.9579919E-03   -1.9579919E-03
 4.9200    6.3115089E-06    1.9198764E-03   -1.9198764E-03
 4.9300    6.1662084E-06    1.8833104E-03   -1.8833104E-03
 4.9400    6.0223201E-06    1.8468329E-03   -1.8468329E-03
 4.9500    5.8770661E-06    1.8095927E-03   -1.8095927E-03
 4.9600    5.7290331E-06    1.7711468E-03   -1.7711468E-03
 4.9700    5.5772570E-06    1.7311843E-03   -1.7311843E-03
 4.9800    5.4218022E-06    1.6897102E-03   -1.6897102E-03
 4.9900    5.2653946E-06    1.6475624E-03   -1.6475624E-03
 5.0000    5.1138358E-06    1.6065589E-03   -1.6065589E-03
 5.0100    4.9736735E-06    1.5687820E-03   -1.5687820E-03
 5.0200    4.8483707E-06    1.5353702E-03   -1.5353702E-03
 5.0300    4.7360303E-06    1.5057758E-03   -1.5057758E-03
 5.0400    4.6305324E-06    1.4780934E-03   -1.4780934E-03
 5.0500    4.5250497E-06    1.4501602E-03   -1.4501602E-03
 5.0600    4.4153359E-06    1.4206093E-03   -1.4206093E-03
 5.0700    4.3010526E-06    1.3893144E-03   -1.3893144E-03
 5.0800    4.1851474E-06    1.3572131E-03   -1.3572131E-03
 5.0900    4.0721434E-06    1.3257709E-03   -1.3257709E-03
 5.1000    3.9660625E-06    1.2963127E-03   -1.2963127E-03
 5.1100    3.8685337E-06    1.2693987E-03   -1.2693987E-03
 5.1200    3.7778208E-06    1.2444892E-03   -1.2444892E-03
 5.1300    3.6894784E-06    1.2201397E-03   -1.2201397E-03
 5.1400    3.5985546E-06    1.1947147E-03   -1.1947147E-03
 5.1500    3.5021319E-06    1.1672310E-03   -1.1672310E-03
 5.1600    3.4006442E-06    1.1378119E-03   -1.1378119E-03
 5.1700    3.2973222E-06    1.1075219E-03   -1.1075219E-03
 5.1800    3.1964600E-06    1.0778012E-03   -1.0778012E-03
 5.1900    3.1017170E-06    1.0498971E-03   -1.0498971E-03
 5.2000    3.0151490E-06    1.0245315E-03   -1.0245315E-03
 5.2100    2.9369539E-06    1.0018033E-03   -1.0018033E-03
 5.2200    2.8657093E-06    9.8125752E-04   -9.8125752E-04
 5.2300    2.7990034E-06    9.6209216E-04   -9.6209216E-04
 5.2400    2.7343204E-06    9.4345640E-04   -9.4345640E-04
 5.2500    2.6698150E-06    9.2471869E-04   -9.2471869E-04
 5.2600    2.6046089E-06    9.0557386E-04   -9.0557386E-04
 5.2700    2.5386016E-06    8.8598353E-04   -8.8598353E-04
 5.2800    2.4721638E-06    8.6607389E-04   -8.6607389E-04
 5.2900    2.4060298E-06    8.4610100E-04   -8.4610100E-04
 5.3000    2.3413047E-06    8.2645562E-04   -8.2645562E-04
 5.3100    2.2792509E-06    8.0759018E-04   -8.0759018E-04
 5.3200    2.2207472E-06    7.8982751E-04   -7.8982751E-04
 5.3300    2.1657633E-06    7.7317050E-04   -7.7317050E-04
 5.3400    2.1133220E-06    7.5728272E-04   -7.5728272E-04
 5.3500    2.0620484E-06    7.4167952E-04   -7.4167952E-04
 5.3600    2.0109031E-06    7.2598990E-04   -7.2598990E-04
 5.3700    1.9595790E-06    7.1010277E-04   -7.1010277E-04
 5.3800    1.9083800E-06    6.9412752E-04   -6.9412752E-04
 5.3900    1.8578010E-06    6.7824499E-04   -6.7824499E-04
 5.4000    1.8081413E-06    6.6256690E-04   -6.6256690E-04
 5.4100    1.7593149E-06    6.4706508E-04   -6.4706508E-04
 5.4200    1.7108824E-06    6.3158034E-04   -6.3158034E-04
 5.4300    1.6623101E-06    6.1591611E-04   -6.1591611E-04
 5.4400    1.6133831E-06    5.9999159E-04   -5.9999159E-04
 5.4500    1.5644980E-06    5.8395296E-04   -5.8395296E-04
 5.4600    1.5165389E-06    5.6813130E-04   -5.6813130E-04
 5.4700    1.4704029E-06    5.5286726E-04   -5.5286726E-04
 5.4800    1.4266208E-06    5.3836836E-04   -5.3836836E-04
 5.4900    1.3854438E-06    5.2473916E-04   -5.2473916E-04
 5.5000    1.3472579E-06    5.1213679E-04   -5.1213679E-04
 5.5100    1.3128260E-06    5.0086447E-04   -5.0086447E-04
 5.5200    1.2830637E-06    4.9128810E-04   -4.9128810E-04
 5.5300    1.2585690E-06    4.8365663E-04   -4.8365663E-04
 5.5400    1.2393352E-06    4.7798930E-04   -4.7798930E-04
 5.5500    1.2248128E-06    4.7409517E-04   -4.7409517E-04
