# total charge: 5.000000 
# r(A)     rho (e/A^3)     4*pi*r^2*rho(e/A)  dip  
 0.0000   -3.2307773E-01   -0.0000000E+00    3.9894228E+01
 0.0100   -3.2078520E-01   -4.0311058E-04    3.9695658E+01
 0.0200   -3.1789024E-01   -1.5978906E-03    3.9105867E+01
 0.0300   -3.1427313E-01   -3.5543454E-03    3.8142336E+01
 0.0400   -3.0980791E-01   -6.2290577E-03    3.6833243E+01
 0.0500   -3.0435802E-01   -9.5616891E-03    3.5216094E+01
 0.0600   -2.9777368E-01   -1.3470964E-02    3.3335931E+01
 0.0700   -2.8990488E-01   -1.7850955E-02    3.1243244E+01
 0.0800   -2.8063245E-01   -2.2569801E-02    2.8991725E+01
 0.0900   -2.6989971E-01   -2.7472445E-02    2.6635997E+01
 0.1000   -2.5772188E-01   -3.2386287E-02    2.4229459E+01
 0.1100   -2.4416844E-01   -3.7126565E-02    2.1822344E+01
 0.1200   -2.2933303E-01   -4.1499128E-02    1.9460105E+01
 0.1300   -2.1330872E-01   -4.5300727E-02    1.7182160E+01
 0.1400   -1.9617695E-01   -4.8318553E-02    1.5021065E+01
 0.1500   -1.7800839E-01   -5.0330686E-02    1.3002090E+01
 0.1600   -1.5886930E-01   -5.1108108E-02    1.1143192E+01
 0.1700   -1.3882761E-01   -5.0417762E-02    9.4553255E+00
 0.1800   -1.1795473E-01   -4.8025317E-02    7.9430411E+00
 0.1900   -9.6322840E-02   -4.3696469E-02    6.6052779E+00
 0.2000   -7.4000781E-02   -3.7196849E-02    5.4362935E+00
 0.2100   -5.1052319E-02   -2.8292018E-02    4.4266516E+00
 0.2200   -2.7538269E-02   -1.6749115E-02    3.5642084E+00
 0.2300   -3.5205177E-03   -2.3403029E-03    2.8350441E+00
 0.2400    2.0935089E-02    1.5153298E-02    2.2242997E+00
 0.2500    4.5758413E-02    3.5938574E-02    1.7168915E+00
 0.2600    7.0876531E-02    6.0208667E-02    1.2980883E+00
 0.2700    9.6215601E-02    8.8141998E-02    9.5395148E-01
 0.2800    1.2170221E-01    1.1990144E-01    6.7164372E-01
 0.2900    1.4726408E-01    1.5563335E-01    4.3961989E-01
 0.3000    1.7283033E-01    1.9546650E-01    2.4771834E-01
 0.3100    1.9833159E-01    2.3951083E-01    8.7171078E-02
 0.3200    2.2369995E-01    2.8785628E-01   -4.9447460E-02
 0.3300    2.4886896E-01    3.4057164E-01   -1.6831474E-01
 0.3400    2.7377363E-01    3.9770341E-01   -2.7448150E-01
 0.3500    2.9835062E-01    4.5927510E-01   -3.7200683E-01
 0.3600    3.2253866E-01    5.2528698E-01   -4.6409679E-01
 0.3700    3.4627909E-01    5.9571643E-01   -5.5323841E-01
 0.3800    3.6951620E-01    6.7051815E-01   -6.4132345E-01
 0.3900    3.9219696E-01    7.4962368E-01   -7.2975813E-01
 0.4000    4.1427062E-01    8.3294051E-01   -8.1955749E-01
 0.4100    4.3568852E-01    9.2035144E-01   -9.1142528E-01
 0.4200    4.5640442E-01    1.0117152E+00   -1.0058209E+00
 0.4300    4.7637526E-01    1.1068684E+00   -1.1030149E+00
 0.4400    4.9556189E-01    1.2056274E+00   -1.2031332E+00
 0.4500    5.1392929E-01    1.3077908E+00   -1.3061924E+00
 0.4600    5.3144646E-01    1.4131395E+00   -1.4121254E+00
 0.4700    5.4808601E-01    1.5214381E+00   -1.5208011E+00
 0.4800    5.6382375E-01    1.6324343E+00   -1.6320381E+00
 0.4900    5.7863829E-01    1.7458591E+00   -1.7456152E+00
 0.5000    5.9251096E-01    1.8614281E+00   -1.8612794E+00
 0.5100    6.0542614E-01    1.9788432E+00   -1.9787535E+00
 0.5200    6.1737197E-01    2.0977970E+00   -2.0977434E+00
 0.5300    6.2834079E-01    2.2179761E+00   -2.2179443E+00
 0.5400    6.3832883E-01    2.3390626E+00   -2.3390440E+00
 0.5500    6.4733544E-01    2.4607338E+00   -2.4607230E+00
 0.5600    6.5536242E-01    2.5826613E+00   -2.5826551E+00
 0.5700    6.6241386E-01    2.7045125E+00   -2.7045089E+00
 0.5800    6.6849647E-01    2.8259532E+00   -2.8259513E+00
 0.5900    6.7361976E-01    2.9466510E+00   -2.9466499E+00
 0.6000    6.7779594E-01    3.0662766E+00   -3.0662760E+00
 0.6100    6.8103961E-01    3.1845048E+00   -3.1845044E+00
 0.6200    6.8336758E-01    3.3010159E+00   -3.3010157E+00
 0.6300    6.8479879E-01    3.4154973E+00   -3.4154972E+00
 0.6400    6.8535435E-01    3.5276459E+00   -3.5276458E+00
 0.6500    6.8505743E-01    3.6371697E+00   -3.6371696E+00
 0.6600    6.8393303E-01    3.7437886E+00   -3.7437886E+00
 0.6700    6.8200761E-01    3.8472348E+00   -3.8472347E+00
 0.6800    6.7930885E-01    3.9472530E+00   -3.9472530E+00
 0.6900    6.7586560E-01    4.0436018E+00   -4.0436018E+00
 0.7000    6.7170786E-01    4.1360557E+00   -4.1360557E+00
 0.7100    6.6686682E-01    4.2244062E+00   -4.2244062E+00
 0.7200    6.6137477E-01    4.3084641E+00   -4.3084641E+00
 0.7300    6.5526489E-01    4.3880593E+00   -4.3880593E+00
 0.7400    6.4857108E-01    4.4630410E+00   -4.4630410E+00
 0.7500    6.4132772E-01    4.5332785E+00   -4.5332785E+00
 0.7600    6.3356961E-01    4.5986609E+00   -4.5986609E+00
 0.7700    6.2533173E-01    4.6590973E+00   -4.6590973E+00
 0.7800    6.1664922E-01    4.7145176E+00   -4.7145176E+00
 0.7900    6.0755725E-01    4.7648722E+00   -4.7648722E+00
 0.8000    5.9809105E-01    4.8101337E+00   -4.8101337E+00
 0.8100    5.8828592E-01    4.8502972E+00   -4.8502972E+00
 0.8200    5.7817714E-01    4.8853815E+00   -4.8853815E+00
 0.8300    5.6779992E-01    4.9154284E+00   -4.9154284E+00
 0.8400    5.5718925E-01    4.9405029E+00   -4.9405029E+00
 0.8500    5.4637973E-01    4.9606924E+00   -4.9606924E+00
 0.8600    5.3540552E-01    4.9761058E+00   -4.9761058E+00
 0.8700    5.2430022E-01    4.9868742E+00   -4.9868742E+00
 0.8800    5.1309687E-01    4.9931495E+00   -4.9931495E+00
 0.8900    5.0182783E-01    4.9951049E+00   -4.9951049E+00
 0.9000    4.9052470E-01    4.9929333E+00   -4.9929333E+00
 0.9100    4.7921823E-01    4.9868462E+00   -4.9868462E+00
 0.9200    4.6793801E-01    4.9770710E+00   -4.9770710E+00
 0.9300    4.5671217E-01    4.9638465E+00   -4.9638465E+00
 0.9400    4.4556677E-01    4.9474153E+00   -4.9474153E+00
 0.9500    4.3452515E-01    4.9280147E+00   -4.9280147E+00
 0.9600    4.2360721E-01    4.9058659E+00   -4.9058659E+00
 0.9700    4.1282901E-01    4.8811656E+00   -4.8811656E+00
 0.9800    4.0220277E-01    4.8540816E+00   -4.8540816E+00
 0.9900    3.9173723E-01    4.8247532E+00   -4.8247532E+00
 1.0000    3.8143840E-01    4.7932963E+00   -4.7932963E+00
 1.0100    3.7131031E-01    4.7598100E+00   -4.7598100E+00
 1.0200    3.6135568E-01    4.7243829E+00   -4.7243829E+00
 1.0300    3.5157646E-01    4.6870987E+00   -4.6870987E+00
 1.0400    3.4197410E-01    4.6480389E+00   -4.6480389E+00
 1.0500    3.3254975E-01    4.6072852E+00   -4.6072852E+00
 1.0600    3.2330438E-01    4.5649202E+00   -4.5649202E+00
 1.0700    3.1423878E-01    4.5210280E+00   -4.5210280E+00
 1.0800    3.0535361E-01    4.4756944E+00   -4.4756944E+00
 1.0900    2.9664942E-01    4.4290069E+00   -4.4290069E+00
 1.1000    2.8812660E-01    4.3810538E+00   -4.3810538E+00
 1.1100    2.7978533E-01    4.3319233E+00   -4.3319233E+00
 1.1200    2.7162557E-01    4.2817032E+00   -4.2817032E+00
 1.1300    2.6364708E-01    4.2304806E+00   -4.2304806E+00
 1.1400    2.5584941E-01    4.1783421E+00   -4.1783421E+00
 1.1500    2.4823200E-01    4.1253739E+00   -4.1253739E+00
 1.1600    2.4079412E-01    4.0716620E+00   -4.0716620E+00
 1.1700    2.3353489E-01    4.0172916E+00   -4.0172916E+00
 1.1800    2.2645325E-01    3.9623463E+00   -3.9623463E+00
 1.1900    2.1954796E-01    3.9069081E+00   -3.9069081E+00
 1.2000    2.1281759E-01    3.8510564E+00   -3.8510564E+00
 1.2100    2.0626051E-01    3.7948682E+00   -3.7948682E+00
 1.2200    1.9987496E-01    3.7384186E+00   -3.7384186E+00
 1.2300    1.9365901E-01    3.6817796E+00   -3.6817796E+00
 1.2400    1.8761055E-01    3.6250208E+00   -3.6250208E+00
 1.2500    1.8172732E-01    3.5682075E+00   -3.5682075E+00
 1.2600    1.7600684E-01    3.5114017E+00   -3.5114017E+00
 1.2700    1.7044654E-01    3.4546614E+00   -3.4546614E+00
 1.2800    1.6504371E-01    3.3980424E+00   -3.3980424E+00
 1.2900    1.5979563E-01    3.3415978E+00   -3.3415978E+00
 1.3000    1.5469947E-01    3.2853783E+00   -3.2853783E+00
 1.3100    1.4975233E-01    3.2294314E+00   -3.2294314E+00
 1.3200    1.4495123E-01    3.1738006E+00   -3.1738006E+00
 1.3300    1.4029305E-01    3.1185256E+00   -3.1185256E+00
 1.3400    1.3577459E-01    3.0636417E+00   -3.0636417E+00
 1.3500    1.3139259E-01    3.0091807E+00   -3.0091807E+00
 1.3600    1.2714370E-01    2.9551705E+00   -2.9551705E+00
 1.3700    1.2302460E-01    2.9016363E+00   -2.9016363E+00
 1.3800    1.1903196E-01    2.8486010E+00   -2.8486010E+00
 1.3900    1.1516249E-01    2.7960860E+00   -2.7960860E+00
 1.4000    1.1141298E-01    2.7441114E+00   -2.7441114E+00
 1.4100    1.0778024E-01    2.6926955E+00   -2.6926955E+00
 1.4200    1.0426112E-01    2.6418547E+00   -2.6418547E+00
 1.4300    1.0085246E-01    2.5916027E+00   -2.5916027E+00
 1.4400    9.7551118E-02    2.5419506E+00   -2.5419506E+00
 1.4500    9.4353969E-02    2.4929068E+00   -2.4929068E+00
 1.4600    9.1257926E-02    2.4444782E+00   -2.4444782E+00
 1.4700    8.8259975E-02    2.3966705E+00   -2.3966705E+00
 1.4800    8.5357183E-02    2.3494887E+00   -2.3494887E+00
 1.4900    8.2546698E-02    2.3029373E+00   -2.3029373E+00
 1.5000    7.9825746E-02    2.2570198E+00   -2.2570198E+00
 1.5100    7.7191622E-02    2.2117392E+00   -2.2117392E+00
 1.5200    7.4641704E-02    2.1670982E+00   -2.1670982E+00
 1.5300    7.2173452E-02    2.1230988E+00   -2.1230988E+00
 1.5400    6.9784393E-02    2.0797427E+00   -2.0797427E+00
 1.5500    6.7472116E-02    2.0370308E+00   -2.0370308E+00
 1.5600    6.5234269E-02    1.9949631E+00   -1.9949631E+00
 1.5700    6.3068573E-02    1.9535394E+00   -1.9535394E+00
 1.5800    6.0972827E-02    1.9127595E+00   -1.9127595E+00
 1.5900    5.8944910E-02    1.8726233E+00   -1.8726233E+00
 1.6000    5.6982769E-02    1.8331305E+00   -1.8331305E+00
 1.6100    5.5084421E-02    1.7942808E+00   -1.7942808E+00
 1.6200    5.3247945E-02    1.7560737E+00   -1.7560737E+00
 1.6300    5.1471478E-02    1.7185086E+00   -1.7185086E+00
 1.6400    4.9753206E-02    1.6815843E+00   -1.6815843E+00
 1.6500    4.8091364E-02    1.6452991E+00   -1.6452991E+00
 1.6600    4.6484235E-02    1.6096510E+00   -1.6096510E+00
 1.6700    4.4930151E-02    1.5746379E+00   -1.5746379E+00
 1.6800    4.3427497E-02    1.5402571E+00   -1.5402571E+00
 1.6900    4.1974699E-02    1.5065060E+00   -1.5065060E+00
 1.7000    4.0570229E-02    1.4733813E+00   -1.4733813E+00
 1.7100    3.9212595E-02    1.4408795E+00   -1.4408795E+00
 1.7200    3.7900340E-02    1.4089963E+00   -1.4089963E+00
 1.7300    3.6632042E-02    1.3777271E+00   -1.3777271E+00
 1.7400    3.5406314E-02    1.3470666E+00   -1.3470666E+00
 1.7500    3.4221802E-02    1.3170093E+00   -1.3170093E+00
 1.7600    3.3077191E-02    1.2875492E+00   -1.2875492E+00
 1.7700    3.1971202E-02    1.2586801E+00   -1.2586801E+00
 1.7800    3.0902592E-02    1.2303956E+00   -1.2303956E+00
 1.7900    2.9870150E-02    1.2026890E+00   -1.2026890E+00
 1.8000    2.8872692E-02    1.1755528E+00   -1.1755528E+00
 1.8100    2.7909061E-02    1.1489794E+00   -1.1489794E+00
 1.8200    2.6978121E-02    1.1229601E+00   -1.1229601E+00
 1.8300    2.6078767E-02    1.0974863E+00   -1.0974863E+00
 1.8400    2.5209920E-02    1.0725486E+00   -1.0725486E+00
 1.8500    2.4370538E-02    1.0481379E+00   -1.0481379E+00
 1.8600    2.3559609E-02    1.0242450E+00   -1.0242450E+00
 1.8700    2.2776157E-02    1.0008604E+00   -1.0008604E+00
 1.8800    2.2019235E-02    9.7797508E-01   -9.7797508E-01
 1.8900    2.1287927E-02    9.5557956E-01   -9.5557956E-01
 1.9000    2.0581345E-02    9.3366444E-01   -9.3366444E-01
 1.9100    1.9898627E-02    9.1222026E-01   -9.1222026E-01
 1.9200    1.9238943E-02    8.9123766E-01   -8.9123766E-01
 1.9300    1.8601492E-02    8.7070747E-01   -8.7070747E-01
 1.9400    1.7985505E-02    8.5062074E-01   -8.5062074E-01
 1.9500    1.7390239E-02    8.3096863E-01   -8.3096863E-01
 1.9600    1.6814972E-02    8.1174225E-01   -8.1174225E-01
 1.9700    1.6259008E-02    7.9293276E-01   -7.9293276E-01
 1.9800    1.5721675E-02    7.7453147E-01   -7.7453147E-01
 1.9900    1.5202333E-02    7.5653017E-01   -7.5653017E-01
 2.0000    1.4700369E-02    7.3892114E-01   -7.3892114E-01
 2.0100    1.4215199E-02    7.2169705E-01   -7.2169705E-01
 2.0200    1.3746259E-02    7.0485069E-01   -7.0485069E-01
 2.0300    1.3292998E-02    6.8837466E-01   -6.8837466E-01
 2.0400    1.2854878E-02    6.7226138E-01   -6.7226138E-01
 2.0500    1.2431380E-02    6.5650331E-01   -6.5650331E-01
 2.0600    1.2022004E-02    6.4109320E-01   -6.4109320E-01
 2.0700    1.1626277E-02    6.2602435E-01   -6.2602435E-01
 2.0800    1.1243750E-02    6.1129059E-01   -6.1129059E-01
 2.0900    1.0873992E-02    5.9688608E-01   -5.9688608E-01
 2.1000    1.0516589E-02    5.8280511E-01   -5.8280511E-01
 2.1100    1.0171139E-02    5.6904203E-01   -5.6904203E-01
 2.1200    9.8372511E-03    5.5559118E-01   -5.5559118E-01
 2.1300    9.5145494E-03    5.4244698E-01   -5.4244698E-01
 2.1400    9.2026675E-03    5.2960386E-01   -5.2960386E-01
 2.1500    8.9012494E-03    5.1705620E-01   -5.1705620E-01
 2.1600    8.6099486E-03    5.0479835E-01   -5.0479835E-01
 2.1700    8.3284301E-03    4.9282471E-01   -4.9282471E-01
 2.1800    8.0563714E-03    4.8112988E-01   -4.8112988E-01
 2.1900    7.7934620E-03    4.6970860E-01   -4.6970860E-01
 2.2000    7.5393996E-03    4.5855559E-01   -4.5855559E-01
 2.2100    7.2938876E-03    4.4766535E-01   -4.4766535E-01
 2.2200    7.0566336E-03    4.3703215E-01   -4.3703215E-01
 2.2300    6.8273516E-03    4.2665010E-01   -4.2665010E-01
 2.2400    6.6057651E-03    4.1651345E-01   -4.1651345E-01
 2.2500    6.3916101E-03    4.0661666E-01   -4.0661666E-01
 2.2600    6.1846336E-03    3.9695449E-01   -3.9695449E-01
 2.2700    5.9845926E-03    3.8752183E-01   -3.8752183E-01
 2.2800    5.7912504E-03    3.7831355E-01   -3.7831355E-01
 2.2900    5.6043754E-03    3.6932444E-01   -3.6932444E-01
 2.3000    5.4237412E-03    3.6054916E-01   -3.6054916E-01
 2.3100    5.2491272E-03    3.5198238E-01   -3.5198238E-01
 2.3200    5.0803197E-03    3.4361877E-01   -3.4361877E-01
 2.3300    4.9171124E-03    3.3545313E-01   -3.3545313E-01
 2.3400    4.7593074E-03    3.2748042E-01   -3.2748042E-01
 2.3500    4.6067149E-03    3.1969579E-01   -3.1969579E-01
 2.3600    4.4591529E-03    3.1209458E-01   -3.1209458E-01
 2.3700    4.3164459E-03    3.0467222E-01   -3.0467222E-01
 2.3800    4.1784242E-03    2.9742420E-01   -2.9742420E-01
 2.3900    4.0449230E-03    2.9034605E-01   -2.9034605E-01
 2.4000    3.9157834E-03    2.8343339E-01   -2.8343339E-01
 2.4100    3.7908522E-03    2.7668193E-01   -2.7668193E-01
 2.4200    3.6699831E-03    2.7008761E-01   -2.7008761E-01
 2.4300    3.5530362E-03    2.6364652E-01   -2.6364652E-01
 2.4400    3.4398784E-03    2.5735500E-01   -2.5735500E-01
 2.4500    3.3303822E-03    2.5120953E-01   -2.5120953E-01
 2.4600    3.2244253E-03    2.4520674E-01   -2.4520674E-01
 2.4700    3.1218895E-03    2.3934331E-01   -2.3934331E-01
 2.4800    3.0226608E-03    2.3361603E-01   -2.3361603E-01
 2.4900    2.9266290E-03    2.2802173E-01   -2.2802173E-01
 2.5000    2.8336887E-03    2.2255739E-01   -2.2255739E-01
 2.5100    2.7437391E-03    2.1722015E-01   -2.1722015E-01
 2.5200    2.6566836E-03    2.1200729E-01   -2.1200729E-01
 2.5300    2.5724298E-03    2.0691618E-01   -2.0691618E-01
 2.5400    2.4908884E-03    2.0194428E-01   -2.0194428E-01
 2.5500    2.4119727E-03    1.9708911E-01   -1.9708911E-01
 2.5600    2.3355991E-03    1.9234818E-01   -1.9234818E-01
 2.5700    2.2616868E-03    1.8771914E-01   -1.8771914E-01
 2.5800    2.1901586E-03    1.8319974E-01   -1.8319974E-01
 2.5900    2.1209408E-03    1.7878782E-01   -1.7878782E-01
 2.6000    2.0539620E-03    1.7448133E-01   -1.7448133E-01
 2.6100    1.9891525E-03    1.7027816E-01   -1.7027816E-01
 2.6200    1.9264435E-03    1.6617616E-01   -1.6617616E-01
 2.6300    1.8657678E-03    1.6217315E-01   -1.6217315E-01
 2.6400    1.8070598E-03    1.5826696E-01   -1.5826696E-01
 2.6500    1.7502567E-03    1.5445550E-01   -1.5445550E-01
 2.6600    1.6952972E-03    1.5073670E-01   -1.5073670E-01
 2.6700    1.6421211E-03    1.4710843E-01   -1.4710843E-01
 2.6800    1.5906687E-03    1.4356851E-01   -1.4356851E-01
 2.6900    1.5408819E-03    1.4011473E-01   -1.4011473E-01
 2.7000    1.4927041E-03    1.3674490E-01   -1.3674490E-01
 2.7100    1.4460815E-03    1.3345695E-01   -1.3345695E-01
 2.7200    1.4009620E-03    1.3024889E-01   -1.3024889E-01
 2.7300    1.3572958E-03    1.2711876E-01   -1.2711876E-01
 2.7400    1.3150339E-03    1.2406461E-01   -1.2406461E-01
 2.7500    1.2741284E-03    1.2108447E-01   -1.2108447E-01
 2.7600    1.2345326E-03    1.1817635E-01   -1.1817635E-01
 2.7700    1.1962012E-03    1.1533832E-01   -1.1533832E-01
 2.7800    1.1590905E-03    1.1256848E-01   -1.1256848E-01
 2.7900    1.1231584E-03    1.0986498E-01   -1.0986498E-01
 2.8000    1.0883647E-03    1.0722606E-01   -1.0722606E-01
 2.8100    1.0546701E-03    1.0464998E-01   -1.0464998E-01
 2.8200    1.0220366E-03    1.0213498E-01   -1.0213498E-01
 2.8300    9.9042708E-04    9.9679360E-02   -9.9679360E-02
 2.8400    9.5980588E-04    9.7281431E-02   -9.7281431E-02
 2.8500    9.3013900E-04    9.4939609E-02   -9.4939609E-02
 2.8600    9.0139448E-04    9.2652432E-02   -9.2652432E-02
 2.8700    8.7354226E-04    9.0418558E-02   -9.0418558E-02
 2.8800    8.4655381E-04    8.8236730E-02   -8.8236730E-02
 2.8900    8.2040148E-04    8.6105717E-02   -8.6105717E-02
 2.9000    7.9505816E-04    8.4024272E-02   -8.4024272E-02
 2.9100    7.7049733E-04    8.1991151E-02   -8.1991151E-02
 2.9200    7.4669375E-04    8.0005176E-02   -8.0005176E-02
 2.9300    7.2362416E-04    7.8065323E-02   -7.8065323E-02
 2.9400    7.0126730E-04    7.6170729E-02   -7.6170729E-02
 2.9500    6.7960316E-04    7.4320614E-02   -7.4320614E-02
 2.9600    6.5861179E-04    7.2514155E-02   -7.2514155E-02
 2.9700    6.3827259E-04    7.0750410E-02   -7.0750410E-02
 2.9800    6.1856462E-04    6.9028347E-02   -6.9028347E-02
 2.9900    5.9946765E-04    6.7346960E-02   -6.7346960E-02
 3.0000    5.8096306E-04    6.5705374E-02   -6.5705374E-02
 3.0100    5.6303391E-04    6.4102860E-02   -6.4102860E-02
 3.0200    5.4566418E-04    6.2538750E-02   -6.2538750E-02
 3.0300    5.2883787E-04    6.1012339E-02   -6.1012339E-02
 3.0400    5.1253861E-04    5.9522837E-02   -5.9522837E-02
 3.0500    4.9674997E-04    5.8069407E-02   -5.8069407E-02
 3.0600    4.8145606E-04    5.6651234E-02   -5.6651234E-02
 3.0700    4.6664192E-04    5.5267570E-02   -5.5267570E-02
 3.0800    4.5229335E-04    5.3917717E-02   -5.3917717E-02
 3.0900    4.3839653E-04    5.2600991E-02   -5.2600991E-02
 3.1000    4.2493779E-04    5.1316686E-02   -5.1316686E-02
 3.1100    4.1190363E-04    5.0064083E-02   -5.0064083E-02
 3.1200    3.9928099E-04    4.8842478E-02   -4.8842478E-02
 3.1300    3.8705730E-04    4.7651196E-02   -4.7651196E-02
 3.1400    3.7522039E-04    4.6489577E-02   -4.6489577E-02
 3.1500    3.6375814E-04    4.5356935E-02   -4.5356935E-02
 3.1600    3.5265825E-04    4.4252527E-02   -4.4252527E-02
 3.1700    3.4190818E-04    4.3175550E-02   -4.3175550E-02
 3.1800    3.3149537E-04    4.2125161E-02   -4.2125161E-02
 3.1900    3.2140754E-04    4.1100518E-02   -4.1100518E-02
 3.2000    3.1163301E-04    4.0100822E-02   -4.0100822E-02
 3.2100    3.0216091E-04    3.9125348E-02   -3.9125348E-02
 3.2200    2.9298117E-04    3.8173442E-02   -3.8173442E-02
 3.2300    2.8408437E-04    3.7244509E-02   -3.7244509E-02
 3.2400    2.7546141E-04    3.6337969E-02   -3.6337969E-02
 3.2500    2.6710331E-04    3.5453234E-02   -3.5453234E-02
 3.2600    2.5900110E-04    3.4589690E-02   -3.4589690E-02
 3.2700    2.5114588E-04    3.3746709E-02   -3.3746709E-02
 3.2800    2.4352916E-04    3.2923691E-02   -3.2923691E-02
 3.2900    2.3614312E-04    3.2120105E-02   -3.2120105E-02
 3.3000    2.2898070E-04    3.1335500E-02   -3.1335500E-02
 3.3100    2.2203522E-04    3.0569456E-02   -3.0569456E-02
 3.3200    2.1529983E-04    2.9821516E-02   -2.9821516E-02
 3.3300    2.0876732E-04    2.9091148E-02   -2.9091148E-02
 3.3400    2.0243040E-04    2.8377788E-02   -2.8377788E-02
 3.3500    1.9628232E-04    2.7680929E-02   -2.7680929E-02
 3.3600    1.9031732E-04    2.7000184E-02   -2.7000184E-02
 3.3700    1.8453052E-04    2.6335276E-02   -2.6335276E-02
 3.3800    1.7891749E-04    2.5685975E-02   -2.5685975E-02
 3.3900    1.7347363E-04    2.5052019E-02   -2.5052019E-02
 3.4000    1.6819400E-04    2.4433078E-02   -2.4433078E-02
 3.4100    1.6307343E-04    2.3828781E-02   -2.3828781E-02
 3.4200    1.5810697E-04    2.3238768E-02   -2.3238768E-02
 3.4300    1.5329013E-04    2.2662734E-02   -2.2662734E-02
 3.4400    1.4861887E-04    2.2100429E-02   -2.2100429E-02
 3.4500    1.4408947E-04    2.1551639E-02   -2.1551639E-02
 3.4600    1.3969831E-04    2.1016153E-02   -2.1016153E-02
 3.4700    1.3544180E-04    2.0493754E-02   -2.0493754E-02
 3.4800    1.3131637E-04    1.9984221E-02   -1.9984221E-02
 3.4900    1.2731850E-04    1.9487325E-02   -1.9487325E-02
 3.5000    1.2344466E-04    1.9002829E-02   -1.9002829E-02
 3.5100    1.1969135E-04    1.8530488E-02   -1.8530488E-02
 3.5200    1.1605501E-04    1.8070039E-02   -1.8070039E-02
 3.5300    1.1253203E-04    1.7621197E-02   -1.7621197E-02
 3.5400    1.0911873E-04    1.7183661E-02   -1.7183661E-02
 3.5500    1.0581158E-04    1.6757135E-02   -1.6757135E-02
 3.5600    1.0260736E-04    1.6341366E-02   -1.6341366E-02
 3.5700    9.9503267E-05    1.5936158E-02   -1.5936158E-02
 3.5800    9.6496743E-05    1.5541344E-02   -1.5541344E-02
 3.5900    9.3585093E-05    1.5156727E-02   -1.5156727E-02
 3.6000    9.0765274E-05    1.4782047E-02   -1.4782047E-02
 3.6100    8.8033948E-05    1.4416985E-02   -1.4416985E-02
 3.6200    8.5387727E-05    1.4061202E-02   -1.4061202E-02
 3.6300    8.2823370E-05    1.3714375E-02   -1.3714375E-02
 3.6400    8.0337829E-05    1.3376199E-02   -1.3376199E-02
 3.6500    7.7928202E-05    1.3046387E-02   -1.3046387E-02
 3.6600    7.5591734E-05    1.2724664E-02   -1.2724664E-02
 3.6700    7.3325869E-05    1.2410784E-02   -1.2410784E-02
 3.6800    7.1128283E-05    1.2104527E-02   -1.2104527E-02
 3.6900    6.8996841E-05    1.1805702E-02   -1.1805702E-02
 3.7000    6.6929487E-05    1.1514122E-02   -1.1514122E-02
 3.7100    6.4924139E-05    1.1229590E-02   -1.1229590E-02
 3.7200    6.2978636E-05    1.0951888E-02   -1.0951888E-02
 3.7300    6.1090781E-05    1.0680786E-02   -1.0680786E-02
 3.7400    5.9258432E-05    1.0416054E-02   -1.0416054E-02
 3.7500    5.7479602E-05    1.0157484E-02   -1.0157484E-02
 3.7600    5.5752504E-05    9.9048962E-03   -9.9048962E-03
 3.7700    5.4075557E-05    9.6581416E-03   -9.6581416E-03
 3.7800    5.2447343E-05    9.4170950E-03   -9.4170950E-03
 3.7900    5.0866538E-05    9.1816444E-03   -9.1816444E-03
 3.8000    4.9331876E-05    8.9516829E-03   -8.9516829E-03
 3.8100    4.7842135E-05    8.7271084E-03   -8.7271084E-03
 3.8200    4.6396148E-05    8.5078243E-03   -8.5078243E-03
 3.8300    4.4992781E-05    8.2937368E-03   -8.2937368E-03
 3.8400    4.3630905E-05    8.0847489E-03   -8.0847489E-03
 3.8500    4.2309381E-05    7.8807580E-03   -7.8807580E-03
 3.8600    4.1027084E-05    7.6816608E-03   -7.6816608E-03
 3.8700    3.9782968E-05    7.4873645E-03   -7.4873645E-03
 3.8800    3.8576100E-05    7.2977946E-03   -7.2977946E-03
 3.8900    3.7405650E-05    7.1128929E-03   -7.1128929E-03
 3.9000    3.6270823E-05    6.9326056E-03   -6.9326056E-03
 3.9100    3.5170789E-05    6.7568688E-03   -6.7568688E-03
 3.9200    3.4104644E-05    6.5856027E-03   -6.5856027E-03
 3.9300    3.3071453E-05    6.4187172E-03   -6.4187172E-03
 3.9400    3.2070299E-05    6.2561235E-03   -6.2561235E-03
 3.9500    3.1100300E-05    6.0977362E-03   -6.0977362E-03
 3.9600    3.0160557E-05    5.9434635E-03   -5.9434635E-03
 3.9700    2.9250063E-05    5.7931888E-03   -5.7931888E-03
 3.9800    2.8367648E-05    5.6467600E-03   -5.6467600E-03
 3.9900    2.7512047E-05    5.5040016E-03   -5.5040016E-03
 4.0000    2.6682095E-05    5.3647536E-03   -5.3647536E-03
 4.0100    2.5876956E-05    5.2289176E-03   -5.2289176E-03
 4.0200    2.5096224E-05    5.0964803E-03   -5.0964803E-03
 4.0300    2.4339820E-05    4.9674936E-03   -4.9674936E-03
 4.0400    2.3607717E-05    4.8420201E-03   -4.8420201E-03
 4.0500    2.2899656E-05    4.7200747E-03   -4.7200747E-03
 4.0600    2.2214986E-05    4.6015905E-03   -4.6015905E-03
 4.0700    2.1552699E-05    4.4864243E-03   -4.4864243E-03
 4.0800    2.0911612E-05    4.3743921E-03   -4.3743921E-03
 4.0900    2.0290559E-05    4.2653088E-03   -4.2653088E-03
 4.1000    1.9688493E-05    4.1590109E-03   -4.1590109E-03
 4.1100    1.9104489E-05    4.0553554E-03   -4.0553554E-03
 4.1200    1.8537702E-05    3.9542142E-03   -3.9542142E-03
 4.1300    1.7987375E-05    3.8554738E-03   -3.8554738E-03
 4.1400    1.7452867E-05    3.7590434E-03   -3.7590434E-03
 4.1500    1.6933670E-05    3.6648579E-03   -3.6648579E-03
 4.1600    1.6429370E-05    3.5728719E-03   -3.5728719E-03
 4.1700    1.5939587E-05    3.4830447E-03   -3.4830447E-03
 4.1800    1.5463904E-05    3.3953267E-03   -3.3953267E-03
 4.1900    1.5001861E-05    3.3096574E-03   -3.3096574E-03
 4.2000    1.4553004E-05    3.2259756E-03   -3.2259756E-03
 4.2100    1.4116945E-05    3.1442334E-03   -3.1442334E-03
 4.2200    1.3693374E-05    3.0643985E-03   -3.0643985E-03
 4.2300    1.3282014E-05    2.9864451E-03   -2.9864451E-03
 4.2400    1.2882565E-05    2.9103412E-03   -2.9103412E-03
 4.2500    1.2494691E-05    2.8360458E-03   -2.8360458E-03
 4.2600    1.2118039E-05    2.7635123E-03   -2.7635123E-03
 4.2700    1.1752261E-05    2.6926942E-03   -2.6926942E-03
 4.2800    1.1397038E-05    2.6235503E-03   -2.6235503E-03
 4.2900    1.1052098E-05    2.5560490E-03   -2.5560490E-03
 4.3000    1.0717214E-05    2.4901681E-03   -2.4901681E-03
 4.3100    1.0392162E-05    2.4258857E-03   -2.4258857E-03
 4.3200    1.0076670E-05    2.3631668E-03   -2.3631668E-03
 4.3300    9.7703922E-06    2.3019594E-03   -2.3019594E-03
 4.3400    9.4729747E-06    2.2422070E-03   -2.2422070E-03
 4.3500    9.1841638E-06    2.1838761E-03   -2.1838761E-03
 4.3600    8.9038964E-06    2.1269777E-03   -2.1269777E-03
 4.3700    8.6322757E-06    2.0715625E-03   -2.0715625E-03
 4.3800    8.3694206E-06    2.0176855E-03   -2.0176855E-03
 4.3900    8.1152917E-06    1.9653642E-03   -1.9653642E-03
 4.4000    7.8696318E-06    1.9145629E-03   -1.9145629E-03
 4.4100    7.6320676E-06    1.8652165E-03   -1.8652165E-03
 4.4200    7.4022641E-06    1.8172680E-03   -1.8172680E-03
 4.4300    7.1799903E-06    1.7706844E-03   -1.7706844E-03
 4.4400    6.9650549E-06    1.7254419E-03   -1.7254419E-03
 4.4500    6.7572068E-06    1.6815009E-03   -1.6815009E-03
 4.4600    6.5561072E-06    1.6387988E-03   -1.6387988E-03
 4.4700    6.3613895E-06    1.5972647E-03   -1.5972647E-03
 4.4800    6.1727355E-06    1.5568385E-03   -1.5568385E-03
 4.4900    5.9898979E-06    1.5174765E-03   -1.5174765E-03
 4.5000    5.8126711E-06    1.4791446E-03   -1.4791446E-03
 4.5100    5.6408552E-06    1.4418096E-03   -1.4418096E-03
 4.5200    5.4742507E-06    1.4054371E-03   -1.4054371E-03
 4.5300    5.3126704E-06    1.3699955E-03   -1.3699955E-03
 4.5400    5.1559431E-06    1.3354563E-03   -1.3354563E-03
 4.5500    5.0039000E-06    1.3017911E-03   -1.3017911E-03
 4.5600    4.8563605E-06    1.2689674E-03   -1.2689674E-03
 4.5700    4.7131335E-06    1.2369496E-03   -1.2369496E-03
 4.5800    4.5740327E-06    1.2057023E-03   -1.2057023E-03
 4.5900    4.4388918E-06    1.1751946E-03   -1.1751946E-03
 4.6000    4.3075686E-06    1.1454015E-03   -1.1454015E-03
 4.6100    4.1799433E-06    1.1163030E-03   -1.1163030E-03
 4.6200    4.0559171E-06    1.0878847E-03   -1.0878847E-03
 4.6300    3.9354108E-06    1.0601368E-03   -1.0601368E-03
 4.6400    3.8183540E-06    1.0330516E-03   -1.0330516E-03
 4.6500    3.7046663E-06    1.0066184E-03   -1.0066184E-03
 4.6600    3.5942437E-06    9.8081978E-04   -9.8081978E-04
 4.6700    3.4869622E-06    9.5563240E-04   -9.5563240E-04
 4.6800    3.3826924E-06    9.3103086E-04   -9.3103086E-04
 4.6900    3.2813087E-06    9.0699029E-04   -9.0699029E-04
 4.7000    3.1826898E-06    8.8348644E-04   -8.8348644E-04
 4.7100    3.0867201E-06    8.6049614E-04   -8.6049614E-04
 4.7200    2.9933017E-06    8.3800065E-04   -8.3800065E-04
 4.7300    2.9023740E-06    8.1599128E-04   -8.1599128E-04
 4.7400    2.8139296E-06    7.9447415E-04   -7.9447415E-04
 4.7500    2.7280110E-06    7.7346951E-04   -7.7346951E-04
 4.7600    2.6446757E-06    7.5300212E-04   -7.5300212E-04
 4.7700    2.5639392E-06    7.3308501E-04   -7.3308501E-04
 4.7800    2.4857348E-06    7.1370781E-04   -7.1370781E-04
 4.7900    2.4099322E-06    6.9484145E-04   -6.9484145E-04
 4.8000    2.3364067E-06    6.7645791E-04   -6.7645791E-04
 4.8100    2.2651026E-06    6.5854870E-04   -6.5854870E-04
 4.8200    2.1960342E-06    6.4112549E-04   -6.4112549E-04
 4.8300    2.1292238E-06    6.2420241E-04   -6.2420241E-04
 4.8400    2.0646296E-06    6.0777486E-04   -6.0777486E-04
 4.8500    2.0021232E-06    5.9181250E-04   -5.9181250E-04
 4.8600    1.9415433E-06    5.7627461E-04   -5.7627461E-04
 4.8700    1.8827995E-06    5.6114080E-04   -5.6114080E-04
 4.8800    1.8259549E-06    5.4643632E-04   -5.4643632E-04
 4.8900    1.7712117E-06    5.3222840E-04   -5.3222840E-04
 4.9000    1.7187788E-06    5.1858745E-04   -5.1858745E-04
 4.9100    1.6687020E-06    5.0553547E-04   -5.0553547E-04
 4.9200    1.6207775E-06    4.9301880E-04   -4.9301880E-04
 4.9300    1.5746092E-06    4.8092403E-04   -4.8092403E-04
 4.9400    1.5297504E-06    4.6912041E-04   -4.6912041E-04
 4.9500    1.4858237E-06    4.5749625E-04   -4.5749625E-04
 4.9600    1.4425722E-06    4.4597526E-04   -4.4597526E-04
 4.9700    1.3998910E-06    4.3452709E-04   -4.3452709E-04
 4.9800    1.3578887E-06    4.2318741E-04   -4.2318741E-04
 4.9900    1.3169367E-06    4.1207460E-04   -4.1207460E-04
 5.0000    1.2775916E-06    4.0136725E-04   -4.0136725E-04
 5.0100    1.2403469E-06    3.9122670E-04   -3.9122670E-04
 5.0200    1.2053411E-06    3.8170449E-04   -3.8170449E-04
 5.0300    1.1722501E-06    3.7270578E-04   -3.7270578E-04
 5.0400    1.1404617E-06    3.6404213E-04   -3.6404213E-04
 5.0500    1.1093982E-06    3.5553313E-04   -3.5553313E-04
 5.0600    1.0787478E-06    3.4708099E-04   -3.4708099E-04
 5.0700    1.0484786E-06    3.3867674E-04   -3.3867674E-04
 5.0800    1.0186947E-06    3.3035533E-04   -3.3035533E-04
 5.0900    9.8947835E-07    3.2214524E-04   -3.2214524E-04
 5.1000    9.6082197E-07    3.1404591E-04   -3.1404591E-04
 5.1100    9.3266446E-07    3.0603923E-04   -3.0603923E-04
 5.1200    9.0498335E-07    2.9811949E-04   -2.9811949E-04
 5.1300    8.7786492E-07    2.9031688E-04   -2.9031688E-04
 5.1400    8.5149491E-07    2.8269502E-04   -2.8269502E-04
 5.1500    8.2607096E-07    2.7532248E-04   -2.7532248E-04
 5.1600    8.0169666E-07    2.6823741E-04   -2.6823741E-04
 5.1700    7.7832647E-07    2.6142839E-04   -2.6142839E-04
 5.1800    7.5578868E-07    2.5484127E-04   -2.5484127E-04
 5.1900    7.3386406E-07    2.4840492E-04   -2.4840492E-04
 5.2000    7.1237640E-07    2.4206170E-04   -2.4206170E-04
 5.2100    6.9125353E-07    2.3578853E-04   -2.3578853E-04
 5.2200    6.7053217E-07    2.2959926E-04   -2.2959926E-04
 5.2300    6.5030718E-07    2.2352793E-04   -2.2352793E-04
 5.2400    6.3065893E-07    2.1760406E-04   -2.1760406E-04
 5.2500    6.1160936E-07    2.1183738E-04   -2.1183738E-04
 5.2600    5.9313830E-07    2.0622310E-04   -2.0622310E-04
 5.2700    5.7524435E-07    2.0076290E-04   -2.0076290E-04
 5.2800    5.5799268E-07    1.9548175E-04   -1.9548175E-04
 5.2900    5.4149627E-07    1.9042181E-04   -1.9042181E-04
 5.3000    5.2583348E-07    1.8561362E-04   -1.8561362E-04
 5.3100    5.1096730E-07    1.8104728E-04   -1.8104728E-04
 5.3200    4.9673987E-07    1.7666973E-04   -1.7666973E-04
 5.3300    4.8295403E-07    1.7241303E-04   -1.7241303E-04
 5.3400    4.6947869E-07    1.6823187E-04   -1.6823187E-04
 5.3500    4.5629769E-07    1.6412158E-04   -1.6412158E-04
 5.3600    4.4347659E-07    1.6010694E-04   -1.6010694E-04
 5.3700    4.3109211E-07    1.5621708E-04   -1.5621708E-04
 5.3800    4.1918653E-07    1.5246906E-04   -1.5246906E-04
 5.3900    4.0776698E-07    1.4886735E-04   -1.4886735E-04
 5.4000    3.9682335E-07    1.4541011E-04   -1.4541011E-04
 5.4100    3.8633901E-07    1.4209309E-04   -1.4209309E-04
 5.4200    3.7629540E-07    1.3891123E-04   -1.3891123E-04
 5.4300    3.6667682E-07    1.3586043E-04   -1.3586043E-04
 5.4400    3.5746612E-07    1.3293598E-04   -1.3293598E-04
 5.4500    3.4862603E-07    1.3012558E-04   -1.3012558E-04
 5.4600    3.4008532E-07    1.2740399E-04   -1.2740399E-04
 5.4700    3.3175272E-07    1.2473807E-04   -1.2473807E-04
 5.4800    3.2355081E-07    1.2209938E-04   -1.2209938E-04
 5.4900    3.1544032E-07    1.1947355E-04   -1.1947355E-04
 5.5000    3.0741946E-07    1.1686019E-04   -1.1686019E-04
 5.5100    2.9951122E-07    1.1426840E-04   -1.1426840E-04
 5.5200    2.9175476E-07    1.1171358E-04   -1.1171358E-04
 5.5300    2.8420081E-07    1.0921579E-04   -1.0921579E-04
 5.5400    2.7690271E-07    1.0679640E-04   -1.0679640E-04
 5.5500    2.6990224E-07    1.0447258E-04   -1.0447258E-04
 5.5600    2.6321702E-07    1.0225238E-04   -1.0225238E-04
 5.5700    2.5683333E-07    1.0013171E-04   -1.0013171E-04
 5.5800    2.5070476E-07    9.8093640E-05   -9.8093640E-05
 5.5900    2.4475945E-07    9.6110967E-05   -9.6110967E-05
 5.6000    2.3892058E-07    9.4154151E-05   -9.4154151E-05
 5.6100    2.3313795E-07    9.2203743E-05   -9.2203743E-05
 5.6200    2.2741899E-07    9.0262889E-05   -9.0262889E-05
 5.6300    2.2184559E-07    8.8364426E-05   -8.8364426E-05
 5.6400    2.1656595E-07    8.6568172E-05   -8.6568172E-05
 5.6500    2.1175677E-07    8.4946221E-05   -8.4946221E-05
 5.6600    2.0756717E-07    8.3560571E-05   -8.3560571E-05
 5.6700    2.0407348E-07    8.2444665E-05   -8.2444665E-05
 5.6800    2.0126813E-07    8.1598383E-05   -8.1598383E-05
