# total charge: 6.000000 
# r(A)     rho (e/A^3)     4*pi*r^2*rho(e/A)  dip  
 0.0000   -1.6228773E-01   -0.0000000E+00    4.7873074E+01
 0.0100   -1.5865815E-01   -1.9937571E-04    4.7634505E+01
 0.0200   -1.5407605E-01   -7.7447070E-04    4.6925898E+01
 0.0300   -1.4835369E-01   -1.6778407E-03    4.5768216E+01
 0.0400   -1.4129499E-01   -2.8409044E-03    4.4195258E+01
 0.0500   -1.3268914E-01   -4.1685523E-03    4.2252008E+01
 0.0600   -1.2230674E-01   -5.5330267E-03    3.9992485E+01
 0.0700   -1.0992003E-01   -6.7683496E-03    3.7477240E+01
 0.0800   -9.5351744E-02   -7.6686422E-03    3.4770655E+01
 0.0900   -7.8524779E-02   -7.9928489E-03    3.1938223E+01
 0.1000   -5.9476986E-02   -7.4740985E-03    2.9043961E+01
 0.1100   -3.8333348E-02   -5.8287038E-03    2.6148090E+01
 0.1200   -1.5258386E-02   -2.7610924E-03    2.3305088E+01
 0.1300    9.5830073E-03    2.0351592E-03    2.0562196E+01
 0.1400    3.6043290E-02    8.8774934E-03    1.7958418E+01
 0.1500    6.3991625E-02    1.8093206E-02    1.5524018E+01
 0.1600    9.3304611E-02    3.0016008E-02    1.3280484E+01
 0.1700    1.2385745E-01    4.4981076E-02    1.1240908E+01
 0.1800    1.5552091E-01    6.3320403E-02    9.4106986E+00
 0.1900    1.8816450E-01    8.5360070E-02    7.7885377E+00
 0.2000    2.2166175E-01    1.1141935E-01    6.3674966E+00
 0.2100    2.5589259E-01    1.4180977E-01    5.1362217E+00
 0.2200    2.9074084E-01    1.7683216E-01    4.0801190E+00
 0.2300    3.2608942E-01    2.1677153E-01    3.1824730E+00
 0.2400    3.6181714E-01    2.6189155E-01    2.4254521E+00
 0.2500    3.9779882E-01    3.1243046E-01    1.7909656E+00
 0.2600    4.3390763E-01    3.6859874E-01    1.2613576E+00
 0.2700    4.7001750E-01    4.3057759E-01    8.1993459E-01
 0.2800    5.0600427E-01    4.9851716E-01    4.5133703E-01
 0.2900    5.4174614E-01    5.7253453E-01    1.4176936E-01
 0.3000    5.7712397E-01    6.5271183E-01   -1.2089002E-01
 0.3100    6.1202222E-01    7.3909530E-01   -3.4707701E-01
 0.3200    6.4632994E-01    8.3169501E-01   -5.4560443E-01
 0.3300    6.7994141E-01    9.3048469E-01   -7.2377642E-01
 0.3400    7.1275595E-01    1.0354009E+00   -8.8753462E-01
 0.3500    7.4467774E-01    1.1463423E+00   -1.0416204E+00
 0.3600    7.7561612E-01    1.2631697E+00   -1.1897414E+00
 0.3700    8.0548652E-01    1.3857076E+00   -1.3347339E+00
 0.3800    8.3421108E-01    1.5137460E+00   -1.4787124E+00
 0.3900    8.6171833E-01    1.6470410E+00   -1.6232023E+00
 0.4000    8.8794214E-01    1.7853136E+00   -1.7692540E+00
 0.4100    9.1282118E-01    1.9282498E+00   -1.9175384E+00
 0.4200    9.3629937E-01    2.0755021E+00   -2.0684289E+00
 0.4300    9.5832726E-01    2.2266944E+00   -2.2220702E+00
 0.4400    9.7886324E-01    2.3814268E+00   -2.3784337E+00
 0.4500    9.9787390E-01    2.5392798E+00   -2.5373617E+00
 0.4600    1.0153336E+00    2.6998167E+00   -2.6985998E+00
 0.4700    1.0312236E+00    2.8625851E+00   -2.8618207E+00
 0.4800    1.0455311E+00    3.0271175E+00   -3.0266422E+00
 0.4900    1.0582487E+00    3.1929328E+00   -3.1926401E+00
 0.5000    1.0693741E+00    3.3595379E+00   -3.3593595E+00
 0.5100    1.0789103E+00    3.5264325E+00   -3.5263248E+00
 0.5200    1.0868664E+00    3.6931140E+00   -3.6930497E+00
 0.5300    1.0932577E+00    3.8590832E+00   -3.8590451E+00
 0.5400    1.0981052E+00    4.0238458E+00   -4.0238235E+00
 0.5500    1.1014346E+00    4.1869131E+00   -4.1869002E+00
 0.5600    1.1032751E+00    4.3478017E+00   -4.3477943E+00
 0.5700    1.1036595E+00    4.5060362E+00   -4.5060320E+00
 0.5800    1.1026242E+00    4.6611530E+00   -4.6611506E+00
 0.5900    1.1002093E+00    4.8127044E+00   -4.8127030E+00
 0.6000    1.0964584E+00    4.9602608E+00   -4.9602601E+00
 0.6100    1.0914179E+00    5.1034117E+00   -5.1034113E+00
 0.6200    1.0851365E+00    5.2417656E+00   -5.2417654E+00
 0.6300    1.0776646E+00    5.3749517E+00   -5.3749516E+00
 0.6400    1.0690546E+00    5.5026220E+00   -5.5026219E+00
 0.6500    1.0593605E+00    5.6244535E+00   -5.6244535E+00
 0.6600    1.0486378E+00    5.7401499E+00   -5.7401499E+00
 0.6700    1.0369431E+00    5.8494415E+00   -5.8494415E+00
 0.6800    1.0243338E+00    5.9520861E+00   -5.9520861E+00
 0.6900    1.0108676E+00    6.0478680E+00   -6.0478680E+00
 0.7000    9.9660215E-01    6.1365993E+00   -6.1365993E+00
 0.7100    9.8159542E-01    6.2181198E+00   -6.2181198E+00
 0.7200    9.6590504E-01    6.2922981E+00   -6.2922981E+00
 0.7300    9.4958843E-01    6.3590319E+00   -6.3590319E+00
 0.7400    9.3270259E-01    6.4182479E+00   -6.4182479E+00
 0.7500    9.1530390E-01    6.4699020E+00   -6.4699020E+00
 0.7600    8.9744807E-01    6.5139793E+00   -6.5139793E+00
 0.7700    8.7918990E-01    6.5504933E+00   -6.5504933E+00
 0.7800    8.6058322E-01    6.5794856E+00   -6.5794856E+00
 0.7900    8.4168070E-01    6.6010256E+00   -6.6010256E+00
 0.8000    8.2253382E-01    6.6152095E+00   -6.6152095E+00
 0.8100    8.0319284E-01    6.6221609E+00   -6.6221609E+00
 0.8200    7.8370682E-01    6.6220308E+00   -6.6220308E+00
 0.8300    7.6412363E-01    6.6149974E+00   -6.6149974E+00
 0.8400    7.4448985E-01    6.6012658E+00   -6.6012658E+00
 0.8500    7.2485071E-01    6.5810666E+00   -6.5810666E+00
 0.8600    7.0525005E-01    6.5546558E+00   -6.5546558E+00
 0.8700    6.8573026E-01    6.5223137E+00   -6.5223137E+00
 0.8800    6.6633231E-01    6.4843446E+00   -6.4843446E+00
 0.8900    6.4709574E-01    6.4410760E+00   -6.4410760E+00
 0.9000    6.2805859E-01    6.3928577E+00   -6.3928577E+00
 0.9100    6.0925733E-01    6.3400607E+00   -6.3400607E+00
 0.9200    5.9072680E-01    6.2830742E+00   -6.2830742E+00
 0.9300    5.7249984E-01    6.2223027E+00   -6.2223027E+00
 0.9400    5.5460691E-01    6.1581583E+00   -6.1581583E+00
 0.9500    5.3707529E-01    6.0910511E+00   -6.0910511E+00
 0.9600    5.1992824E-01    6.0213758E+00   -6.0213758E+00
 0.9700    5.0318413E-01    5.9494972E+00   -5.9494972E+00
 0.9800    4.8685594E-01    5.8757388E+00   -5.8757388E+00
 0.9900    4.7095119E-01    5.8003760E+00   -5.8003760E+00
 1.0000    4.5547251E-01    5.7236363E+00   -5.7236363E+00
 1.0100    4.4041855E-01    5.6457055E+00   -5.6457055E+00
 1.0200    4.2578508E-01    5.5667363E+00   -5.5667363E+00
 1.0300    4.1156596E-01    5.4868586E+00   -5.4868586E+00
 1.0400    3.9775395E-01    5.4061867E+00   -5.4061867E+00
 1.0500    3.8434122E-01    5.3248261E+00   -5.3248261E+00
 1.0600    3.7131975E-01    5.2428767E+00   -5.2428767E+00
 1.0700    3.5868144E-01    5.1604352E+00   -5.1604352E+00
 1.0800    3.4641832E-01    5.0775969E+00   -5.0775969E+00
 1.0900    3.3452246E-01    4.9944554E+00   -4.9944554E+00
 1.1000    3.2298603E-01    4.9111022E+00   -4.9111022E+00
 1.1100    3.1180120E-01    4.8276258E+00   -4.8276258E+00
 1.1200    3.0096012E-01    4.7441112E+00   -4.7441112E+00
 1.1300    2.9045496E-01    4.6606399E+00   -4.6606399E+00
 1.1400    2.8027794E-01    4.5772905E+00   -4.5772905E+00
 1.1500    2.7042139E-01    4.4941399E+00   -4.4941399E+00
 1.1600    2.6087779E-01    4.4112630E+00   -4.4112630E+00
 1.1700    2.5163975E-01    4.3287334E+00   -4.3287334E+00
 1.1800    2.4269998E-01    4.2466222E+00   -4.2466222E+00
 1.1900    2.3405124E-01    4.1649974E+00   -4.1649974E+00
 1.2000    2.2568630E-01    4.0839231E+00   -4.0839231E+00
 1.2100    2.1759800E-01    4.0034601E+00   -4.0034601E+00
 1.2200    2.0977923E-01    3.9236659E+00   -3.9236659E+00
 1.2300    2.0222300E-01    3.8445953E+00   -3.8445953E+00
 1.2400    1.9492236E-01    3.7662998E+00   -3.7662998E+00
 1.2500    1.8787041E-01    3.6888269E+00   -3.6888269E+00
 1.2600    1.8106031E-01    3.6122203E+00   -3.6122203E+00
 1.2700    1.7448529E-01    3.5365201E+00   -3.5365201E+00
 1.2800    1.6813868E-01    3.4617638E+00   -3.4617638E+00
 1.2900    1.6201391E-01    3.3879859E+00   -3.3879859E+00
 1.3000    1.5610455E-01    3.3152183E+00   -3.3152183E+00
 1.3100    1.5040422E-01    3.2434893E+00   -3.2434893E+00
 1.3200    1.4490661E-01    3.1728236E+00   -3.1728236E+00
 1.3300    1.3960550E-01    3.1032422E+00   -3.1032422E+00
 1.3400    1.3449472E-01    3.0347623E+00   -3.0347623E+00
 1.3500    1.2956816E-01    2.9673973E+00   -2.9673973E+00
 1.3600    1.2481981E-01    2.9011567E+00   -2.9011567E+00
 1.3700    1.2024372E-01    2.8360469E+00   -2.8360469E+00
 1.3800    1.1583411E-01    2.7720720E+00   -2.7720720E+00
 1.3900    1.1158535E-01    2.7092347E+00   -2.7092347E+00
 1.4000    1.0749196E-01    2.6475363E+00   -2.6475363E+00
 1.4100    1.0354862E-01    2.5869760E+00   -2.5869760E+00
 1.4200    9.9750095E-02    2.5275507E+00   -2.5275507E+00
 1.4300    9.6091257E-02    2.4692543E+00   -2.4692543E+00
 1.4400    9.2567075E-02    2.4120782E+00   -2.4120782E+00
 1.4500    8.9172657E-02    2.3560124E+00   -2.3560124E+00
 1.4600    8.5903272E-02    2.3010459E+00   -2.3010459E+00
 1.4700    8.2754365E-02    2.2471675E+00   -2.2471675E+00
 1.4800    7.9721544E-02    2.1943657E+00   -2.1943657E+00
 1.4900    7.6800559E-02    2.1426280E+00   -2.1426280E+00
 1.5000    7.3987286E-02    2.0919412E+00   -2.0919412E+00
 1.5100    7.1277725E-02    2.0422908E+00   -2.0422908E+00
 1.5200    6.8668013E-02    1.9936619E+00   -1.9936619E+00
 1.5300    6.6154427E-02    1.9460394E+00   -1.9460394E+00
 1.5400    6.3733387E-02    1.8994082E+00   -1.8994082E+00
 1.5500    6.1401446E-02    1.8537530E+00   -1.8537530E+00
 1.5600    5.9155287E-02    1.8090586E+00   -1.8090586E+00
 1.5700    5.6991722E-02    1.7653099E+00   -1.7653099E+00
 1.5800    5.4907694E-02    1.7224921E+00   -1.7224921E+00
 1.5900    5.2900270E-02    1.6805909E+00   -1.6805909E+00
 1.6000    5.0966638E-02    1.6395921E+00   -1.6395921E+00
 1.6100    4.9104105E-02    1.5994822E+00   -1.5994822E+00
 1.6200    4.7310084E-02    1.5602479E+00   -1.5602479E+00
 1.6300    4.5582085E-02    1.5218760E+00   -1.5218760E+00
 1.6400    4.3917708E-02    1.4843531E+00   -1.4843531E+00
 1.6500    4.2314639E-02    1.4476661E+00   -1.4476661E+00
 1.6600    4.0770655E-02    1.4118018E+00   -1.4118018E+00
 1.6700    3.9283621E-02    1.3767476E+00   -1.3767476E+00
 1.6800    3.7851487E-02    1.3424910E+00   -1.3424910E+00
 1.6900    3.6472279E-02    1.3090197E+00   -1.3090197E+00
 1.7000    3.5144095E-02    1.2763215E+00   -1.2763215E+00
 1.7100    3.3865096E-02    1.2443839E+00   -1.2443839E+00
 1.7200    3.2633504E-02    1.2131946E+00   -1.2131946E+00
 1.7300    3.1447601E-02    1.1827408E+00   -1.1827408E+00
 1.7400    3.0305727E-02    1.1530100E+00   -1.1530100E+00
 1.7500    2.9206281E-02    1.1239894E+00   -1.1239894E+00
 1.7600    2.8147716E-02    1.0956664E+00   -1.0956664E+00
 1.7700    2.7128539E-02    1.0680284E+00   -1.0680284E+00
 1.7800    2.6147311E-02    1.0410627E+00   -1.0410627E+00
 1.7900    2.5202637E-02    1.0147567E+00   -1.0147567E+00
 1.8000    2.4293167E-02    9.8909730E-01   -9.8909730E-01
 1.8100    2.3417590E-02    9.6407144E-01   -9.6407144E-01
 1.8200    2.2574632E-02    9.3966560E-01   -9.3966560E-01
 1.8300    2.1763059E-02    9.1586609E-01   -9.1586609E-01
 1.8400    2.0981674E-02    8.9265911E-01   -8.9265911E-01
 1.8500    2.0229321E-02    8.7003080E-01   -8.7003080E-01
 1.8600    1.9504886E-02    8.4796744E-01   -8.4796744E-01
 1.8700    1.8807300E-02    8.2645559E-01   -8.2645559E-01
 1.8800    1.8135534E-02    8.0548214E-01   -8.0548214E-01
 1.8900    1.7488603E-02    7.8503421E-01   -7.8503421E-01
 1.9000    1.6865551E-02    7.6509894E-01   -7.6509894E-01
 1.9100    1.6265456E-02    7.4566343E-01   -7.4566343E-01
 1.9200    1.5687425E-02    7.2671476E-01   -7.2671476E-01
 1.9300    1.5130599E-02    7.0824023E-01   -7.0824023E-01
 1.9400    1.4594153E-02    6.9022744E-01   -6.9022744E-01
 1.9500    1.4077299E-02    6.7266439E-01   -6.7266439E-01
 1.9600    1.3579281E-02    6.5553939E-01   -6.5553939E-01
 1.9700    1.3099372E-02    6.3884102E-01   -6.3884102E-01
 1.9800    1.2636874E-02    6.2255810E-01   -6.2255810E-01
 1.9900    1.2191118E-02    6.0667981E-01   -6.0667981E-01
 2.0000    1.1761465E-02    5.9119571E-01   -5.9119571E-01
 2.0100    1.1347304E-02    5.7609572E-01   -5.7609572E-01
 2.0200    1.0948048E-02    5.6137010E-01   -5.6137010E-01
 2.0300    1.0563135E-02    5.4700937E-01   -5.4700937E-01
 2.0400    1.0192027E-02    5.3300438E-01   -5.3300438E-01
 2.0500    9.8342099E-03    5.1934632E-01   -5.1934632E-01
 2.0600    9.4891916E-03    5.0602680E-01   -5.0602680E-01
 2.0700    9.1565034E-03    4.9303780E-01   -4.9303780E-01
 2.0800    8.8356972E-03    4.8037164E-01   -4.8037164E-01
 2.0900    8.5263441E-03    4.6802095E-01   -4.6802095E-01
 2.1000    8.2280340E-03    4.5597867E-01   -4.5597867E-01
 2.1100    7.9403734E-03    4.4423800E-01   -4.4423800E-01
 2.1200    7.6629841E-03    4.3279228E-01   -4.3279228E-01
 2.1300    7.3955013E-03    4.2163503E-01   -4.2163503E-01
 2.1400    7.1375727E-03    4.1075982E-01   -4.1075982E-01
 2.1500    6.8888580E-03    4.0016032E-01   -4.0016032E-01
 2.1600    6.6490295E-03    3.8983033E-01   -3.8983033E-01
 2.1700    6.4177725E-03    3.7976387E-01   -3.7976387E-01
 2.1800    6.1947849E-03    3.6995515E-01   -3.6995515E-01
 2.1900    5.9797761E-03    3.6039854E-01   -3.6039854E-01
 2.2000    5.7724649E-03    3.5108844E-01   -3.5108844E-01
 2.2100    5.5725773E-03    3.4201922E-01   -3.4201922E-01
 2.2200    5.3798458E-03    3.3318515E-01   -3.3318515E-01
 2.2300    5.1940099E-03    3.2458046E-01   -3.2458046E-01
 2.2400    5.0148182E-03    3.1619944E-01   -3.1619944E-01
 2.2500    4.8420295E-03    3.0803661E-01   -3.0803661E-01
 2.2600    4.6754128E-03    3.0008667E-01   -3.0008667E-01
 2.2700    4.5147452E-03    2.9234443E-01   -2.9234443E-01
 2.2800    4.3598103E-03    2.8480470E-01   -2.8480470E-01
 2.2900    4.2103965E-03    2.7746220E-01   -2.7746220E-01
 2.3000    4.0662976E-03    2.7031161E-01   -2.7031161E-01
 2.3100    3.9273129E-03    2.6334758E-01   -2.6334758E-01
 2.3200    3.7932484E-03    2.5656482E-01   -2.5656482E-01
 2.3300    3.6639171E-03    2.4995818E-01   -2.4995818E-01
 2.3400    3.5391401E-03    2.4352263E-01   -2.4352263E-01
 2.3500    3.4187460E-03    2.3725339E-01   -2.3725339E-01
 2.3600    3.3025715E-03    2.3114585E-01   -2.3114585E-01
 2.3700    3.1904597E-03    2.2519556E-01   -2.2519556E-01
 2.3800    3.0822594E-03    2.1939815E-01   -2.1939815E-01
 2.3900    2.9778234E-03    2.1374926E-01   -2.1374926E-01
 2.4000    2.8770095E-03    2.0824455E-01   -2.0824455E-01
 2.4100    2.7796802E-03    2.0287979E-01   -2.0287979E-01
 2.4200    2.6857041E-03    1.9765088E-01   -1.9765088E-01
 2.4300    2.5949559E-03    1.9255393E-01   -1.9255393E-01
 2.4400    2.5073169E-03    1.8758528E-01   -1.8758528E-01
 2.4500    2.4226748E-03    1.8274149E-01   -1.8274149E-01
 2.4600    2.3409224E-03    1.7801930E-01   -1.7801930E-01
 2.4700    2.2619574E-03    1.7341561E-01   -1.7341561E-01
 2.4800    2.1856811E-03    1.6892737E-01   -1.6892737E-01
 2.4900    2.1119983E-03    1.6455160E-01   -1.6455160E-01
 2.5000    2.0408169E-03    1.6028538E-01   -1.6028538E-01
 2.5100    1.9720488E-03    1.5612591E-01   -1.5612591E-01
 2.5200    1.9056100E-03    1.5207050E-01   -1.5207050E-01
 2.5300    1.8414206E-03    1.4811666E-01   -1.4811666E-01
 2.5400    1.7794047E-03    1.4426203E-01   -1.4426203E-01
 2.5500    1.7194902E-03    1.4050440E-01   -1.4050440E-01
 2.5600    1.6616079E-03    1.3684166E-01   -1.3684166E-01
 2.5700    1.6056915E-03    1.3327179E-01   -1.3327179E-01
 2.5800    1.5516770E-03    1.2979280E-01   -1.2979280E-01
 2.5900    1.4995026E-03    1.2640278E-01   -1.2640278E-01
 2.6000    1.4491085E-03    1.2309984E-01   -1.2309984E-01
 2.6100    1.4004364E-03    1.1988208E-01   -1.1988208E-01
 2.6200    1.3534297E-03    1.1674765E-01   -1.1674765E-01
 2.6300    1.3080332E-03    1.1369467E-01   -1.1369467E-01
 2.6400    1.2641935E-03    1.1072133E-01   -1.1072133E-01
 2.6500    1.2218589E-03    1.0782580E-01   -1.0782580E-01
 2.6600    1.1809789E-03    1.0500628E-01   -1.0500628E-01
 2.6700    1.1415041E-03    1.0226096E-01   -1.0226096E-01
 2.6800    1.1033867E-03    9.9588044E-02   -9.9588044E-02
 2.6900    1.0665803E-03    9.6985764E-02   -9.6985764E-02
 2.7000    1.0310399E-03    9.4452371E-02   -9.4452371E-02
 2.7100    9.9672163E-04    9.1986126E-02   -9.1986126E-02
 2.7200    9.6358266E-04    8.9585279E-02   -8.9585279E-02
 2.7300    9.3158098E-04    8.7248059E-02   -8.7248059E-02
 2.7400    9.0067552E-04    8.4972687E-02   -8.4972687E-02
 2.7500    8.7082629E-04    8.2757390E-02   -8.2757390E-02
 2.7600    8.4199447E-04    8.0600413E-02   -8.0600413E-02
 2.7700    8.1414239E-04    7.8500021E-02   -7.8500021E-02
 2.7800    7.8723364E-04    7.6454509E-02   -7.6454509E-02
 2.7900    7.6123324E-04    7.4462226E-02   -7.4462226E-02
 2.8000    7.3610776E-04    7.2521591E-02   -7.2521591E-02
 2.8100    7.1182536E-04    7.0631099E-02   -7.0631099E-02
 2.8200    6.8835554E-04    6.8789301E-02   -6.8789301E-02
 2.8300    6.6566891E-04    6.6994787E-02   -6.6994787E-02
 2.8400    6.4373697E-04    6.5246166E-02   -6.5246166E-02
 2.8500    6.2253199E-04    6.3542055E-02   -6.3542055E-02
 2.8600    6.0202689E-04    6.1881070E-02   -6.1881070E-02
 2.8700    5.8219541E-04    6.0261847E-02   -6.0261847E-02
 2.8800    5.6301238E-04    5.8683065E-02   -5.8683065E-02
 2.8900    5.4445410E-04    5.7143498E-02   -5.7143498E-02
 2.9000    5.2649863E-04    5.5642048E-02   -5.5642048E-02
 2.9100    5.0912584E-04    5.4177752E-02   -5.4177752E-02
 2.9200    4.9231720E-04    5.2749770E-02   -5.2749770E-02
 2.9300    4.7605539E-04    5.1357348E-02   -5.1357348E-02
 2.9400    4.6032382E-04    4.9999766E-02   -4.9999766E-02
 2.9500    4.4510615E-04    4.8676293E-02   -4.8676293E-02
 2.9600    4.3038598E-04    4.7386147E-02   -4.7386147E-02
 2.9700    4.1614688E-04    4.6128507E-02   -4.6128507E-02
 2.9800    4.0237280E-04    4.4902551E-02   -4.4902551E-02
 2.9900    3.8904860E-04    4.3707513E-02   -4.3707513E-02
 3.0000    3.7616022E-04    4.2542719E-02   -4.2542719E-02
 3.0100    3.6369469E-04    4.1407576E-02   -4.1407576E-02
 3.0200    3.5163964E-04    4.0301534E-02   -4.0301534E-02
 3.0300    3.3998294E-04    3.9224033E-02   -3.9224033E-02
 3.0400    3.2871248E-04    3.8174488E-02   -3.8174488E-02
 3.0500    3.1781622E-04    3.7152291E-02   -3.7152291E-02
 3.0600    3.0728232E-04    3.6156825E-02   -3.6156825E-02
 3.0700    2.9709926E-04    3.5187481E-02   -3.5187481E-02
 3.0800    2.8725590E-04    3.4243666E-02   -3.4243666E-02
 3.0900    2.7774151E-04    3.3324805E-02   -3.3324805E-02
 3.1000    2.6854582E-04    3.2430351E-02   -3.2430351E-02
 3.1100    2.5965901E-04    3.1559786E-02   -3.1559786E-02
 3.1200    2.5107170E-04    3.0712617E-02   -3.0712617E-02
 3.1300    2.4277473E-04    2.9888356E-02   -2.9888356E-02
 3.1400    2.3475894E-04    2.9086489E-02   -2.9086489E-02
 3.1500    2.2701496E-04    2.8306453E-02   -2.8306453E-02
 3.1600    2.1953312E-04    2.7547620E-02   -2.7547620E-02
 3.1700    2.1230358E-04    2.6809314E-02   -2.6809314E-02
 3.1800    2.0531657E-04    2.6090842E-02   -2.6090842E-02
 3.1900    1.9856278E-04    2.5391541E-02   -2.5391541E-02
 3.2000    1.9203354E-04    2.4710806E-02   -2.4710806E-02
 3.2100    1.8572084E-04    2.4048089E-02   -2.4048089E-02
 3.2200    1.7961715E-04    2.3402886E-02   -2.3402886E-02
 3.2300    1.7371518E-04    2.2774701E-02   -2.2774701E-02
 3.2400    1.6800767E-04    2.2163022E-02   -2.2163022E-02
 3.2500    1.6248731E-04    2.1567313E-02   -2.1567313E-02
 3.2600    1.5714689E-04    2.0987024E-02   -2.0987024E-02
 3.2700    1.5197943E-04    2.0421619E-02   -2.0421619E-02
 3.2800    1.4697847E-04    1.9870613E-02   -1.9870613E-02
 3.2900    1.4213821E-04    1.9333590E-02   -1.9333590E-02
 3.3000    1.3745342E-04    1.8810195E-02   -1.8810195E-02
 3.3100    1.3291899E-04    1.8300076E-02   -1.8300076E-02
 3.3200    1.2852968E-04    1.7802847E-02   -1.7802847E-02
 3.3300    1.2428002E-04    1.7318076E-02   -1.7318076E-02
 3.3400    1.2016466E-04    1.6845331E-02   -1.6845331E-02
 3.3500    1.1617875E-04    1.6384235E-02   -1.6384235E-02
 3.3600    1.1231812E-04    1.5934493E-02   -1.5934493E-02
 3.3700    1.0857916E-04    1.5495877E-02   -1.5495877E-02
 3.3800    1.0495861E-04    1.5068198E-02   -1.5068198E-02
 3.3900    1.0145325E-04    1.4651269E-02   -1.4651269E-02
 3.4000    9.8059754E-05    1.4244870E-02   -1.4244870E-02
 3.4100    9.4774552E-05    1.3848743E-02   -1.3848743E-02
 3.4200    9.1593918E-05    1.3462593E-02   -1.3462593E-02
 3.4300    8.8514152E-05    1.3086117E-02   -1.3086117E-02
 3.4400    8.5531860E-05    1.2719050E-02   -1.2719050E-02
 3.4500    8.2644195E-05    1.2361194E-02   -1.2361194E-02
 3.4600    7.9848899E-05    1.2012433E-02   -1.2012433E-02
 3.4700    7.7144093E-05    1.1672705E-02   -1.1672705E-02
 3.4800    7.4527938E-05    1.1341943E-02   -1.1341943E-02
 3.4900    7.1998377E-05    1.1020046E-02   -1.1020046E-02
 3.5000    6.9553114E-05    1.0706870E-02   -1.0706870E-02
 3.5100    6.7189737E-05    1.0402244E-02   -1.0402244E-02
 3.5200    6.4905822E-05    1.0105990E-02   -1.0105990E-02
 3.5300    6.2698920E-05    9.8179165E-03   -9.8179165E-03
 3.5400    6.0566499E-05    9.5378142E-03   -9.5378142E-03
 3.5500    5.8505976E-05    9.2654560E-03   -9.2654560E-03
 3.5600    5.6514865E-05    9.0006227E-03   -9.0006227E-03
 3.5700    5.4590922E-05    8.7431258E-03   -8.7431258E-03
 3.5800    5.2732144E-05    8.4928087E-03   -8.4928087E-03
 3.5900    5.0936615E-05    8.2495231E-03   -8.2495231E-03
 3.6000    4.9202331E-05    8.0130997E-03   -8.0130997E-03
 3.6100    4.7527142E-05    7.7833394E-03   -7.7833394E-03
 3.6200    4.5908815E-05    7.5600225E-03   -7.5600225E-03
 3.6300    4.4345119E-05    7.3429225E-03   -7.3429225E-03
 3.6400    4.2833868E-05    7.1318127E-03   -7.1318127E-03
 3.6500    4.1372953E-05    6.9264725E-03   -6.9264725E-03
 3.6600    3.9960412E-05    6.7266989E-03   -6.7266989E-03
 3.6700    3.8594488E-05    6.5323173E-03   -6.5323173E-03
 3.6800    3.7273579E-05    6.3431736E-03   -6.3431736E-03
 3.6900    3.5996054E-05    6.1591034E-03   -6.1591034E-03
 3.7000    3.4760049E-05    5.9798969E-03   -5.9798969E-03
 3.7100    3.3563444E-05    5.8052938E-03   -5.8052938E-03
 3.7200    3.2404095E-05    5.6350223E-03   -5.6350223E-03
 3.7300    3.1280186E-05    5.4688606E-03   -5.4688606E-03
 3.7400    3.0190433E-05    5.3066740E-03   -5.3066740E-03
 3.7500    2.9133995E-05    5.1484020E-03   -5.1484020E-03
 3.7600    2.8110198E-05    4.9940106E-03   -4.9940106E-03
 3.7700    2.7118289E-05    4.8434504E-03   -4.8434504E-03
 3.7800    2.6157371E-05    4.6966430E-03   -4.6966430E-03
 3.7900    2.5226459E-05    4.5534919E-03   -4.5534919E-03
 3.8000    2.4324575E-05    4.4138982E-03   -4.4138982E-03
 3.8100    2.3450806E-05    4.2777715E-03   -4.2777715E-03
 3.8200    2.2604316E-05    4.1450327E-03   -4.1450327E-03
 3.8300    2.1784321E-05    4.0156092E-03   -4.0156092E-03
 3.8400    2.0990062E-05    3.8894306E-03   -3.8894306E-03
 3.8500    2.0220795E-05    3.7664270E-03   -3.7664270E-03
 3.8600    1.9475827E-05    3.6465349E-03   -3.6465349E-03
 3.8700    1.8754548E-05    3.5297049E-03   -3.5297049E-03
 3.8800    1.8056449E-05    3.4159041E-03   -3.4159041E-03
 3.8900    1.7381084E-05    3.3051100E-03   -3.3051100E-03
 3.9000    1.6727993E-05    3.1972966E-03   -3.1972966E-03
 3.9100    1.6096642E-05    3.0924214E-03   -3.0924214E-03
 3.9200    1.5486411E-05    2.9904240E-03   -2.9904240E-03
 3.9300    1.4896661E-05    2.8912383E-03   -2.8912383E-03
 3.9400    1.4326813E-05    2.7948076E-03   -2.7948076E-03
 3.9500    1.3776368E-05    2.7010884E-03   -2.7010884E-03
 3.9600    1.3244835E-05    2.6100378E-03   -2.6100378E-03
 3.9700    1.2731617E-05    2.5215898E-03   -2.5215898E-03
 3.9800    1.2235930E-05    2.4356393E-03   -2.4356393E-03
 3.9900    1.1756843E-05    2.3520491E-03   -2.3520491E-03
 4.0000    1.1293453E-05    2.2706834E-03   -2.2706834E-03
 4.0100    1.0845099E-05    2.1914528E-03   -2.1914528E-03
 4.0200    1.0411498E-05    2.1143417E-03   -2.1143417E-03
 4.0300    9.9926954E-06    2.0394009E-03   -2.0394009E-03
 4.0400    9.5888643E-06    1.9667075E-03   -1.9667075E-03
 4.0500    9.2000672E-06    1.8963169E-03   -1.8963169E-03
 4.0600    8.8260956E-06    1.8282288E-03   -1.8282288E-03
 4.0700    8.4664408E-06    1.7623800E-03   -1.7623800E-03
 4.0800    8.1203791E-06    1.6986601E-03   -1.6986601E-03
 4.0900    7.7870979E-06    1.6369376E-03   -1.6369376E-03
 4.1000    7.4657878E-06    1.5770782E-03   -1.5770782E-03
 4.1100    7.1556708E-06    1.5189513E-03   -1.5189513E-03
 4.1200    6.8559969E-06    1.4624294E-03   -1.4624294E-03
 4.1300    6.5660559E-06    1.4073903E-03   -1.4073903E-03
 4.1400    6.2852246E-06    1.3537278E-03   -1.3537278E-03
 4.1500    6.0130264E-06    1.3013651E-03   -1.3013651E-03
 4.1600    5.7491588E-06    1.2502614E-03   -1.2502614E-03
 4.1700    5.4934516E-06    1.2004036E-03   -1.2004036E-03
 4.1800    5.2457756E-06    1.1517869E-03   -1.1517869E-03
 4.1900    5.0059765E-06    1.1044008E-03   -1.1044008E-03
 4.2000    4.7738829E-06    1.0582303E-03   -1.0582303E-03
 4.2100    4.5493506E-06    1.0132660E-03   -1.0132660E-03
 4.2200    4.3322641E-06    9.6950419E-04   -9.6950419E-04
 4.2300    4.1224883E-06    9.2693661E-04   -9.2693661E-04
 4.2400    3.9198401E-06    8.8554356E-04   -8.8554356E-04
 4.2500    3.7241142E-06    8.4529971E-04   -8.4529971E-04
 4.2600    3.5351125E-06    8.0618053E-04   -8.0618053E-04
 4.2700    3.3526244E-06    7.6815791E-04   -7.6815791E-04
 4.2800    3.1763961E-06    7.3119305E-04   -7.3119305E-04
 4.2900    3.0061542E-06    6.9524153E-04   -6.9524153E-04
 4.3000    2.8416642E-06    6.6026690E-04   -6.6026690E-04
 4.3100    2.6827348E-06    6.2624193E-04   -6.2624193E-04
 4.3200    2.5291330E-06    5.9312882E-04   -5.9312882E-04
 4.3300    2.3804965E-06    5.6085836E-04   -5.6085836E-04
 4.3400    2.2363801E-06    5.2934028E-04   -5.2934028E-04
 4.3500    2.0964729E-06    4.9851431E-04   -4.9851431E-04
 4.3600    1.9608335E-06    4.6840720E-04   -4.6840720E-04
 4.3700    1.8299083E-06    4.3913906E-04   -4.3913906E-04
 4.3800    1.7042471E-06    4.1085696E-04   -4.1085696E-04
 4.3900    1.5841294E-06    3.8364502E-04   -3.8364502E-04
 4.4000    1.4694328E-06    3.5749085E-04   -3.5749085E-04
 4.4100    1.3598410E-06    3.3233430E-04   -3.3233430E-04
 4.4200    1.2551428E-06    3.0813962E-04   -3.0813962E-04
 4.4300    1.1553024E-06    2.8491349E-04   -2.8491349E-04
 4.4400    1.0602695E-06    2.6265887E-04   -2.6265887E-04
 4.4500    9.6978139E-07    2.4132579E-04   -2.4132579E-04
 4.4600    8.8338505E-07    2.2081554E-04   -2.2081554E-04
 4.4700    8.0063090E-07    2.0102833E-04   -2.0102833E-04
 4.4800    7.2121470E-07    1.8189906E-04   -1.8189906E-04
 4.4900    6.4494110E-07    1.6338892E-04   -1.6338892E-04
 4.5000    5.7160351E-07    1.4545538E-04   -1.4545538E-04
 4.5100    5.0094597E-07    1.2804241E-04   -1.2804241E-04
 4.5200    4.3274030E-07    1.1110000E-04   -1.1110000E-04
 4.5300    3.6686664E-07    9.4605087E-05   -9.4605087E-05
 4.5400    3.0329690E-07    7.8557841E-05   -7.8557841E-05
 4.5500    2.4200510E-07    6.2958907E-05   -6.2958907E-05
 4.5600    1.8290459E-07    4.7792984E-05   -4.7792984E-05
 4.5700    1.2586655E-07    3.3033348E-05   -3.3033348E-05
 4.5800    7.0779516E-08    1.8657283E-05   -1.8657283E-05
 4.5900    1.7575127E-08    4.6530070E-06   -4.6530070E-06
 4.6000   -3.3800749E-08   -8.9877681E-06    8.9877681E-06
 4.6100   -8.3418880E-08   -2.2277993E-05    2.2277993E-05
 4.6200   -1.3133876E-07   -3.5227896E-05    3.5227896E-05
 4.6300   -1.7753175E-07   -4.7824217E-05    4.7824217E-05
 4.6400   -2.2183656E-07   -6.0017645E-05    6.0017645E-05
 4.6500   -2.6401544E-07   -7.1737312E-05    7.1737312E-05
 4.6600   -3.0389086E-07   -8.2927645E-05    8.2927645E-05
 4.6700   -3.4146877E-07   -9.3582494E-05    9.3582494E-05
 4.6800   -3.7696350E-07   -1.0375305E-04    1.0375305E-04
 4.6900   -4.1071411E-07   -1.1352596E-04    1.1352596E-04
 4.7000   -4.4305792E-07   -1.2298895E-04    1.2298895E-04
 4.7100   -4.7424866E-07   -1.3220802E-04    1.3220802E-04
 4.7200   -5.0446011E-07   -1.4122796E-04    1.4122796E-04
 4.7300   -5.3384398E-07   -1.5008818E-04    1.5008818E-04
 4.7400   -5.6257508E-07   -1.5883530E-04    1.5883530E-04
 4.7500   -5.9083390E-07   -1.6751839E-04    1.6751839E-04
 4.7600   -6.1870877E-07   -1.7616111E-04    1.7616111E-04
 4.7700   -6.4604505E-07   -1.8471809E-04    1.8471809E-04
 4.7800   -6.7235279E-07   -1.9304692E-04    1.9304692E-04
 4.7900   -6.9693378E-07   -2.0094278E-04    2.0094278E-04
 4.8000   -7.1926527E-07   -2.0824828E-04    2.0824828E-04
 4.8100   -7.3941569E-07   -2.1497536E-04    2.1497536E-04
 4.8200   -7.5814952E-07   -2.2133944E-04    2.2133944E-04
 4.8300   -7.7659763E-07   -2.2766705E-04    2.2766705E-04
 4.8400   -7.9573032E-07   -2.3424293E-04    2.3424293E-04
 4.8500   -8.1598058E-07   -2.4119770E-04    2.4119770E-04
 4.8600   -8.3712526E-07   -2.4846936E-04    2.4846936E-04
 4.8700   -8.5828342E-07   -2.5579880E-04    2.5579880E-04
 4.8800   -8.7797314E-07   -2.6274275E-04    2.6274275E-04
 4.8900   -8.9442680E-07   -2.6876480E-04    2.6876480E-04
 4.9000   -9.0630447E-07   -2.7344888E-04    2.7344888E-04
 4.9100   -9.1346424E-07   -2.7673520E-04    2.7673520E-04
 4.9200   -9.1714113E-07   -2.7898204E-04    2.7898204E-04
 4.9300   -9.1930506E-07   -2.8077818E-04    2.8077818E-04
 4.9400   -9.2175394E-07   -2.8266938E-04    2.8266938E-04
 4.9500   -9.2571254E-07   -2.8503383E-04    2.8503383E-04
 4.9600   -9.3204409E-07   -2.8814406E-04    2.8814406E-04
 4.9700   -9.4140808E-07   -2.9221369E-04    2.9221369E-04
 4.9800   -9.5376639E-07   -2.9724227E-04    2.9724227E-04
 4.9900   -9.6756011E-07   -3.0275332E-04    3.0275332E-04
 5.0000   -9.7962767E-07   -3.0775911E-04    3.0775911E-04
 5.0100   -9.8651504E-07   -3.1116377E-04    3.1116377E-04
 5.0200   -9.8647956E-07   -3.1239595E-04    3.1239595E-04
 5.0300   -9.8062592E-07   -3.1178068E-04    3.1178068E-04
 5.0400   -9.7225504E-07   -3.1034956E-04    3.1034956E-04
 5.0500   -9.6499915E-07   -3.0925701E-04    3.0925701E-04
 5.0600   -9.6111757E-07   -3.0923413E-04    3.0923413E-04
 5.0700   -9.6085271E-07   -3.1037205E-04    3.1037205E-04
 5.0800   -9.6280588E-07   -3.1223100E-04    3.1223100E-04
 5.0900   -9.6483110E-07   -3.1412082E-04    3.1412082E-04
 5.1000   -9.6502783E-07   -3.1542060E-04    3.1542060E-04
 5.1100   -9.6256450E-07   -3.1585045E-04    3.1585045E-04
 5.1200   -9.5805763E-07   -3.1560321E-04    3.1560321E-04
 5.1300   -9.5327289E-07   -3.1525489E-04    3.1525489E-04
 5.1400   -9.5022081E-07   -3.1547187E-04    3.1547187E-04
 5.1500   -9.5012973E-07   -3.1667022E-04    3.1667022E-04
 5.1600   -9.5288863E-07   -3.1882430E-04    3.1882430E-04
 5.1700   -9.5720539E-07   -3.2151119E-04    3.2151119E-04
 5.1800   -9.6123982E-07   -3.2411650E-04    3.2411650E-04
 5.1900   -9.6328418E-07   -3.2606111E-04    3.2606111E-04
 5.2000   -9.6223526E-07   -3.2696240E-04    3.2696240E-04
 5.2100   -9.5782735E-07   -3.2671761E-04    3.2671761E-04
 5.2200   -9.5064382E-07   -3.2551327E-04    3.2551327E-04
 5.2300   -9.4188471E-07   -3.2375090E-04    3.2375090E-04
 5.2400   -9.3292766E-07   -3.2189958E-04    3.2189958E-04
 5.2500   -9.2486416E-07   -3.2033650E-04    3.2033650E-04
 5.2600   -9.1823063E-07   -3.1925164E-04    3.1925164E-04
 5.2700   -9.1299738E-07   -3.1864024E-04    3.1864024E-04
 5.2800   -9.0869506E-07   -3.1834342E-04    3.1834342E-04
 5.2900   -9.0455471E-07   -3.1809442E-04    3.1809442E-04
 5.3000   -8.9968262E-07   -3.1757838E-04    3.1757838E-04
 5.3100   -8.9335040E-07   -3.1653427E-04    3.1653427E-04
 5.3200   -8.8533429E-07   -3.1487662E-04    3.1487662E-04
 5.3300   -8.7606497E-07   -3.1275236E-04    3.1275236E-04
 5.3400   -8.6641021E-07   -3.1046735E-04    3.1046735E-04
 5.3500   -8.5720160E-07   -3.0831908E-04    3.0831908E-04
 5.3600   -8.4883653E-07   -3.0645274E-04    3.0645274E-04
 5.3700   -8.4120481E-07   -3.0483174E-04    3.0483174E-04
 5.3800   -8.3391204E-07   -3.0331554E-04    3.0331554E-04
 5.3900   -8.2658949E-07   -3.0177084E-04    3.0177084E-04
 5.4000   -8.1911526E-07   -3.0015280E-04    3.0015280E-04
 5.4100   -8.1168752E-07   -2.9853363E-04    2.9853363E-04
 5.4200   -8.0473551E-07   -2.9707192E-04    2.9707192E-04
 5.4300   -7.9867111E-07   -2.9592217E-04    2.9592217E-04
 5.4400   -7.9358761E-07   -2.9512265E-04    2.9512265E-04
 5.4500   -7.8912731E-07   -2.9454384E-04    2.9454384E-04
 5.4600   -7.8466230E-07   -2.9395303E-04    2.9395303E-04
 5.4700   -7.7967115E-07   -2.9315411E-04    2.9315411E-04
 5.4800   -7.7402141E-07   -2.9209489E-04    2.9209489E-04
 5.4900   -7.6797591E-07   -2.9087216E-04    2.9087216E-04
 5.5000   -7.6199588E-07   -2.8965956E-04    2.8965956E-04
 5.5100   -7.5654436E-07   -2.8863398E-04    2.8863398E-04
 5.5200   -7.5200756E-07   -2.8794545E-04    2.8794545E-04
 5.5300   -7.4869083E-07   -2.8771509E-04    2.8771509E-04
 5.5400   -7.4678197E-07   -2.8802038E-04    2.8802038E-04
 5.5500   -7.4623901E-07   -2.8885094E-04    2.8885094E-04
 5.5600   -7.4666467E-07   -2.9005814E-04    2.9005814E-04
 5.5700   -7.4728571E-07   -2.9134457E-04    2.9134457E-04
 5.5800   -7.4712376E-07   -2.9232826E-04    2.9232826E-04
 5.5900   -7.4532912E-07   -2.9267227E-04    2.9267227E-04
 5.6000   -7.4149668E-07   -2.9221004E-04    2.9221004E-04
 5.6100   -7.3571712E-07   -2.9096882E-04    2.9096882E-04
 5.6200   -7.2827618E-07   -2.8905374E-04    2.8905374E-04
 5.6300   -7.1924567E-07   -2.8648633E-04    2.8648633E-04
 5.6400   -7.0838205E-07   -2.8316242E-04    2.8316242E-04
 5.6500   -6.9549037E-07   -2.7899594E-04    2.7899594E-04
 5.6600   -6.8094122E-07   -2.7412734E-04    2.7412734E-04
 5.6700   -6.6586616E-07   -2.6900659E-04    2.6900659E-04
 5.6800   -6.5186198E-07   -2.6427871E-04    2.6427871E-04
 5.6900   -6.4043396E-07   -2.6056060E-04    2.6056060E-04
 5.7000   -6.3254559E-07   -2.5825659E-04    2.5825659E-04
 5.7100   -6.2854029E-07   -2.5752251E-04    2.5752251E-04
 5.7200   -6.2846895E-07   -2.5839598E-04    2.5839598E-04
 5.7300   -6.3249599E-07   -2.6096177E-04    2.6096177E-04
 5.7400   -6.4076977E-07   -2.6529903E-04    2.6529903E-04
 5.7500   -6.5243422E-07   -2.7107052E-04    2.7107052E-04
 5.7600   -6.6445349E-07   -2.7702529E-04    2.7702529E-04
 5.7700   -6.7174061E-07   -2.8103674E-04    2.8103674E-04
 5.7800   -6.6945710E-07   -2.8105304E-04    2.8105304E-04
 5.7900   -6.5629867E-07   -2.7648305E-04    2.7648305E-04
 5.8000   -6.3605467E-07   -2.6888111E-04    2.6888111E-04
 5.8100   -6.1572004E-07   -2.6118331E-04    2.6118331E-04
 5.8200   -6.0135746E-07   -2.5596969E-04    2.5596969E-04
 5.8300   -5.9484313E-07   -2.5406768E-04    2.5406768E-04
 5.8400   -5.9366811E-07   -2.5443642E-04    2.5443642E-04
 5.8500   -5.9332510E-07   -2.5516101E-04    2.5516101E-04
 5.8600   -5.9012137E-07   -2.5465162E-04    2.5465162E-04
 5.8700   -5.8262928E-07   -2.5227741E-04    2.5227741E-04
 5.8800   -5.7146523E-07   -2.4828720E-04    2.4828720E-04
 5.8900   -5.5826206E-07   -2.4337646E-04    2.4337646E-04
 5.9000   -5.4486853E-07   -2.3834476E-04    2.3834476E-04
 5.9100   -5.3308006E-07   -2.3397921E-04    2.3397921E-04
 5.9200   -5.2436807E-07   -2.3093487E-04    2.3093487E-04
 5.9300   -5.1911142E-07   -2.2939283E-04    2.2939283E-04
 5.9400   -5.1579126E-07   -2.2869503E-04    2.2869503E-04
 5.9500   -5.1124986E-07   -2.2744532E-04    2.2744532E-04
 5.9600   -5.0235738E-07   -2.2424108E-04    2.2424108E-04
 5.9700   -4.8794223E-07   -2.1853798E-04    2.1853798E-04
 5.9800   -4.6938591E-07   -2.1093191E-04    2.1093191E-04
 5.9900   -4.4950414E-07   -2.0267361E-04    2.0267361E-04
 6.0000   -4.3088378E-07   -1.9492723E-04    1.9492723E-04
 6.0100   -4.1506306E-07   -1.8839653E-04    1.8839653E-04
 6.0200   -4.0283334E-07   -1.8345445E-04    1.8345445E-04
 6.0300   -3.9489416E-07   -1.8043684E-04    1.8043684E-04
 6.0400   -3.9208233E-07   -1.7974674E-04    1.7974674E-04
 6.0500   -3.9508479E-07   -1.8172343E-04    1.8172343E-04
 6.0600   -4.0403320E-07   -1.8645420E-04    1.8645420E-04
 6.0700   -4.1823440E-07   -1.9364532E-04    1.9364532E-04
 6.0800   -4.3588064E-07   -2.0248115E-04    2.0248115E-04
 6.0900   -4.5362672E-07   -2.1141854E-04    2.1141854E-04
 6.1000   -4.6656330E-07   -2.1816250E-04    2.1816250E-04
 6.1100   -4.6942526E-07   -2.2022101E-04    2.2022101E-04
 6.1200   -4.5892593E-07   -2.1600078E-04    2.1600078E-04
 6.1300   -4.3563339E-07   -2.0570838E-04    2.0570838E-04
 6.1400   -4.0370988E-07   -1.9125641E-04    1.9125641E-04
 6.1500   -3.6862315E-07   -1.7520347E-04    1.7520347E-04
 6.1600   -3.3471719E-07   -1.5960603E-04    1.5960603E-04
 6.1700   -3.0432325E-07   -1.4558456E-04    1.4558456E-04
 6.1800   -2.7833429E-07   -1.3358372E-04    1.3358372E-04
 6.1900   -2.5700089E-07   -1.2374447E-04    1.2374447E-04
 6.2000   -2.4021054E-07   -1.1603401E-04    1.1603401E-04
 6.2100   -2.2758046E-07   -1.1028794E-04    1.1028794E-04
 6.2200   -2.1881748E-07   -1.0638310E-04    1.0638310E-04
 6.2300   -2.1405529E-07   -1.0440275E-04    1.0440275E-04
 6.2400   -2.1354748E-07   -1.0448970E-04    1.0448970E-04
 6.2500   -2.1675325E-07   -1.0639850E-04    1.0639850E-04
 6.2600   -2.2167711E-07   -1.0916399E-04    1.0916399E-04
 6.2700   -2.2526434E-07   -1.1128520E-04    1.1128520E-04
 6.2800   -2.2472323E-07   -1.1137228E-04    1.1137228E-04
 6.2900   -2.1880349E-07   -1.0878409E-04    1.0878409E-04
 6.3000   -2.0812712E-07   -1.0380533E-04    1.0380533E-04
 6.3100   -1.9453360E-07   -9.7333692E-05    9.7333692E-05
 6.3200   -1.8018473E-07   -9.0440301E-05    9.0440301E-05
 6.3300   -1.6711345E-07   -8.4145072E-05    8.4145072E-05
 6.3400   -1.5717181E-07   -7.9389493E-05    7.9389493E-05
 6.3500   -1.5184830E-07   -7.6942671E-05    7.6942671E-05
 6.3600   -1.5169904E-07   -7.7109329E-05    7.7109329E-05
 6.3700   -1.5571334E-07   -7.9398910E-05    7.9398910E-05
 6.3800   -1.6113363E-07   -8.2420910E-05    8.2420910E-05
 6.3900   -1.6401417E-07   -8.4157524E-05    8.4157524E-05
 6.4000   -1.6044998E-07   -8.2586581E-05    8.2586581E-05
 6.4100   -1.4805668E-07   -7.6445854E-05    7.6445854E-05
 6.4200   -1.2700381E-07   -6.5780424E-05    6.5780424E-05
 6.4300   -1.0000575E-07   -5.1958521E-05    5.1958521E-05
 6.4400   -7.1287635E-08   -3.7153164E-05    3.7153164E-05
 6.4500   -4.5187329E-08   -2.3623593E-05    2.3623593E-05
 6.4600   -2.5106789E-08   -1.3166371E-05    1.3166371E-05
 6.4700   -1.3012904E-08   -6.8453028E-06    6.8453028E-06
 6.4800   -9.2292995E-09   -4.8699961E-06    4.8699961E-06
 6.4900   -1.2307909E-08   -6.5145369E-06    6.5145369E-06
 6.5000   -1.9146324E-08   -1.0165342E-05    1.0165342E-05
 6.5100   -2.5683080E-08   -1.3677885E-05    1.3677885E-05
 6.5200   -2.8161024E-08   -1.5043660E-05    1.5043660E-05
 6.5300   -2.4404460E-08   -1.3076919E-05    1.3076919E-05
 6.5400   -1.4413982E-08   -7.7472817E-06    7.7472817E-06
 6.5500   -3.2711667E-11   -1.7635799E-08    1.7635799E-08
 6.5600    1.5986633E-08    8.6451902E-06   -8.6451902E-06
 6.5700    3.1000580E-08    1.6815525E-05   -1.6815525E-05
 6.5800    4.3239713E-08    2.3525803E-05   -2.3525803E-05
 6.5900    5.2155284E-08    2.8462891E-05   -2.8462891E-05
 6.6000    5.8275670E-08    3.1899583E-05   -3.1899583E-05
 6.6100    6.2675475E-08    3.4412040E-05   -3.4412040E-05
 6.6200    6.6376195E-08    3.6554277E-05   -3.6554277E-05
 6.6300    6.9993386E-08    3.8662856E-05   -3.8662856E-05
 6.6400    7.3687711E-08    4.0826400E-05   -4.0826400E-05
 6.6500    7.7259738E-08    4.2934497E-05   -4.2934497E-05
 6.6600    8.0259049E-08    4.4735504E-05   -4.4735504E-05
 6.6700    8.2130461E-08    4.5916185E-05   -4.5916185E-05
 6.6800    8.2466591E-08    4.6242449E-05   -4.6242449E-05
 6.6900    8.1329497E-08    4.5741477E-05   -4.5741477E-05
 6.7000    7.9465588E-08    4.4826886E-05   -4.4826886E-05
 6.7100    7.8208137E-08    4.4249345E-05   -4.4249345E-05
 6.7200    7.9007050E-08    4.4834699E-05   -4.4834699E-05
 6.7300    8.2778742E-08    4.7114958E-05   -4.7114958E-05
 6.7400    8.9441222E-08    5.1058421E-05   -5.1058421E-05
 6.7500    9.7929740E-08    5.6070188E-05   -5.6070188E-05
 6.7600    1.0670355E-07    6.1274829E-05   -6.1274829E-05
 6.7700    1.1445385E-07    6.5920062E-05   -6.5920062E-05
 6.7800    1.2061662E-07    6.9674909E-05   -6.9674909E-05
 6.7900    1.2544201E-07    7.2676233E-05   -7.2676233E-05
 6.8000    1.2964922E-07    7.5335142E-05   -7.5335142E-05
 6.8100    1.3391058E-07    7.8040307E-05   -7.8040307E-05
 6.8200    1.3846545E-07    8.0931956E-05   -8.0931956E-05
 6.8300    1.4308014E-07    8.3874634E-05   -8.3874634E-05
 6.8400    1.4737400E-07    8.6644886E-05   -8.6644886E-05
 6.8500    1.5127856E-07    8.9200728E-05   -8.9200728E-05
 6.8600    1.5524928E-07    9.1809515E-05   -9.1809515E-05
 6.8700    1.5999632E-07    9.4892818E-05   -9.4892818E-05
 6.8800    1.6589422E-07    9.8677466E-05   -9.8677466E-05
 6.8900    1.7254033E-07    1.0292928E-04   -1.0292928E-04
 6.9000    1.7886172E-07    1.0701026E-04   -1.0701026E-04
 6.9100    1.8374687E-07    1.1025185E-04   -1.1025185E-04
 6.9200    1.8673616E-07    1.1237003E-04   -1.1237003E-04
 6.9300    1.8822713E-07    1.1359483E-04   -1.1359483E-04
 6.9400    1.8906575E-07    1.1443047E-04   -1.1443047E-04
 6.9500    1.8995961E-07    1.1530304E-04   -1.1530304E-04
 6.9600    1.9126765E-07    1.1643133E-04   -1.1643133E-04
 6.9700    1.9322383E-07    1.1796036E-04   -1.1796036E-04
 6.9800    1.9613666E-07    1.2008243E-04   -1.2008243E-04
 6.9900    2.0023810E-07    1.2294501E-04   -1.2294501E-04
 7.0000    2.0540096E-07    1.2647608E-04   -1.2647608E-04
 7.0100    2.1110501E-07    1.3036003E-04   -1.3036003E-04
 7.0200    2.1668189E-07    1.3418584E-04   -1.3418584E-04
