# total charge: 7.000000 
# r(A)     rho (e/A^3)     4*pi*r^2*rho(e/A)  dip  
 0.0000    1.2807039E-01    0.0000000E+00    5.5851919E+01
 0.0100    1.3355420E-01    1.6782916E-04    5.5573189E+01
 0.0200    1.4047537E-01    7.0610622E-04    5.4745271E+01
 0.0300    1.4911505E-01    1.6864515E-03    5.3392608E+01
 0.0400    1.5976486E-01    3.2122631E-03    5.1554607E+01
 0.0500    1.7273576E-01    5.4266540E-03    4.9283719E+01
 0.0600    1.8836358E-01    8.5213674E-03    4.6642923E+01
 0.0700    2.0697876E-01    1.2744762E-02    4.3702806E+01
 0.0800    2.2883323E-01    1.8403860E-02    4.0538414E+01
 0.0900    2.5402585E-01    2.5856682E-02    3.7226078E+01
 0.1000    2.8248036E-01    3.5497529E-02    3.3840404E+01
 0.1100    3.1398741E-01    4.7742754E-02    3.0451562E+01
 0.1200    3.4827642E-01    6.3022616E-02    2.7123025E+01
 0.1300    3.8507477E-01    8.1778970E-02    2.3909824E+01
 0.1400    4.2413490E-01    1.0446479E-01    2.0857380E+01
 0.1500    4.6523412E-01    1.3154185E-01    1.8000922E+01
 0.1600    5.0816181E-01    1.6347519E-01    1.5365442E+01
 0.1700    5.5270694E-01    2.0072553E-01    1.2966145E+01
 0.1800    5.9865320E-01    2.4374189E-01    1.0809280E+01
 0.1900    6.4578234E-01    2.9295656E-01    8.8932575E+00
 0.2000    6.9388063E-01    3.4878245E-01    7.2099529E+00
 0.2100    7.4274215E-01    4.1161057E-01    5.7460929E+00
 0.2200    7.9216647E-01    4.8180542E-01    4.4846376E+00
 0.2300    8.4195350E-01    5.5969785E-01    3.4060874E+00
 0.2400    8.9190025E-01    6.4557787E-01    2.4896564E+00
 0.2500    9.4180163E-01    7.3968927E-01    1.7142728E+00
 0.2600    9.9145365E-01    8.4222664E-01    1.0593890E+00
 0.2700    1.0406561E+00    9.5333298E-01    5.0559789E-01
 0.2800    1.0892132E+00    1.0730966E+00    3.5066623E-02
 0.2900    1.1369334E+00    1.2015473E+00   -3.6819276E-01
 0.3000    1.1836297E+00    1.3386537E+00   -7.1819493E-01
 0.3100    1.2291226E+00    1.4843231E+00   -1.0269685E+00
 0.3200    1.2732424E+00    1.6384036E+00   -1.3046313E+00
 0.3300    1.3158313E+00    1.8006859E+00   -1.5595263E+00
 0.3400    1.3567433E+00    1.9709036E+00   -1.7983930E+00
 0.3500    1.3958423E+00    2.1487323E+00   -2.0265567E+00
 0.3600    1.4330023E+00    2.3337900E+00   -2.2481237E+00
 0.3700    1.4681091E+00    2.5256411E+00   -2.4661719E+00
 0.3800    1.5010605E+00    2.7238003E+00   -2.6829277E+00
 0.3900    1.5317665E+00    2.9277343E+00   -2.8999225E+00
 0.4000    1.5601470E+00    3.1368618E+00   -3.1181255E+00
 0.4100    1.5861310E+00    3.3505541E+00   -3.3380575E+00
 0.4200    1.6096574E+00    3.5681400E+00   -3.5598880E+00
 0.4300    1.6306772E+00    3.7889143E+00   -3.7835194E+00
 0.4400    1.6491558E+00    4.0121476E+00   -4.0086556E+00
 0.4500    1.6650726E+00    4.2370937E+00   -4.2348560E+00
 0.4600    1.6784204E+00    4.4629938E+00   -4.4615741E+00
 0.4700    1.6892034E+00    4.6890788E+00   -4.6881870E+00
 0.4800    1.6974356E+00    4.9145714E+00   -4.9140169E+00
 0.4900    1.7031400E+00    5.1386895E+00   -5.1383481E+00
 0.5000    1.7063479E+00    5.3606501E+00   -5.3604419E+00
 0.5100    1.7070993E+00    5.5796762E+00   -5.5795506E+00
 0.5200    1.7054436E+00    5.7950062E+00   -5.7949312E+00
 0.5300    1.7014397E+00    6.0059011E+00   -6.0058567E+00
 0.5400    1.6951553E+00    6.2116486E+00   -6.2116226E+00
 0.5500    1.6866645E+00    6.4115636E+00   -6.4115485E+00
 0.5600    1.6760468E+00    6.6049883E+00   -6.6049797E+00
 0.5700    1.6633861E+00    6.7912957E+00   -6.7912908E+00
 0.5800    1.6487711E+00    6.9698947E+00   -6.9698919E+00
 0.5900    1.6322951E+00    7.1402359E+00   -7.1402343E+00
 0.6000    1.6140553E+00    7.3018142E+00   -7.3018133E+00
 0.6100    1.5941522E+00    7.4541704E+00   -7.4541700E+00
 0.6200    1.5726883E+00    7.5968913E+00   -7.5968910E+00
 0.6300    1.5497678E+00    7.7296103E+00   -7.7296102E+00
 0.6400    1.5254957E+00    7.8520094E+00   -7.8520093E+00
 0.6500    1.4999778E+00    7.9638195E+00   -7.9638194E+00
 0.6600    1.4733198E+00    8.0648214E+00   -8.0648213E+00
 0.6700    1.4456271E+00    8.1548458E+00   -8.1548458E+00
 0.6800    1.4170044E+00    8.2337732E+00   -8.2337732E+00
 0.6900    1.3875553E+00    8.3015337E+00   -8.3015337E+00
 0.7000    1.3573815E+00    8.3581058E+00   -8.3581058E+00
 0.7100    1.3265830E+00    8.4035152E+00   -8.4035152E+00
 0.7200    1.2952574E+00    8.4378333E+00   -8.4378333E+00
 0.7300    1.2634996E+00    8.4611750E+00   -8.4611750E+00
 0.7400    1.2314015E+00    8.4736979E+00   -8.4736979E+00
 0.7500    1.1990521E+00    8.4756001E+00   -8.4756001E+00
 0.7600    1.1665373E+00    8.4671192E+00   -8.4671192E+00
 0.7700    1.1339395E+00    8.4485307E+00   -8.4485307E+00
 0.7800    1.1013379E+00    8.4201469E+00   -8.4201469E+00
 0.7900    1.0688086E+00    8.3823152E+00   -8.3823152E+00
 0.8000    1.0364239E+00    8.3354160E+00   -8.3354160E+00
 0.8100    1.0042530E+00    8.2798609E+00   -8.2798609E+00
 0.8200    9.7236122E-01    8.2160902E+00   -8.2160902E+00
 0.8300    9.4081063E-01    8.1445720E+00   -8.1445720E+00
 0.8400    9.0965995E-01    8.0658011E+00   -8.0658011E+00
 0.8500    8.7896471E-01    7.9802989E+00   -7.9802989E+00
 0.8600    8.4877731E-01    7.8886108E+00   -7.8886108E+00
 0.8700    8.1914686E-01    7.7913039E+00   -7.7913039E+00
 0.8800    7.9011896E-01    7.6889616E+00   -7.6889616E+00
 0.8900    7.6173548E-01    7.5821795E+00   -7.5821795E+00
 0.9000    7.3403442E-01    7.4715604E+00   -7.4715604E+00
 0.9100    7.0704972E-01    7.3577089E+00   -7.3577089E+00
 0.9200    6.8081068E-01    7.2412223E+00   -7.2412223E+00
 0.9300    6.5534099E-01    7.1226745E+00   -7.1226745E+00
 0.9400    6.3065745E-01    7.0025965E+00   -7.0025965E+00
 0.9500    6.0676886E-01    6.8814564E+00   -6.8814564E+00
 0.9600    5.8367583E-01    6.7596474E+00   -6.7596474E+00
 0.9700    5.6137151E-01    6.6374872E+00   -6.6374872E+00
 0.9800    5.3984320E-01    6.5152285E+00   -6.5152285E+00
 0.9900    5.1907426E-01    6.3930743E+00   -6.3930743E+00
 1.0000    4.9904567E-01    6.2711929E+00   -6.2711929E+00
 1.0100    4.7973712E-01    6.1497284E+00   -6.1497284E+00
 1.0200    4.6112764E-01    6.0288067E+00   -6.0288067E+00
 1.0300    4.4319596E-01    5.9085389E+00   -5.9085389E+00
 1.0400    4.2592072E-01    5.7890235E+00   -5.7890235E+00
 1.0500    4.0928070E-01    5.6703482E+00   -5.6703482E+00
 1.0600    3.9325495E-01    5.5525924E+00   -5.5525924E+00
 1.0700    3.7782300E-01    5.4358293E+00   -5.4358293E+00
 1.0800    3.6296490E-01    5.3201271E+00   -5.3201271E+00
 1.0900    3.4866134E-01    5.2055505E+00   -5.2055505E+00
 1.1000    3.3489354E-01    5.0921596E+00   -5.0921596E+00
 1.1100    3.2164319E-01    4.9800097E+00   -4.9800097E+00
 1.1200    3.0889245E-01    4.8691505E+00   -4.8691505E+00
 1.1300    2.9662389E-01    4.7596265E+00   -4.7596265E+00
 1.1400    2.8482063E-01    4.6514784E+00   -4.6514784E+00
 1.1500    2.7346637E-01    4.5447445E+00   -4.5447445E+00
 1.1600    2.6254544E-01    4.4394618E+00   -4.4394618E+00
 1.1700    2.5204277E-01    4.3356661E+00   -4.3356661E+00
 1.1800    2.4194381E-01    4.2333911E+00   -4.2333911E+00
 1.1900    2.3223446E-01    4.1326673E+00   -4.1326673E+00
 1.2000    2.2290102E-01    4.0335218E+00   -4.0335218E+00
 1.2100    2.1393020E-01    3.9359784E+00   -3.9359784E+00
 1.2200    2.0530918E-01    3.8400591E+00   -3.8400591E+00
 1.2300    1.9702560E-01    3.7457841E+00   -3.7457841E+00
 1.2400    1.8906750E-01    3.6531719E+00   -3.6531719E+00
 1.2500    1.8142329E-01    3.5622379E+00   -3.5622379E+00
 1.2600    1.7408169E-01    3.4729942E+00   -3.4729942E+00
 1.2700    1.6703179E-01    3.3854502E+00   -3.3854502E+00
 1.2800    1.6026300E-01    3.2996135E+00   -3.2996135E+00
 1.2900    1.5376515E-01    3.2154902E+00   -3.2154902E+00
 1.3000    1.4752838E-01    3.1330849E+00   -3.1330849E+00
 1.3100    1.4154316E-01    3.0523993E+00   -3.0523993E+00
 1.3200    1.3580017E-01    2.9734323E+00   -2.9734323E+00
 1.3300    1.3029037E-01    2.8961793E+00   -2.8961793E+00
 1.3400    1.2500490E-01    2.8206324E+00   -2.8206324E+00
 1.3500    1.1993515E-01    2.7467799E+00   -2.7467799E+00
 1.3600    1.1507273E-01    2.6746077E+00   -2.6746077E+00
 1.3700    1.1040952E-01    2.6040992E+00   -2.6040992E+00
 1.3800    1.0593770E-01    2.5352370E+00   -2.5352370E+00
 1.3900    1.0164971E-01    2.4680025E+00   -2.4680025E+00
 1.4000    9.7538288E-02    2.4023765E+00   -2.4023765E+00
 1.4100    9.3596390E-02    2.3383375E+00   -2.3383375E+00
 1.4200    8.9817157E-02    2.2758617E+00   -2.2758617E+00
 1.4300    8.6193917E-02    2.2149226E+00   -2.2149226E+00
 1.4400    8.2720194E-02    2.1554919E+00   -2.1554919E+00
 1.4500    7.9389734E-02    2.0975398E+00   -2.0975398E+00
 1.4600    7.6196528E-02    2.0410364E+00   -2.0410364E+00
 1.4700    7.3134817E-02    1.9859518E+00   -1.9859518E+00
 1.4800    7.0199083E-02    1.9322563E+00   -1.9322563E+00
 1.4900    6.7384025E-02    1.8799199E+00   -1.8799199E+00
 1.5000    6.4684540E-02    1.8289123E+00   -1.8289123E+00
 1.5100    6.2095719E-02    1.7792027E+00   -1.7792027E+00
 1.5200    5.9612851E-02    1.7307603E+00   -1.7307603E+00
 1.5300    5.7231428E-02    1.6835550E+00   -1.6835550E+00
 1.5400    5.4947142E-02    1.6375569E+00   -1.6375569E+00
 1.5500    5.2755875E-02    1.5927371E+00   -1.5927371E+00
 1.5600    5.0653687E-02    1.5490667E+00   -1.5490667E+00
 1.5700    4.8636809E-02    1.5065177E+00   -1.5065177E+00
 1.5800    4.6701638E-02    1.4650625E+00   -1.4650625E+00
 1.5900    4.4844733E-02    1.4246742E+00   -1.4246742E+00
 1.6000    4.3062816E-02    1.3853269E+00   -1.3853269E+00
 1.6100    4.1352772E-02    1.3469958E+00   -1.3469958E+00
 1.6200    3.9711635E-02    1.3096573E+00   -1.3096573E+00
 1.6300    3.8136577E-02    1.2732884E+00   -1.2732884E+00
 1.6400    3.6624897E-02    1.2378670E+00   -1.2378670E+00
 1.6500    3.5174010E-02    1.2033713E+00   -1.2033713E+00
 1.6600    3.3781450E-02    1.1697804E+00   -1.1697804E+00
 1.6700    3.2444869E-02    1.1370743E+00   -1.1370743E+00
 1.6800    3.1162027E-02    1.1052337E+00   -1.1052337E+00
 1.6900    2.9930783E-02    1.0742401E+00   -1.0742401E+00
 1.7000    2.8749087E-02    1.0440751E+00   -1.0440751E+00
 1.7100    2.7614966E-02    1.0147209E+00   -1.0147209E+00
 1.7200    2.6526526E-02    9.8615945E-01   -9.8615945E-01
 1.7300    2.5481948E-02    9.5837328E-01   -9.5837328E-01
 1.7400    2.4479483E-02    9.3134505E-01   -9.3134505E-01
 1.7500    2.3517455E-02    9.0505774E-01   -9.0505774E-01
 1.7600    2.2594254E-02    8.7949467E-01   -8.7949467E-01
 1.7700    2.1708337E-02    8.5463948E-01   -8.5463948E-01
 1.7800    2.0858221E-02    8.3047609E-01   -8.3047609E-01
 1.7900    2.0042479E-02    8.0698855E-01   -8.0698855E-01
 1.8000    1.9259735E-02    7.8416089E-01   -7.8416089E-01
 1.8100    1.8508655E-02    7.6197702E-01   -7.6197702E-01
 1.8200    1.7787951E-02    7.4042070E-01   -7.4042070E-01
 1.8300    1.7096374E-02    7.1947557E-01   -7.1947557E-01
 1.8400    1.6432719E-02    6.9912518E-01   -6.9912518E-01
 1.8500    1.5795823E-02    6.7935313E-01   -6.7935313E-01
 1.8600    1.5184567E-02    6.6014323E-01   -6.6014323E-01
 1.8700    1.4597882E-02    6.4147970E-01   -6.4147970E-01
 1.8800    1.4034744E-02    6.2334728E-01   -6.2334728E-01
 1.8900    1.3494176E-02    6.0573106E-01   -6.0573106E-01
 1.9000    1.2975235E-02    5.8861632E-01   -5.8861632E-01
 1.9100    1.2477011E-02    5.7198830E-01   -5.7198830E-01
 1.9200    1.1998624E-02    5.5583227E-01   -5.5583227E-01
 1.9300    1.1539229E-02    5.4013368E-01   -5.4013368E-01
 1.9400    1.1098016E-02    5.2487835E-01   -5.2487835E-01
 1.9500    1.0674213E-02    5.1005257E-01   -5.1005257E-01
 1.9600    1.0267082E-02    4.9564307E-01   -4.9564307E-01
 1.9700    9.8759181E-03    4.8163695E-01   -4.8163695E-01
 1.9800    9.5000475E-03    4.6802174E-01   -4.6802174E-01
 1.9900    9.1388280E-03    4.5478540E-01   -4.5478540E-01
 2.0000    8.7916476E-03    4.4191641E-01   -4.4191641E-01
 2.0100    8.4579235E-03    4.2940365E-01   -4.2940365E-01
 2.0200    8.1370989E-03    4.1723641E-01   -4.1723641E-01
 2.0300    7.8286429E-03    4.0540437E-01   -4.0540437E-01
 2.0400    7.5320500E-03    3.9389765E-01   -3.9389765E-01
 2.0500    7.2468394E-03    3.8270684E-01   -3.8270684E-01
 2.0600    6.9725550E-03    3.7182300E-01   -3.7182300E-01
 2.0700    6.7087630E-03    3.6123765E-01   -3.6123765E-01
 2.0800    6.4550511E-03    3.5094270E-01   -3.5094270E-01
 2.0900    6.2110273E-03    3.4093052E-01   -3.4093052E-01
 2.1000    5.9763195E-03    3.3119385E-01   -3.3119385E-01
 2.1100    5.7505733E-03    3.2172582E-01   -3.2172582E-01
 2.1200    5.5334506E-03    3.1251986E-01   -3.1251986E-01
 2.1300    5.3246263E-03    3.0356955E-01   -3.0356955E-01
 2.1400    5.1237871E-03    2.9486857E-01   -2.9486857E-01
 2.1500    4.9306317E-03    2.8641077E-01   -2.8641077E-01
 2.1600    4.7448714E-03    2.7819019E-01   -2.7819019E-01
 2.1700    4.5662319E-03    2.7020121E-01   -2.7020121E-01
 2.1800    4.3944520E-03    2.6243852E-01   -2.6243852E-01
 2.1900    4.2292812E-03    2.5489696E-01   -2.5489696E-01
 2.2000    4.0704766E-03    2.4757141E-01   -2.4757141E-01
 2.2100    3.9177993E-03    2.4045654E-01   -2.4045654E-01
 2.2200    3.7710142E-03    2.3354683E-01   -2.3354683E-01
 2.2300    3.6298919E-03    2.2683668E-01   -2.2683668E-01
 2.2400    3.4942118E-03    2.2032061E-01   -2.2032061E-01
 2.2500    3.3637641E-03    2.1399343E-01   -2.1399343E-01
 2.2600    3.2383499E-03    2.0785023E-01   -2.0785023E-01
 2.2700    3.1177779E-03    2.0188625E-01   -2.0188625E-01
 2.2800    3.0018624E-03    1.9609672E-01   -1.9609672E-01
 2.2900    2.8904210E-03    1.9047673E-01   -1.9047673E-01
 2.3000    2.7832750E-03    1.8502127E-01   -1.8502127E-01
 2.3100    2.6802500E-03    1.7972526E-01   -1.7972526E-01
 2.3200    2.5811767E-03    1.7458365E-01   -1.7458365E-01
 2.3300    2.4858923E-03    1.6959148E-01   -1.6959148E-01
 2.3400    2.3942414E-03    1.6474397E-01   -1.6474397E-01
 2.3500    2.3060760E-03    1.6003656E-01   -1.6003656E-01
 2.3600    2.2212551E-03    1.5546489E-01   -1.5546489E-01
 2.3700    2.1396440E-03    1.5102473E-01   -1.5102473E-01
 2.3800    2.0611121E-03    1.4671192E-01   -1.4671192E-01
 2.3900    1.9855331E-03    1.4252229E-01   -1.4252229E-01
 2.4000    1.9127846E-03    1.3845174E-01   -1.3845174E-01
 2.4100    1.8427492E-03    1.3449625E-01   -1.3449625E-01
 2.4200    1.7753147E-03    1.3065196E-01   -1.3065196E-01
 2.4300    1.7103746E-03    1.2691520E-01   -1.2691520E-01
 2.4400    1.6478282E-03    1.2328250E-01   -1.2328250E-01
 2.4500    1.5875807E-03    1.1975064E-01   -1.1975064E-01
 2.4600    1.5295425E-03    1.1631658E-01   -1.1631658E-01
 2.4700    1.4736285E-03    1.1297745E-01   -1.1297745E-01
 2.4800    1.4197569E-03    1.0973046E-01   -1.0973046E-01
 2.4900    1.3678491E-03    1.0657289E-01   -1.0657289E-01
 2.5000    1.3178296E-03    1.0350210E-01   -1.0350210E-01
 2.5100    1.2696269E-03    1.0051559E-01   -1.0051559E-01
 2.5200    1.2231729E-03    9.7611010E-02   -9.7611010E-02
 2.5300    1.1784035E-03    9.4786159E-02   -9.4786159E-02
 2.5400    1.1352579E-03    9.2038984E-02   -9.2038984E-02
 2.5500    1.0936788E-03    8.9367585E-02   -8.9367585E-02
 2.5600    1.0536123E-03    8.6770208E-02   -8.6770208E-02
 2.5700    1.0150073E-03    8.4245219E-02   -8.4245219E-02
 2.5800    9.7781488E-04    8.1791075E-02   -8.1791075E-02
 2.5900    9.4198819E-04    7.9406279E-02   -7.9406279E-02
 2.6000    9.0748148E-04    7.7089340E-02   -7.7089340E-02
 2.6100    8.7424996E-04    7.4838745E-02   -7.4838745E-02
 2.6200    8.4224977E-04    7.2652966E-02   -7.2652966E-02
 2.6300    8.1143840E-04    7.0530492E-02   -7.0530492E-02
 2.6400    7.8177495E-04    6.8469865E-02   -6.8469865E-02
 2.6500    7.5322006E-04    6.6469665E-02   -6.6469665E-02
 2.6600    7.2573536E-04    6.4528478E-02   -6.4528478E-02
 2.6700    6.9928300E-04    6.2644848E-02   -6.2644848E-02
 2.6800    6.7382556E-04    6.0817272E-02   -6.0817272E-02
 2.6900    6.4932635E-04    5.9044229E-02   -5.9044229E-02
 2.7000    6.2574989E-04    5.7324223E-02   -5.7324223E-02
 2.7100    6.0306214E-04    5.5655811E-02   -5.5655811E-02
 2.7200    5.8123026E-04    5.4037579E-02   -5.4037579E-02
 2.7300    5.6022208E-04    5.2468105E-02   -5.2468105E-02
 2.7400    5.4000578E-04    5.0945919E-02   -5.0945919E-02
 2.7500    5.2054979E-04    4.9469501E-02   -4.9469501E-02
 2.7600    5.0182303E-04    4.8037303E-02   -4.8037303E-02
 2.7700    4.8379531E-04    4.6647788E-02   -4.6647788E-02
 2.7800    4.6643766E-04    4.5299464E-02   -4.5299464E-02
 2.7900    4.4972253E-04    4.3990907E-02   -4.3990907E-02
 2.8000    4.3362381E-04    4.2720767E-02   -4.2720767E-02
 2.8100    4.1811665E-04    4.1487758E-02   -4.1487758E-02
 2.8200    4.0317727E-04    4.0290636E-02   -4.0290636E-02
 2.8300    3.8878272E-04    3.9128183E-02   -3.9128183E-02
 2.8400    3.7491068E-04    3.7999191E-02   -3.7999191E-02
 2.8500    3.6153935E-04    3.6902446E-02   -3.6902446E-02
 2.8600    3.4864730E-04    3.5836719E-02   -3.5836719E-02
 2.8700    3.3621351E-04    3.4800768E-02   -3.4800768E-02
 2.8800    3.2421772E-04    3.3793376E-02   -3.3793376E-02
 2.8900    3.1264101E-04    3.2813420E-02   -3.2813420E-02
 2.9000    3.0146650E-04    3.1859938E-02   -3.1859938E-02
 2.9100    2.9067954E-04    3.0932164E-02   -3.0932164E-02
 2.9200    2.8026751E-04    3.0029515E-02   -3.0029515E-02
 2.9300    2.7021923E-04    2.9151530E-02   -2.9151530E-02
 2.9400    2.6052421E-04    2.8297796E-02   -2.8297796E-02
 2.9500    2.5117186E-04    2.7467863E-02   -2.7467863E-02
 2.9600    2.4215086E-04    2.6661176E-02   -2.6661176E-02
 2.9700    2.3344909E-04    2.5877061E-02   -2.5877061E-02
 2.9800    2.2505417E-04    2.5114784E-02   -2.5114784E-02
 2.9900    2.1695448E-04    2.4373666E-02   -2.4373666E-02
 3.0000    2.0913995E-04    2.3653171E-02   -2.3653171E-02
 3.0100    2.0160204E-04    2.2952911E-02   -2.2952911E-02
 3.0200    1.9433306E-04    2.2272576E-02   -2.2272576E-02
 3.0300    1.8732539E-04    2.1611841E-02   -2.1611841E-02
 3.0400    1.8057099E-04    2.0970318E-02   -2.0970318E-02
 3.0500    1.7406160E-04    2.0347569E-02   -2.0347569E-02
 3.0600    1.6778904E-04    1.9743144E-02   -1.9743144E-02
 3.0700    1.6174544E-04    1.9156611E-02   -1.9156611E-02
 3.0800    1.5592330E-04    1.8587557E-02   -1.8587557E-02
 3.0900    1.5031532E-04    1.8035578E-02   -1.8035578E-02
 3.1000    1.4491446E-04    1.7500279E-02   -1.7500279E-02
 3.1100    1.3971402E-04    1.6981289E-02   -1.6981289E-02
 3.1200    1.3470770E-04    1.6478265E-02   -1.6478265E-02
 3.1300    1.2988948E-04    1.5990885E-02   -1.5990885E-02
 3.1400    1.2525334E-04    1.5518813E-02   -1.5518813E-02
 3.1500    1.2079299E-04    1.5061655E-02   -1.5061655E-02
 3.1600    1.1650164E-04    1.4618946E-02   -1.4618946E-02
 3.1700    1.1237213E-04    1.4190151E-02   -1.4190151E-02
 3.1800    1.0839724E-04    1.3774706E-02   -1.3774706E-02
 3.1900    1.0457002E-04    1.3372063E-02   -1.3372063E-02
 3.2000    1.0088403E-04    1.2981720E-02   -1.2981720E-02
 3.2100    9.7333442E-05    1.2603234E-02   -1.2603234E-02
 3.2200    9.3912929E-05    1.2236212E-02   -1.2236212E-02
 3.2300    9.0617437E-05    1.1880280E-02   -1.1880280E-02
 3.2400    8.7441963E-05    1.1535058E-02   -1.1535058E-02
 3.2500    8.4381373E-05    1.1200133E-02   -1.1200133E-02
 3.2600    8.1430377E-05    1.0875056E-02   -1.0875056E-02
 3.2700    7.8583741E-05    1.0559371E-02   -1.0559371E-02
 3.2800    7.5836700E-05    1.0252670E-02   -1.0252670E-02
 3.2900    7.3185351E-05    9.9546460E-03   -9.9546460E-03
 3.3000    7.0626615E-05    9.6650952E-03   -9.6650952E-03
 3.3100    6.8157668E-05    9.3838396E-03   -9.3838396E-03
 3.3200    6.5775212E-05    9.1106275E-03   -9.1106275E-03
 3.3300    6.3475201E-05    8.8450933E-03   -8.8450933E-03
 3.3400    6.1253262E-05    8.5868133E-03   -8.5868133E-03
 3.3500    5.9105431E-05    8.3354081E-03   -8.3354081E-03
 3.3600    5.7028636E-05    8.0906125E-03   -8.0906125E-03
 3.3700    5.5020671E-05    7.8522758E-03   -7.8522758E-03
 3.3800    5.3079855E-05    7.6203162E-03   -7.6203162E-03
 3.3900    5.1204644E-05    7.3946668E-03   -7.3946668E-03
 3.4000    4.9393338E-05    7.1752341E-03   -7.1752341E-03
 3.4100    4.7643900E-05    6.9618703E-03   -6.9618703E-03
 3.4200    4.5953902E-05    6.7543642E-03   -6.7543642E-03
 3.4300    4.4320683E-05    6.5524626E-03   -6.5524626E-03
 3.4400    4.2741743E-05    6.3559282E-03   -6.3559282E-03
 3.4500    4.1215199E-05    6.1646079E-03   -6.1646079E-03
 3.4600    3.9739996E-05    5.9784677E-03   -5.9784677E-03
 3.4700    3.8315684E-05    5.7975619E-03   -5.7975619E-03
 3.4800    3.6941909E-05    5.6219592E-03   -5.6219592E-03
 3.4900    3.5618011E-05    5.4516803E-03   -5.4516803E-03
 3.5000    3.4342932E-05    5.2866837E-03   -5.2866837E-03
 3.5100    3.3115378E-05    5.1268878E-03   -5.1268878E-03
 3.5200    3.1933951E-05    4.9721915E-03   -4.9721915E-03
 3.5300    3.0797146E-05    4.8224724E-03   -4.8224724E-03
 3.5400    2.9703295E-05    4.6775777E-03   -4.6775777E-03
 3.5500    2.8650616E-05    4.5373318E-03   -4.5373318E-03
 3.5600    2.7637419E-05    4.4015673E-03   -4.4015673E-03
 3.5700    2.6662312E-05    4.2701595E-03   -4.2701595E-03
 3.5800    2.5724257E-05    4.1430364E-03   -4.1430364E-03
 3.5900    2.4822414E-05    4.0201547E-03   -4.0201547E-03
 3.6000    2.3955881E-05    3.9014587E-03   -3.9014587E-03
 3.6100    2.3123504E-05    3.7868483E-03   -3.7868483E-03
 3.6200    2.2323824E-05    3.6761700E-03   -3.6761700E-03
 3.6300    2.1555150E-05    3.5692269E-03   -3.5692269E-03
 3.6400    2.0815694E-05    3.4658002E-03   -3.4658002E-03
 3.6500    2.0103762E-05    3.3656807E-03   -3.3656807E-03
 3.6600    1.9417964E-05    3.2687051E-03   -3.2687051E-03
 3.6700    1.8757312E-05    3.1747724E-03   -3.1747724E-03
 3.6800    1.8121042E-05    3.0838174E-03   -3.0838174E-03
 3.6900    1.7508200E-05    2.9957398E-03   -2.9957398E-03
 3.7000    1.6917237E-05    2.9103334E-03   -2.9103334E-03
 3.7100    1.6346001E-05    2.8272826E-03   -2.8272826E-03
 3.7200    1.5792275E-05    2.7462524E-03   -2.7462524E-03
 3.7300    1.5254534E-05    2.6670213E-03   -2.6670213E-03
 3.7400    1.4732353E-05    2.5895552E-03   -2.5895552E-03
 3.7500    1.4226132E-05    2.5139651E-03   -2.5139651E-03
 3.7600    1.3736404E-05    2.4403864E-03   -2.4403864E-03
 3.7700    1.3263251E-05    2.3688772E-03   -2.3688772E-03
 3.7800    1.2806186E-05    2.2993933E-03   -2.2993933E-03
 3.7900    1.2364384E-05    2.2318282E-03   -2.2318282E-03
 3.8000    1.1936988E-05    2.1660666E-03   -2.1660666E-03
 3.8100    1.1523276E-05    2.1020148E-03   -2.1020148E-03
 3.8200    1.1122678E-05    2.0396045E-03   -2.0396045E-03
 3.8300    1.0734742E-05    1.9787869E-03   -1.9787869E-03
 3.8400    1.0359118E-05    1.9195308E-03   -1.9195308E-03
 3.8500    9.9955620E-06    1.8618236E-03   -1.8618236E-03
 3.8600    9.6439243E-06    1.8056695E-03   -1.8056695E-03
 3.8700    9.3041002E-06    1.7510807E-03   -1.7510807E-03
 3.8800    8.9759719E-06    1.6980669E-03   -1.6980669E-03
 3.8900    8.6593690E-06    1.6466273E-03   -1.6466273E-03
 3.9000    8.3540526E-06    1.5967476E-03   -1.5967476E-03
 3.9100    8.0597194E-06    1.5484005E-03   -1.5484005E-03
 3.9200    7.7760274E-06    1.5015499E-03   -1.5015499E-03
 3.9300    7.5026488E-06    1.4561616E-03   -1.4561616E-03
 3.9400    7.2393373E-06    1.4122160E-03   -1.4122160E-03
 3.9500    6.9859718E-06    1.3697171E-03   -1.3697171E-03
 3.9600    6.7425285E-06    1.3286880E-03   -1.3286880E-03
 3.9700    6.5089481E-06    1.2891448E-03   -1.2891448E-03
 3.9800    6.2849338E-06    1.2510559E-03   -1.2510559E-03
 3.9900    6.0698085E-06    1.2143130E-03   -1.2143130E-03
 4.0000    5.8625858E-06    1.1787428E-03   -1.1787428E-03
 4.0100    5.6622797E-06    1.1441683E-03   -1.1441683E-03
 4.0200    5.4682738E-06    1.1104838E-03   -1.1104838E-03
 4.0300    5.2804862E-06    1.0776900E-03   -1.0776900E-03
 4.0400    5.0992277E-06    1.0458683E-03   -1.0458683E-03
 4.0500    4.9248940E-06    1.0151186E-03   -1.0151186E-03
 4.0600    4.7577233E-06    9.8551017E-04   -9.8551017E-04
 4.0700    4.5977305E-06    9.5706668E-04   -9.5706668E-04
 4.0800    4.4447559E-06    9.2977551E-04   -9.2977551E-04
 4.0900    4.2985093E-06    9.0359610E-04   -9.0359610E-04
 4.1000    4.1585644E-06    8.7845802E-04   -8.7845802E-04
 4.1100    4.0243487E-06    8.5425812E-04   -8.5425812E-04
 4.1200    3.8951950E-06    8.3087081E-04   -8.3087081E-04
 4.1300    3.7704620E-06    8.0817338E-04   -8.0817338E-04
 4.1400    3.6496631E-06    7.8607379E-04   -7.8607379E-04
 4.1500    3.5325280E-06    7.6452496E-04   -7.6452496E-04
 4.1600    3.4189691E-06    7.4351836E-04   -7.4351836E-04
 4.1700    3.3089786E-06    7.2306266E-04   -7.2306266E-04
 4.1800    3.2025169E-06    7.0315952E-04   -7.0315952E-04
 4.1900    3.0994420E-06    6.8378793E-04   -6.8378793E-04
 4.2000    2.9995083E-06    6.6490334E-04   -6.6490334E-04
 4.2100    2.9024303E-06    6.4645136E-04   -6.4645136E-04
 4.2200    2.8079800E-06    6.2838929E-04   -6.2838929E-04
 4.2300    2.7160619E-06    6.1070330E-04   -6.1070330E-04
 4.2400    2.6267167E-06    5.9340992E-04   -5.9340992E-04
 4.2500    2.5400441E-06    5.7653939E-04   -5.7653939E-04
 4.2600    2.4560937E-06    5.6011087E-04   -5.6011087E-04
 4.2700    2.3747891E-06    5.4411496E-04   -5.4411496E-04
 4.2800    2.2959293E-06    5.2851328E-04   -5.2851328E-04
 4.2900    2.2192592E-06    5.1325416E-04   -5.1325416E-04
 4.3000    2.1445685E-06    4.9829520E-04   -4.9829520E-04
 4.3100    2.0717684E-06    4.8362150E-04   -4.8362150E-04
 4.3200    2.0009159E-06    4.6925205E-04   -4.6925205E-04
 4.3300    1.9321816E-06    4.5523285E-04   -4.5523285E-04
 4.3400    1.8657754E-06    4.4161994E-04   -4.4161994E-04
 4.3500    1.8018561E-06    4.2845822E-04   -4.2845822E-04
 4.3600    1.7404583E-06    4.1576360E-04   -4.1576360E-04
 4.3700    1.6814690E-06    4.0351678E-04   -4.0351678E-04
 4.3800    1.6246680E-06    3.9167216E-04   -3.9167216E-04
 4.3900    1.5698162E-06    3.8017863E-04   -3.8017863E-04
 4.4000    1.5167557E-06    3.6900380E-04   -3.6900380E-04
 4.4100    1.4654908E-06    3.5815428E-04   -3.5815428E-04
 4.4200    1.4162190E-06    3.4768409E-04   -3.4768409E-04
 4.4300    1.3692733E-06    3.3768165E-04   -3.3768165E-04
 4.4400    1.3249672E-06    3.2823201E-04   -3.2823201E-04
 4.4500    1.2834050E-06    3.1936964E-04   -3.1936964E-04
 4.4600    1.2443827E-06    3.1105238E-04   -3.1105238E-04
 4.4700    1.2074569E-06    3.0317720E-04   -3.0317720E-04
 4.4800    1.1721365E-06    2.9562698E-04   -2.9562698E-04
 4.4900    1.1380624E-06    2.8831593E-04   -2.8831593E-04
 4.5000    1.1050774E-06    2.8120794E-04   -2.8120794E-04
 4.5100    1.0731857E-06    2.7430758E-04   -2.7430758E-04
 4.5200    1.0424727E-06    2.6764025E-04   -2.6764025E-04
 4.5300    1.0130382E-06    2.6123543E-04   -2.6123543E-04
 4.5400    9.8494612E-07    2.5511385E-04   -2.5511385E-04
 4.5500    9.5816989E-07    2.4927296E-04   -2.4927296E-04
 4.5600    9.3253834E-07    2.4367235E-04   -2.4367235E-04
 4.5700    9.0773325E-07    2.3823223E-04   -2.3823223E-04
 4.5800    8.8337968E-07    2.3285643E-04   -2.3285643E-04
 4.5900    8.5919918E-07    2.2747260E-04   -2.2747260E-04
 4.6000    8.3512788E-07    2.2206418E-04   -2.2206418E-04
 4.6100    8.1131673E-07    2.1667168E-04   -2.1667168E-04
 4.6200    7.8802188E-07    2.1136452E-04   -2.1136452E-04
 4.6300    7.6546911E-07    2.0620515E-04   -2.0620515E-04
 4.6400    7.4377194E-07    2.0122670E-04   -2.0122670E-04
 4.6500    7.2292321E-07    1.9643005E-04   -1.9643005E-04
 4.6600    7.0283261E-07    1.9179337E-04   -1.9179337E-04
 4.6700    6.8337542E-07    1.8728499E-04   -1.8728499E-04
 4.6800    6.6443127E-07    1.8287386E-04   -1.8287386E-04
 4.6900    6.4590462E-07    1.7853524E-04   -1.7853524E-04
 4.7000    6.2773003E-07    1.7425229E-04   -1.7425229E-04
 4.7100    6.0987317E-07    1.7001655E-04   -1.7001655E-04
 4.7200    5.9233591E-07    1.6582955E-04   -1.6582955E-04
 4.7300    5.7516253E-07    1.6170473E-04   -1.6170473E-04
 4.7400    5.5843687E-07    1.5766694E-04   -1.5766694E-04
 4.7500    5.4226333E-07    1.5374724E-04   -1.5374724E-04
 4.7600    5.2673063E-07    1.4997275E-04   -1.4997275E-04
 4.7700    5.1186807E-07    1.4635402E-04   -1.4635402E-04
 4.7800    4.9761957E-07    1.4287726E-04   -1.4287726E-04
 4.7900    4.8386672E-07    1.3951042E-04   -1.3951042E-04
 4.8000    4.7050439E-07    1.3622475E-04   -1.3622475E-04
 4.8100    4.5752473E-07    1.3301928E-04   -1.3301928E-04
 4.8200    4.4504501E-07    1.2992953E-04   -1.2992953E-04
 4.8300    4.3324995E-07    1.2701138E-04   -1.2701138E-04
 4.8400    4.2228179E-07    1.2430911E-04   -1.2430911E-04
 4.8500    4.1214790E-07    1.2182781E-04   -1.2182781E-04
 4.8600    4.0270024E-07    1.1952653E-04   -1.1952653E-04
 4.8700    3.9369169E-07    1.1733404E-04   -1.1733404E-04
 4.8800    3.8487251E-07    1.1517717E-04   -1.1517717E-04
 4.8900    3.7608013E-07    1.1300768E-04   -1.1300768E-04
 4.9000    3.6728788E-07    1.1081757E-04   -1.1081757E-04
 4.9100    3.5859256E-07    1.0863609E-04   -1.0863609E-04
 4.9200    3.5013498E-07    1.0650637E-04   -1.0650637E-04
 4.9300    3.4197291E-07    1.0444686E-04   -1.0444686E-04
 4.9400    3.3395580E-07    1.0241245E-04   -1.0241245E-04
 4.9500    3.2567021E-07    1.0027630E-04   -1.0027630E-04
 4.9600    3.1653045E-07    9.7856281E-05   -9.7856281E-05
 4.9700    3.0606800E-07    9.5003710E-05   -9.5003710E-05
 4.9800    2.9436944E-07    9.1740535E-05   -9.1740535E-05
 4.9900    2.8241263E-07    8.8368010E-05   -8.8368010E-05
 5.0000    2.7193107E-07    8.5429664E-05   -8.5429664E-05
 5.0100    2.6466325E-07    8.3479329E-05   -8.3479329E-05
 5.0200    2.6137846E-07    8.2772695E-05   -8.2772695E-05
 5.0300    2.6139992E-07    8.3109619E-05   -8.3109619E-05
 5.0400    2.6301640E-07    8.3956393E-05   -8.3956393E-05
 5.0500    2.6444020E-07    8.4746174E-05   -8.4746174E-05
 5.0600    2.6457909E-07    8.5126820E-05   -8.5126820E-05
 5.0700    2.6318754E-07    8.5014127E-05   -8.5014127E-05
 5.0800    2.6053675E-07    8.4490190E-05   -8.4490190E-05
 5.0900    2.5701699E-07    8.3677224E-05   -8.3677224E-05
 5.1000    2.5294308E-07    8.2674776E-05   -8.2674776E-05
 5.1100    2.4855933E-07    8.1560848E-05   -8.1560848E-05
 5.1200    2.4409631E-07    8.0410173E-05   -8.0410173E-05
 5.1300    2.3976470E-07    7.9292084E-05   -7.9292084E-05
 5.1400    2.3568464E-07    7.8246943E-05   -7.8246943E-05
 5.1500    2.3183194E-07    7.7267630E-05   -7.7267630E-05
 5.1600    2.2806933E-07    7.6309069E-05   -7.6309069E-05
 5.1700    2.2424514E-07    7.5320637E-05   -7.5320637E-05
 5.1800    2.2027793E-07    7.4274608E-05   -7.4274608E-05
 5.1900    2.1617096E-07    7.3171497E-05   -7.3171497E-05
 5.2000    2.1197539E-07    7.2028106E-05   -7.2028106E-05
 5.2100    2.0775500E-07    7.0865817E-05   -7.0865817E-05
 5.2200    2.0357323E-07    6.9706219E-05   -6.9706219E-05
 5.2300    1.9948337E-07    6.8567755E-05   -6.8567755E-05
 5.2400    1.9550805E-07    6.7458562E-05   -6.7458562E-05
 5.2500    1.9162837E-07    6.6372515E-05   -6.6372515E-05
 5.2600    1.8781401E-07    6.5299423E-05   -6.5299423E-05
 5.2700    1.8408866E-07    6.4247780E-05   -6.4247780E-05
 5.2800    1.8057512E-07    6.3260936E-05   -6.3260936E-05
 5.2900    1.7746160E-07    6.2405893E-05   -6.2405893E-05
 5.3000    1.7489363E-07    6.1735590E-05   -6.1735590E-05
 5.3100    1.7287098E-07    6.1252102E-05   -6.1252102E-05
 5.3200    1.7123587E-07    6.0901482E-05   -6.0901482E-05
 5.3300    1.6976337E-07    6.0604975E-05   -6.0604975E-05
 5.3400    1.6827984E-07    6.0300995E-05   -6.0300995E-05
 5.3500    1.6672331E-07    5.9967196E-05   -5.9967196E-05
 5.3600    1.6512269E-07    5.9613716E-05   -5.9613716E-05
 5.3700    1.6353954E-07    5.9262669E-05   -5.9262669E-05
 5.3800    1.6202671E-07    5.8933335E-05   -5.8933335E-05
 5.3900    1.6062034E-07    5.8639186E-05   -5.8639186E-05
 5.4000    1.5934624E-07    5.8390097E-05   -5.8390097E-05
 5.4100    1.5822006E-07    5.8192356E-05   -5.8192356E-05
 5.4200    1.5723880E-07    5.8045446E-05   -5.8045446E-05
 5.4300    1.5637151E-07    5.7938488E-05   -5.7938488E-05
 5.4400    1.5555793E-07    5.7849526E-05   -5.7849526E-05
 5.4500    1.5472227E-07    5.7750493E-05   -5.7750493E-05
 5.4600    1.5380274E-07    5.7618137E-05   -5.7618137E-05
 5.4700    1.5278050E-07    5.7445026E-05   -5.7445026E-05
 5.4800    1.5168426E-07    5.7241564E-05   -5.7241564E-05
 5.4900    1.5056343E-07    5.7026149E-05   -5.7026149E-05
 5.5000    1.4945115E-07    5.6811272E-05   -5.6811272E-05
 5.5100    1.4834579E-07    5.6596331E-05   -5.6596331E-05
 5.5200    1.4721818E-07    5.6370186E-05   -5.6370186E-05
 5.5300    1.4602994E-07    5.6117979E-05   -5.6117979E-05
 5.5400    1.4475088E-07    5.5827812E-05   -5.5827812E-05
 5.5500    1.4338153E-07    5.5499495E-05   -5.5499495E-05
 5.5600    1.4198391E-07    5.5156739E-05   -5.5156739E-05
 5.5700    1.4069576E-07    5.4853113E-05   -5.4853113E-05
 5.5800    1.3968958E-07    5.4656557E-05   -5.4656557E-05
 5.5900    1.3907740E-07    5.4612246E-05   -5.4612246E-05
 5.6000    1.3882418E-07    5.4708024E-05   -5.4708024E-05
 5.6100    1.3874207E-07    5.4871111E-05   -5.4871111E-05
 5.6200    1.3857405E-07    5.5000216E-05   -5.5000216E-05
 5.6300    1.3810653E-07    5.5009900E-05   -5.5009900E-05
 5.6400    1.3724457E-07    5.4860941E-05   -5.4860941E-05
 5.6500    1.3602622E-07    5.4566913E-05   -5.4566913E-05
 5.6600    1.3458901E-07    5.4181663E-05   -5.4181663E-05
 5.6700    1.3311396E-07    5.3777374E-05   -5.3777374E-05
 5.6800    1.3177196E-07    5.3423155E-05   -5.3423155E-05
 5.6900    1.3068952E-07    5.3171042E-05   -5.3171042E-05
 5.7000    1.2993570E-07    5.3050327E-05   -5.3050327E-05
 5.7100    1.2952551E-07    5.3068569E-05   -5.3068569E-05
 5.7200    1.2943973E-07    5.3219344E-05   -5.3219344E-05
 5.7300    1.2965216E-07    5.3493234E-05   -5.3493234E-05
 5.7400    1.3013153E-07    5.3878587E-05   -5.3878587E-05
 5.7500    1.3079065E-07    5.4340327E-05   -5.4340327E-05
 5.7600    1.3141815E-07    5.4791121E-05   -5.4791121E-05
 5.7700    1.3169220E-07    5.5096188E-05   -5.5096188E-05
 5.7800    1.3133684E-07    5.5138139E-05   -5.5138139E-05
 5.7900    1.3033632E-07    5.4907598E-05   -5.4907598E-05
 5.8000    1.2901478E-07    5.4538766E-05   -5.4538766E-05
 5.8100    1.2786785E-07    5.4240476E-05   -5.4240476E-05
 5.8200    1.2725231E-07    5.4165343E-05   -5.4165343E-05
 5.8300    1.2717685E-07    5.4319410E-05   -5.4319410E-05
 5.8400    1.2734703E-07    5.4578849E-05   -5.4578849E-05
 5.8500    1.2739844E-07    5.4788034E-05   -5.4788034E-05
 5.8600    1.2712060E-07    5.4855609E-05   -5.4855609E-05
 5.8700    1.2652405E-07    5.4784681E-05   -5.4784681E-05
 5.8800    1.2575278E-07    5.4636403E-05   -5.4636403E-05
 5.8900    1.2495490E-07    5.4474562E-05   -5.4474562E-05
 5.9000    1.2422227E-07    5.4339216E-05   -5.4339216E-05
 5.9100    1.2361462E-07    5.4256862E-05   -5.4256862E-05
 5.9200    1.2318953E-07    5.4253414E-05   -5.4253414E-05
 5.9300    1.2296615E-07    5.4338149E-05   -5.4338149E-05
 5.9400    1.2285190E-07    5.4470910E-05   -5.4470910E-05
 5.9500    1.2263425E-07    5.4557638E-05   -5.4557638E-05
 5.9600    1.2208517E-07    5.4496086E-05   -5.4496086E-05
 5.9700    1.2110085E-07    5.4238254E-05   -5.4238254E-05
 5.9800    1.1975421E-07    5.3814959E-05   -5.3814959E-05
 5.9900    1.1822680E-07    5.3306412E-05   -5.3306412E-05
 6.0000    1.1670140E-07    5.2794468E-05   -5.2794468E-05
 6.0100    1.1531172E-07    5.2339826E-05   -5.2339826E-05
 6.0200    1.1416332E-07    5.1991150E-05   -5.1991150E-05
 6.0300    1.1336735E-07    5.1800323E-05   -5.1800323E-05
 6.0400    1.1303629E-07    5.1820505E-05   -5.1820505E-05
 6.0500    1.1324522E-07    5.2088337E-05   -5.2088337E-05
 6.0600    1.1399756E-07    5.2607862E-05   -5.2607862E-05
 6.0700    1.1521840E-07    5.3346887E-05   -5.3346887E-05
 6.0800    1.1675680E-07    5.4237445E-05   -5.4237445E-05
 6.0900    1.1836844E-07    5.5167127E-05   -5.5167127E-05
 6.1000    1.1969978E-07    5.5970975E-05   -5.5970975E-05
 6.1100    1.2034514E-07    5.6457397E-05   -5.6457397E-05
 6.1200    1.2000437E-07    5.6481963E-05   -5.6481963E-05
 6.1300    1.1864784E-07    5.6026136E-05   -5.6026136E-05
 6.1400    1.1654298E-07    5.5211906E-05   -5.5211906E-05
 6.1500    1.1410323E-07    5.4232299E-05   -5.4232299E-05
 6.1600    1.1168118E-07    5.3253884E-05   -5.3253884E-05
 6.1700    1.0946276E-07    5.2365661E-05   -5.2365661E-05
 6.1800    1.0750053E-07    5.1593790E-05   -5.1593790E-05
 6.1900    1.0580079E-07    5.0942477E-05   -5.0942477E-05
 6.2000    1.0437624E-07    5.0419078E-05   -5.0419078E-05
 6.2100    1.0325626E-07    5.0039097E-05   -5.0039097E-05
 6.2200    1.0248861E-07    4.9827170E-05   -4.9827170E-05
 6.2300    1.0213562E-07    4.9815349E-05   -4.9815349E-05
 6.2400    1.0223620E-07    5.0024614E-05   -5.0024614E-05
 6.2500    1.0273460E-07    5.0429727E-05   -5.0429727E-05
 6.2600    1.0343388E-07    5.0935589E-05   -5.0935589E-05
 6.2700    1.0403735E-07    5.1396581E-05   -5.1396581E-05
 6.2800    1.0427244E-07    5.1677168E-05   -5.1677168E-05
 6.2900    1.0401398E-07    5.1713373E-05   -5.1713373E-05
 6.3000    1.0331878E-07    5.1531198E-05   -5.1531198E-05
 6.3100    1.0236149E-07    5.1215945E-05   -5.1215945E-05
 6.3200    1.0134360E-07    5.0867495E-05   -5.0867495E-05
 6.3300    1.0044797E-07    5.0577628E-05   -5.0577628E-05
 6.3400    9.9837700E-08    5.0429301E-05   -5.0429301E-05
 6.3500    9.9644471E-08    5.0490598E-05   -5.0490598E-05
 6.3600    9.9917377E-08    5.0788469E-05   -5.0788469E-05
 6.3700    1.0056378E-07    5.1277908E-05   -5.1277908E-05
 6.3800    1.0133538E-07    5.1833713E-05   -5.1833713E-05
 6.3900    1.0188494E-07    5.2278313E-05   -5.2278313E-05
 6.4000    1.0187827E-07    5.2438633E-05   -5.2438633E-05
 6.4100    1.0111501E-07    5.2208543E-05   -5.2208543E-05
 6.4200    9.9598114E-08    5.1585903E-05   -5.1585903E-05
 6.4300    9.7515081E-08    5.0664481E-05   -5.0664481E-05
 6.4400    9.5152454E-08    4.9590855E-05   -4.9590855E-05
 6.4500    9.2808558E-08    4.8519612E-05   -4.8519612E-05
 6.4600    9.0751482E-08    4.7591416E-05   -4.7591416E-05
 6.4700    8.9208452E-08    4.6927177E-05   -4.6927177E-05
 6.4800    8.8338303E-08    4.6613201E-05   -4.6613201E-05
 6.4900    8.8167823E-08    4.6666945E-05   -4.6666945E-05
 6.5000    8.8531961E-08    4.7004200E-05   -4.7004200E-05
 6.5100    8.9081773E-08    4.7441749E-05   -4.7441749E-05
 6.5200    8.9384089E-08    4.7749109E-05   -4.7749109E-05
 6.5300    8.9072825E-08    4.7728903E-05   -4.7728903E-05
 6.5400    8.7983927E-08    4.7289934E-05   -4.7289934E-05
 6.5500    8.6224084E-08    4.6485879E-05   -4.6485879E-05
 6.5600    8.4148140E-08    4.5505309E-05   -4.5505309E-05
 6.5700    8.2236425E-08    4.4607186E-05   -4.4607186E-05
 6.5800    8.0901234E-08    4.4016631E-05   -4.4016631E-05
 6.5900    8.0312873E-08    4.3829434E-05   -4.3829434E-05
 6.6000    8.0351572E-08    4.3983736E-05   -4.3983736E-05
 6.6100    8.0713043E-08    4.4315587E-05   -4.4315587E-05
 6.6200    8.1084523E-08    4.4654354E-05   -4.4654354E-05
 6.6300    8.1275305E-08    4.4894747E-05   -4.4894747E-05
 6.6400    8.1250831E-08    4.5016719E-05   -4.5016719E-05
 6.6500    8.1097706E-08    4.5067319E-05   -4.5067319E-05
 6.6600    8.0966768E-08    4.5129979E-05   -4.5129979E-05
 6.6700    8.1015841E-08    4.5293041E-05   -4.5293041E-05
 6.6800    8.1352444E-08    4.5617701E-05   -4.5617701E-05
 6.6900    8.1980764E-08    4.6107764E-05   -4.6107764E-05
 6.7000    8.2774364E-08    4.6693381E-05   -4.6693381E-05
 6.7100    8.3503417E-08    4.7245359E-05   -4.7245359E-05
 6.7200    8.3924092E-08    4.7625008E-05   -4.7625008E-05
 6.7300    8.3893030E-08    4.7749175E-05   -4.7749175E-05
 6.7400    8.3438939E-08    4.7631958E-05   -4.7631958E-05
 6.7500    8.2742588E-08    4.7374704E-05   -4.7374704E-05
 6.7600    8.2036755E-08    4.7109851E-05   -4.7109851E-05
 6.7700    8.1489347E-08    4.6934051E-05   -4.6934051E-05
 6.7800    8.1136678E-08    4.6869085E-05   -4.6869085E-05
 6.7900    8.0894789E-08    4.6867303E-05   -4.6867303E-05
 6.8000    8.0629397E-08    4.6851241E-05   -4.6851241E-05
 6.8100    8.0238861E-08    4.6761544E-05   -4.6761544E-05
 6.8200    7.9706085E-08    4.6587574E-05   -4.6587574E-05
 6.8300    7.9095500E-08    4.6366365E-05   -4.6366365E-05
 6.8400    7.8499600E-08    4.6151892E-05   -4.6151892E-05
 6.8500    7.7967874E-08    4.5973408E-05   -4.5973408E-05
 6.8600    7.7466118E-08    4.5811012E-05   -4.5811012E-05
 6.8700    7.6899485E-08    4.5608603E-05   -4.5608603E-05
 6.8800    7.6188514E-08    4.5318575E-05   -4.5318575E-05
 6.8900    7.5344029E-08    4.4946631E-05   -4.4946631E-05
 6.9000    7.4482793E-08    4.4561931E-05   -4.4561931E-05
 6.9100    7.3770424E-08    4.4263753E-05   -4.4263753E-05
 6.9200    7.3336914E-08    4.4131093E-05   -4.4131093E-05
 6.9300    7.3228787E-08    4.4193477E-05   -4.4193477E-05
 6.9400    7.3418746E-08    4.4436083E-05   -4.4436083E-05
 6.9500    7.3833243E-08    4.4815827E-05   -4.4815827E-05
 6.9600    7.4352298E-08    4.5260853E-05   -4.5260853E-05
 6.9700    7.4794486E-08    4.5660956E-05   -4.5660956E-05
 6.9800    7.4945716E-08    4.5884660E-05   -4.5884660E-05
 6.9900    7.4650118E-08    4.5834734E-05   -4.5834734E-05
 7.0000    7.3892636E-08    4.5499550E-05   -4.5499550E-05
 7.0100    7.2782939E-08    4.4944390E-05   -4.4944390E-05
 7.0200    7.1445483E-08    4.4244456E-05   -4.4244456E-05
 7.0300    6.9930782E-08    4.3429907E-05   -4.3429907E-05
 7.0400    6.8253116E-08    4.2508685E-05   -4.2508685E-05
 7.0500    6.6524679E-08    4.1549987E-05   -4.1549987E-05
 7.0600    6.5035582E-08    4.0735242E-05   -4.0735242E-05
 7.0700    6.4158471E-08    4.0299782E-05   -4.0299782E-05
 7.0800    6.4119704E-08    4.0389445E-05   -4.0389445E-05
 7.0900    6.4818821E-08    4.0945244E-05   -4.0945244E-05
 7.1000    6.5853853E-08    4.1716489E-05   -4.1716489E-05
 7.1100    6.6741583E-08    4.2398019E-05   -4.2398019E-05
 7.1200    6.7167033E-08    4.2788397E-05   -4.2788397E-05
 7.1300    6.7090001E-08    4.2859463E-05   -4.2859463E-05
 7.1400    6.6667696E-08    4.2709230E-05   -4.2709230E-05
 7.1500    6.6092212E-08    4.2459242E-05   -4.2459242E-05
 7.1600    6.5474459E-08    4.2180122E-05   -4.2180122E-05
 7.1700    6.4832276E-08    4.1883160E-05   -4.1883160E-05
 7.1800    6.4150613E-08    4.1558471E-05   -4.1558471E-05
 7.1900    6.3448508E-08    4.1218204E-05   -4.1218204E-05
 7.2000    6.2806518E-08    4.0914719E-05   -4.0914719E-05
 7.2100    6.2341990E-08    4.0724997E-05   -4.0724997E-05
 7.2200    6.2149724E-08    4.0712096E-05   -4.0712096E-05
 7.2300    6.2245015E-08    4.0887545E-05   -4.0887545E-05
 7.2400    6.2542406E-08    4.1196619E-05   -4.1196619E-05
 7.2500    6.2878575E-08    4.1532547E-05   -4.1532547E-05
 7.2600    6.3065624E-08    4.1771089E-05   -4.1771089E-05
 7.2700    6.2955921E-08    4.1813379E-05   -4.1813379E-05
 7.2800    6.2498356E-08    4.1623751E-05   -4.1623751E-05
 7.2900    6.1758771E-08    4.1244265E-05   -4.1244265E-05
 7.3000    6.0885289E-08    4.0772558E-05   -4.0772558E-05
 7.3100    6.0036454E-08    4.0314349E-05   -4.0314349E-05
 7.3200    5.9320087E-08    3.9942368E-05   -3.9942368E-05
 7.3300    5.8774934E-08    3.9683500E-05   -3.9683500E-05
