# total charge: 7.000000 
# r(A)     rho (e/A^3)     4*pi*r^2*rho(e/A)  dip  
 0.0000    3.2098551E+00    0.0000000E+00    5.5851919E+01
 0.0100    3.2082127E+00    4.0315590E-03    5.5569325E+01
 0.0200    3.2061369E+00    1.6115802E-02    5.4729861E+01
 0.0300    3.2035389E+00    3.6231172E-02    5.3358063E+01
 0.0400    3.2003235E+00    6.4346322E-02    5.1493473E+01
 0.0500    3.1963844E+00    1.0041738E-01    4.9188728E+01
 0.0600    3.1916027E+00    1.4438470E-01    4.6507060E+01
 0.0700    3.1858558E+00    1.9616976E-01    4.3519381E+01
 0.0800    3.1790410E+00    2.5567365E-01    4.0301144E+01
 0.0900    3.1710987E+00    3.2277853E-01    3.6929156E+01
 0.1000    3.1620183E+00    3.9735094E-01    3.3478550E+01
 0.1100    3.1518263E+00    4.7924491E-01    3.0020060E+01
 0.1200    3.1405634E+00    5.6830297E-01    2.6617745E+01
 0.1300    3.1282671E+00    6.6435530E-01    2.3327248E+01
 0.1400    3.1149640E+00    7.6721833E-01    2.0194627E+01
 0.1500    3.1006713E+00    8.7669417E-01    1.7255769E+01
 0.1600    3.0854034E+00    9.9257147E-01    1.4536345E+01
 0.1700    3.0691770E+00    1.1146272E+00    1.2052244E+01
 0.1800    3.0520119E+00    1.2426279E+00    9.8103943E+00
 0.1900    3.0339275E+00    1.3763290E+00    7.8098851E+00
 0.2000    3.0149368E+00    1.5154725E+00    6.0432628E+00
 0.2100    2.9950449E+00    1.6597848E+00    4.4979186E+00
 0.2200    2.9742515E+00    1.8089765E+00    3.1574665E+00
 0.2300    2.9525570E+00    1.9627448E+00    2.0030405E+00
 0.2400    2.9299664E+00    2.1207769E+00    1.0144573E+00
 0.2500    2.9064912E+00    2.2827528E+00    1.7120922E-01
 0.2600    2.8821479E+00    2.4483462E+00   -5.4673049E-01
 0.2700    2.8569558E+00    2.6172241E+00   -1.1582932E+00
 0.2800    2.8309336E+00    2.7890456E+00   -1.6808824E+00
 0.2900    2.8040981E+00    2.9634599E+00   -2.1301054E+00
 0.3000    2.7764629E+00    3.1401056E+00   -2.5196468E+00
 0.3100    2.7480410E+00    3.3186118E+00   -2.8612571E+00
 0.3200    2.7188462E+00    3.4986013E+00   -3.1648290E+00
 0.3300    2.6888950E+00    3.6796930E+00   -3.4385333E+00
 0.3400    2.6582062E+00    3.8615029E+00   -3.6889922E+00
 0.3500    2.6268000E+00    4.0436444E+00   -3.9214688E+00
 0.3600    2.5946972E+00    4.2257281E+00   -4.1400618E+00
 0.3700    2.5619196E+00    4.4073628E+00   -4.3478936E+00
 0.3800    2.5284897E+00    4.5881568E+00   -4.5472842E+00
 0.3900    2.4944309E+00    4.7677180E+00   -4.7399062E+00
 0.4000    2.4597668E+00    4.9456545E+00   -4.9269183E+00
 0.4100    2.4245208E+00    5.1215744E+00   -5.1090777E+00
 0.4200    2.3887167E+00    5.2950869E+00   -5.2868349E+00
 0.4300    2.3523793E+00    5.4658048E+00   -5.4604099E+00
 0.4400    2.3155342E+00    5.6333458E+00   -5.6298539E+00
 0.4500    2.2782085E+00    5.7973346E+00   -5.7950969E+00
 0.4600    2.2404304E+00    5.9574031E+00   -5.9559834E+00
 0.4700    2.2022286E+00    6.1131911E+00   -6.1122993E+00
 0.4800    2.1636323E+00    6.2643468E+00   -6.2637922E+00
 0.4900    2.1246712E+00    6.4105274E+00   -6.4101860E+00
 0.5000    2.0853757E+00    6.5514011E+00   -6.5511929E+00
 0.5100    2.0457768E+00    6.6866480E+00   -6.6865224E+00
 0.5200    2.0059062E+00    6.8159622E+00   -6.8158872E+00
 0.5300    1.9657963E+00    6.9390518E+00   -6.9390074E+00
 0.5400    1.9254797E+00    7.0556386E+00   -7.0556126E+00
 0.5500    1.8849885E+00    7.1654581E+00   -7.1654430E+00
 0.5600    1.8443551E+00    7.2682600E+00   -7.2682513E+00
 0.5700    1.8036117E+00    7.3638106E+00   -7.3638056E+00
 0.5800    1.7627913E+00    7.4518954E+00   -7.4518926E+00
 0.5900    1.7219279E+00    7.5323215E+00   -7.5323199E+00
 0.6000    1.6810558E+00    7.6049173E+00   -7.6049165E+00
 0.6100    1.6402096E+00    7.6695324E+00   -7.6695319E+00
 0.6200    1.5994235E+00    7.7260358E+00   -7.7260355E+00
 0.6300    1.5587313E+00    7.7743167E+00   -7.7743166E+00
 0.6400    1.5181665E+00    7.8142846E+00   -7.8142845E+00
 0.6500    1.4777620E+00    7.8458694E+00   -7.8458694E+00
 0.6600    1.4375503E+00    7.8690222E+00   -7.8690222E+00
 0.6700    1.3975633E+00    7.8837157E+00   -7.8837157E+00
 0.6800    1.3578329E+00    7.8899460E+00   -7.8899460E+00
 0.6900    1.3183910E+00    7.8877341E+00   -7.8877341E+00
 0.7000    1.2792691E+00    7.8771272E+00   -7.8771272E+00
 0.7100    1.2404989E+00    7.8581979E+00   -7.8581979E+00
 0.7200    1.2021112E+00    7.8310411E+00   -7.8310411E+00
 0.7300    1.1641355E+00    7.7957717E+00   -7.7957717E+00
 0.7400    1.1266000E+00    7.7525227E+00   -7.7525227E+00
 0.7500    1.0895317E+00    7.7014455E+00   -7.7014455E+00
 0.7600    1.0529565E+00    7.6427115E+00   -7.6427115E+00
 0.7700    1.0168997E+00    7.5765142E+00   -7.5765142E+00
 0.7800    9.8138621E-01    7.5030704E+00   -7.5030704E+00
 0.7900    9.4644003E-01    7.4226186E+00   -7.4226186E+00
 0.8000    9.1208434E-01    7.3354175E+00   -7.3354175E+00
 0.8100    8.7834105E-01    7.2417426E+00   -7.2417426E+00
 0.8200    8.4523067E-01    7.1418844E+00   -7.1418844E+00
 0.8300    8.1277233E-01    7.0361479E+00   -7.0361479E+00
 0.8400    7.8098391E-01    6.9248524E+00   -6.9248524E+00
 0.8500    7.4988219E-01    6.8083325E+00   -6.8083325E+00
 0.8600    7.1948278E-01    6.6869360E+00   -6.6869360E+00
 0.8700    6.8979986E-01    6.5610217E+00   -6.5610217E+00
 0.8800    6.6084608E-01    6.4309558E+00   -6.4309558E+00
 0.8900    6.3263257E-01    6.2971121E+00   -6.2971121E+00
 0.9000    6.0516923E-01    6.1598725E+00   -6.1598725E+00
 0.9100    5.7846486E-01    6.0196277E+00   -6.0196277E+00
 0.9200    5.5252711E-01    5.8767757E+00   -5.8767757E+00
 0.9300    5.2736223E-01    5.7317176E+00   -5.7317176E+00
 0.9400    5.0297488E-01    5.5848545E+00   -5.5848545E+00
 0.9500    4.7936802E-01    5.4365844E+00   -5.4365844E+00
 0.9600    4.5654304E-01    5.2873012E+00   -5.2873012E+00
 0.9700    4.3449982E-01    5.1373947E+00   -5.1373947E+00
 0.9800    4.1323701E-01    4.9872510E+00   -4.9872510E+00
 0.9900    3.9275211E-01    4.8372527E+00   -4.8372527E+00
 1.0000    3.7304149E-01    4.6877777E+00   -4.6877777E+00
 1.0100    3.5410035E-01    4.5391964E+00   -4.5391964E+00
 1.0200    3.3592251E-01    4.3918683E+00   -4.3918683E+00
 1.0300    3.1850035E-01    4.2461392E+00   -4.2461392E+00
 1.0400    3.0182484E-01    4.1023387E+00   -4.1023387E+00
 1.0500    2.8588557E-01    3.9607797E+00   -3.9607797E+00
 1.0600    2.7067096E-01    3.8217587E+00   -3.8217587E+00
 1.0700    2.5616841E-01    3.6855558E+00   -3.6855558E+00
 1.0800    2.4236436E-01    3.5524350E+00   -3.5524350E+00
 1.0900    2.2924437E-01    3.4226425E+00   -3.4226425E+00
 1.1000    2.1679299E-01    3.2964042E+00   -3.2964042E+00
 1.1100    2.0499368E-01    3.1739224E+00   -3.1739224E+00
 1.1200    1.9382886E-01    3.0553738E+00   -3.0553738E+00
 1.1300    1.8327993E-01    2.9409095E+00   -2.9409095E+00
 1.1400    1.7332746E-01    2.8306550E+00   -2.8306550E+00
 1.1500    1.6395136E-01    2.7247118E+00   -2.7247118E+00
 1.1600    1.5513098E-01    2.6231576E+00   -2.6231576E+00
 1.1700    1.4684515E-01    2.5260457E+00   -2.5260457E+00
 1.1800    1.3907215E-01    2.4334031E+00   -2.4334031E+00
 1.1900    1.3178966E-01    2.3452282E+00   -2.3452282E+00
 1.2000    1.2497477E-01    2.2614902E+00   -2.2614902E+00
 1.2100    1.1860412E-01    2.1821289E+00   -2.1821289E+00
 1.2200    1.1265397E-01    2.1070558E+00   -2.1070558E+00
 1.2300    1.0710034E-01    2.0361555E+00   -2.0361555E+00
 1.2400    1.0191908E-01    1.9692857E+00   -1.9692857E+00
 1.2500    9.7085858E-02    1.9062764E+00   -1.9062764E+00
 1.2600    9.2576247E-02    1.8469304E+00   -1.8469304E+00
 1.2700    8.8365807E-02    1.7910246E+00   -1.7910246E+00
 1.2800    8.4430218E-02    1.7383119E+00   -1.7383119E+00
 1.2900    8.0745418E-02    1.6885237E+00   -1.6885237E+00
 1.3000    7.7287779E-02    1.6413734E+00   -1.6413734E+00
 1.3100    7.4034430E-02    1.5965635E+00   -1.5965635E+00
 1.3200    7.0963749E-02    1.5537970E+00   -1.5537970E+00
 1.3300    6.8056008E-02    1.5127934E+00   -1.5127934E+00
 1.3400    6.5294000E-02    1.4733052E+00   -1.4733052E+00
 1.3500    6.2663472E-02    1.4351320E+00   -1.4351320E+00
 1.3600    6.0153210E-02    1.3981266E+00   -1.3981266E+00
 1.3700    5.7754749E-02    1.3621932E+00   -1.3621932E+00
 1.3800    5.5461802E-02    1.3272784E+00   -1.3272784E+00
 1.3900    5.3269595E-02    1.2933583E+00   -1.2933583E+00
 1.4000    5.1174253E-02    1.2604263E+00   -1.2604263E+00
 1.4100    4.9172349E-02    1.2284827E+00   -1.2284827E+00
 1.4200    4.7260629E-02    1.1975290E+00   -1.1975290E+00
 1.4300    4.5435882E-02    1.1675645E+00   -1.1675645E+00
 1.4400    4.3694914E-02    1.1385857E+00   -1.1385857E+00
 1.4500    4.2034558E-02    1.1105864E+00   -1.1105864E+00
 1.4600    4.0451698E-02    1.0835584E+00   -1.0835584E+00
 1.4700    3.8943272E-02    1.0574917E+00   -1.0574917E+00
 1.4800    3.7506271E-02    1.0323743E+00   -1.0323743E+00
 1.4900    3.6137726E-02    1.0081919E+00   -1.0081919E+00
 1.5000    3.4834704E-02    9.8492806E-01   -9.8492806E-01
 1.5100    3.3594324E-02    9.6256412E-01   -9.6256412E-01
 1.5200    3.2413775E-02    9.4108022E-01   -9.4108022E-01
 1.5300    3.1290334E-02    9.2045577E-01   -9.2045577E-01
 1.5400    3.0221371E-02    9.0066953E-01   -9.0066953E-01
 1.5500    2.9204337E-02    8.8169955E-01   -8.8169955E-01
 1.5600    2.8236752E-02    8.6352279E-01   -8.6352279E-01
 1.5700    2.7316201E-02    8.4611515E-01   -8.4611515E-01
 1.5800    2.6440341E-02    8.2945166E-01   -8.2945166E-01
 1.5900    2.5606913E-02    8.1350709E-01   -8.1350709E-01
 1.6000    2.4813758E-02    7.9825635E-01   -7.9825635E-01
 1.6100    2.4058815E-02    7.8367473E-01   -7.8367473E-01
 1.6200    2.3340114E-02    7.6973789E-01   -7.6973789E-01
 1.6300    2.2655770E-02    7.5642158E-01   -7.5642158E-01
 1.6400    2.2003974E-02    7.4370155E-01   -7.4370155E-01
 1.6500    2.1382990E-02    7.3155366E-01   -7.3155366E-01
 1.6600    2.0791162E-02    7.1995409E-01   -7.1995409E-01
 1.6700    2.0226919E-02    7.0887970E-01   -7.0887970E-01
 1.6800    1.9688776E-02    6.9830820E-01   -6.9830820E-01
 1.6900    1.9175328E-02    6.8821807E-01   -6.8821807E-01
 1.7000    1.8685238E-02    6.7858827E-01   -6.7858827E-01
 1.7100    1.8217232E-02    6.6939809E-01   -6.6939809E-01
 1.7200    1.7770090E-02    6.6062710E-01   -6.6062710E-01
 1.7300    1.7342659E-02    6.5225552E-01   -6.5225552E-01
 1.7400    1.6933860E-02    6.4426467E-01   -6.4426467E-01
 1.7500    1.6542684E-02    6.3663709E-01   -6.3663709E-01
 1.7600    1.6168194E-02    6.2935650E-01   -6.2935650E-01
 1.7700    1.5809502E-02    6.2240715E-01   -6.2240715E-01
 1.7800    1.5465750E-02    6.1577330E-01   -6.1577330E-01
 1.7900    1.5136114E-02    6.0943912E-01   -6.0943912E-01
 1.8000    1.4819811E-02    6.0338920E-01   -6.0338920E-01
 1.8100    1.4516117E-02    5.9760949E-01   -5.9760949E-01
 1.8200    1.4224378E-02    5.9208755E-01   -5.9208755E-01
 1.8300    1.3943983E-02    5.8681187E-01   -5.8681187E-01
 1.8400    1.3674335E-02    5.8177055E-01   -5.8177055E-01
 1.8500    1.3414829E-02    5.7695039E-01   -5.7695039E-01
 1.8600    1.3164869E-02    5.7233761E-01   -5.7233761E-01
 1.8700    1.2923906E-02    5.6791961E-01   -5.6791961E-01
 1.8800    1.2691472E-02    5.6368641E-01   -5.6368641E-01
 1.8900    1.2467171E-02    5.5963054E-01   -5.5963054E-01
 1.9000    1.2250642E-02    5.5574543E-01   -5.5574543E-01
 1.9100    1.2041518E-02    5.5202384E-01   -5.5202384E-01
 1.9200    1.1839425E-02    5.4845744E-01   -5.4845744E-01
 1.9300    1.1643995E-02    5.4503766E-01   -5.4503766E-01
 1.9400    1.1454892E-02    5.4175672E-01   -5.4175672E-01
 1.9500    1.1271817E-02    5.3860826E-01   -5.3860826E-01
 1.9600    1.1094507E-02    5.3558697E-01   -5.3558697E-01
 1.9700    1.0922709E-02    5.3268771E-01   -5.3268771E-01
 1.9800    1.0756159E-02    5.2990430E-01   -5.2990430E-01
 1.9900    1.0594563E-02    5.2722870E-01   -5.2722870E-01
 2.0000    1.0437603E-02    5.2465115E-01   -5.2465115E-01
 2.0100    1.0284963E-02    5.2216136E-01   -5.2216136E-01
 2.0200    1.0136362E-02    5.1975028E-01   -5.1975028E-01
 2.0300    9.9915762E-03    5.1741134E-01   -5.1741134E-01
 2.0400    9.8504383E-03    5.1514057E-01   -5.1514057E-01
 2.0500    9.7128155E-03    5.1293546E-01   -5.1293546E-01
 2.0600    9.5785760E-03    5.1079337E-01   -5.1079337E-01
 2.0700    9.4475672E-03    5.0871032E-01   -5.0871032E-01
 2.0800    9.3196159E-03    5.0668092E-01   -5.0668092E-01
 2.0900    9.1945511E-03    5.0469961E-01   -5.0469961E-01
 2.1000    9.0722306E-03    5.0276210E-01   -5.0276210E-01
 2.1100    8.9525502E-03    5.0086599E-01   -5.0086599E-01
 2.1200    8.8354317E-03    4.9901013E-01   -4.9901013E-01
 2.1300    8.7207991E-03    4.9719340E-01   -4.9719340E-01
 2.1400    8.6085597E-03    4.9541358E-01   -4.9541358E-01
 2.1500    8.4985927E-03    4.9366666E-01   -4.9366666E-01
 2.1600    8.3907448E-03    4.9194650E-01   -4.9194650E-01
 2.1700    8.2848319E-03    4.9024484E-01   -4.9024484E-01
 2.1800    8.1806568E-03    4.8855225E-01   -4.8855225E-01
 2.1900    8.0780433E-03    4.8686019E-01   -4.8686019E-01
 2.2000    7.9768757E-03    4.8516342E-01   -4.8516342E-01
 2.2100    7.8771170E-03    4.8346129E-01   -4.8346129E-01
 2.2200    7.7787919E-03    4.8175692E-01   -4.8175692E-01
 2.2300    7.6819455E-03    4.8005479E-01   -4.8005479E-01
 2.2400    7.5866026E-03    4.7835821E-01   -4.7835821E-01
 2.2500    7.4927478E-03    4.7666802E-01   -4.7666802E-01
 2.2600    7.4003315E-03    4.7498284E-01   -4.7498284E-01
 2.2700    7.3092881E-03    4.7330017E-01   -4.7330017E-01
 2.2800    7.2195501E-03    4.7161726E-01   -4.7161726E-01
 2.2900    7.1310480E-03    4.6993110E-01   -4.6993110E-01
 2.3000    7.0437049E-03    4.6823803E-01   -4.6823803E-01
 2.3100    6.9574366E-03    4.6653376E-01   -4.6653376E-01
 2.3200    6.8721576E-03    4.6481373E-01   -4.6481373E-01
 2.3300    6.7877892E-03    4.6307363E-01   -4.6307363E-01
 2.3400    6.7042674E-03    4.6131004E-01   -4.6131004E-01
 2.3500    6.6215587E-03    4.5952148E-01   -4.5952148E-01
 2.3600    6.5396747E-03    4.5770959E-01   -4.5770959E-01
 2.3700    6.4586725E-03    4.5587924E-01   -4.5587924E-01
 2.3800    6.3786255E-03    4.5403662E-01   -4.5403662E-01
 2.3900    6.2995764E-03    4.5218590E-01   -4.5218590E-01
 2.4000    6.2215044E-03    4.5032677E-01   -4.5032677E-01
 2.4100    6.1443310E-03    4.4845467E-01   -4.4845467E-01
 2.4200    6.0679583E-03    4.4656346E-01   -4.4656346E-01
 2.4300    5.9923116E-03    4.4464846E-01   -4.4464846E-01
 2.4400    5.9173595E-03    4.4270810E-01   -4.4270810E-01
 2.4500    5.8431088E-03    4.4074359E-01   -4.4074359E-01
 2.4600    5.7695888E-03    4.3875789E-01   -4.3875789E-01
 2.4700    5.6968379E-03    4.3675475E-01   -4.3675475E-01
 2.4800    5.6248935E-03    4.3473793E-01   -4.3473793E-01
 2.4900    5.5537770E-03    4.3271007E-01   -4.3271007E-01
 2.5000    5.4834755E-03    4.3067116E-01   -4.3067116E-01
 2.5100    5.4139349E-03    4.2861793E-01   -4.2861793E-01
 2.5200    5.3450757E-03    4.2654495E-01   -4.2654495E-01
 2.5300    5.2768276E-03    4.2444734E-01   -4.2444734E-01
 2.5400    5.2091639E-03    4.2232357E-01   -4.2232357E-01
 2.5500    5.1421148E-03    4.2017672E-01   -4.2017672E-01
 2.5600    5.0757478E-03    4.1801304E-01   -4.1801304E-01
 2.5700    5.0101237E-03    4.1583837E-01   -4.1583837E-01
 2.5800    4.9452538E-03    4.1365460E-01   -4.1365460E-01
 2.5900    4.8810908E-03    4.1145872E-01   -4.1145872E-01
 2.6000    4.8175619E-03    4.0924545E-01   -4.0924545E-01
 2.6100    4.7546173E-03    4.0701128E-01   -4.0701128E-01
 2.6200    4.6922513E-03    4.0475639E-01   -4.0475639E-01
 2.6300    4.6304752E-03    4.0248242E-01   -4.0248242E-01
 2.6400    4.5692686E-03    4.0018832E-01   -4.0018832E-01
 2.6500    4.5085638E-03    3.9786875E-01   -3.9786875E-01
 2.6600    4.4482905E-03    3.9551802E-01   -3.9551802E-01
 2.6700    4.3884507E-03    3.9313672E-01   -3.9313672E-01
 2.6800    4.3291520E-03    3.9073498E-01   -3.9073498E-01
 2.6900    4.2705645E-03    3.8832890E-01   -3.8832890E-01
 2.7000    4.2128304E-03    3.8593251E-01   -3.8593251E-01
 2.7100    4.1559937E-03    3.8355118E-01   -3.8355118E-01
 2.7200    4.0999956E-03    3.8118084E-01   -3.8118084E-01
 2.7300    4.0447297E-03    3.7881281E-01   -3.7881281E-01
 2.7400    3.9901093E-03    3.7644001E-01   -3.7644001E-01
 2.7500    3.9360983E-03    3.7405993E-01   -3.7405993E-01
 2.7600    3.8826905E-03    3.7167282E-01   -3.7167282E-01
 2.7700    3.8298698E-03    3.6927798E-01   -3.6927798E-01
 2.7800    3.7775960E-03    3.6687233E-01   -3.6687233E-01
 2.7900    3.7258276E-03    3.6445257E-01   -3.6445257E-01
 2.8000    3.6745600E-03    3.6201892E-01   -3.6201892E-01
 2.8100    3.6238440E-03    3.5957707E-01   -3.5957707E-01
 2.8200    3.5737714E-03    3.5713701E-01   -3.5713701E-01
 2.8300    3.5244380E-03    3.5470933E-01   -3.5470933E-01
 2.8400    3.4758992E-03    3.5230087E-01   -3.5230087E-01
 2.8500    3.4281354E-03    3.4991096E-01   -3.4991096E-01
 2.8600    3.3810387E-03    3.4752982E-01   -3.4752982E-01
 2.8700    3.3344327E-03    3.4514026E-01   -3.4514026E-01
 2.8800    3.2881332E-03    3.4272379E-01   -3.4272379E-01
 2.8900    3.2420350E-03    3.4026968E-01   -3.4026968E-01
 2.9000    3.1961770E-03    3.3778214E-01   -3.3778214E-01
 2.9100    3.1507288E-03    3.3527940E-01   -3.3527940E-01
 2.9200    3.1058870E-03    3.3278307E-01   -3.3278307E-01
 2.9300    3.0617409E-03    3.3030378E-01   -3.3030378E-01
 2.9400    3.0182060E-03    3.2783355E-01   -3.2783355E-01
 2.9500    2.9750800E-03    3.2535130E-01   -3.2535130E-01
 2.9600    2.9321880E-03    3.2283833E-01   -3.2283833E-01
 2.9700    2.8895103E-03    3.2029267E-01   -3.2029267E-01
 2.9800    2.8471971E-03    3.1773125E-01   -3.1773125E-01
 2.9900    2.8054610E-03    3.1517843E-01   -3.1517843E-01
 3.0000    2.7644375E-03    3.1265051E-01   -3.1265051E-01
 3.0100    2.7241226E-03    3.1014837E-01   -3.1014837E-01
 3.0200    2.6844220E-03    3.0766249E-01   -3.0766249E-01
 3.0300    2.6452498E-03    3.0518403E-01   -3.0518403E-01
 3.0400    2.6065886E-03    3.0271192E-01   -3.0271192E-01
 3.0500    2.5684724E-03    3.0025098E-01   -3.0025098E-01
 3.0600    2.5309243E-03    2.9780492E-01   -2.9780492E-01
 3.0700    2.4939168E-03    2.9537150E-01   -2.9537150E-01
 3.0800    2.4573901E-03    2.9294453E-01   -2.9294453E-01
 3.0900    2.4213056E-03    2.9052026E-01   -2.9052026E-01
 3.1000    2.3856831E-03    2.8810182E-01   -2.8810182E-01
 3.1100    2.3505849E-03    2.8569759E-01   -2.8569759E-01
 3.1200    2.3160599E-03    2.8331452E-01   -2.8331452E-01
 3.1300    2.2820944E-03    2.8095202E-01   -2.8095202E-01
 3.1400    2.2486073E-03    2.7860107E-01   -2.7860107E-01
 3.1500    2.2154910E-03    2.7624915E-01   -2.7624915E-01
 3.1600    2.1826677E-03    2.7388714E-01   -2.7388714E-01
 3.1700    2.1501267E-03    2.7151413E-01   -2.7151413E-01
 3.1800    2.1179281E-03    2.6913818E-01   -2.6913818E-01
 3.1900    2.0861751E-03    2.6677307E-01   -2.6677307E-01
 3.2000    2.0549658E-03    2.6443225E-01   -2.6443225E-01
 3.2100    2.0243474E-03    2.6212291E-01   -2.6212291E-01
 3.2200    1.9942944E-03    2.5984292E-01   -2.5984292E-01
 3.2300    1.9647260E-03    2.5758283E-01   -2.5758283E-01
 3.2400    1.9355511E-03    2.5533157E-01   -2.5533157E-01
 3.2500    1.9067166E-03    2.5308286E-01   -2.5308286E-01
 3.2600    1.8782335E-03    2.5083877E-01   -2.5083877E-01
 3.2700    1.8501622E-03    2.4860804E-01   -2.4860804E-01
 3.2800    1.8225572E-03    2.4639887E-01   -2.4639887E-01
 3.2900    1.7954012E-03    2.4420985E-01   -2.4420985E-01
 3.3000    1.7685801E-03    2.4202626E-01   -2.4202626E-01
 3.3100    1.7419339E-03    2.3982670E-01   -2.3982670E-01
 3.3200    1.7153592E-03    2.3759708E-01   -2.3759708E-01
 3.3300    1.6888864E-03    2.3534164E-01   -2.3534164E-01
 3.3400    1.6626690E-03    2.3308192E-01   -2.3308192E-01
 3.3500    1.6368884E-03    2.3084398E-01   -2.3084398E-01
 3.3600    1.6116491E-03    2.2864352E-01   -2.2864352E-01
 3.3700    1.5869416E-03    2.2648040E-01   -2.2648040E-01
 3.3800    1.5626919E-03    2.2434512E-01   -2.2434512E-01
 3.3900    1.5388394E-03    2.2222994E-01   -2.2222994E-01
 3.4000    1.5153724E-03    2.2013397E-01   -2.2013397E-01
 3.4100    1.4922974E-03    2.1805899E-01   -2.1805899E-01
 3.4200    1.4695882E-03    2.1600198E-01   -2.1600198E-01
 3.4300    1.4471730E-03    2.1395309E-01   -2.1395309E-01
 3.4400    1.4249756E-03    2.1190157E-01   -2.1190157E-01
 3.4500    1.4029696E-03    2.0984388E-01   -2.0984388E-01
 3.4600    1.3811931E-03    2.0778608E-01   -2.0778608E-01
 3.4700    1.3597126E-03    2.0573867E-01   -2.0573867E-01
 3.4800    1.3385726E-03    2.0370904E-01   -2.0370904E-01
 3.4900    1.3177752E-03    2.0169822E-01   -2.0169822E-01
 3.5000    1.2972979E-03    1.9970350E-01   -1.9970350E-01
 3.5100    1.2771281E-03    1.9772363E-01   -1.9772363E-01
 3.5200    1.2572885E-03    1.9576279E-01   -1.9576279E-01
 3.5300    1.2378388E-03    1.9383106E-01   -1.9383106E-01
 3.5400    1.2188501E-03    1.9194052E-01   -1.9194052E-01
 3.5500    1.2003574E-03    1.9009782E-01   -1.9009782E-01
 3.5600    1.1823155E-03    1.8829693E-01   -1.8829693E-01
 3.5700    1.1645919E-03    1.8651770E-01   -1.8651770E-01
 3.5800    1.1470150E-03    1.8473323E-01   -1.8473323E-01
 3.5900    1.1294545E-03    1.8292265E-01   -1.8292265E-01
 3.6000    1.1118796E-03    1.8108090E-01   -1.8108090E-01
 3.6100    1.0943591E-03    1.7921903E-01   -1.7921903E-01
 3.6200    1.0770093E-03    1.7735623E-01   -1.7735623E-01
 3.6300    1.0599372E-03    1.7551056E-01   -1.7551056E-01
 3.6400    1.0432138E-03    1.7369445E-01   -1.7369445E-01
 3.6500    1.0268825E-03    1.7191601E-01   -1.7191601E-01
 3.6600    1.0109802E-03    1.7018242E-01   -1.7018242E-01
 3.6700    9.9554162E-04    1.6850058E-01   -1.6850058E-01
 3.6800    9.8057199E-04    1.6687258E-01   -1.6687258E-01
 3.6900    9.6600218E-04    1.6528776E-01   -1.6528776E-01
 3.7000    9.5166512E-04    1.6371839E-01   -1.6371839E-01
 3.7100    9.3733489E-04    1.6212592E-01   -1.6212592E-01
 3.7200    9.2282890E-04    1.6047853E-01   -1.6047853E-01
 3.7300    9.0811474E-04    1.5876993E-01   -1.5876993E-01
 3.7400    8.9333948E-04    1.5702529E-01   -1.5702529E-01
 3.7500    8.7874970E-04    1.5528789E-01   -1.5528789E-01
 3.7600    8.6455551E-04    1.5359548E-01   -1.5359548E-01
 3.7700    8.5083387E-04    1.5196282E-01   -1.5196282E-01
 3.7800    8.3752655E-04    1.5038068E-01   -1.5038068E-01
 3.7900    8.2451079E-04    1.4882799E-01   -1.4882799E-01
 3.8000    8.1167663E-04    1.4728554E-01   -1.4728554E-01
 3.8100    7.9896193E-04    1.4574240E-01   -1.4574240E-01
 3.8200    7.8634613E-04    1.4419505E-01   -1.4419505E-01
 3.8300    7.7383503E-04    1.4264475E-01   -1.4264475E-01
 3.8400    7.6145912E-04    1.4109737E-01   -1.4109737E-01
 3.8500    7.4927692E-04    1.3956409E-01   -1.3956409E-01
 3.8600    7.3736138E-04    1.3805904E-01   -1.3805904E-01
 3.8700    7.2576439E-04    1.3659269E-01   -1.3659269E-01
 3.8800    7.1448140E-04    1.3516500E-01   -1.3516500E-01
 3.8900    7.0344658E-04    1.3376429E-01   -1.3376429E-01
 3.9000    6.9256801E-04    1.3237364E-01   -1.3237364E-01
 3.9100    6.8177914E-04    1.3098063E-01   -1.3098063E-01
 3.9200    6.7106781E-04    1.2958311E-01   -1.2958311E-01
 3.9300    6.6046611E-04    1.2818745E-01   -1.2818745E-01
 3.9400    6.5002037E-04    1.2680293E-01   -1.2680293E-01
 3.9500    6.3977305E-04    1.2543825E-01   -1.2543825E-01
 3.9600    6.2976651E-04    1.2410229E-01   -1.2410229E-01
 3.9700    6.2004991E-04    1.2280542E-01   -1.2280542E-01
 3.9800    6.1066796E-04    1.2155733E-01   -1.2155733E-01
 3.9900    6.0163447E-04    1.2036171E-01   -1.2036171E-01
 4.0000    5.9291424E-04    1.1921248E-01   -1.1921248E-01
 4.0100    5.8443085E-04    1.1809506E-01   -1.1809506E-01
 4.0200    5.7609126E-04    1.1699122E-01   -1.1699122E-01
 4.0300    5.6780642E-04    1.1588314E-01   -1.1588314E-01
 4.0400    5.5950099E-04    1.1475549E-01   -1.1475549E-01
 4.0500    5.5112356E-04    1.1359753E-01   -1.1359753E-01
 4.0600    5.4266216E-04    1.1240651E-01   -1.1240651E-01
 4.0700    5.3415018E-04    1.1118906E-01   -1.1118906E-01
 4.0800    5.2564679E-04    1.0995734E-01   -1.0995734E-01
 4.0900    5.1720269E-04    1.0872196E-01   -1.0872196E-01
 4.1000    5.0884133E-04    1.0748799E-01   -1.0748799E-01
 4.1100    5.0057182E-04    1.0625758E-01   -1.0625758E-01
 4.1200    4.9241629E-04    1.0503565E-01   -1.0503565E-01
 4.1300    4.8442184E-04    1.0383259E-01   -1.0383259E-01
 4.1400    4.7664527E-04    1.0266108E-01   -1.0266108E-01
 4.1500    4.6912543E-04    1.0153015E-01   -1.0153015E-01
 4.1600    4.6186748E-04    1.0044167E-01   -1.0044167E-01
 4.1700    4.5485027E-04    9.9391772E-02   -9.9391772E-02
 4.1800    4.4804439E-04    9.8374712E-02   -9.8374712E-02
 4.1900    4.4141780E-04    9.7384032E-02   -9.7384032E-02
 4.2000    4.3492298E-04    9.6409715E-02   -9.6409715E-02
 4.2100    4.2848888E-04    9.5436305E-02   -9.5436305E-02
 4.2200    4.2204287E-04    9.4447689E-02   -9.4447689E-02
 4.2300    4.1555159E-04    9.3436282E-02   -9.3436282E-02
 4.2400    4.0904010E-04    9.2407552E-02   -9.2407552E-02
 4.2500    4.0256720E-04    9.1374732E-02   -9.1374732E-02
 4.2600    3.9618099E-04    9.0348863E-02   -9.0348863E-02
 4.2700    3.8989390E-04    8.9333027E-02   -8.9333027E-02
 4.2800    3.8368855E-04    8.8323493E-02   -8.8323493E-02
 4.2900    3.7753690E-04    8.7313993E-02   -8.7313993E-02
 4.3000    3.7141808E-04    8.6299804E-02   -8.6299804E-02
 4.3100    3.6533603E-04    8.5281908E-02   -8.5281908E-02
 4.3200    3.5933834E-04    8.4271538E-02   -8.4271538E-02
 4.3300    3.5352198E-04    8.3291766E-02   -8.3291766E-02
 4.3400    3.4800416E-04    8.2370890E-02   -8.2370890E-02
 4.3500    3.4285638E-04    8.1526840E-02   -8.1526840E-02
 4.3600    3.3803922E-04    8.0751377E-02   -8.0751377E-02
 4.3700    3.3339702E-04    8.0008190E-02   -8.0008190E-02
 4.3800    3.2873446E-04    7.9250738E-02   -7.9250738E-02
 4.3900    3.2392337E-04    7.8447875E-02   -7.8447875E-02
 4.4000    3.1895365E-04    7.7596617E-02   -7.7596617E-02
 4.4100    3.1389565E-04    7.6713596E-02   -7.6713596E-02
 4.4200    3.0882530E-04    7.5817119E-02   -7.5817119E-02
 4.4300    3.0378474E-04    7.4917498E-02   -7.4917498E-02
 4.4400    2.9879495E-04    7.4019996E-02   -7.4019996E-02
 4.4500    2.9387920E-04    7.3130532E-02   -7.3130532E-02
 4.4600    2.8906040E-04    7.2255046E-02   -7.2255046E-02
 4.4700    2.8434223E-04    7.1394750E-02   -7.1394750E-02
 4.4800    2.7970726E-04    7.0545551E-02   -7.0545551E-02
 4.4900    2.7514123E-04    6.9704082E-02   -6.9704082E-02
 4.5000    2.7065717E-04    6.8873861E-02   -6.8873861E-02
 4.5100    2.6629198E-04    6.8064560E-02   -6.8064560E-02
 4.5200    2.6207974E-04    6.7285298E-02   -6.7285298E-02
 4.5300    2.5803022E-04    6.6539087E-02   -6.6539087E-02
 4.5400    2.5413065E-04    6.5823143E-02   -6.5823143E-02
 4.5500    2.5036130E-04    6.5132817E-02   -6.5132817E-02
 4.5600    2.4670473E-04    6.4463967E-02   -6.4463967E-02
 4.5700    2.4314223E-04    6.3812044E-02   -6.3812044E-02
 4.5800    2.3964898E-04    6.3170803E-02   -6.3170803E-02
 4.5900    2.3619998E-04    6.2533839E-02   -6.2533839E-02
 4.6000    2.3278397E-04    6.1898281E-02   -6.1898281E-02
 4.6100    2.2941009E-04    6.1266663E-02   -6.1266663E-02
 4.6200    2.2609656E-04    6.0643991E-02   -6.0643991E-02
 4.6300    2.2284762E-04    6.0031589E-02   -6.0031589E-02
 4.6400    2.1963803E-04    5.9422835E-02   -5.9422835E-02
 4.6500    2.1642008E-04    5.8804873E-02   -5.8804873E-02
 4.6600    2.1314926E-04    5.8165508E-02   -5.8165508E-02
 4.6700    2.0981020E-04    5.7500315E-02   -5.7500315E-02
 4.6800    2.0642428E-04    5.6814913E-02   -5.6814913E-02
 4.6900    2.0303510E-04    5.6121165E-02   -5.6121165E-02
 4.7000    1.9968441E-04    5.5430620E-02   -5.5430620E-02
 4.7100    1.9639706E-04    5.4750320E-02   -5.4750320E-02
 4.7200    1.9318434E-04    5.4083624E-02   -5.4083624E-02
 4.7300    1.9005905E-04    5.3434370E-02   -5.3434370E-02
 4.7400    1.8704758E-04    5.2810301E-02   -5.2810301E-02
 4.7500    1.8418780E-04    5.2222534E-02   -5.2222534E-02
 4.7600    1.8150897E-04    5.1679923E-02   -5.1679923E-02
 4.7700    1.7900054E-04    5.1180081E-02   -5.1180081E-02
 4.7800    1.7659130E-04    5.0703152E-02   -5.0703152E-02
 4.7900    1.7416757E-04    5.0216703E-02   -5.0216703E-02
 4.8000    1.7163626E-04    4.9693705E-02   -4.9693705E-02
 4.8100    1.6899400E-04    4.9132775E-02   -4.9132775E-02
 4.8200    1.6634548E-04    4.8564056E-02   -4.8564056E-02
 4.8300    1.6385082E-04    4.8034441E-02   -4.8034441E-02
 4.8400    1.6164116E-04    4.7583079E-02   -4.7583079E-02
 4.8500    1.5976124E-04    4.7224217E-02   -4.7224217E-02
 4.8600    1.5816009E-04    4.6943914E-02   -4.6943914E-02
 4.8700    1.5670714E-04    4.6704268E-02   -4.6704268E-02
 4.8800    1.5521353E-04    4.6449291E-02   -4.6449291E-02
 4.8900    1.5347278E-04    4.6116777E-02   -4.6116777E-02
 4.9000    1.5133778E-04    4.5661417E-02   -4.5661417E-02
 4.9100    1.4880067E-04    4.5079358E-02   -4.5079358E-02
 4.9200    1.4600585E-04    4.4413021E-02   -4.4413021E-02
 4.9300    1.4317116E-04    4.3727963E-02   -4.3727963E-02
 4.9400    1.4048050E-04    4.3080407E-02   -4.3080407E-02
 4.9500    1.3803709E-04    4.2502655E-02   -4.2502655E-02
 4.9600    1.3589383E-04    4.2011961E-02   -4.2011961E-02
 4.9700    1.3408968E-04    4.1621524E-02   -4.1621524E-02
 4.9800    1.3262239E-04    4.1331903E-02   -4.1331903E-02
 4.9900    1.3137726E-04    4.1108455E-02   -4.1108455E-02
 5.0000    1.3010790E-04    4.0874601E-02   -4.0874601E-02
 5.0100    1.2853364E-04    4.0541717E-02   -4.0541717E-02
 5.0200    1.2650169E-04    4.0060248E-02   -4.0060248E-02
 5.0300    1.2408501E-04    3.9451648E-02   -3.9451648E-02
 5.0400    1.2153672E-04    3.8795242E-02   -3.8795242E-02
 5.0500    1.1914294E-04    3.8182197E-02   -3.8182197E-02
 5.0600    1.1708278E-04    3.7670719E-02   -3.7670719E-02
 5.0700    1.1536949E-04    3.7266340E-02   -3.7266340E-02
 5.0800    1.1387407E-04    3.6928538E-02   -3.6928538E-02
 5.0900    1.1239724E-04    3.6593259E-02   -3.6593259E-02
 5.1000    1.1075960E-04    3.6201918E-02   -3.6201918E-02
 5.1100    1.0888493E-04    3.5728883E-02   -3.5728883E-02
 5.1200    1.0684369E-04    3.5196433E-02   -3.5196433E-02
 5.1300    1.0482538E-04    3.4666583E-02   -3.4666583E-02
 5.1400    1.0304367E-04    3.4210343E-02   -3.4210343E-02
 5.1500    1.0162615E-04    3.3871139E-02   -3.3871139E-02
 5.1600    1.0055569E-04    3.3644644E-02   -3.3644644E-02
 5.1700    9.9691562E-05    3.3484927E-02   -3.3484927E-02
 5.1800    9.8842068E-05    3.3328150E-02   -3.3328150E-02
 5.1900    9.7838405E-05    3.3117225E-02   -3.3117225E-02
 5.2000    9.6580210E-05    3.2817440E-02   -3.2817440E-02
 5.2100    9.5051673E-05    3.2422394E-02   -3.2422394E-02
 5.2200    9.3314682E-05    3.1952206E-02   -3.1952206E-02
 5.2300    9.1481146E-05    3.1444510E-02   -3.1444510E-02
 5.2400    8.9670746E-05    3.0940207E-02   -3.0940207E-02
 5.2500    8.7972132E-05    3.0470080E-02   -3.0470080E-02
 5.2600    8.6426316E-05    3.0048815E-02   -3.0048815E-02
 5.2700    8.5033732E-05    2.9677160E-02   -2.9677160E-02
 5.2800    8.3768478E-05    2.9346637E-02   -2.9346637E-02
 5.2900    8.2585129E-05    2.9041769E-02   -2.9041769E-02
 5.3000    8.1421897E-05    2.8741063E-02   -2.8741063E-02
 5.3100    8.0214697E-05    2.8421883E-02   -2.8421883E-02
 5.3200    7.8924736E-05    2.8070249E-02   -2.8070249E-02
 5.3300    7.7561230E-05    2.7689108E-02   -2.7689108E-02
 5.3400    7.6177416E-05    2.7297232E-02   -2.7297232E-02
 5.3500    7.4839140E-05    2.6918212E-02   -2.6918212E-02
 5.3600    7.3589049E-05    2.6567619E-02   -2.6567619E-02
 5.3700    7.2431238E-05    2.6247282E-02   -2.6247282E-02
 5.3800    7.1341876E-05    2.5948899E-02   -2.5948899E-02
 5.3900    7.0292222E-05    2.5662246E-02   -2.5662246E-02
 5.4000    6.9267827E-05    2.5382182E-02   -2.5382182E-02
 5.4100    6.8276556E-05    2.5111693E-02   -2.5111693E-02
 5.4200    6.7344317E-05    2.4860473E-02   -2.4860473E-02
 5.4300    6.6498756E-05    2.4638998E-02   -2.4638998E-02
 5.4400    6.5747006E-05    2.4450269E-02   -2.4450269E-02
 5.4500    6.5063203E-05    2.4285011E-02   -2.4285011E-02
 5.4600    6.4399197E-05    2.4125460E-02   -2.4125460E-02
 5.4700    6.3712665E-05    2.3955779E-02   -2.3955779E-02
 5.4800    6.2990034E-05    2.3770747E-02   -2.3770747E-02
 5.4900    6.2247299E-05    2.3576268E-02   -2.3576268E-02
 5.5000    6.1513707E-05    2.3383372E-02   -2.3383372E-02
 5.5100    6.0816715E-05    2.3202566E-02   -2.3202566E-02
 5.5200    6.0179207E-05    2.3042759E-02   -2.3042759E-02
 5.5300    5.9623424E-05    2.2912741E-02   -2.2912741E-02
 5.5400    5.9169408E-05    2.2820577E-02   -2.2820577E-02
 5.5500    5.8823795E-05    2.2769258E-02   -2.2769258E-02
 5.5600    5.8566648E-05    2.2751488E-02   -2.2751488E-02
 5.5700    5.8348054E-05    2.2748179E-02   -2.2748179E-02
 5.5800    5.8100459E-05    2.2733056E-02   -2.2733056E-02
 5.5900    5.7762409E-05    2.2681866E-02   -2.2681866E-02
 5.6000    5.7300367E-05    2.2581008E-02   -2.2581008E-02
 5.6100    5.6713141E-05    2.2429484E-02   -2.2429484E-02
 5.6200    5.6014278E-05    2.2232138E-02   -2.2232138E-02
 5.6300    5.5207742E-05    2.1990071E-02   -2.1990071E-02
 5.6400    5.4282210E-05    2.1698294E-02   -2.1698294E-02
 5.6500    5.3232984E-05    2.1354410E-02   -2.1354410E-02
 5.6600    5.2091749E-05    2.0970639E-02   -2.0970639E-02
 5.6700    5.0935610E-05    2.0577731E-02   -2.0577731E-02
 5.6800    4.9866957E-05    2.0217125E-02   -2.0217125E-02
 5.6900    4.8979677E-05    1.9927385E-02   -1.9927385E-02
 5.7000    4.8333181E-05    1.9733538E-02   -1.9733538E-02
 5.7100    4.7948095E-05    1.9645063E-02   -1.9645063E-02
 5.7200    4.7824939E-05    1.9663297E-02   -1.9663297E-02
 5.7300    4.7967636E-05    1.9790986E-02   -1.9790986E-02
 5.7400    4.8376611E-05    2.0029453E-02   -2.0029453E-02
 5.7500    4.8991889E-05    2.0354936E-02   -2.0354936E-02
 5.7600    4.9625069E-05    2.0689784E-02   -2.0689784E-02
 5.7700    4.9968225E-05    2.0905252E-02   -2.0905252E-02
 5.7800    4.9731232E-05    2.0878282E-02   -2.0878282E-02
 5.7900    4.8836964E-05    2.0573854E-02   -2.0573854E-02
 5.8000    4.7513181E-05    2.0085376E-02   -2.0085376E-02
 5.8100    4.6179702E-05    1.9589045E-02   -1.9589045E-02
 5.8200    4.5203139E-05    1.9240857E-02   -1.9240857E-02
 5.8300    4.4704876E-05    1.9094218E-02   -1.9094218E-02
 5.8400    4.4548860E-05    1.9092911E-02   -1.9092911E-02
 5.8500    4.4479229E-05    1.9128409E-02   -1.9128409E-02
 5.8600    4.4280928E-05    1.9108289E-02   -1.9108289E-02
 5.8700    4.3861593E-05    1.8991990E-02   -1.8991990E-02
 5.8800    4.3240002E-05    1.8786688E-02   -1.8786688E-02
 5.8900    4.2491583E-05    1.8524367E-02   -1.8524367E-02
 5.9000    4.1707887E-05    1.8244505E-02   -1.8244505E-02
 5.9100    4.0984837E-05    1.7989042E-02   -1.7989042E-02
 5.9200    4.0408772E-05    1.7796268E-02   -1.7796268E-02
 5.9300    4.0012463E-05    1.7681314E-02   -1.7681314E-02
 5.9400    3.9726885E-05    1.7614376E-02   -1.7614376E-02
 5.9500    3.9390639E-05    1.7524144E-02   -1.7524144E-02
 5.9600    3.8838017E-05    1.7336421E-02   -1.7336421E-02
 5.9700    3.8004522E-05    1.7021342E-02   -1.7021342E-02
 5.9800    3.6961721E-05    1.6609801E-02   -1.6609801E-02
 5.9900    3.5858649E-05    1.6168042E-02   -1.6168042E-02
 6.0000    3.4831980E-05    1.5757617E-02   -1.5757617E-02
 6.0100    3.3961008E-05    1.5414853E-02   -1.5414853E-02
 6.0200    3.3283891E-05    1.5157827E-02   -1.5157827E-02
 6.0300    3.2834141E-05    1.5002725E-02   -1.5002725E-02
 6.0400    3.2654679E-05    1.4970254E-02   -1.4970254E-02
 6.0500    3.2783755E-05    1.5079235E-02   -1.5079235E-02
 6.0600    3.3233268E-05    1.5336567E-02   -1.5336567E-02
 6.0700    3.3972408E-05    1.5729452E-02   -1.5729452E-02
 6.0800    3.4908678E-05    1.6216250E-02   -1.6216250E-02
 6.0900    3.5862666E-05    1.6714255E-02   -1.6714255E-02
 6.1000    3.6567759E-05    1.7098888E-02   -1.7098888E-02
 6.1100    3.6739715E-05    1.7235666E-02   -1.7235666E-02
 6.1200    3.6206460E-05    1.7041145E-02   -1.7041145E-02
 6.1300    3.5008942E-05    1.6531406E-02   -1.6531406E-02
 6.1400    3.3382172E-05    1.5814709E-02   -1.5814709E-02
 6.1500    3.1625059E-05    1.5031123E-02   -1.5031123E-02
 6.1600    2.9964207E-05    1.4288087E-02   -1.4288087E-02
 6.1700    2.8505617E-05    1.3636743E-02   -1.3636743E-02
 6.1800    2.7272584E-05    1.3089200E-02   -1.3089200E-02
 6.1900    2.6260686E-05    1.2644371E-02   -1.2644371E-02
 6.2000    2.5461113E-05    1.2299023E-02   -1.2299023E-02
 6.2100    2.4861509E-05    1.2048155E-02   -1.2048155E-02
 6.2200    2.4451614E-05    1.1887709E-02   -1.1887709E-02
 6.2300    2.4232254E-05    1.1818974E-02   -1.1818974E-02
 6.2400    2.4204922E-05    1.1843573E-02   -1.1843573E-02
 6.2500    2.4338767E-05    1.1947265E-02   -1.1947265E-02
 6.2600    2.4545364E-05    1.2087264E-02   -1.2087264E-02
 6.2700    2.4694329E-05    1.2199504E-02   -1.2199504E-02
 6.2800    2.4667800E-05    1.2225301E-02   -1.2225301E-02
 6.2900    2.4414816E-05    1.2138488E-02   -1.2138488E-02
 6.3000    2.3965615E-05    1.1953072E-02   -1.1953072E-02
 6.3100    2.3401908E-05    1.1709001E-02   -1.1709001E-02
 6.3200    2.2815583E-05    1.1451848E-02   -1.1451848E-02
 6.3300    2.2288173E-05    1.1222555E-02   -1.1222555E-02
 6.3400    2.1891020E-05    1.1057435E-02   -1.1057435E-02
 6.3500    2.1681967E-05    1.0986415E-02   -1.0986415E-02
 6.3600    2.1684536E-05    1.1022351E-02   -1.1022351E-02
 6.3700    2.1861333E-05    1.1147189E-02   -1.1147189E-02
 6.3800    2.2104312E-05    1.1306501E-02   -1.1306501E-02
 6.3900    2.2255746E-05    1.1419675E-02   -1.1419675E-02
 6.4000    2.2158203E-05    1.1405238E-02   -1.1405238E-02
 6.4100    2.1715553E-05    1.1212355E-02   -1.1212355E-02
 6.4200    2.0934476E-05    1.0842814E-02   -1.0842814E-02
 6.4300    1.9921227E-05    1.0350180E-02   -1.0350180E-02
 6.4400    1.8836452E-05    9.8170431E-03   -9.8170431E-03
 6.4500    1.7838865E-05    9.3260238E-03   -9.3260238E-03
 6.4600    1.7048620E-05    8.9405478E-03   -8.9405478E-03
 6.4700    1.6535689E-05    8.6984271E-03   -8.6984271E-03
 6.4800    1.6317514E-05    8.6102124E-03   -8.6102124E-03
 6.4900    1.6353790E-05    8.6560086E-03   -8.6560086E-03
 6.5000    1.6545011E-05    8.7842286E-03   -8.7842286E-03
 6.5100    1.6750445E-05    8.9206849E-03   -8.9206849E-03
 6.5200    1.6829007E-05    8.9900799E-03   -8.9900799E-03
 6.5300    1.6685949E-05    8.9410214E-03   -8.9410214E-03
 6.5400    1.6301804E-05    8.7619552E-03   -8.7619552E-03
 6.5500    1.5732489E-05    8.4818364E-03   -8.4818364E-03
 6.5600    1.5085219E-05    8.1577270E-03   -8.1577270E-03
 6.5700    1.4480589E-05    7.8546498E-03   -7.8546498E-03
 6.5800    1.4011647E-05    7.6234372E-03   -7.6234372E-03
 6.5900    1.3714394E-05    7.4844056E-03   -7.4844056E-03
 6.6000    1.3564336E-05    7.4249968E-03   -7.4249968E-03
 6.6100    1.3500642E-05    7.4125425E-03   -7.4125425E-03
 6.6200    1.3461122E-05    7.4132239E-03   -7.4132239E-03
 6.6300    1.3406747E-05    7.4056016E-03   -7.4056016E-03
 6.6400    1.3327556E-05    7.3840825E-03   -7.3840825E-03
 6.6500    1.3236365E-05    7.3556642E-03   -7.3556642E-03
 6.6600    1.3159116E-05    7.3347455E-03   -7.3347455E-03
 6.6700    1.3124635E-05    7.3375110E-03   -7.3375110E-03
 6.6800    1.3152669E-05    7.3752486E-03   -7.3752486E-03
 6.6900    1.3241353E-05    7.4472250E-03   -7.4472250E-03
 6.7000    1.3360050E-05    7.5364629E-03   -7.5364629E-03
 6.7100    1.3454939E-05    7.6126636E-03   -7.6126636E-03
 6.7200    1.3469151E-05    7.6434360E-03   -7.6434360E-03
 6.7300    1.3368885E-05    7.6091329E-03   -7.6091329E-03
 6.7400    1.3160336E-05    7.5127100E-03   -7.5127100E-03
 6.7500    1.2886461E-05    7.3782110E-03   -7.3782110E-03
 6.7600    1.2605235E-05    7.2385940E-03   -7.2385940E-03
 6.7700    1.2362507E-05    7.1202254E-03   -7.1202254E-03
 6.7800    1.2174708E-05    7.0327925E-03   -7.0327925E-03
 6.7900    1.2029177E-05    6.9692385E-03   -6.9692385E-03
 6.8000    1.1898897E-05    6.9140799E-03   -6.9140799E-03
 6.8100    1.1761351E-05    6.8542716E-03   -6.8542716E-03
 6.8200    1.1610787E-05    6.7864125E-03   -6.7864125E-03
 6.8300    1.1457909E-05    6.7167107E-03   -6.7167107E-03
 6.8400    1.1318064E-05    6.6541751E-03   -6.6541751E-03
 6.8500    1.1195947E-05    6.6016402E-03   -6.6016402E-03
 6.8600    1.1078199E-05    6.5512966E-03   -6.5512966E-03
 6.8700    1.0940877E-05    6.4889657E-03   -6.4889657E-03
 6.8800    1.0767780E-05    6.4049085E-03   -6.4049085E-03
 6.8900    1.0566107E-05    6.3032322E-03   -6.3032322E-03
 6.9000    1.0366487E-05    6.2021128E-03   -6.2021128E-03
 6.9100    1.0205973E-05    6.1237915E-03   -6.1237915E-03
 6.9200    1.0106488E-05    6.0816626E-03   -6.0816626E-03
 6.9300    1.0065281E-05    6.0743837E-03   -6.0743837E-03
 6.9400    1.0062736E-05    6.0903867E-03   -6.0903867E-03
 6.9500    1.0076256E-05    6.1161574E-03   -6.1161574E-03
 6.9600    1.0085099E-05    6.1391536E-03   -6.1391536E-03
 6.9700    1.0065214E-05    6.1446679E-03   -6.1446679E-03
 6.9800    9.9878543E-06    6.1149500E-03   -6.1149500E-03
 6.9900    9.8311527E-06    6.0362700E-03   -6.0362700E-03
 7.0000    9.5950093E-06    5.9081477E-03   -5.9081477E-03
 7.0100    9.3018840E-06    5.7440316E-03   -5.7440316E-03
 7.0200    8.9809370E-06    5.5616767E-03   -5.5616767E-03
 7.0300    8.6522827E-06    5.3734253E-03   -5.3734253E-03
 7.0400    8.3278525E-06    5.1866651E-03   -5.1866651E-03
 7.0500    8.0259685E-06    5.0128597E-03   -5.0128597E-03
 7.0600    7.7806597E-06    4.8734407E-03   -4.8734407E-03
 7.0700    7.6311551E-06    4.7933481E-03   -4.7933481E-03
 7.0800    7.5966931E-06    4.7852095E-03   -4.7852095E-03
 7.0900    7.6572428E-06    4.8369851E-03   -4.8369851E-03
 7.1000    7.7576543E-06    4.9142471E-03   -4.9142471E-03
 7.1100    7.8342374E-06    4.9767497E-03   -4.9767497E-03
 7.1200    7.8452544E-06    4.9977771E-03   -4.9977771E-03
 7.1300    7.7850058E-06    4.9733367E-03   -4.9733367E-03
 7.1400    7.6754133E-06    4.9170888E-03   -4.9170888E-03
 7.1500    7.5457908E-06    4.8475992E-03   -4.8475992E-03
 7.1600    7.4167568E-06    4.7780418E-03   -4.7780418E-03
 7.1700    7.2962927E-06    4.7135750E-03   -4.7135750E-03
 7.1800    7.1850370E-06    4.6546578E-03   -4.6546578E-03
 7.1900    7.0834611E-06    4.6016455E-03   -4.6016455E-03
 7.2000    6.9957550E-06    4.5573192E-03   -4.5573192E-03
 7.2100    6.9290599E-06    4.5264185E-03   -4.5264185E-03
 7.2200    6.8892462E-06    4.5129026E-03   -4.5129026E-03
 7.2300    6.8756850E-06    4.5165043E-03   -4.5165043E-03
 7.2400    6.8777465E-06    4.5303646E-03   -4.5303646E-03
 7.2500    6.8753336E-06    4.5412944E-03   -4.5412944E-03
 7.2600    6.8446971E-06    4.5335388E-03   -4.5335388E-03
 7.2700    6.7684093E-06    4.4953685E-03   -4.4953685E-03
 7.2800    6.6449219E-06    4.4255016E-03   -4.4255016E-03
 7.2900    6.4913635E-06    4.3351173E-03   -4.3351173E-03
 7.3000    6.3362160E-06    4.2431224E-03   -4.2431224E-03
 7.3100    6.2052268E-06    4.1667964E-03   -4.1667964E-03
 7.3200    6.1091040E-06    4.1134815E-03   -4.1134815E-03
 7.3300    6.0405274E-06    4.0784268E-03   -4.0784268E-03
 7.3400    5.9814188E-06    4.0495447E-03   -4.0495447E-03
 7.3500    5.9145974E-06    4.0152235E-03   -4.0152235E-03
 7.3600    5.8320806E-06    3.9699863E-03   -3.9699863E-03
 7.3700    5.7361108E-06    3.9152759E-03   -3.9152759E-03
 7.3800    5.6346298E-06    3.8564524E-03   -3.8564524E-03
 7.3900    5.5356895E-06    3.7990102E-03   -3.7990102E-03
 7.4000    5.4439075E-06    3.7461403E-03   -3.7461403E-03
 7.4100    5.3594193E-06    3.6979754E-03   -3.6979754E-03
 7.4200    5.2788577E-06    3.6522259E-03   -3.6522259E-03
 7.4300    5.1982429E-06    3.6061523E-03   -3.6061523E-03
 7.4400    5.1169781E-06    3.5593385E-03   -3.5593385E-03
 7.4500    5.0403934E-06    3.5154979E-03   -3.5154979E-03
 7.4600    4.9780932E-06    3.4813729E-03   -3.4813729E-03
 7.4700    4.9381887E-06    3.4627309E-03   -3.4627309E-03
 7.4800    4.9211560E-06    3.4600326E-03   -3.4600326E-03
 7.4900    4.9179295E-06    3.4670156E-03   -3.4670156E-03
 7.5000    4.9138026E-06    3.4733624E-03   -3.4733624E-03
 7.5100    4.8955522E-06    3.4696960E-03   -3.4696960E-03
 7.5200    4.8574682E-06    3.4518786E-03   -3.4518786E-03
 7.5300    4.8031497E-06    3.4223620E-03   -3.4223620E-03
 7.5400    4.7421535E-06    3.3878811E-03   -3.3878811E-03
 7.5500    4.6830683E-06    3.3545499E-03   -3.3545499E-03
 7.5600    4.6274396E-06    3.3234888E-03   -3.3234888E-03
 7.5700    4.5697026E-06    3.2907096E-03   -3.2907096E-03
 7.5800    4.5038763E-06    3.2518816E-03   -3.2518816E-03
 7.5900    4.4310178E-06    3.2077234E-03   -3.2077234E-03
 7.6000    4.3599404E-06    3.1645911E-03   -3.1645911E-03
 7.6100    4.3000757E-06    3.1293582E-03   -3.1293582E-03
 7.6200    4.2530561E-06    3.1032796E-03   -3.1032796E-03
 7.6300    4.2107850E-06    3.0805057E-03   -3.0805057E-03
 7.6400    4.1618033E-06    3.0526579E-03   -3.0526579E-03
 7.6500    4.1005002E-06    3.0155711E-03   -3.0155711E-03
 7.6600    4.0314703E-06    2.9725616E-03   -2.9725616E-03
 7.6700    3.9658572E-06    2.9318225E-03   -2.9318225E-03
 7.6800    3.9135564E-06    2.9007073E-03   -2.9007073E-03
 7.6900    3.8779404E-06    2.8817989E-03   -2.8817989E-03
 7.7000    3.8561384E-06    2.8730549E-03   -2.8730549E-03
 7.7100    3.8424564E-06    2.8703019E-03   -2.8703019E-03
 7.7200    3.8309670E-06    2.8691475E-03   -2.8691475E-03
 7.7300    3.8160995E-06    2.8654217E-03   -2.8654217E-03
 7.7400    3.7929706E-06    2.8554283E-03   -2.8554283E-03
 7.7500    3.7588763E-06    2.8370782E-03   -2.8370782E-03
 7.7600    3.7148828E-06    2.8111138E-03   -2.8111138E-03
 7.7700    3.6653365E-06    2.7807744E-03   -2.7807744E-03
 7.7800    3.6148828E-06    2.7495605E-03   -2.7495605E-03
 7.7900    3.5652145E-06    2.7187573E-03   -2.7187573E-03
 7.8000    3.5143861E-06    2.6868817E-03   -2.6868817E-03
 7.8100    3.4595103E-06    2.6517133E-03   -2.6517133E-03
 7.8200    3.4008167E-06    2.6134043E-03   -2.6134043E-03
 7.8300    3.3437363E-06    2.5761159E-03   -2.5761159E-03
 7.8400    3.2969496E-06    2.5465622E-03   -2.5465622E-03
 7.8500    3.2673853E-06    2.5301690E-03   -2.5301690E-03
 7.8600    3.2556065E-06    2.5274750E-03   -2.5274750E-03
 7.8700    3.2547448E-06    2.5332396E-03   -2.5332396E-03
 7.8800    3.2533849E-06    2.5386203E-03   -2.5386203E-03
 7.8900    3.2402337E-06    2.5347796E-03   -2.5347796E-03
 7.9000    3.2081358E-06    2.5160357E-03   -2.5160357E-03
 7.9100    3.1562226E-06    2.4815925E-03   -2.4815925E-03
 7.9200    3.0898262E-06    2.4355344E-03   -2.4355344E-03
 7.9300    3.0182271E-06    2.3851085E-03   -2.3851085E-03
 7.9400    2.9513081E-06    2.3381126E-03   -2.3381126E-03
 7.9500    2.8969873E-06    2.3008628E-03   -2.3008628E-03
 7.9600    2.8603099E-06    2.2774513E-03   -2.2774513E-03
 7.9700    2.8431803E-06    2.2695037E-03   -2.2695037E-03
 7.9800    2.8436728E-06    2.2755966E-03   -2.2755966E-03
 7.9900    2.8558469E-06    2.2910699E-03   -2.2910699E-03
 8.0000    2.8716900E-06    2.3095501E-03   -2.3095501E-03
 8.0100    2.8844909E-06    2.3256485E-03   -2.3256485E-03
 8.0200    2.8907696E-06    2.3365339E-03   -2.3365339E-03
 8.0300    2.8894041E-06    2.3412578E-03   -2.3412578E-03
 8.0400    2.8798922E-06    2.3393661E-03   -2.3393661E-03
 8.0500    2.8620613E-06    2.3306688E-03   -2.3306688E-03
 8.0600    2.8368163E-06    2.3158540E-03   -2.3158540E-03
 8.0700    2.8060028E-06    2.2963868E-03   -2.2963868E-03
 8.0800    2.7710089E-06    2.2733720E-03   -2.2733720E-03
 8.0900    2.7315607E-06    2.2465587E-03   -2.2465587E-03
 8.1000    2.6858952E-06    2.2144657E-03   -2.2144657E-03
 8.1100    2.6322190E-06    2.1755727E-03   -2.1755727E-03
 8.1200    2.5708141E-06    2.1300638E-03   -2.1300638E-03
 8.1300    2.5060113E-06    2.0814883E-03   -2.0814883E-03
 8.1400    2.4467036E-06    2.0372299E-03   -2.0372299E-03
 8.1500    2.4039452E-06    2.0065485E-03   -2.0065485E-03
 8.1600    2.3858619E-06    1.9963445E-03   -1.9963445E-03
 8.1700    2.3927204E-06    2.0069933E-03   -2.0069933E-03
 8.1800    2.4156500E-06    2.0311897E-03   -2.0311897E-03
 8.1900    2.4399878E-06    2.0566734E-03   -2.0566734E-03
 8.2000    2.4509930E-06    2.0709978E-03   -2.0709978E-03
 8.2100    2.4387946E-06    2.0657198E-03   -2.0657198E-03
 8.2200    2.4008125E-06    2.0385048E-03   -2.0385048E-03
 8.2300    2.3414190E-06    1.9929146E-03   -1.9929146E-03
 8.2400    2.2694326E-06    1.9363399E-03   -1.9363399E-03
 8.2500    2.1947415E-06    1.8771593E-03   -1.8771593E-03
 8.2600    2.1257864E-06    1.8225925E-03   -1.8225925E-03
 8.2700    2.0689539E-06    1.7781635E-03   -1.7781635E-03
 8.2800    2.0294157E-06    1.7484030E-03   -1.7484030E-03
 8.2900    2.0118867E-06    1.7374905E-03   -1.7374905E-03
 8.3000    2.0199030E-06    1.7486246E-03   -1.7486246E-03
 8.3100    2.0533247E-06    1.7818434E-03   -1.7818434E-03
 8.3200    2.1052159E-06    1.8312733E-03   -1.8312733E-03
 8.3300    2.1603169E-06    1.8837243E-03   -1.8837243E-03
 8.3400    2.1972936E-06    1.9205696E-03   -1.9205696E-03
 8.3500    2.1954429E-06    1.9235566E-03   -1.9235566E-03
 8.3600    2.1436835E-06    1.8827085E-03   -1.8827085E-03
 8.3700    2.0468540E-06    1.8019703E-03   -1.8019703E-03
 8.3800    1.9244800E-06    1.6982879E-03   -1.6982879E-03
 8.3900    1.8017905E-06    1.5938156E-03   -1.5938156E-03
 8.4000    1.6986021E-06    1.5061218E-03   -1.5061218E-03
 8.4100    1.6231028E-06    1.4426065E-03   -1.4426065E-03
 8.4200    1.5732362E-06    1.4016125E-03   -1.4016125E-03
 8.4300    1.5428464E-06    1.3778048E-03   -1.3778048E-03
 8.4400    1.5275060E-06    1.3673437E-03   -1.3673437E-03
 8.4500    1.5263281E-06    1.3695289E-03   -1.3695289E-03
 8.4600    1.5391889E-06    1.3843392E-03   -1.3843392E-03
 8.4700    1.5621483E-06    1.4083123E-03   -1.4083123E-03
 8.4800    1.5856508E-06    1.4328777E-03   -1.4328777E-03
 8.4900    1.5981756E-06    1.4476039E-03   -1.4476039E-03
 8.5000    1.5930155E-06    1.4463311E-03   -1.4463311E-03
 8.5100    1.5723894E-06    1.4309653E-03   -1.4309653E-03
 8.5200    1.5451763E-06    1.4095066E-03   -1.4095066E-03
 8.5300    1.5203135E-06    1.3900842E-03   -1.3900842E-03
 8.5400    1.5013380E-06    1.3759545E-03   -1.3759545E-03
 8.5500    1.4856940E-06    1.3648077E-03   -1.3648077E-03
 8.5600    1.4681787E-06    1.3518743E-03   -1.3518743E-03
 8.5700    1.4454140E-06    1.3340243E-03   -1.3340243E-03
 8.5800    1.4184100E-06    1.3121583E-03   -1.3121583E-03
 8.5900    1.3918137E-06    1.2905573E-03   -1.2905573E-03
 8.6000    1.3705567E-06    1.2738074E-03   -1.2738074E-03
 8.6100    1.3566221E-06    1.2637904E-03   -1.2637904E-03
 8.6200    1.3487137E-06    1.2593434E-03   -1.2593434E-03
 8.6300    1.3448784E-06    1.2586775E-03   -1.2586775E-03
 8.6400    1.3450792E-06    1.2617846E-03   -1.2617846E-03
 8.6500    1.3508627E-06    1.2701449E-03   -1.2701449E-03
 8.6600    1.3625907E-06    1.2841361E-03   -1.2841361E-03
 8.6700    1.3773838E-06    1.3010771E-03   -1.3010771E-03
 8.6800    1.3899839E-06    1.3160097E-03   -1.3160097E-03
 8.6900    1.3955483E-06    1.3243242E-03   -1.3243242E-03
 8.7000    1.3916780E-06    1.3236926E-03   -1.3236926E-03
 8.7100    1.3783691E-06    1.3140494E-03   -1.3140494E-03
 8.7200    1.3569683E-06    1.2966195E-03   -1.2966195E-03
 8.7300    1.3296760E-06    1.2734567E-03   -1.2734567E-03
 8.7400    1.2996254E-06    1.2475298E-03   -1.2475298E-03
 8.7500    1.2705392E-06    1.2224019E-03   -1.2224019E-03
 8.7600    1.2457540E-06    1.2012969E-03   -1.2012969E-03
 8.7700    1.2273949E-06    1.1862969E-03   -1.1862969E-03
 8.7800    1.2159923E-06    1.1779577E-03   -1.1779577E-03
 8.7900    1.2100043E-06    1.1748286E-03   -1.1748286E-03
 8.8000    1.2054239E-06    1.1730459E-03   -1.1730459E-03
 8.8100    1.1968096E-06    1.1673114E-03   -1.1673114E-03
 8.8200    1.1801158E-06    1.1536436E-03   -1.1536436E-03
 8.8300    1.1552364E-06    1.1318846E-03   -1.1318846E-03
 8.8400    1.1257788E-06    1.1055222E-03   -1.1055222E-03
 8.8500    1.0962927E-06    1.0790037E-03   -1.0790037E-03
 8.8600    1.0696363E-06    1.0551481E-03   -1.0551481E-03
 8.8700    1.0465005E-06    1.0346574E-03   -1.0346574E-03
 8.8800    1.0266744E-06    1.0173456E-03   -1.0173456E-03
 8.8900    1.0103752E-06    1.0034508E-03   -1.0034508E-03
 8.9000    9.9852074E-07    9.9390979E-04   -9.9390979E-04
 8.9100    9.9187213E-07    9.8951176E-04   -9.8951176E-04
 8.9200    9.8977279E-07    9.8963508E-04   -9.8963508E-04
 8.9300    9.8964116E-07    9.9172333E-04   -9.9172333E-04
 8.9400    9.8796834E-07    9.9226558E-04   -9.9226558E-04
 8.9500    9.8222967E-07    9.8871013E-04   -9.8871013E-04
 8.9600    9.7216096E-07    9.8076297E-04   -9.8076297E-04
 8.9700    9.5951719E-07    9.7016926E-04   -9.7016926E-04
 8.9800    9.4692540E-07    9.5957362E-04   -9.5957362E-04
 8.9900    9.3692430E-07    9.5155469E-04   -9.5155469E-04
 9.0000    9.3146521E-07    9.4811610E-04   -9.4811610E-04
 9.0100    9.3145236E-07    9.5021109E-04   -9.5021109E-04
 9.0200    9.3621981E-07    9.5719576E-04   -9.5719576E-04
 9.0300    9.4345334E-07    9.6673132E-04   -9.6673132E-04
 9.0400    9.4993898E-07    9.7553405E-04   -9.7553405E-04
 9.0500    9.5276501E-07    9.8060211E-04   -9.8060211E-04
 9.0600    9.5019621E-07    9.8012068E-04   -9.8012068E-04
 9.0700    9.4186611E-07    9.7367408E-04   -9.7367408E-04
 9.0800    9.2859079E-07    9.6206836E-04   -9.6206836E-04
 9.0900    9.1215518E-07    9.4712295E-04   -9.4712295E-04
 9.1000    8.9496394E-07    9.3131841E-04   -9.3131841E-04
 9.1100    8.7933254E-07    9.1706425E-04   -9.1706425E-04
 9.1200    8.6668152E-07    9.0585581E-04   -9.0585581E-04
 9.1300    8.5721386E-07    8.9792612E-04   -8.9792612E-04
 9.1400    8.5025329E-07    8.9258704E-04   -8.9258704E-04
 9.1500    8.4485514E-07    8.8886192E-04   -8.8886192E-04
