# total charge: 8.000000 
# r(A)     rho (e/A^3)     4*pi*r^2*rho(e/A)  dip  
 0.0000    4.6179713E+00    0.0000000E+00    6.3830765E+01
 0.0100    4.6146937E+00    5.7989952E-03    6.3506609E+01
 0.0200    4.6105520E+00    2.3175162E-02    6.2543656E+01
 0.0300    4.6053710E+00    5.2085519E-02    6.0969965E+01
 0.0400    4.5989630E+00    9.2467638E-02    5.8830755E+01
 0.0500    4.5911205E+00    1.4423430E-01    5.6186218E+01
 0.0600    4.5816116E+00    2.0726722E-01    5.3108669E+01
 0.0700    4.5701986E+00    2.8141096E-01    4.9679218E+01
 0.0800    4.5566838E+00    3.6647025E-01    4.5984178E+01
 0.0900    4.5409549E+00    4.6221291E-01    4.2111427E+01
 0.1000    4.5229991E+00    5.6837683E-01    3.8146939E+01
 0.1100    4.5028778E+00    6.8467645E-01    3.4171672E+01
 0.1200    4.4806830E+00    8.1080529E-01    3.0258964E+01
 0.1300    4.4565024E+00    9.4643482E-01    2.6472540E+01
 0.1400    4.4304032E+00    1.0912121E+00    2.2865182E+01
 0.1500    4.4024349E+00    1.2447592E+00    1.9478056E+01
 0.1600    4.3726407E+00    1.4066745E+00    1.6340659E+01
 0.1700    4.3410677E+00    1.5765374E+00    1.3471315E+01
 0.1800    4.3077691E+00    1.7539100E+00    1.0878115E+01
 0.1900    4.2727977E+00    1.9383375E+00    8.5601929E+00
 0.2000    4.2361962E+00    2.1293445E+00    6.5092102E+00
 0.2100    4.1979938E+00    2.3264314E+00    4.7109440E+00
 0.2200    4.1582113E+00    2.5290754E+00    3.1468594E+00
 0.2300    4.1168710E+00    2.7367353E+00    1.7955907E+00
 0.2400    4.0740037E+00    2.9488573E+00    6.3426750E-01
 0.2500    4.0296511E+00    3.1648806E+00   -3.6035249E-01
 0.2600    3.9838633E+00    3.3842387E+00   -1.2109637E+00
 0.2700    3.9366947E+00    3.6063604E+00   -1.9390109E+00
 0.2800    3.8881994E+00    3.8306675E+00   -2.5641952E+00
 0.2900    3.8384286E+00    4.0565733E+00   -3.1041681E+00
 0.3000    3.7874302E+00    4.2834826E+00   -3.5743869E+00
 0.3100    3.7352506E+00    4.5107940E+00   -3.9881030E+00
 0.3200    3.6819379E+00    4.7379043E+00   -4.3564501E+00
 0.3300    3.6275433E+00    4.9642124E+00   -4.6886013E+00
 0.3400    3.5721212E+00    5.1891220E+00   -4.9919669E+00
 0.3500    3.5157273E+00    5.4120417E+00   -5.2724125E+00
 0.3600    3.4584186E+00    5.6323862E+00   -5.5344819E+00
 0.3700    3.4002526E+00    5.8495774E+00   -5.7816126E+00
 0.3800    3.3412880E+00    6.0630474E+00   -6.0163359E+00
 0.3900    3.2815839E+00    6.2722390E+00   -6.2404541E+00
 0.4000    3.2211997E+00    6.4766062E+00   -6.4551934E+00
 0.4100    3.1601936E+00    6.6756148E+00   -6.6613329E+00
 0.4200    3.0986239E+00    6.8687436E+00   -6.8593127E+00
 0.4300    3.0365488E+00    7.0554878E+00   -7.0493221E+00
 0.4400    2.9740278E+00    7.2353617E+00   -7.2313709E+00
 0.4500    2.9111212E+00    7.4079012E+00   -7.4053438E+00
 0.4600    2.8478899E+00    7.5726647E+00   -7.5710422E+00
 0.4700    2.7843950E+00    7.7292333E+00   -7.7282142E+00
 0.4800    2.7206970E+00    7.8772116E+00   -7.8765778E+00
 0.4900    2.6568563E+00    8.0162284E+00   -8.0158381E+00
 0.5000    2.5929326E+00    8.1459380E+00   -8.1457001E+00
 0.5100    2.5289854E+00    8.2660216E+00   -8.2658780E+00
 0.5200    2.4650734E+00    8.3761877E+00   -8.3761019E+00
 0.5300    2.4012549E+00    8.4761741E+00   -8.4761234E+00
 0.5400    2.3375878E+00    8.5657485E+00   -8.5657188E+00
 0.5500    2.2741294E+00    8.6447097E+00   -8.6446925E+00
 0.5600    2.2109364E+00    8.7128886E+00   -8.7128787E+00
 0.5700    2.1480647E+00    8.7701484E+00   -8.7701428E+00
 0.5800    2.0855698E+00    8.8163855E+00   -8.8163823E+00
 0.5900    2.0235056E+00    8.8515292E+00   -8.8515274E+00
 0.6000    1.9619256E+00    8.8755421E+00   -8.8755411E+00
 0.6100    1.9008814E+00    8.8884196E+00   -8.8884191E+00
 0.6200    1.8404235E+00    8.8901895E+00   -8.8901893E+00
 0.6300    1.7806008E+00    8.8809113E+00   -8.8809112E+00
 0.6400    1.7214604E+00    8.8606757E+00   -8.8606756E+00
 0.6500    1.6630477E+00    8.8296054E+00   -8.8296054E+00
 0.6600    1.6054072E+00    8.7878561E+00   -8.7878561E+00
 0.6700    1.5485819E+00    8.7356184E+00   -8.7356184E+00
 0.6800    1.4926142E+00    8.6731179E+00   -8.6731179E+00
 0.6900    1.4375447E+00    8.6006132E+00   -8.6006132E+00
 0.7000    1.3834125E+00    8.5183923E+00   -8.5183923E+00
 0.7100    1.3302538E+00    8.4267689E+00   -8.4267689E+00
 0.7200    1.2781027E+00    8.3260809E+00   -8.3260809E+00
 0.7300    1.2269908E+00    8.2166901E+00   -8.2166901E+00
 0.7400    1.1769479E+00    8.0989837E+00   -8.0989837E+00
 0.7500    1.1280016E+00    7.9733736E+00   -7.9733736E+00
 0.7600    1.0801781E+00    7.8402949E+00   -7.8402949E+00
 0.7700    1.0335010E+00    7.7002034E+00   -7.7002034E+00
 0.7800    9.8799205E-01    7.5535746E+00   -7.5535746E+00
 0.7900    9.4367113E-01    7.4009031E+00   -7.4009031E+00
 0.8000    9.0055593E-01    7.2427006E+00   -7.2427006E+00
 0.8100    8.5866191E-01    7.0794921E+00   -7.0794921E+00
 0.8200    8.1800195E-01    6.9118119E+00   -6.9118119E+00
 0.8300    7.7858647E-01    6.7402018E+00   -6.7402018E+00
 0.8400    7.4042370E-01    6.5652119E+00   -6.5652119E+00
 0.8500    7.0351990E-01    6.3873998E+00   -6.3873998E+00
 0.8600    6.6787918E-01    6.2073277E+00   -6.2073277E+00
 0.8700    6.3350309E-01    6.0255557E+00   -6.0255557E+00
 0.8800    6.0039043E-01    5.8426379E+00   -5.8426379E+00
 0.8900    5.6853749E-01    5.6591211E+00   -5.6591211E+00
 0.9000    5.3793849E-01    5.4755469E+00   -5.4755469E+00
 0.9100    5.0858594E-01    5.2924528E+00   -5.2924528E+00
 0.9200    4.8047070E-01    5.1103710E+00   -5.1103710E+00
 0.9300    4.5358175E-01    4.9298231E+00   -4.9298231E+00
 0.9400    4.2790587E-01    4.7513149E+00   -4.7513149E+00
 0.9500    4.0342752E-01    4.5753318E+00   -4.5753318E+00
 0.9600    3.8012884E-01    4.4023357E+00   -4.4023357E+00
 0.9700    3.5798992E-01    4.2327647E+00   -4.2327647E+00
 0.9800    3.3698905E-01    4.0670340E+00   -4.0670340E+00
 0.9900    3.1710304E-01    3.9055361E+00   -3.9055361E+00
 1.0000    2.9830732E-01    3.7486404E+00   -3.7486404E+00
 1.0100    2.8057593E-01    3.5966902E+00   -3.5966902E+00
 1.0200    2.6388137E-01    3.4499987E+00   -3.4499987E+00
 1.0300    2.4819449E-01    3.3088453E+00   -3.3088453E+00
 1.0400    2.3348457E-01    3.1734724E+00   -3.1734724E+00
 1.0500    2.1971938E-01    3.0440854E+00   -3.0440854E+00
 1.0600    2.0686549E-01    2.9208527E+00   -2.9208527E+00
 1.0700    1.9488851E-01    2.8039074E+00   -2.8039074E+00
 1.0800    1.8375329E-01    2.6933482E+00   -2.6933482E+00
 1.0900    1.7342397E-01    2.5892381E+00   -2.5892381E+00
 1.1000    1.6386396E-01    2.4916020E+00   -2.4916020E+00
 1.1100    1.5503581E-01    2.4004234E+00   -2.4004234E+00
 1.1200    1.4690131E-01    2.3156428E+00   -2.3156428E+00
 1.1300    1.3942154E-01    2.2371579E+00   -2.2371579E+00
 1.1400    1.3255716E-01    2.1648248E+00   -2.1648248E+00
 1.1500    1.2626857E-01    2.0984606E+00   -2.0984606E+00
 1.1600    1.2051611E-01    2.0378441E+00   -2.0378441E+00
 1.1700    1.1526006E-01    1.9827157E+00   -1.9827157E+00
 1.1800    1.1046070E-01    1.9327767E+00   -1.9327767E+00
 1.1900    1.0607829E-01    1.8876884E+00   -1.8876884E+00
 1.2000    1.0207321E-01    1.8470733E+00   -1.8470733E+00
 1.2100    9.8406138E-02    1.8105178E+00   -1.8105178E+00
 1.2200    9.5038391E-02    1.7775777E+00   -1.7775777E+00
 1.2300    9.1932350E-02    1.7477868E+00   -1.7477868E+00
 1.2400    8.9052095E-02    1.7206692E+00   -1.7206692E+00
 1.2500    8.6364287E-02    1.6957588E+00   -1.6957588E+00
 1.2600    8.3839216E-02    1.6726234E+00   -1.6726234E+00
 1.2700    8.1451780E-02    1.6508890E+00   -1.6508890E+00
 1.2800    7.9182075E-02    1.6302593E+00   -1.6302593E+00
 1.2900    7.7015340E-02    1.6105215E+00   -1.6105215E+00
 1.3000    7.4941271E-02    1.5915402E+00   -1.5915402E+00
 1.3100    7.2952938E-02    1.5732409E+00   -1.5732409E+00
 1.3200    7.1045637E-02    1.5555900E+00   -1.5555900E+00
 1.3300    6.9215947E-02    1.5385773E+00   -1.5385773E+00
 1.3400    6.7461067E-02    1.5222033E+00   -1.5222033E+00
 1.3500    6.5778442E-02    1.5064717E+00   -1.5064717E+00
 1.3600    6.4165570E-02    1.4913849E+00   -1.4913849E+00
 1.3700    6.2619938E-02    1.4769427E+00   -1.4769427E+00
 1.3800    6.1139015E-02    1.4631420E+00   -1.4631420E+00
 1.3900    5.9720267E-02    1.4499773E+00   -1.4499773E+00
 1.4000    5.8361179E-02    1.4374409E+00   -1.4374409E+00
 1.4100    5.7059255E-02    1.4255229E+00   -1.4255229E+00
 1.4200    5.5812004E-02    1.4142109E+00   -1.4142109E+00
 1.4300    5.4616942E-02    1.4034900E+00   -1.4034900E+00
 1.4400    5.3471593E-02    1.3933428E+00   -1.3933428E+00
 1.4500    5.2373515E-02    1.3837499E+00   -1.3837499E+00
 1.4600    5.1320319E-02    1.3746905E+00   -1.3746905E+00
 1.4700    5.0309680E-02    1.3661428E+00   -1.3661428E+00
 1.4800    4.9339337E-02    1.3580839E+00   -1.3580839E+00
 1.4900    4.8407092E-02    1.3504901E+00   -1.3504901E+00
 1.5000    4.7510807E-02    1.3433364E+00   -1.3433364E+00
 1.5100    4.6648409E-02    1.3365974E+00   -1.3365974E+00
 1.5200    4.5817908E-02    1.3302470E+00   -1.3302470E+00
 1.5300    4.5017401E-02    1.3242596E+00   -1.3242596E+00
 1.5400    4.4245071E-02    1.3186095E+00   -1.3186095E+00
 1.5500    4.3499187E-02    1.3132711E+00   -1.3132711E+00
 1.5600    4.2778095E-02    1.3082192E+00   -1.3082192E+00
 1.5700    4.2080214E-02    1.3034282E+00   -1.3034282E+00
 1.5800    4.1404040E-02    1.2988732E+00   -1.2988732E+00
 1.5900    4.0748151E-02    1.2945297E+00   -1.2945297E+00
 1.6000    4.0111213E-02    1.2903741E+00   -1.2903741E+00
 1.6100    3.9491978E-02    1.2863836E+00   -1.2863836E+00
 1.6200    3.8889279E-02    1.2825367E+00   -1.2825367E+00
 1.6300    3.8302026E-02    1.2788124E+00   -1.2788124E+00
 1.6400    3.7729199E-02    1.2751907E+00   -1.2751907E+00
 1.6500    3.7169844E-02    1.2716526E+00   -1.2716526E+00
 1.6600    3.6623076E-02    1.2681799E+00   -1.2681799E+00
 1.6700    3.6088081E-02    1.2647556E+00   -1.2647556E+00
 1.6800    3.5564112E-02    1.2613639E+00   -1.2613639E+00
 1.6900    3.5050486E-02    1.2579904E+00   -1.2579904E+00
 1.7000    3.4546572E-02    1.2546213E+00   -1.2546213E+00
 1.7100    3.4051789E-02    1.2512440E+00   -1.2512440E+00
 1.7200    3.3565601E-02    1.2478465E+00   -1.2478465E+00
 1.7300    3.3087519E-02    1.2444180E+00   -1.2444180E+00
 1.7400    3.2617106E-02    1.2409486E+00   -1.2409486E+00
 1.7500    3.2153974E-02    1.2374299E+00   -1.2374299E+00
 1.7600    3.1697778E-02    1.2338547E+00   -1.2338547E+00
 1.7700    3.1248205E-02    1.2302163E+00   -1.2302163E+00
 1.7800    3.0804969E-02    1.2265087E+00   -1.2265087E+00
 1.7900    3.0367799E-02    1.2227262E+00   -1.2227262E+00
 1.8000    2.9936451E-02    1.2188638E+00   -1.2188638E+00
 1.8100    2.9510714E-02    1.2149173E+00   -1.2149173E+00
 1.8200    2.9090409E-02    1.2108838E+00   -1.2108838E+00
 1.8300    2.8675382E-02    1.2067610E+00   -1.2067610E+00
 1.8400    2.8265486E-02    1.2025467E+00   -1.2025467E+00
 1.8500    2.7860570E-02    1.1982386E+00   -1.1982386E+00
 1.8600    2.7460485E-02    1.1938340E+00   -1.1938340E+00
 1.8700    2.7065103E-02    1.1893311E+00   -1.1893311E+00
 1.8800    2.6674324E-02    1.1847289E+00   -1.1847289E+00
 1.8900    2.6288077E-02    1.1800280E+00   -1.1800280E+00
 1.9000    2.5906301E-02    1.1752289E+00   -1.1752289E+00
 1.9100    2.5528927E-02    1.1703322E+00   -1.1703322E+00
 1.9200    2.5155883E-02    1.1653380E+00   -1.1653380E+00
 1.9300    2.4787093E-02    1.1602460E+00   -1.1602460E+00
 1.9400    2.4422492E-02    1.1550567E+00   -1.1550567E+00
 1.9500    2.4062032E-02    1.1497711E+00   -1.1497711E+00
 1.9600    2.3705674E-02    1.1443907E+00   -1.1443907E+00
 1.9700    2.3353384E-02    1.1389172E+00   -1.1389172E+00
 1.9800    2.3005115E-02    1.1333516E+00   -1.1333516E+00
 1.9900    2.2660803E-02    1.1276941E+00   -1.1276941E+00
 2.0000    2.2320367E-02    1.1219440E+00   -1.1219440E+00
 2.0100    2.1983717E-02    1.1161000E+00   -1.1161000E+00
 2.0200    2.1650778E-02    1.1101614E+00   -1.1101614E+00
 2.0300    2.1321497E-02    1.1041285E+00   -1.1041285E+00
 2.0400    2.0995844E-02    1.0980030E+00   -1.0980030E+00
 2.0500    2.0673805E-02    1.0917872E+00   -1.0917872E+00
 2.0600    2.0355365E-02    1.0854834E+00   -1.0854834E+00
 2.0700    2.0040498E-02    1.0790934E+00   -1.0790934E+00
 2.0800    1.9729169E-02    1.0726186E+00   -1.0726186E+00
 2.0900    1.9421341E-02    1.0660600E+00   -1.0660600E+00
 2.1000    1.9116981E-02    1.0594190E+00   -1.0594190E+00
 2.1100    1.8816070E-02    1.0526978E+00   -1.0526978E+00
 2.1200    1.8518596E-02    1.0458988E+00   -1.0458988E+00
 2.1300    1.8224550E-02    1.0390247E+00   -1.0390247E+00
 2.1400    1.7933916E-02    1.0320781E+00   -1.0320781E+00
 2.1500    1.7646673E-02    1.0250608E+00   -1.0250608E+00
 2.1600    1.7362785E-02    1.0179742E+00   -1.0179742E+00
 2.1700    1.7082205E-02    1.0108187E+00   -1.0108187E+00
 2.1800    1.6804878E-02    1.0035944E+00   -1.0035944E+00
 2.1900    1.6530755E-02    9.9630147E-01   -9.9630147E-01
 2.2000    1.6259810E-02    9.8894170E-01   -9.8894170E-01
 2.2100    1.5992048E-02    9.8151853E-01   -9.8151853E-01
 2.2200    1.5727498E-02    9.7403697E-01   -9.7403697E-01
 2.2300    1.5466193E-02    9.6650259E-01   -9.6650259E-01
 2.2400    1.5208161E-02    9.5892050E-01   -9.5892050E-01
 2.2500    1.4953411E-02    9.5129488E-01   -9.5129488E-01
 2.2600    1.4701938E-02    9.4362911E-01   -9.4362911E-01
 2.2700    1.4453732E-02    9.3592613E-01   -9.3592613E-01
 2.2800    1.4208779E-02    9.2818880E-01   -9.2818880E-01
 2.2900    1.3967062E-02    9.2041970E-01   -9.2041970E-01
 2.3000    1.3728558E-02    9.1262102E-01   -9.1262102E-01
 2.3100    1.3493237E-02    9.0479456E-01   -9.0479456E-01
 2.3200    1.3261067E-02    8.9694187E-01   -8.9694187E-01
 2.3300    1.3032017E-02    8.8906467E-01   -8.8906467E-01
 2.3400    1.2806063E-02    8.8116497E-01   -8.8116497E-01
 2.3500    1.2583191E-02    8.7324554E-01   -8.7324554E-01
 2.3600    1.2363401E-02    8.6531021E-01   -8.6531021E-01
 2.3700    1.2146709E-02    8.5736386E-01   -8.5736386E-01
 2.3800    1.1933134E-02    8.4941178E-01   -8.4941178E-01
 2.3900    1.1722683E-02    8.4145848E-01   -8.4145848E-01
 2.4000    1.1515340E-02    8.3350674E-01   -8.3350674E-01
 2.4100    1.1311063E-02    8.2555758E-01   -8.2555758E-01
 2.4200    1.1109799E-02    8.1761116E-01   -8.1761116E-01
 2.4300    1.0911501E-02    8.0966787E-01   -8.0966787E-01
 2.4400    1.0716133E-02    8.0172900E-01   -8.0172900E-01
 2.4500    1.0523672E-02    7.9379680E-01   -7.9379680E-01
 2.4600    1.0334107E-02    7.8587422E-01   -7.8587422E-01
 2.4700    1.0147430E-02    7.7796456E-01   -7.7796456E-01
 2.4800    9.9636305E-03    7.7007113E-01   -7.7007113E-01
 2.4900    9.7826949E-03    7.6219671E-01   -7.6219671E-01
 2.5000    9.6045930E-03    7.5434297E-01   -7.5434297E-01
 2.5100    9.4292785E-03    7.4651024E-01   -7.4651024E-01
 2.5200    9.2566946E-03    7.3869793E-01   -7.3869793E-01
 2.5300    9.0867871E-03    7.3090555E-01   -7.3090555E-01
 2.5400    8.9195174E-03    7.2313379E-01   -7.2313379E-01
 2.5500    8.7548672E-03    7.1538493E-01   -7.1538493E-01
 2.5600    8.5928326E-03    7.0766244E-01   -7.0766244E-01
 2.5700    8.4334078E-03    6.9996965E-01   -6.9996965E-01
 2.5800    8.2765694E-03    6.9230845E-01   -6.9230845E-01
 2.5900    8.1222732E-03    6.8467897E-01   -6.8467897E-01
 2.6000    7.9704659E-03    6.7708044E-01   -6.7708044E-01
 2.6100    7.8211019E-03    6.6951270E-01   -6.6951270E-01
 2.6200    7.6741522E-03    6.6197693E-01   -6.6197693E-01
 2.6300    7.5295945E-03    6.5447483E-01   -6.5447483E-01
 2.6400    7.3873961E-03    6.4700719E-01   -6.4700719E-01
 2.6500    7.2475068E-03    6.3957318E-01   -6.3957318E-01
 2.6600    7.1098737E-03    6.3217166E-01   -6.3217166E-01
 2.6700    6.9744679E-03    6.2480352E-01   -6.2480352E-01
 2.6800    6.8412970E-03    6.1747289E-01   -6.1747289E-01
 2.6900    6.7103926E-03    6.1018616E-01   -6.1018616E-01
 2.7000    6.5817802E-03    6.0294926E-01   -6.0294926E-01
 2.7100    6.4554537E-03    5.9576532E-01   -5.9576532E-01
 2.7200    6.3313725E-03    5.8863426E-01   -5.8863426E-01
 2.7300    6.2094776E-03    5.8155424E-01   -5.8155424E-01
 2.7400    6.0897151E-03    5.7452372E-01   -5.7452372E-01
 2.7500    5.9720474E-03    5.6754264E-01   -5.6754264E-01
 2.7600    5.8564475E-03    5.6061186E-01   -5.6061186E-01
 2.7700    5.7428860E-03    5.5373197E-01   -5.5373197E-01
 2.7800    5.6313247E-03    5.4690265E-01   -5.4690265E-01
 2.7900    5.5217233E-03    5.4012330E-01   -5.4012330E-01
 2.8000    5.4140530E-03    5.3339438E-01   -5.3339438E-01
 2.8100    5.3083037E-03    5.2671812E-01   -5.2671812E-01
 2.8200    5.2044803E-03    5.2009832E-01   -5.2009832E-01
 2.8300    5.1025907E-03    5.1353905E-01   -5.1353905E-01
 2.8400    5.0026297E-03    5.0704313E-01   -5.0704313E-01
 2.8500    4.9045670E-03    5.0061085E-01   -5.0061085E-01
 2.8600    4.8083423E-03    4.9423933E-01   -4.9423933E-01
 2.8700    4.7138721E-03    4.8792319E-01   -4.8792319E-01
 2.8800    4.6210705E-03    4.8165651E-01   -4.8165651E-01
 2.8900    4.5298770E-03    4.7543588E-01   -4.7543588E-01
 2.9000    4.4402781E-03    4.6926270E-01   -4.6926270E-01
 2.9100    4.3523031E-03    4.6314286E-01   -4.6314286E-01
 2.9200    4.2659897E-03    4.5708332E-01   -4.5708332E-01
 2.9300    4.1813412E-03    4.5108741E-01   -4.5108741E-01
 2.9400    4.0983045E-03    4.4515243E-01   -4.4515243E-01
 2.9500    4.0167885E-03    4.3927134E-01   -4.3927134E-01
 2.9600    3.9367114E-03    4.3343788E-01   -4.3343788E-01
 2.9700    3.8580417E-03    4.2765119E-01   -4.2765119E-01
 2.9800    3.7808034E-03    4.2191648E-01   -4.2191648E-01
 2.9900    3.7050406E-03    4.1624135E-01   -4.1624135E-01
 3.0000    3.6307729E-03    4.1063074E-01   -4.1063074E-01
 3.0100    3.5579746E-03    4.0508457E-01   -4.0508457E-01
 3.0200    3.4865918E-03    3.9959943E-01   -3.9959943E-01
 3.0300    3.4165743E-03    3.9417219E-01   -3.9417219E-01
 3.0400    3.3478946E-03    3.8880228E-01   -3.8880228E-01
 3.0500    3.2805426E-03    3.8349105E-01   -3.8349105E-01
 3.0600    3.2145048E-03    3.7823942E-01   -3.7823942E-01
 3.0700    3.1497507E-03    3.7304635E-01   -3.7304635E-01
 3.0800    3.0862397E-03    3.6790946E-01   -3.6790946E-01
 3.0900    3.0239380E-03    3.6282709E-01   -3.6282709E-01
 3.1000    2.9628308E-03    3.5779981E-01   -3.5779981E-01
 3.1100    2.9029180E-03    3.5282992E-01   -3.5282992E-01
 3.1200    2.8441957E-03    3.4791930E-01   -3.4791930E-01
 3.1300    2.7866410E-03    3.4306749E-01   -3.4306749E-01
 3.1400    2.7302102E-03    3.3827137E-01   -3.3827137E-01
 3.1500    2.6748514E-03    3.3352672E-01   -3.3352672E-01
 3.1600    2.6205223E-03    3.2883035E-01   -3.2883035E-01
 3.1700    2.5672023E-03    3.2418169E-01   -3.2418169E-01
 3.1800    2.5148935E-03    3.1958302E-01   -3.1958302E-01
 3.1900    2.4636117E-03    3.1503840E-01   -3.1503840E-01
 3.2000    2.4133718E-03    3.1055180E-01   -3.1055180E-01
 3.2100    2.3641724E-03    3.0612519E-01   -3.0612519E-01
 3.2200    2.3159896E-03    3.0175760E-01   -3.0175760E-01
 3.2300    2.2687820E-03    2.9744568E-01   -2.9744568E-01
 3.2400    2.2225047E-03    2.9318556E-01   -2.9318556E-01
 3.2500    2.1771250E-03    2.8897478E-01   -2.8897478E-01
 3.2600    2.1326301E-03    2.8481352E-01   -2.8481352E-01
 3.2700    2.0890236E-03    2.8070407E-01   -2.8070407E-01
 3.2800    2.0463077E-03    2.7664861E-01   -2.7664861E-01
 3.2900    2.0044628E-03    2.7264633E-01   -2.7264633E-01
 3.3000    1.9634387E-03    2.6869222E-01   -2.6869222E-01
 3.3100    1.9231712E-03    2.6477915E-01   -2.6477915E-01
 3.3200    1.8836138E-03    2.6090230E-01   -2.6090230E-01
 3.3300    1.8447630E-03    2.5706262E-01   -2.5706262E-01
 3.3400    1.8066543E-03    2.5326656E-01   -2.5326656E-01
 3.3500    1.7693321E-03    2.4952199E-01   -2.4952199E-01
 3.3600    1.7328166E-03    2.4583347E-01   -2.4583347E-01
 3.3700    1.6970917E-03    2.4220047E-01   -2.4220047E-01
 3.3800    1.6621207E-03    2.3861944E-01   -2.3861944E-01
 3.3900    1.6278709E-03    2.3508733E-01   -2.3508733E-01
 3.4000    1.5943257E-03    2.3160331E-01   -2.3160331E-01
 3.4100    1.5614748E-03    2.2816741E-01   -2.2816741E-01
 3.4200    1.5292983E-03    2.2477824E-01   -2.2477824E-01
 3.4300    1.4977621E-03    2.2143228E-01   -2.2143228E-01
 3.4400    1.4668308E-03    2.1812566E-01   -2.1812566E-01
 3.4500    1.4364844E-03    2.1485673E-01   -2.1485673E-01
 3.4600    1.4067230E-03    2.1162679E-01   -2.1162679E-01
 3.4700    1.3775562E-03    2.0843859E-01   -2.0843859E-01
 3.4800    1.3489871E-03    2.0529395E-01   -2.0529395E-01
 3.4900    1.3210065E-03    2.0219279E-01   -2.0219279E-01
 3.5000    1.2935976E-03    1.9913388E-01   -1.9913388E-01
 3.5100    1.2667472E-03    1.9611646E-01   -1.9611646E-01
 3.5200    1.2404530E-03    1.9314146E-01   -1.9314146E-01
 3.5300    1.2147245E-03    1.9021163E-01   -1.9021163E-01
 3.5400    1.1895746E-03    1.8733032E-01   -1.8733032E-01
 3.5500    1.1650049E-03    1.8449914E-01   -1.8449914E-01
 3.5600    1.1409918E-03    1.8171567E-01   -1.8171567E-01
 3.5700    1.1174842E-03    1.7897307E-01   -1.7897307E-01
 3.5800    1.0944194E-03    1.7626240E-01   -1.7626240E-01
 3.5900    1.0717476E-03    1.7357664E-01   -1.7357664E-01
 3.6000    1.0494508E-03    1.7091374E-01   -1.7091374E-01
 3.6100    1.0275427E-03    1.6827677E-01   -1.6827677E-01
 3.6200    1.0060524E-03    1.6567142E-01   -1.6567142E-01
 3.6300    9.8500635E-04    1.6310307E-01   -1.6310307E-01
 3.6400    9.6442044E-04    1.6057541E-01   -1.6057541E-01
 3.6500    9.4430184E-04    1.5809074E-01   -1.5809074E-01
 3.6600    9.2465555E-04    1.5565104E-01   -1.5565104E-01
 3.6700    9.0548553E-04    1.5325812E-01   -1.5325812E-01
 3.6800    8.8678616E-04    1.5091222E-01   -1.5091222E-01
 3.6900    8.6852788E-04    1.4860943E-01   -1.4860943E-01
 3.7000    8.5064982E-04    1.4634036E-01   -1.4634036E-01
 3.7100    8.3307246E-04    1.4409220E-01   -1.4409220E-01
 3.7200    8.1573056E-04    1.4185429E-01   -1.4185429E-01
 3.7300    7.9860737E-04    1.3962425E-01   -1.3962425E-01
 3.7400    7.8174402E-04    1.3740978E-01   -1.3740978E-01
 3.7500    7.6521375E-04    1.3522443E-01   -1.3522443E-01
 3.7600    7.4907829E-04    1.3307999E-01   -1.3307999E-01
 3.7700    7.3335682E-04    1.3098088E-01   -1.3098088E-01
 3.7800    7.1802526E-04    1.2892383E-01   -1.2892383E-01
 3.7900    7.0303877E-04    1.2690174E-01   -1.2690174E-01
 3.8000    6.8835653E-04    1.2490807E-01   -1.2490807E-01
 3.8100    6.7395301E-04    1.2293893E-01   -1.2293893E-01
 3.8200    6.5981612E-04    1.2099280E-01   -1.2099280E-01
 3.8300    6.4594246E-04    1.1906970E-01   -1.1906970E-01
 3.8400    6.3233675E-04    1.1717116E-01   -1.1717116E-01
 3.8500    6.1901281E-04    1.1530044E-01   -1.1530044E-01
 3.8600    6.0598917E-04    1.1346171E-01   -1.1346171E-01
 3.8700    5.9327762E-04    1.1165798E-01   -1.1165798E-01
 3.8800    5.8087195E-04    1.0988887E-01   -1.0988887E-01
 3.8900    5.6874639E-04    1.0815030E-01   -1.0815030E-01
 3.9000    5.5686692E-04    1.0643648E-01   -1.0643648E-01
 3.9100    5.4520774E-04    1.0474309E-01   -1.0474309E-01
 3.9200    5.3376069E-04    1.0306912E-01   -1.0306912E-01
 3.9300    5.2253211E-04    1.0141634E-01   -1.0141634E-01
 3.9400    5.1153324E-04    9.9787506E-02   -9.9787506E-02
 3.9500    5.0077430E-04    9.8185214E-02   -9.8185214E-02
 3.9600    4.9026557E-04    9.6612124E-02   -9.6612124E-02
 3.9700    4.8001938E-04    9.5071347E-02   -9.5071347E-02
 3.9800    4.7004653E-04    9.3565740E-02   -9.3565740E-02
 3.9900    4.6034781E-04    9.2096205E-02   -9.2096205E-02
 4.0000    4.5090826E-04    9.0660485E-02   -9.0660485E-02
 4.0100    4.4169964E-04    8.9253583E-02   -8.9253583E-02
 4.0200    4.3268827E-04    8.7869286E-02   -8.7869286E-02
 4.0300    4.2384166E-04    8.6501493E-02   -8.6501493E-02
 4.0400    4.1513188E-04    8.5144908E-02   -8.5144908E-02
 4.0500    4.0653912E-04    8.3795801E-02   -8.3795801E-02
 4.0600    3.9805686E-04    8.2453111E-02   -8.2453111E-02
 4.0700    3.8969349E-04    8.1118859E-02   -8.1118859E-02
 4.0800    3.8146563E-04    7.9796823E-02   -7.9796823E-02
 4.0900    3.7338678E-04    7.8490197E-02   -7.8490197E-02
 4.1000    3.6546145E-04    7.7200330E-02   -7.7200330E-02
 4.1100    3.5768957E-04    7.5927620E-02   -7.5927620E-02
 4.1200    3.5007546E-04    7.4673407E-02   -7.4673407E-02
 4.1300    3.4263157E-04    7.3440790E-02   -7.3440790E-02
 4.1400    3.3537335E-04    7.2233572E-02   -7.2233572E-02
 4.1500    3.2831029E-04    7.1054331E-02   -7.1054331E-02
 4.1600    3.2144102E-04    6.9903322E-02   -6.9903322E-02
 4.1700    3.1475588E-04    6.8778995E-02   -6.8778995E-02
 4.1800    3.0824296E-04    6.7679258E-02   -6.7679258E-02
 4.1900    3.0188984E-04    6.6601867E-02   -6.6601867E-02
 4.2000    2.9567926E-04    6.5543451E-02   -6.5543451E-02
 4.2100    2.8958627E-04    6.4498858E-02   -6.4498858E-02
 4.2200    2.8358518E-04    6.3462664E-02   -6.3462664E-02
 4.2300    2.7766284E-04    6.2432160E-02   -6.2432160E-02
 4.2400    2.7182503E-04    6.1408858E-02   -6.1408858E-02
 4.2500    2.6608863E-04    6.0396817E-02   -6.0396817E-02
 4.2600    2.6046719E-04    5.9399403E-02   -5.9399403E-02
 4.2700    2.5496264E-04    5.8417392E-02   -5.8417392E-02
 4.2800    2.4956718E-04    5.7449318E-02   -5.7449318E-02
 4.2900    2.4426956E-04    5.6492891E-02   -5.6492891E-02
 4.3000    2.3906110E-04    5.5546370E-02   -5.5546370E-02
 4.3100    2.3394148E-04    5.4609931E-02   -5.4609931E-02
 4.3200    2.2892467E-04    5.3687101E-02   -5.3687101E-02
 4.3300    2.2404052E-04    5.2785207E-02   -5.2785207E-02
 4.3400    2.1932517E-04    5.1913200E-02   -5.1913200E-02
 4.3500    2.1479978E-04    5.1076626E-02   -5.1076626E-02
 4.3600    2.1044957E-04    5.0272548E-02   -5.0272548E-02
 4.3700    2.0622229E-04    4.9488962E-02   -4.9488962E-02
 4.3800    2.0205303E-04    4.8710596E-02   -4.8710596E-02
 4.3900    1.9789890E-04    4.7927226E-02   -4.7927226E-02
 4.4000    1.9375560E-04    4.7137818E-02   -4.7137818E-02
 4.4100    1.8964510E-04    4.6347751E-02   -4.6347751E-02
 4.4200    1.8559119E-04    4.5562943E-02   -4.5562943E-02
 4.4300    1.8160654E-04    4.4786673E-02   -4.4786673E-02
 4.4400    1.7769671E-04    4.4020523E-02   -4.4020523E-02
 4.4500    1.7386795E-04    4.3266267E-02   -4.3266267E-02
 4.4600    1.7012647E-04    4.2525700E-02   -4.2525700E-02
 4.4700    1.6647233E-04    4.1799104E-02   -4.1799104E-02
 4.4800    1.6289868E-04    4.1085016E-02   -4.1085016E-02
 4.4900    1.5939951E-04    4.0382159E-02   -4.0382159E-02
 4.5000    1.5597751E-04    3.9691441E-02   -3.9691441E-02
 4.5100    1.5264317E-04    3.9015783E-02   -3.9015783E-02
 4.5200    1.4940636E-04    3.8357988E-02   -3.8357988E-02
 4.5300    1.4626931E-04    3.7718940E-02   -3.7718940E-02
 4.5400    1.4322694E-04    3.7097640E-02   -3.7097640E-02
 4.5500    1.4027171E-04    3.6492428E-02   -3.6492428E-02
 4.5600    1.3739661E-04    3.5901745E-02   -3.5901745E-02
 4.5700    1.3459417E-04    3.5323889E-02   -3.5323889E-02
 4.5800    1.3185522E-04    3.4756670E-02   -3.4756670E-02
 4.5900    1.2917087E-04    3.4197930E-02   -3.4197930E-02
 4.6000    1.2653685E-04    3.3646707E-02   -3.3646707E-02
 4.6100    1.2395545E-04    3.3103761E-02   -3.3103761E-02
 4.6200    1.2143164E-04    3.2570593E-02   -3.2570593E-02
 4.6300    1.1896572E-04    3.2047465E-02   -3.2047465E-02
 4.6400    1.1654855E-04    3.1532087E-02   -3.1532087E-02
 4.6500    1.1416389E-04    3.1020194E-02   -3.1020194E-02
 4.6600    1.1179656E-04    3.0507748E-02   -3.0507748E-02
 4.6700    1.0944070E-04    2.9993178E-02   -2.9993178E-02
 4.6800    1.0710209E-04    2.9478102E-02   -2.9478102E-02
 4.6900    1.0479371E-04    2.8966149E-02   -2.8966149E-02
 4.7000    1.0252823E-04    2.8460926E-02   -2.8460926E-02
 4.7100    1.0031329E-04    2.7964698E-02   -2.7964698E-02
 4.7200    9.8152375E-05    2.7478604E-02   -2.7478604E-02
 4.7300    9.6049254E-05    2.7003878E-02   -2.7003878E-02
 4.7400    9.4011456E-05    2.6542836E-02   -2.6542836E-02
 4.7500    9.2049540E-05    2.6098690E-02   -2.6098690E-02
 4.7600    9.0171098E-05    2.5673858E-02   -2.5673858E-02
 4.7700    8.8371497E-05    2.5267300E-02   -2.5267300E-02
 4.7800    8.6627767E-05    2.4872691E-02   -2.4872691E-02
 4.7900    8.4904276E-05    2.4479946E-02   -2.4479946E-02
 4.8000    8.3171980E-05    2.4080715E-02   -2.4080715E-02
 4.8100    8.1429579E-05    2.3674576E-02   -2.3674576E-02
 4.8200    7.9709110E-05    2.3270832E-02   -2.3270832E-02
 4.8300    7.8059752E-05    2.2883966E-02   -2.2883966E-02
 4.8400    7.6521829E-05    2.2526096E-02   -2.2526096E-02
 4.8500    7.5108975E-05    2.2201646E-02   -2.2201646E-02
 4.8600    7.3805010E-05    2.1906260E-02   -2.1906260E-02
 4.8700    7.2568590E-05    2.1628006E-02   -2.1628006E-02
 4.8800    7.1339613E-05    2.1349134E-02   -2.1349134E-02
 4.8900    7.0052093E-05    2.1049835E-02   -2.1049835E-02
 4.9000    6.8658759E-05    2.0715622E-02   -2.0715622E-02
 4.9100    6.7156594E-05    2.0345179E-02   -2.0345179E-02
 4.9200    6.5591092E-05    1.9951931E-02   -1.9951931E-02
 4.9300    6.4031227E-05    1.9556698E-02   -1.9556698E-02
 4.9400    6.2535207E-05    1.9177339E-02   -1.9177339E-02
 4.9500    6.1135395E-05    1.8824047E-02   -1.8824047E-02
 4.9600    5.9847805E-05    1.8502118E-02   -1.8502118E-02
 4.9700    5.8683842E-05    1.8215503E-02   -1.8215503E-02
 4.9800    5.7642093E-05    1.7964217E-02   -1.7964217E-02
 4.9900    5.6686113E-05    1.7737305E-02   -1.7737305E-02
 5.0000    5.5738312E-05    1.7510707E-02   -1.7510707E-02
 5.0100    5.4710360E-05    1.7256586E-02   -1.7256586E-02
 5.0200    5.3553961E-05    1.6959338E-02   -1.6959338E-02
 5.0300    5.2291586E-05    1.6625612E-02   -1.6625612E-02
 5.0400    5.1002208E-05    1.6280207E-02   -1.6280207E-02
 5.0500    4.9775157E-05    1.5951637E-02   -1.5951637E-02
 5.0600    4.8666218E-05    1.5658080E-02   -1.5658080E-02
 5.0700    4.7679183E-05    1.5401201E-02   -1.5401201E-02
 5.0800    4.6773372E-05    1.5168267E-02   -1.5168267E-02
 5.0900    4.5886331E-05    1.4939249E-02   -1.4939249E-02
 5.1000    4.4962068E-05    1.4695910E-02   -1.4695910E-02
 5.1100    4.3976839E-05    1.4430311E-02   -1.4430311E-02
 5.1200    4.2952205E-05    1.4149310E-02   -1.4149310E-02
 5.1300    4.1946072E-05    1.3871898E-02   -1.3871898E-02
 5.1400    4.1023294E-05    1.3619672E-02   -1.3619672E-02
 5.1500    4.0222021E-05    1.3405660E-02   -1.3405660E-02
 5.1600    3.9536149E-05    1.3228288E-02   -1.3228288E-02
 5.1700    3.8922111E-05    1.3073364E-02   -1.3073364E-02
 5.1800    3.8321128E-05    1.2921343E-02   -1.2921343E-02
 5.1900    3.7681606E-05    1.2754810E-02   -1.2754810E-02
 5.2000    3.6972885E-05    1.2563189E-02   -1.2563189E-02
 5.2100    3.6190109E-05    1.2344548E-02   -1.2344548E-02
 5.2200    3.5352212E-05    1.2105074E-02   -1.2105074E-02
 5.2300    3.4493570E-05    1.1856360E-02   -1.1856360E-02
 5.2400    3.3651103E-05    1.1611057E-02   -1.1611057E-02
 5.2500    3.2852275E-05    1.1378733E-02   -1.1378733E-02
 5.2600    3.2109738E-05    1.1163956E-02   -1.1163956E-02
 5.2700    3.1423234E-05    1.0966852E-02   -1.0966852E-02
 5.2800    3.0783866E-05    1.0784521E-02   -1.0784521E-02
 5.2900    3.0176412E-05    1.0611794E-02   -1.0611794E-02
 5.3000    2.9580812E-05    1.0441712E-02   -1.0441712E-02
 5.3100    2.8977025E-05    1.0267216E-02   -1.0267216E-02
 5.3200    2.8353667E-05    1.0084221E-02   -1.0084221E-02
 5.3300    2.7714593E-05    9.8940201E-03   -9.8940201E-03
 5.3400    2.7076943E-05    9.7026869E-03   -9.7026869E-03
 5.3500    2.6460977E-05    9.5175092E-03   -9.5175092E-03
 5.3600    2.5879131E-05    9.3430597E-03   -9.3430597E-03
 5.3700    2.5331778E-05    9.1796074E-03   -9.1796074E-03
 5.3800    2.4810918E-05    9.0243774E-03   -9.0243774E-03
 5.3900    2.4307349E-05    8.8741138E-03   -8.8741138E-03
 5.4000    2.3816468E-05    8.7271961E-03   -8.7271961E-03
 5.4100    2.3340625E-05    8.5845370E-03   -8.5845370E-03
 5.4200    2.2887718E-05    8.4491094E-03   -8.4491094E-03
 5.4300    2.2466079E-05    8.3240906E-03   -8.3240906E-03
 5.4400    2.2077650E-05    8.2103282E-03   -8.2103282E-03
 5.4500    2.1714351E-05    8.1049383E-03   -8.1049383E-03
 5.4600    2.1361553E-05    8.0025423E-03   -8.0025423E-03
 5.4700    2.1006678E-05    7.8984504E-03   -7.8984504E-03
 5.4800    2.0645967E-05    7.7912332E-03   -7.7912332E-03
 5.4900    2.0284541E-05    7.6828037E-03   -7.6828037E-03
 5.5000    1.9931397E-05    7.5765762E-03   -7.5765762E-03
 5.5100    1.9594862E-05    7.4757587E-03   -7.4757587E-03
 5.5200    1.9281716E-05    7.3830142E-03   -7.3830142E-03
 5.5300    1.8998321E-05    7.3008824E-03   -7.3008824E-03
 5.5400    1.8750160E-05    7.2315997E-03   -7.2315997E-03
 5.5500    1.8538566E-05    7.1758273E-03   -7.1758273E-03
 5.5600    1.8356887E-05    7.1311322E-03   -7.1311322E-03
 5.5700    1.8189561E-05    7.0915713E-03   -7.0915713E-03
 5.5800    1.8015913E-05    7.0491142E-03   -7.0491142E-03
 5.5900    1.7817396E-05    6.9964498E-03   -6.9964498E-03
 5.6000    1.7584192E-05    6.9296026E-03   -6.9296026E-03
 5.6100    1.7316395E-05    6.8484624E-03   -6.8484624E-03
 5.6200    1.7018329E-05    6.7545964E-03   -6.7545964E-03
 5.6300    1.6690806E-05    6.6481982E-03   -6.6481982E-03
 5.6400    1.6329350E-05    6.5273511E-03   -6.5273511E-03
 5.6500    1.5931291E-05    6.3908368E-03   -6.3908368E-03
 5.6600    1.5505547E-05    6.2420869E-03   -6.2420869E-03
 5.6700    1.5075923E-05    6.0905973E-03   -6.0905973E-03
 5.6800    1.4674916E-05    5.9495232E-03   -5.9495232E-03
 5.6900    1.4332788E-05    5.8312960E-03   -5.8312960E-03
 5.7000    1.4068943E-05    5.7440875E-03   -5.7440875E-03
 5.7100    1.3890360E-05    5.6910915E-03   -5.6910915E-03
 5.7200    1.3797549E-05    5.6728837E-03   -5.6728837E-03
 5.7300    1.3792056E-05    5.6904696E-03   -5.6904696E-03
 5.7400    1.3874211E-05    5.7443641E-03   -5.7443641E-03
 5.7500    1.4025033E-05    5.8270596E-03   -5.8270596E-03
 5.7600    1.4184563E-05    5.9138568E-03   -5.9138568E-03
 5.7700    1.4254438E-05    5.9636423E-03   -5.9636423E-03
 5.7800    1.4141074E-05    5.9367385E-03   -5.9367385E-03
 5.7900    1.3817565E-05    5.8210121E-03   -5.8210121E-03
 5.8000    1.3353689E-05    5.6450411E-03   -5.6450411E-03
 5.8100    1.2881753E-05    5.4643321E-03   -5.4643321E-03
 5.8200    1.2520195E-05    5.3292603E-03   -5.3292603E-03
 5.8300    1.2312540E-05    5.2588967E-03   -5.2588967E-03
 5.8400    1.2221426E-05    5.2379028E-03   -5.2379028E-03
 5.8500    1.2169342E-05    5.2334573E-03   -5.2334573E-03
 5.8600    1.2087768E-05    5.2161636E-03   -5.2161636E-03
 5.8700    1.1943549E-05    5.1715348E-03   -5.1715348E-03
 5.8800    1.1737278E-05    5.0995507E-03   -5.0995507E-03
 5.8900    1.1488187E-05    5.0083186E-03   -5.0083186E-03
 5.9000    1.1222473E-05    4.9091063E-03   -4.9091063E-03
 5.9100    1.0969713E-05    4.8148206E-03   -4.8148206E-03
 5.9200    1.0758142E-05    4.7379507E-03   -4.7379507E-03
 5.9300    1.0600400E-05    4.6842657E-03   -4.6842657E-03
 5.9400    1.0477882E-05    4.6457544E-03   -4.6457544E-03
 5.9500    1.0342954E-05    4.6013830E-03   -4.6013830E-03
 5.9600    1.0145811E-05    4.5288627E-03   -4.5288627E-03
 5.9700    9.8671075E-06    4.4192481E-03   -4.4192481E-03
 5.9800    9.5289495E-06    4.2821045E-03   -4.2821045E-03
 5.9900    9.1768986E-06    4.1377042E-03   -4.1377042E-03
 6.0000    8.8521432E-06    4.0046152E-03   -4.0046152E-03
 6.0100    8.5775460E-06    3.8933358E-03   -3.8933358E-03
 6.0200    8.3629228E-06    3.8085612E-03   -3.8085612E-03
 6.0300    8.2168769E-06    3.7544927E-03   -3.7544927E-03
 6.0400    8.1517772E-06    3.7371114E-03   -3.7371114E-03
 6.0500    8.1798302E-06    3.7623994E-03   -3.7623994E-03
 6.0600    8.3062784E-06    3.8332010E-03   -3.8332010E-03
 6.0700    8.5234388E-06    3.9464090E-03   -3.9464090E-03
 6.0800    8.8033209E-06    4.0894373E-03   -4.0894373E-03
 6.0900    9.0888032E-06    4.2359531E-03   -4.2359531E-03
 6.1000    9.2943437E-06    4.3459854E-03   -4.3459854E-03
 6.1100    9.3300648E-06    4.3770040E-03   -4.3770040E-03
 6.1200    9.1441693E-06    4.3038484E-03   -4.3038484E-03
 6.1300    8.7538794E-06    4.1336278E-03   -4.1336278E-03
 6.1400    8.2368564E-06    3.9021872E-03   -3.9021872E-03
 6.1500    7.6881213E-06    3.6540991E-03   -3.6540991E-03
 6.1600    7.1771362E-06    3.4223347E-03   -3.4223347E-03
 6.1700    6.7340870E-06    3.2215058E-03   -3.2215058E-03
 6.1800    6.3633689E-06    3.0540343E-03   -3.0540343E-03
 6.1900    6.0616711E-06    2.9186602E-03   -2.9186602E-03
 6.2000    5.8252483E-06    2.8138937E-03   -2.8138937E-03
 6.2100    5.6494673E-06    2.7377927E-03   -2.7377927E-03
 6.2200    5.5296948E-06    2.6883870E-03   -2.6883870E-03
 6.2300    5.4639444E-06    2.6649694E-03   -2.6649694E-03
 6.2400    5.4507285E-06    2.6670650E-03   -2.6670650E-03
 6.2500    5.4805342E-06    2.6902509E-03   -2.6902509E-03
 6.2600    5.5289239E-06    2.7226959E-03   -2.7226959E-03
 6.2700    5.5605049E-06    2.7470032E-03   -2.7470032E-03
 6.2800    5.5435626E-06    2.7473760E-03   -2.7473760E-03
 6.2900    5.4648233E-06    2.7169852E-03   -2.7169852E-03
 6.3000    5.3332554E-06    2.6600105E-03   -2.6600105E-03
 6.3100    5.1716860E-06    2.5876214E-03   -2.5876214E-03
 6.3200    5.0052209E-06    2.5122755E-03   -2.5122755E-03
 6.3300    4.8555771E-06    2.4448833E-03   -2.4448833E-03
 6.3400    4.7414369E-06    2.3949605E-03   -2.3949605E-03
 6.3500    4.6780636E-06    2.3704098E-03   -2.3704098E-03
 6.3600    4.6719983E-06    2.3747985E-03   -2.3747985E-03
 6.3700    4.7137721E-06    2.4035730E-03   -2.4035730E-03
 6.3800    4.7748070E-06    2.4423452E-03   -2.4423452E-03
 6.3900    4.8125951E-06    2.4693970E-03   -2.4693970E-03
 6.4000    4.7841391E-06    2.4624851E-03   -2.4624851E-03
 6.4100    4.6629370E-06    2.4076063E-03   -2.4076063E-03
 6.4200    4.4508750E-06    2.3052887E-03   -2.3052887E-03
 6.4300    4.1775301E-06    2.1704580E-03   -2.1704580E-03
 6.4400    3.8873325E-06    2.0259713E-03   -2.0259713E-03
 6.4500    3.6233401E-06    1.8942548E-03   -1.8942548E-03
 6.4600    3.4167377E-06    1.7917877E-03   -1.7917877E-03
 6.4700    3.2839939E-06    1.7275108E-03   -1.7275108E-03
 6.4800    3.2273018E-06    1.7029404E-03   -1.7029404E-03
 6.4900    3.2344712E-06    1.7119952E-03   -1.7119952E-03
 6.5000    3.2793731E-06    1.7411148E-03   -1.7411148E-03
 6.5100    3.3266771E-06    1.7716686E-03   -1.7716686E-03
 6.5200    3.3417992E-06    1.7851939E-03   -1.7851939E-03
 6.5300    3.3020159E-06    1.7693567E-03   -1.7693567E-03
 6.5400    3.2031396E-06    1.7216356E-03   -1.7216356E-03
 6.5500    3.0592132E-06    1.6493097E-03   -1.6493097E-03
 6.5600    2.8964836E-06    1.5663493E-03   -1.5663493E-03
 6.5700    2.7442205E-06    1.4885369E-03   -1.4885369E-03
 6.5800    2.6249648E-06    1.4281872E-03   -1.4281872E-03
 6.5900    2.5475563E-06    1.3902870E-03   -1.3902870E-03
 6.6000    2.5063409E-06    1.3719487E-03   -1.3719487E-03
 6.6100    2.4869144E-06    1.3654432E-03   -1.3654432E-03
 6.6200    2.4744409E-06    1.3627084E-03   -1.3627084E-03
 6.6300    2.4595012E-06    1.3585761E-03   -1.3585761E-03
 6.6400    2.4395074E-06    1.3516000E-03   -1.3516000E-03
 6.6500    2.4171898E-06    1.3432719E-03   -1.3432719E-03
 6.6600    2.3983019E-06    1.3367869E-03   -1.3367869E-03
 6.6700    2.3892520E-06    1.3357448E-03   -1.3357448E-03
 6.6800    2.3943858E-06    1.3426318E-03   -1.3426318E-03
 6.6900    2.4131245E-06    1.3571937E-03   -1.3571937E-03
 6.7000    2.4383148E-06    1.3754640E-03   -1.3754640E-03
 6.7100    2.4575242E-06    1.3904414E-03   -1.3904414E-03
 6.7200    2.4577032E-06    1.3946905E-03   -1.3946905E-03
 6.7300    2.4311976E-06    1.3837583E-03   -1.3837583E-03
 6.7400    2.3795918E-06    1.3584139E-03   -1.3584139E-03
 6.7500    2.3128976E-06    1.3242617E-03   -1.3242617E-03
 6.7600    2.2445387E-06    1.2889331E-03   -1.2889331E-03
 6.7700    2.1851571E-06    1.2585482E-03   -1.2585482E-03
 6.7800    2.1386997E-06    1.2354326E-03   -1.2354326E-03
 6.7900    2.1025084E-06    1.2181118E-03   -1.2181118E-03
 6.8000    2.0706502E-06    1.2031906E-03   -1.2031906E-03
 6.8100    2.0381362E-06    1.1877835E-03   -1.1877835E-03
 6.8200    2.0036356E-06    1.1711091E-03   -1.1711091E-03
 6.8300    1.9694001E-06    1.1544769E-03   -1.1544769E-03
 6.8400    1.9386706E-06    1.1397933E-03   -1.1397933E-03
 6.8500    1.9123281E-06    1.1275957E-03   -1.1275957E-03
 6.8600    1.8872570E-06    1.1160641E-03   -1.1160641E-03
 6.8700    1.8579592E-06    1.1019439E-03   -1.1019439E-03
 6.8800    1.8205944E-06    1.0829289E-03   -1.0829289E-03
 6.8900    1.7765113E-06    1.0597813E-03   -1.0597813E-03
 6.9000    1.7323686E-06    1.0364500E-03   -1.0364500E-03
 6.9100    1.6964280E-06    1.0178913E-03   -1.0178913E-03
 6.9200    1.6737137E-06    1.0071710E-03   -1.0071710E-03
 6.9300    1.6637507E-06    1.0040714E-03   -1.0040714E-03
 6.9400    1.6621988E-06    1.0060319E-03   -1.0060319E-03
 6.9500    1.6639802E-06    1.0100146E-03   -1.0100146E-03
 6.9600    1.6645217E-06    1.0132528E-03   -1.0132528E-03
 6.9700    1.6587492E-06    1.0126425E-03   -1.0126425E-03
 6.9800    1.6407503E-06    1.0045307E-03   -1.0045307E-03
 6.9900    1.6061365E-06    9.8615840E-04   -9.8615840E-04
 7.0000    1.5551295E-06    9.5757433E-04   -9.5757433E-04
 7.0100    1.4926646E-06    9.2173939E-04   -9.2173939E-04
 7.0200    1.4249505E-06    8.8243729E-04   -8.8243729E-04
 7.0300    1.3560711E-06    8.4217620E-04   -8.4217620E-04
 7.0400    1.2882082E-06    8.0230821E-04   -8.0230821E-04
 7.0500    1.2248859E-06    7.6503928E-04   -7.6503928E-04
 7.0600    1.1731153E-06    7.3478444E-04   -7.3478444E-04
 7.0700    1.1412163E-06    7.1683082E-04   -7.1683082E-04
 7.0800    1.1333924E-06    7.1393172E-04   -7.1393172E-04
 7.0900    1.1455431E-06    7.2362536E-04   -7.2362536E-04
 7.1000    1.1661332E-06    7.3871126E-04   -7.3871126E-04
 7.1100    1.1818691E-06    7.5078997E-04   -7.5078997E-04
 7.1200    1.1841512E-06    7.5435718E-04   -7.5435718E-04
 7.1300    1.1719599E-06    7.4868938E-04   -7.4868938E-04
 7.1400    1.1499591E-06    7.3669663E-04   -7.3669663E-04
 7.1500    1.1241711E-06    7.2219483E-04   -7.2219483E-04
 7.1600    1.0986222E-06    7.0775720E-04   -7.0775720E-04
 7.1700    1.0746244E-06    6.9423238E-04   -6.9423238E-04
 7.1800    1.0520391E-06    6.8153887E-04   -6.8153887E-04
 7.1900    1.0309249E-06    6.6972216E-04   -6.6972216E-04
 7.2000    1.0124037E-06    6.5952090E-04   -6.5952090E-04
 7.2100    9.9839544E-07    6.5220328E-04   -6.5220328E-04
 7.2200    9.9050807E-07    6.4884697E-04   -6.4884697E-04
 7.2300    9.8875226E-07    6.4949221E-04   -6.4949221E-04
 7.2400    9.9080520E-07    6.5264238E-04   -6.5264238E-04
 7.2500    9.9228910E-07    6.5542665E-04   -6.5542665E-04
 7.2600    9.8814362E-07    6.5449024E-04   -6.5449024E-04
 7.2700    9.7470877E-07    6.4737147E-04   -6.4737147E-04
 7.2800    9.5160390E-07    6.3376586E-04   -6.3376586E-04
 7.2900    9.2224299E-07    6.1590012E-04   -6.1590012E-04
 7.3000    8.9236890E-07    5.9758544E-04   -5.9758544E-04
 7.3100    8.6723101E-07    5.8234375E-04   -5.8234375E-04
 7.3200    8.4906480E-07    5.7170615E-04   -5.7170615E-04
 7.3300    8.3641439E-07    5.6472798E-04   -5.6472798E-04
 7.3400    8.2556820E-07    5.5892680E-04   -5.5892680E-04
 7.3500    8.1296337E-07    5.5189381E-04   -5.5189381E-04
 7.3600    7.9695481E-07    5.4249931E-04   -5.4249931E-04
 7.3700    7.7807318E-07    5.3108653E-04   -5.3108653E-04
 7.3800    7.5807132E-07    5.1883905E-04   -5.1883905E-04
 7.3900    7.3869907E-07    5.0695136E-04   -5.0695136E-04
 7.4000    7.2092062E-07    4.9609032E-04   -4.9609032E-04
 7.4100    7.0471821E-07    4.8625242E-04   -4.8625242E-04
 7.4200    6.8935360E-07    4.7693558E-04   -4.7693558E-04
 7.4300    6.7399472E-07    4.6756714E-04   -4.6756714E-04
 7.4400    6.5852014E-07    4.5806256E-04   -4.5806256E-04
 7.4500    6.4401080E-07    4.4917498E-04   -4.4917498E-04
 7.4600    6.3239864E-07    4.4226080E-04   -4.4226080E-04
 7.4700    6.2529104E-07    4.3846333E-04   -4.3846333E-04
 7.4800    6.2273319E-07    4.3783963E-04   -4.3783963E-04
 7.4900    6.2284622E-07    4.3909079E-04   -4.3909079E-04
 7.5000    6.2263646E-07    4.4011578E-04   -4.4011578E-04
 7.5100    6.1941983E-07    4.3901043E-04   -4.3901043E-04
 7.5200    6.1200622E-07    4.3491199E-04   -4.3491199E-04
 7.5300    6.0108097E-07    4.2828493E-04   -4.2828493E-04
 7.5400    5.8862100E-07    4.2052160E-04   -4.2052160E-04
 7.5500    5.7657430E-07    4.1300855E-04   -4.1300855E-04
 7.5600    5.6557765E-07    4.0620540E-04   -4.0620540E-04
 7.5700    5.5475764E-07    3.9948909E-04   -3.9948909E-04
 7.5800    5.4291132E-07    3.9199197E-04   -3.9199197E-04
 7.5900    5.2999755E-07    3.8367833E-04   -3.8367833E-04
 7.6000    5.1743027E-07    3.7556826E-04   -3.7556826E-04
 7.6100    5.0683490E-07    3.6884652E-04   -3.6884652E-04
 7.6200    4.9848425E-07    3.6372340E-04   -3.6372340E-04
 7.6300    4.9093963E-07    3.5915923E-04   -3.5915923E-04
 7.6400    4.8226269E-07    3.5373680E-04   -3.5373680E-04
 7.6500    4.7170892E-07    3.4690201E-04   -3.4690201E-04
 7.6600    4.6039355E-07    3.3946627E-04   -3.3946627E-04
 7.6700    4.5040048E-07    3.3296565E-04   -3.3296565E-04
 7.6800    4.4323470E-07    3.2852321E-04   -3.2852321E-04
 7.6900    4.3897952E-07    3.2621716E-04   -3.2621716E-04
 7.7000    4.3663402E-07    3.2531860E-04   -3.2531860E-04
 7.7100    4.3495360E-07    3.2490886E-04   -3.2490886E-04
 7.7200    4.3291784E-07    3.2422758E-04   -3.2422758E-04
 7.7300    4.2969117E-07    3.2264525E-04   -3.2264525E-04
 7.7400    4.2458646E-07    3.1963764E-04   -3.1963764E-04
 7.7500    4.1736012E-07    3.1500991E-04   -3.1500991E-04
 7.7600    4.0852216E-07    3.0913553E-04   -3.0913553E-04
 7.7700    3.9912856E-07    3.0280616E-04   -3.0280616E-04
 7.7800    3.9003420E-07    2.9666871E-04   -2.9666871E-04
 7.7900    3.8121537E-07    2.9070680E-04   -2.9070680E-04
 7.8000    3.7180952E-07    2.8426250E-04   -2.8426250E-04
 7.8100    3.6093647E-07    2.7665766E-04   -2.7665766E-04
 7.8200    3.4870999E-07    2.6797098E-04   -2.6797098E-04
 7.8300    3.3663660E-07    2.5935506E-04   -2.5935506E-04
 7.8400    3.2699001E-07    2.5256692E-04   -2.5256692E-04
 7.8500    3.2153582E-07    2.4898807E-04   -2.4898807E-04
 7.8600    3.2056264E-07    2.4886732E-04   -2.4886732E-04
 7.8700    3.2291510E-07    2.5133194E-04   -2.5133194E-04
 7.8800    3.2681734E-07    2.5501598E-04   -2.5501598E-04
 7.8900    3.3072914E-07    2.5872377E-04   -2.5872377E-04
