# total charge: 3.000000 
# r(A)     rho (e/A^3)     4*pi*r^2*rho(e/A)  dip  
 0.0000    4.8146012E-01    0.0000000E+00    2.3936537E+01
 0.0100    4.8111921E-01    6.0459223E-04    2.3816548E+01
 0.0200    4.8068873E-01    2.4162051E-03    2.3460145E+01
 0.0300    4.8015092E-01    5.4303789E-03    2.2877839E+01
 0.0400    4.7948702E-01    9.6406585E-03    2.2086568E+01
 0.0500    4.7867657E-01    1.5038068E-02    2.1108882E+01
 0.0600    4.7769671E-01    2.1610490E-02    1.9971866E+01
 0.0700    4.7652362E-01    2.9342045E-02    1.8705894E+01
 0.0800    4.7513651E-01    3.8212746E-02    1.7343280E+01
 0.0900    4.7352217E-01    4.8198686E-02    1.5916916E+01
 0.1000    4.7167699E-01    5.9272679E-02    1.4458971E+01
 0.1100    4.6960643E-01    7.1405106E-02    1.2999726E+01
 0.1200    4.6732298E-01    8.4564775E-02    1.1566599E+01
 0.1300    4.6484366E-01    9.8719621E-02    1.0183396E+01
 0.1400    4.6218637E-01    1.1383690E-01    8.8698110E+00
 0.1500    4.5936519E-01    1.2988245E-01    7.6411733E+00
 0.1600    4.5638634E-01    1.4681907E-01    6.5084310E+00
 0.1700    4.5324742E-01    1.6460501E-01    5.4783396E+00
 0.1800    4.4994135E-01    1.8319380E-01    4.5538157E+00
 0.1900    4.4646342E-01    2.0253634E-01    3.7344126E+00
 0.2000    4.4281768E-01    2.2258444E-01    3.0168735E+00
 0.2100    4.3901725E-01    2.4329324E-01    2.3957225E+00
 0.2200    4.3507613E-01    2.6461867E-01    1.8638569E+00
 0.2300    4.3099695E-01    2.8650996E-01    1.4131123E+00
 0.2400    4.2676658E-01    3.0890344E-01    1.0347684E+00
 0.2500    4.2236898E-01    3.3172782E-01    7.1997021E-01
 0.2600    4.1780968E-01    3.5492375E-01    4.6005441E-01
 0.2700    4.1313174E-01    3.7846520E-01    2.4679089E-01
 0.2800    4.0840551E-01    4.0236252E-01    7.2564571E-02
 0.2900    4.0369524E-01    4.2663795E-01   -6.9486005E-02
 0.3000    3.9902452E-01    4.5128611E-01   -1.8537520E-01
 0.3100    3.9436290E-01    4.7624377E-01   -2.8023462E-01
 0.3200    3.8963970E-01    5.0138694E-01   -3.5834165E-01
 0.3300    3.8477692E-01    5.2655865E-01   -4.2320452E-01
 0.3400    3.7972567E-01    5.5161702E-01   -4.7768387E-01
 0.3500    3.7448922E-01    5.7648136E-01   -5.2412040E-01
 0.3600    3.6911988E-01    6.0114924E-01   -5.6443513E-01
 0.3700    3.6368979E-01    6.2566870E-01   -6.0018188E-01
 0.3800    3.5825061E-01    6.5007579E-01   -6.3255897E-01
 0.3900    3.5280567E-01    6.7433335E-01   -6.6241402E-01
 0.4000    3.4731662E-01    6.9832151E-01   -6.9029169E-01
 0.4100    3.4175257E-01    7.2192050E-01   -7.1656480E-01
 0.4200    3.3615908E-01    7.4516645E-01   -7.4162987E-01
 0.4300    3.3068912E-01    7.6836343E-01   -7.6605132E-01
 0.4400    3.2554096E-01    7.9199212E-01   -7.9049558E-01
 0.4500    3.2081460E-01    8.1637372E-01   -8.1541470E-01
 0.4600    3.1638925E-01    8.4129295E-01   -8.4068450E-01
 0.4700    3.1194610E-01    8.6593469E-01   -8.6555250E-01
 0.4800    3.0715813E-01    8.8931241E-01   -8.8907473E-01
 0.4900    3.0191122E-01    9.1092219E-01   -9.1077586E-01
 0.5000    2.9636178E-01    9.3104799E-01   -9.3095879E-01
 0.5100    2.9076279E-01    9.5036197E-01   -9.5030814E-01
 0.5200    2.8520293E-01    9.6910434E-01   -9.6907217E-01
 0.5300    2.7949712E-01    9.8659507E-01   -9.8657604E-01
 0.5400    2.7334288E-01    1.0016250E+00   -1.0016138E+00
 0.5500    2.6662457E-01    1.0135272E+00   -1.0135208E+00
 0.5600    2.5961454E-01    1.0230926E+00   -1.0230889E+00
 0.5700    2.5289468E-01    1.0325219E+00   -1.0325198E+00
 0.5800    2.4703787E-01    1.0443099E+00   -1.0443087E+00
 0.5900    2.4227256E-01    1.0597858E+00   -1.0597852E+00
 0.6000    2.3836560E-01    1.0783406E+00   -1.0783402E+00
 0.6100    2.3479481E-01    1.0978880E+00   -1.0978878E+00
 0.6200    2.3107697E-01    1.1162203E+00   -1.1162202E+00
 0.6300    2.2702170E-01    1.1322917E+00   -1.1322917E+00
 0.6400    2.2275226E-01    1.1465472E+00   -1.1465471E+00
 0.6500    2.1850875E-01    1.1601267E+00   -1.1601267E+00
 0.6600    2.1440071E-01    1.1736104E+00   -1.1736104E+00
 0.6700    2.1029416E-01    1.1862785E+00   -1.1862785E+00
 0.6800    2.0589792E-01    1.1964089E+00   -1.1964089E+00
 0.6900    2.0096451E-01    1.2023403E+00   -1.2023403E+00
 0.7000    1.9546205E-01    1.2035618E+00   -1.2035618E+00
 0.7100    1.8961531E-01    1.2011575E+00   -1.2011575E+00
 0.7200    1.8379652E-01    1.1973253E+00   -1.1973253E+00
 0.7300    1.7833261E-01    1.1942255E+00   -1.1942255E+00
 0.7400    1.7335978E-01    1.1929483E+00   -1.1929483E+00
 0.7500    1.6883695E-01    1.1934381E+00   -1.1934381E+00
 0.7600    1.6470195E-01    1.1954620E+00   -1.1954620E+00
 0.7700    1.6101741E-01    1.1996765E+00   -1.1996765E+00
 0.7800    1.5795138E-01    1.2075983E+00   -1.2075983E+00
 0.7900    1.5558814E-01    1.2202267E+00   -1.2202267E+00
 0.8000    1.5373160E-01    1.2363829E+00   -1.2363829E+00
 0.8100    1.5188857E-01    1.2522902E+00   -1.2522902E+00
 0.8200    1.4947674E-01    1.2630228E+00   -1.2630228E+00
 0.8300    1.4612483E-01    1.2649987E+00   -1.2649987E+00
 0.8400    1.4187317E-01    1.2579654E+00   -1.2579654E+00
 0.8500    1.3716453E-01    1.2453446E+00   -1.2453446E+00
 0.8600    1.3264161E-01    1.2327828E+00   -1.2327828E+00
 0.8700    1.2885983E-01    1.2256485E+00   -1.2256485E+00
 0.8800    1.2606417E-01    1.2267805E+00   -1.2267805E+00
 0.8900    1.2414687E-01    1.2357359E+00   -1.2357359E+00
 0.9000    1.2278996E-01    1.2498496E+00   -1.2498496E+00
 0.9100    1.2167012E-01    1.2661250E+00   -1.2661250E+00
 0.9200    1.2057502E-01    1.2824572E+00   -1.2824572E+00
 0.9300    1.1937911E-01    1.2974902E+00   -1.2974902E+00
 0.9400    1.1795788E-01    1.3097624E+00   -1.3097624E+00
 0.9500    1.1615806E-01    1.3173659E+00   -1.3173659E+00
 0.9600    1.1385843E-01    1.3186136E+00   -1.3186136E+00
 0.9700    1.1105390E-01    1.3130678E+00   -1.3130678E+00
 0.9800    1.0788662E-01    1.3020558E+00   -1.3020558E+00
 0.9900    1.0461797E-01    1.2885063E+00   -1.2885063E+00
 1.0000    1.0157250E-01    1.2763976E+00   -1.2763976E+00
 1.0100    9.9055051E-02    1.2697822E+00   -1.2697822E+00
 1.0200    9.7231310E-02    1.2712072E+00   -1.2712072E+00
 1.0300    9.6020707E-02    1.2801157E+00   -1.2801157E+00
 1.0400    9.5098854E-02    1.2925633E+00   -1.2925633E+00
 1.0500    9.4048364E-02    1.3029859E+00   -1.3029859E+00
 1.0600    9.2571882E-02    1.3070755E+00   -1.3070755E+00
 1.0700    9.0620795E-02    1.3037829E+00   -1.3037829E+00
 1.0800    8.8362816E-02    1.2951704E+00   -1.2951704E+00
 1.0900    8.6040143E-02    1.2845884E+00   -1.2845884E+00
 1.1000    8.3837180E-02    1.2747702E+00   -1.2747702E+00
 1.1100    8.1837323E-02    1.2670893E+00   -1.2670893E+00
 1.1200    8.0058646E-02    1.2619849E+00   -1.2619849E+00
 1.1300    7.8503750E-02    1.2596711E+00   -1.2596711E+00
 1.1400    7.7174449E-02    1.2603556E+00   -1.2603556E+00
 1.1500    7.6055165E-02    1.2639627E+00   -1.2639627E+00
 1.1600    7.5101374E-02    1.2699123E+00   -1.2699123E+00
 1.1700    7.4254425E-02    1.2773324E+00   -1.2773324E+00
 1.1800    7.3468265E-02    1.2855047E+00   -1.2855047E+00
 1.1900    7.2721030E-02    1.2940880E+00   -1.2940880E+00
 1.2000    7.2004831E-02    1.3029687E+00   -1.3029687E+00
 1.2100    7.1310430E-02    1.3119995E+00   -1.3119995E+00
 1.2200    7.0623388E-02    1.3209247E+00   -1.3209247E+00
 1.2300    6.9931023E-02    1.3295050E+00   -1.3295050E+00
 1.2400    6.9228514E-02    1.3376369E+00   -1.3376369E+00
 1.2500    6.8517303E-02    1.3453341E+00   -1.3453341E+00
 1.2600    6.7799391E-02    1.3526229E+00   -1.3526229E+00
 1.2700    6.7074792E-02    1.3594920E+00   -1.3594920E+00
 1.2800    6.6344731E-02    1.3659545E+00   -1.3659545E+00
 1.2900    6.5616595E-02    1.3721544E+00   -1.3721544E+00
 1.3000    6.4903721E-02    1.3783711E+00   -1.3783711E+00
 1.3100    6.4216176E-02    1.3848314E+00   -1.3848314E+00
 1.3200    6.3547332E-02    1.3914098E+00   -1.3914098E+00
 1.3300    6.2868844E-02    1.3974897E+00   -1.3974897E+00
 1.3400    6.2143432E-02    1.4022153E+00   -1.4022153E+00
 1.3500    6.1349301E-02    1.4050346E+00   -1.4050346E+00
 1.3600    6.0497096E-02    1.4061194E+00   -1.4061194E+00
 1.3700    5.9625239E-02    1.4063102E+00   -1.4063102E+00
 1.3800    5.8777581E-02    1.4066296E+00   -1.4066296E+00
 1.3900    5.7980147E-02    1.4077281E+00   -1.4077281E+00
 1.4000    5.7231372E-02    1.4096136E+00   -1.4096136E+00
 1.4100    5.6508898E-02    1.4117732E+00   -1.4117732E+00
 1.4200    5.5785986E-02    1.4135516E+00   -1.4135516E+00
 1.4300    5.5046916E-02    1.4145390E+00   -1.4145390E+00
 1.4400    5.4293458E-02    1.4147586E+00   -1.4147586E+00
 1.4500    5.3540706E-02    1.4145880E+00   -1.4145880E+00
 1.4600    5.2806636E-02    1.4145037E+00   -1.4145037E+00
 1.4700    5.2102868E-02    1.4148362E+00   -1.4148362E+00
 1.4800    5.1432712E-02    1.4157048E+00   -1.4157048E+00
 1.4900    5.0796614E-02    1.4171544E+00   -1.4171544E+00
 1.5000    5.0198608E-02    1.4193322E+00   -1.4193322E+00
 1.5100    4.9646060E-02    1.4224878E+00   -1.4224878E+00
 1.5200    4.9140907E-02    1.4267248E+00   -1.4267248E+00
 1.5300    4.8668642E-02    1.4316668E+00   -1.4316668E+00
 1.5400    4.8194961E-02    1.4363257E+00   -1.4363257E+00
 1.5500    4.7675994E-02    1.4393719E+00   -1.4393719E+00
 1.5600    4.7078227E-02    1.4397237E+00   -1.4397237E+00
 1.5700    4.6394996E-02    1.4370779E+00   -1.4370779E+00
 1.5800    4.5647201E-02    1.4319841E+00   -1.4319841E+00
 1.5900    4.4868464E-02    1.4254281E+00   -1.4254281E+00
 1.6000    4.4087889E-02    1.4183034E+00   -1.4183034E+00
 1.6100    4.3322756E-02    1.4111647E+00   -1.4111647E+00
 1.6200    4.2581287E-02    1.4042961E+00   -1.4042961E+00
 1.6300    4.1867503E-02    1.3978550E+00   -1.3978550E+00
 1.6400    4.1183262E-02    1.3919329E+00   -1.3919329E+00
 1.6500    4.0528322E-02    1.3865527E+00   -1.3865527E+00
 1.6600    3.9899882E-02    1.3816488E+00   -1.3816488E+00
 1.6700    3.9291380E-02    1.3770195E+00   -1.3770195E+00
 1.6800    3.8691602E-02    1.3722876E+00   -1.3722876E+00
 1.6900    3.8087165E-02    1.3669792E+00   -1.3669792E+00
 1.7000    3.7469197E-02    1.3607617E+00   -1.3607617E+00
 1.7100    3.6839935E-02    1.3536954E+00   -1.3536954E+00
 1.7200    3.6213007E-02    1.3462675E+00   -1.3462675E+00
 1.7300    3.5605615E-02    1.3391233E+00   -1.3391233E+00
 1.7400    3.5027742E-02    1.3326635E+00   -1.3326635E+00
 1.7500    3.4476329E-02    1.3268046E+00   -1.3268046E+00
 1.7600    3.3938588E-02    1.3210796E+00   -1.3210796E+00
 1.7700    3.3401619E-02    1.3149944E+00   -1.3149944E+00
 1.7800    3.2860982E-02    1.3083695E+00   -1.3083695E+00
 1.7900    3.2321932E-02    1.3014073E+00   -1.3014073E+00
 1.8000    3.1792656E-02    1.2944393E+00   -1.2944393E+00
 1.8100    3.1275214E-02    1.2875595E+00   -1.2875595E+00
 1.8200    3.0762199E-02    1.2804718E+00   -1.2804718E+00
 1.8300    3.0243008E-02    1.2727322E+00   -1.2727322E+00
 1.8400    2.9715261E-02    1.2642270E+00   -1.2642270E+00
 1.8500    2.9191193E-02    1.2554666E+00   -1.2554666E+00
 1.8600    2.8691900E-02    1.2473693E+00   -1.2473693E+00
 1.8700    2.8233004E-02    1.2406526E+00   -1.2406526E+00
 1.8800    2.7813678E-02    1.2353328E+00   -1.2353328E+00
 1.8900    2.7418155E-02    1.2307552E+00   -1.2307552E+00
 1.9000    2.7027266E-02    1.2260811E+00   -1.2260811E+00
 1.9100    2.6629195E-02    1.2207722E+00   -1.2207722E+00
 1.9200    2.6221507E-02    1.2147026E+00   -1.2147026E+00
 1.9300    2.5805935E-02    1.2079364E+00   -1.2079364E+00
 1.9400    2.5382990E-02    1.2004832E+00   -1.2004832E+00
 1.9500    2.4950875E-02    1.1922432E+00   -1.1922432E+00
 1.9600    2.4507614E-02    1.1831043E+00   -1.1831043E+00
 1.9700    2.4053201E-02    1.1730464E+00   -1.1730464E+00
 1.9800    2.3590467E-02    1.1621891E+00   -1.1621891E+00
 1.9900    2.3125181E-02    1.1508035E+00   -1.1508035E+00
 2.0000    2.2665478E-02    1.1392912E+00   -1.1392912E+00
 2.0100    2.2220051E-02    1.1280985E+00   -1.1280985E+00
 2.0200    2.1795340E-02    1.1175739E+00   -1.1175739E+00
 2.0300    2.1393356E-02    1.1078497E+00   -1.1078497E+00
 2.0400    2.1011722E-02    1.0988334E+00   -1.0988334E+00
 2.0500    2.0645923E-02    1.0903147E+00   -1.0903147E+00
 2.0600    2.0291987E-02    1.0821037E+00   -1.0821037E+00
 2.0700    1.9947543E-02    1.0740882E+00   -1.0740882E+00
 2.0800    1.9610496E-02    1.0661667E+00   -1.0661667E+00
 2.0900    1.9276864E-02    1.0581295E+00   -1.0581295E+00
 2.1000    1.8940394E-02    1.0496330E+00   -1.0496330E+00
 2.1100    1.8595053E-02    1.0403326E+00   -1.0403326E+00
 2.1200    1.8238478E-02    1.0300781E+00   -1.0300781E+00
 2.1300    1.7873283E-02    1.0189981E+00   -1.0189981E+00
 2.1400    1.7505244E-02    1.0074084E+00   -1.0074084E+00
 2.1500    1.7140325E-02    9.9564802E-01   -9.9564802E-01
 2.1600    1.6783122E-02    9.8398869E-01   -9.8398869E-01
 2.1700    1.6437260E-02    9.7265483E-01   -9.7265483E-01
 2.1800    1.6106159E-02    9.6186658E-01   -9.6186658E-01
 2.1900    1.5792554E-02    9.5181046E-01   -9.5181046E-01
 2.2000    1.5496913E-02    9.4254138E-01   -9.4254138E-01
 2.2100    1.5216358E-02    9.3391020E-01   -9.3391020E-01
 2.2200    1.4945371E-02    9.2559825E-01   -9.2559825E-01
 2.2300    1.4678025E-02    9.1724894E-01   -9.1724894E-01
 2.2400    1.4410239E-02    9.0860910E-01   -9.0860910E-01
 2.2500    1.4140681E-02    8.9959126E-01   -8.9959126E-01
 2.2600    1.3870008E-02    8.9023252E-01   -8.9023252E-01
 2.2700    1.3599382E-02    8.8060417E-01   -8.8060417E-01
 2.2800    1.3329579E-02    8.7075505E-01   -8.7075505E-01
 2.2900    1.3061175E-02    8.6072236E-01   -8.6072236E-01
 2.3000    1.2795138E-02    8.5057088E-01   -8.5057088E-01
 2.3100    1.2532980E-02    8.4040409E-01   -8.4040409E-01
 2.3200    1.2276353E-02    8.3033853E-01   -8.3033853E-01
 2.3300    1.2026606E-02    8.2047391E-01   -8.2047391E-01
 2.3400    1.1784570E-02    8.1087762E-01   -8.1087762E-01
 2.3500    1.1550376E-02    8.0157047E-01   -8.0157047E-01
 2.3600    1.1323158E-02    7.9250399E-01   -7.9250399E-01
 2.3700    1.1100994E-02    7.8355312E-01   -7.8355312E-01
 2.3800    1.0881491E-02    7.7455485E-01   -7.7455485E-01
 2.3900    1.0662872E-02    7.6538482E-01   -7.6538482E-01
 2.4000    1.0444830E-02    7.5602074E-01   -7.5602074E-01
 2.4100    1.0228513E-02    7.4654580E-01   -7.4654580E-01
 2.4200    1.0015728E-02    7.3709439E-01   -7.3709439E-01
 2.4300    9.8079944E-03    7.2778420E-01   -7.2778420E-01
 2.4400    9.6060285E-03    7.1867641E-01   -7.1867641E-01
 2.4500    9.4097213E-03    7.0977188E-01   -7.0977188E-01
 2.4600    9.2183670E-03    7.0102591E-01   -7.0102591E-01
 2.4700    9.0309300E-03    6.9236682E-01   -6.9236682E-01
 2.4800    8.8463472E-03    6.8371831E-01   -6.8371831E-01
 2.4900    8.6639048E-03    6.7502869E-01   -6.7502869E-01
 2.5000    8.4835568E-03    6.6629699E-01   -6.6629699E-01
 2.5100    8.3059441E-03    6.5757654E-01   -6.5757654E-01
 2.5200    8.1320214E-03    6.4894734E-01   -6.4894734E-01
 2.5300    7.9624983E-03    6.4047216E-01   -6.4047216E-01
 2.5400    7.7974368E-03    6.3216312E-01   -6.3216312E-01
 2.5500    7.6362260E-03    6.2397760E-01   -6.2397760E-01
 2.5600    7.4779336E-03    6.1584497E-01   -6.1584497E-01
 2.5700    7.3218386E-03    6.0770983E-01   -6.0770983E-01
 2.5800    7.1678446E-03    5.9956719E-01   -5.9956719E-01
 2.5900    7.0164984E-03    5.9146605E-01   -5.9146605E-01
 2.6000    6.8685793E-03    5.8347664E-01   -5.8347664E-01
 2.6100    6.7245541E-03    5.7564451E-01   -5.7564451E-01
 2.6200    6.5843407E-03    5.6796914E-01   -5.6796914E-01
 2.6300    6.4475928E-03    5.6042689E-01   -5.6042689E-01
 2.6400    6.3142402E-03    5.5301743E-01   -5.5301743E-01
 2.6500    6.1847233E-03    5.4578537E-01   -5.4578537E-01
 2.6600    6.0595959E-03    5.3878662E-01   -5.3878662E-01
 2.6700    5.9387828E-03    5.3202229E-01   -5.3202229E-01
 2.6800    5.8211696E-03    5.2539956E-01   -5.2539956E-01
 2.6900    5.7049479E-03    5.1875956E-01   -5.1875956E-01
 2.7000    5.5884949E-03    5.1195554E-01   -5.1195554E-01
 2.7100    5.4711493E-03    5.0492516E-01   -5.0492516E-01
 2.7200    5.3533888E-03    4.9771010E-01   -4.9771010E-01
 2.7300    5.2363813E-03    4.9041802E-01   -4.9041802E-01
 2.7400    5.1212936E-03    4.8315966E-01   -4.8315966E-01
 2.7500    5.0088273E-03    4.7600478E-01   -4.7600478E-01
 2.7600    4.8992035E-03    4.6897912E-01   -4.6897912E-01
 2.7700    4.7924454E-03    4.6209000E-01   -4.6209000E-01
 2.7800    4.6886238E-03    4.5534948E-01   -4.5534948E-01
 2.7900    4.5878659E-03    4.4877534E-01   -4.4877534E-01
 2.8000    4.4901862E-03    4.4237470E-01   -4.4237470E-01
 2.8100    4.3953138E-03    4.3612641E-01   -4.3612641E-01
 2.8200    4.3026164E-03    4.2997253E-01   -4.2997253E-01
 2.8300    4.2111543E-03    4.2382238E-01   -4.2382238E-01
 2.8400    4.1199081E-03    4.1757460E-01   -4.1757460E-01
 2.8500    4.0282161E-03    4.1116141E-01   -4.1116141E-01
 2.8600    3.9362879E-03    4.0460271E-01   -4.0460271E-01
 2.8700    3.8454396E-03    3.9803352E-01   -3.9803352E-01
 2.8800    3.7577047E-03    3.9166745E-01   -3.9166745E-01
 2.8900    3.6748537E-03    3.8569642E-01   -3.8569642E-01
 2.9000    3.5973684E-03    3.8018132E-01   -3.8018132E-01
 2.9100    3.5240808E-03    3.7500900E-01   -3.7500900E-01
 2.9200    3.4527824E-03    3.6995148E-01   -3.6995148E-01
 2.9300    3.3814292E-03    3.6479208E-01   -3.6479208E-01
 2.9400    3.3091681E-03    3.5943747E-01   -3.5943747E-01
 2.9500    3.2365615E-03    3.5394661E-01   -3.5394661E-01
 2.9600    3.1649530E-03    3.4846611E-01   -3.4846611E-01
 2.9700    3.0954973E-03    3.4312565E-01   -3.4312565E-01
 2.9800    3.0285555E-03    3.3796982E-01   -3.3796982E-01
 2.9900    2.9637855E-03    3.3296533E-01   -3.3296533E-01
 3.0000    2.9006569E-03    3.2805657E-01   -3.2805657E-01
 3.0100    2.8388489E-03    3.2321025E-01   -3.2321025E-01
 3.0200    2.7782572E-03    3.1841697E-01   -3.1841697E-01
 3.0300    2.7187782E-03    3.1366705E-01   -3.1366705E-01
 3.0400    2.6602069E-03    3.0893879E-01   -3.0893879E-01
 3.0500    2.6023779E-03    3.0421449E-01   -3.0421449E-01
 3.0600    2.5453789E-03    2.9950575E-01   -2.9950575E-01
 3.0700    2.4895866E-03    2.9485863E-01   -2.9485863E-01
 3.0800    2.4354447E-03    2.9032843E-01   -2.9032843E-01
 3.0900    2.3831384E-03    2.8594077E-01   -2.8594077E-01
 3.1000    2.3324076E-03    2.8166813E-01   -2.8166813E-01
 3.1100    2.2826502E-03    2.7744059E-01   -2.7744059E-01
 3.1200    2.2332591E-03    2.7318583E-01   -2.7318583E-01
 3.1300    2.1839699E-03    2.6887176E-01   -2.6887176E-01
 3.1400    2.1349818E-03    2.6452293E-01   -2.6452293E-01
 3.1500    2.0867929E-03    2.6020182E-01   -2.6020182E-01
 3.1600    2.0398944E-03    2.5597157E-01   -2.5597157E-01
 3.1700    1.9945287E-03    2.5186549E-01   -2.5186549E-01
 3.1800    1.9506202E-03    2.4787733E-01   -2.4787733E-01
 3.1900    1.9078700E-03    2.4397201E-01   -2.4397201E-01
 3.2000    1.8659402E-03    2.4010851E-01   -2.4010851E-01
 3.2100    1.8246335E-03    2.3626292E-01   -2.3626292E-01
 3.2200    1.7839740E-03    2.3243960E-01   -2.3243960E-01
 3.2300    1.7441524E-03    2.2866481E-01   -2.2866481E-01
 3.2400    1.7053797E-03    2.2496811E-01   -2.2496811E-01
 3.2500    1.6677452E-03    2.2136363E-01   -2.2136363E-01
 3.2600    1.6311552E-03    2.1784137E-01   -2.1784137E-01
 3.2700    1.5953794E-03    2.1437264E-01   -2.1437264E-01
 3.2800    1.5601853E-03    2.1092775E-01   -2.1092775E-01
 3.2900    1.5254918E-03    2.0749686E-01   -2.0749686E-01
 3.3000    1.4914396E-03    2.0410019E-01   -2.0410019E-01
 3.3100    1.4583072E-03    2.0077742E-01   -2.0077742E-01
 3.3200    1.4263166E-03    1.9756135E-01   -1.9756135E-01
 3.3300    1.3954704E-03    1.9445492E-01   -1.9445492E-01
 3.3400    1.3655449E-03    1.9142946E-01   -1.9142946E-01
 3.3500    1.3362385E-03    1.8844449E-01   -1.8844449E-01
 3.3600    1.3073483E-03    1.8547259E-01   -1.8547259E-01
 3.3700    1.2788455E-03    1.8251046E-01   -1.8251046E-01
 3.3800    1.2508168E-03    1.7957131E-01   -1.7957131E-01
 3.3900    1.2233513E-03    1.7666904E-01   -1.7666904E-01
 3.4000    1.1964748E-03    1.7380860E-01   -1.7380860E-01
 3.4100    1.1701669E-03    1.7098831E-01   -1.7098831E-01
 3.4200    1.1444172E-03    1.6820792E-01   -1.6820792E-01
 3.4300    1.1192505E-03    1.6547234E-01   -1.6547234E-01
 3.4400    1.0946977E-03    1.6278746E-01   -1.6278746E-01
 3.4500    1.0707474E-03    1.6015299E-01   -1.6015299E-01
 3.4600    1.0473352E-03    1.5756064E-01   -1.5756064E-01
 3.4700    1.0243836E-03    1.5499991E-01   -1.5499991E-01
 3.4800    1.0018567E-03    1.5246633E-01   -1.5246633E-01
 3.4900    9.7977825E-04    1.4996452E-01   -1.4996452E-01
 3.5000    9.5820016E-04    1.4750345E-01   -1.4750345E-01
 3.5100    9.3714823E-04    1.4508830E-01   -1.4508830E-01
 3.5200    9.1658948E-04    1.4271514E-01   -1.4271514E-01
 3.5300    8.9644291E-04    1.4037246E-01   -1.4037246E-01
 3.5400    8.7662340E-04    1.3804779E-01   -1.3804779E-01
 3.5500    8.5708875E-04    1.3573516E-01   -1.3573516E-01
 3.5600    8.3786060E-04    1.3343865E-01   -1.3343865E-01
 3.5700    8.1900916E-04    1.3117016E-01   -1.3117016E-01
 3.5800    8.0061453E-04    1.2894348E-01   -1.2894348E-01
 3.5900    7.8273063E-04    1.2676842E-01   -1.2676842E-01
 3.6000    7.6537146E-04    1.2464852E-01   -1.2464852E-01
 3.6100    7.4851929E-04    1.2258216E-01   -1.2258216E-01
 3.6200    7.3213874E-04    1.2056476E-01   -1.2056476E-01
 3.6300    7.1618440E-04    1.1858997E-01   -1.1858997E-01
 3.6400    7.0060372E-04    1.1665009E-01   -1.1665009E-01
 3.6500    6.8534067E-04    1.1473663E-01   -1.1473663E-01
 3.6600    6.7033941E-04    1.1284096E-01   -1.1284096E-01
 3.6700    6.5554704E-04    1.1095474E-01   -1.1095474E-01
 3.6800    6.4092364E-04    1.0907163E-01   -1.0907163E-01
 3.6900    6.2646634E-04    1.0719150E-01   -1.0719150E-01
 3.7000    6.1223376E-04    1.0532479E-01   -1.0532479E-01
 3.7100    5.9834039E-04    1.0349182E-01   -1.0349182E-01
 3.7200    5.8490651E-04    1.0171434E-01   -1.0171434E-01
 3.7300    5.7199031E-04    1.0000373E-01   -1.0000373E-01
 3.7400    5.5955216E-04    9.8354367E-02   -9.8354367E-02
 3.7500    5.4747834E-04    9.6747408E-02   -9.6747408E-02
 3.7600    5.3564431E-04    9.5161670E-02   -9.5161670E-02
 3.7700    5.2397160E-04    9.3583722E-02   -9.3583722E-02
 3.7800    5.1244644E-04    9.2011465E-02   -9.2011465E-02
 3.7900    5.0110197E-04    9.0451212E-02   -9.0451212E-02
 3.8000    4.8998670E-04    8.8912199E-02   -8.8912199E-02
 3.8100    4.7914067E-04    8.7402298E-02   -8.7402298E-02
 3.8200    4.6858573E-04    8.5926208E-02   -8.5926208E-02
 3.8300    4.5832456E-04    8.4485181E-02   -8.4485181E-02
 3.8400    4.4834131E-04    8.3077050E-02   -8.3077050E-02
 3.8500    4.3860243E-04    8.1696294E-02   -8.1696294E-02
 3.8600    4.2906131E-04    8.0334821E-02   -8.0334821E-02
 3.8700    4.1966967E-04    7.8984046E-02   -7.8984046E-02
 3.8800    4.1039373E-04    7.7637945E-02   -7.7637945E-02
 3.8900    4.0122754E-04    7.6295655E-02   -7.6295655E-02
 3.9000    3.9219418E-04    7.4961838E-02   -7.4961838E-02
 3.9100    3.8333230E-04    7.3644241E-02   -7.3644241E-02
 3.9200    3.7467606E-04    7.2349901E-02   -7.2349901E-02
 3.9300    3.6624108E-04    7.1082389E-02   -7.1082389E-02
 3.9400    3.5802315E-04    6.9841478E-02   -6.9841478E-02
 3.9500    3.5000746E-04    6.8624842E-02   -6.8624842E-02
 3.9600    3.4217987E-04    6.7430237E-02   -6.7430237E-02
 3.9700    3.3453268E-04    6.6256643E-02   -6.6256643E-02
 3.9800    3.2706242E-04    6.5103846E-02   -6.5103846E-02
 3.9900    3.1976336E-04    6.3971179E-02   -6.3971179E-02
 4.0000    3.1262382E-04    6.2856749E-02   -6.2856749E-02
 4.0100    3.0562919E-04    6.1758030E-02   -6.1758030E-02
 4.0200    2.9877009E-04    6.0673505E-02   -6.0673505E-02
 4.0300    2.9204948E-04    5.9604135E-02   -5.9604135E-02
 4.0400    2.8548263E-04    5.8553422E-02   -5.8553422E-02
 4.0500    2.7908859E-04    5.7525712E-02   -5.7525712E-02
 4.0600    2.7287796E-04    5.6523675E-02   -5.6523675E-02
 4.0700    2.6684539E-04    5.5546716E-02   -5.5546716E-02
 4.0800    2.6097232E-04    5.4591450E-02   -5.4591450E-02
 4.0900    2.5523688E-04    5.3653728E-02   -5.3653728E-02
 4.1000    2.4962317E-04    5.2730570E-02   -5.2730570E-02
 4.1100    2.4412397E-04    5.1820778E-02   -5.1820778E-02
 4.1200    2.3873783E-04    5.0924354E-02   -5.0924354E-02
 4.1300    2.3346484E-04    5.0041630E-02   -5.0041630E-02
 4.1400    2.2830448E-04    4.9172804E-02   -4.9172804E-02
 4.1500    2.2325568E-04    4.8317958E-02   -4.8317958E-02
 4.1600    2.1831792E-04    4.7477288E-02   -4.7477288E-02
 4.1700    2.1349184E-04    4.6651246E-02   -4.6651246E-02
 4.1800    2.0877834E-04    4.5840345E-02   -4.5840345E-02
 4.1900    2.0417582E-04    4.5044547E-02   -4.5044547E-02
 4.2000    1.9967705E-04    4.4262567E-02   -4.4262567E-02
 4.2100    1.9526929E-04    4.3491862E-02   -4.3491862E-02
 4.2200    1.9093961E-04    4.2729793E-02   -4.2729793E-02
 4.2300    1.8668274E-04    4.1975393E-02   -4.1975393E-02
 4.2400    1.8250513E-04    4.1230314E-02   -4.1230314E-02
 4.2500    1.7842119E-04    4.0498053E-02   -4.0498053E-02
 4.2600    1.7444441E-04    3.9781955E-02   -3.9781955E-02
 4.2700    1.7057965E-04    3.9083445E-02   -3.9083445E-02
 4.2800    1.6682114E-04    3.8401526E-02   -3.8401526E-02
 4.2900    1.6315578E-04    3.7733485E-02   -3.7733485E-02
 4.3000    1.5956869E-04    3.7076135E-02   -3.7076135E-02
 4.3100    1.5604853E-04    3.6427057E-02   -3.6427057E-02
 4.3200    1.5259165E-04    3.5785585E-02   -3.5785585E-02
 4.3300    1.4920364E-04    3.5153217E-02   -3.5153217E-02
 4.3400    1.4589610E-04    3.4532896E-02   -3.4532896E-02
 4.3500    1.4267843E-04    3.3927097E-02   -3.3927097E-02
 4.3600    1.3954928E-04    3.3335767E-02   -3.3335767E-02
 4.3700    1.3649476E-04    3.2755839E-02   -3.2755839E-02
 4.3800    1.3349607E-04    3.2183003E-02   -3.2183003E-02
 4.3900    1.3054093E-04    3.1614449E-02   -3.1614449E-02
 4.4000    1.2762944E-04    3.1050319E-02   -3.1050319E-02
 4.4100    1.2477042E-04    3.0492895E-02   -3.0492895E-02
 4.4200    1.2197316E-04    2.9944610E-02   -2.9944610E-02
 4.4300    1.1924205E-04    2.9406731E-02   -2.9406731E-02
 4.4400    1.1657701E-04    2.8879438E-02   -2.8879438E-02
 4.4500    1.1397634E-04    2.8362504E-02   -2.8362504E-02
 4.4600    1.1143791E-04    2.7855601E-02   -2.7855601E-02
 4.4700    1.0895855E-04    2.7358119E-02   -2.7358119E-02
 4.4800    1.0653401E-04    2.6869164E-02   -2.6869164E-02
 4.4900    1.0416083E-04    2.6388030E-02   -2.6388030E-02
 4.5000    1.0183834E-04    2.5914701E-02   -2.5914701E-02
 4.5100    9.9568441E-05    2.5449816E-02   -2.5449816E-02
 4.5200    9.7353503E-05    2.4994147E-02   -2.4994147E-02
 4.5300    9.5194464E-05    2.4548104E-02   -2.4548104E-02
 4.5400    9.3090569E-05    2.4111668E-02   -2.4111668E-02
 4.5500    9.1040109E-05    2.3684566E-02   -2.3684566E-02
 4.5600    8.9040920E-05    2.3266400E-02   -2.3266400E-02
 4.5700    8.7090437E-05    2.2856658E-02   -2.2856658E-02
 4.5800    8.5186027E-05    2.2454800E-02   -2.2454800E-02
 4.5900    8.3325949E-05    2.2060508E-02   -2.2060508E-02
 4.6000    8.1510147E-05    2.1673907E-02   -2.1673907E-02
 4.6100    7.9739651E-05    2.1295412E-02   -2.1295412E-02
 4.6200    7.8014416E-05    2.0925155E-02   -2.0925155E-02
 4.6300    7.6331013E-05    2.0562356E-02   -2.0562356E-02
 4.6400    7.4682188E-05    2.0205186E-02   -2.0205186E-02
 4.6500    7.3059024E-05    1.9851331E-02   -1.9851331E-02
 4.6600    7.1454503E-05    1.9498953E-02   -1.9498953E-02
 4.6700    6.9866234E-05    1.9147451E-02   -1.9147451E-02
 4.6800    6.8296839E-05    1.8797590E-02   -1.8797590E-02
 4.6900    6.6752026E-05    1.8451004E-02   -1.8451004E-02
 4.7000    6.5237810E-05    1.8109437E-02   -1.8109437E-02
 4.7100    6.3758712E-05    1.7774247E-02   -1.7774247E-02
 4.7200    6.2317748E-05    1.7446392E-02   -1.7446392E-02
 4.7300    6.0917565E-05    1.7126739E-02   -1.7126739E-02
 4.7400    5.9561310E-05    1.6816313E-02   -1.6816313E-02
 4.7500    5.8252248E-05    1.6516186E-02   -1.6516186E-02
 4.7600    5.6991767E-05    1.6226912E-02   -1.6226912E-02
 4.7700    5.5776306E-05    1.5947638E-02   -1.5947638E-02
 4.7800    5.4595376E-05    1.5675504E-02   -1.5675504E-02
 4.7900    5.3433879E-05    1.5406273E-02   -1.5406273E-02
 4.8000    5.2279652E-05    1.5136485E-02   -1.5136485E-02
 4.8100    5.1131941E-05    1.4865937E-02   -1.4865937E-02
 4.8200    5.0003860E-05    1.4598474E-02   -1.4598474E-02
 4.8300    4.8916048E-05    1.4340209E-02   -1.4340209E-02
 4.8400    4.7885946E-05    1.4096414E-02   -1.4096414E-02
 4.8500    4.6919952E-05    1.3869184E-02   -1.3869184E-02
 4.8600    4.6011331E-05    1.3656745E-02   -1.3656745E-02
 4.8700    4.5141473E-05    1.3453755E-02   -1.3453755E-02
 4.8800    4.4282560E-05    1.3252024E-02   -1.3252024E-02
 4.8900    4.3403890E-05    1.3042362E-02   -1.3042362E-02
 4.9000    4.2483683E-05    1.2818116E-02   -1.2818116E-02
 4.9100    4.1520818E-05    1.2578787E-02   -1.2578787E-02
 4.9200    4.0536330E-05    1.2330608E-02   -1.2330608E-02
 4.9300    3.9561484E-05    1.2083042E-02   -1.2083042E-02
 4.9400    3.8622159E-05    1.1844052E-02   -1.1844052E-02
 4.9500    3.7732554E-05    1.1618136E-02   -1.1618136E-02
 4.9600    3.6900237E-05    1.1407812E-02   -1.1407812E-02
 4.9700    3.6131635E-05    1.1215284E-02   -1.1215284E-02
 4.9800    3.5427411E-05    1.1040989E-02   -1.1040989E-02
 4.9900    3.4770951E-05    1.0879966E-02   -1.0879966E-02
 5.0000    3.4124901E-05    1.0720654E-02   -1.0720654E-02
 5.0100    3.3445887E-05    1.0549407E-02   -1.0549407E-02
 5.0200    3.2709547E-05    1.0358380E-02   -1.0358380E-02
 5.0300    3.1925921E-05    1.0150543E-02   -1.0150543E-02
 5.0400    3.1132734E-05    9.9377531E-03   -9.9377531E-03
 5.0500    3.0372957E-05    9.7337390E-03   -9.7337390E-03
 5.0600    2.9673470E-05    9.5472707E-03   -9.5472707E-03
 5.0700    2.9036282E-05    9.3792215E-03   -9.3792215E-03
 5.0800    2.8442405E-05    9.2236668E-03   -9.2236668E-03
 5.0900    2.7862785E-05    9.0713088E-03   -9.0713088E-03
 5.1000    2.7271392E-05    8.9136899E-03   -8.9136899E-03
 5.1100    2.6656835E-05    8.7470226E-03   -8.7470226E-03
 5.1200    2.6028186E-05    8.5742017E-03   -8.5742017E-03
 5.1300    2.5411125E-05    8.4036604E-03   -8.4036604E-03
 5.1400    2.4835020E-05    8.2451891E-03   -8.2451891E-03
 5.1500    2.4317851E-05    8.1049345E-03   -8.1049345E-03
 5.1600    2.3857850E-05    7.9825303E-03   -7.9825303E-03
 5.1700    2.3435789E-05    7.8717363E-03   -7.8717363E-03
 5.1800    2.3024464E-05    7.7635242E-03   -7.7635242E-03
 5.1900    2.2598892E-05    7.6494767E-03   -7.6494767E-03
 5.2000    2.2143179E-05    7.5241340E-03   -7.5241340E-03
 5.2100    2.1653542E-05    7.3860843E-03   -7.3860843E-03
 5.2200    2.1138004E-05    7.2379376E-03   -7.2379376E-03
 5.2300    2.0612832E-05    7.0851802E-03   -7.0851802E-03
 5.2400    2.0096516E-05    6.9341496E-03   -6.9341496E-03
 5.2500    1.9603777E-05    6.7899759E-03   -6.7899759E-03
 5.2600    1.9142381E-05    6.6554482E-03   -6.6554482E-03
 5.2700    1.8713291E-05    6.5310238E-03   -6.5310238E-03
 5.2800    1.8312244E-05    6.4153340E-03   -6.4153340E-03
 5.2900    1.7930897E-05    6.3055535E-03   -6.3055535E-03
 5.3000    1.7558055E-05    6.1978064E-03   -6.1978064E-03
 5.3100    1.7182717E-05    6.0882256E-03   -6.0882256E-03
 5.3200    1.6798771E-05    5.9746247E-03   -5.9746247E-03
 5.3300    1.6408271E-05    5.8576995E-03   -5.8576995E-03
 5.3400    1.6020158E-05    5.7406249E-03   -5.7406249E-03
 5.3500    1.5644860E-05    5.6271581E-03   -5.6271581E-03
 5.3600    1.5288651E-05    5.5196127E-03   -5.5196127E-03
 5.3700    1.4951502E-05    5.4180531E-03   -5.4180531E-03
 5.3800    1.4628966E-05    5.3209360E-03   -5.3209360E-03
 5.3900    1.4315896E-05    5.2264396E-03   -5.2264396E-03
 5.4000    1.4009635E-05    5.1336256E-03   -5.1336256E-03
 5.4100    1.3711476E-05    5.0429958E-03   -5.0429958E-03
 5.4200    1.3425969E-05    4.9562600E-03   -4.9562600E-03
 5.4300    1.3157985E-05    4.8752727E-03   -4.8752727E-03
 5.4400    1.2908864E-05    4.8006018E-03   -4.8006018E-03
 5.4500    1.2674470E-05    4.7307790E-03   -4.7307790E-03
 5.4600    1.2447163E-05    4.6630010E-03   -4.6630010E-03
 5.4700    1.2220368E-05    4.5948231E-03   -4.5948231E-03
 5.4800    1.1992061E-05    4.5254818E-03   -4.5254818E-03
 5.4900    1.1764782E-05    4.4559306E-03   -4.4559306E-03
 5.5000    1.1543131E-05    4.3879215E-03   -4.3879215E-03
 5.5100    1.1331518E-05    4.3231584E-03   -4.3231584E-03
 5.5200    1.1133656E-05    4.2631028E-03   -4.2631028E-03
 5.5300    1.0952980E-05    4.2091307E-03   -4.2091307E-03
 5.5400    1.0792291E-05    4.1623925E-03   -4.1623925E-03
 5.5500    1.0652053E-05    4.1231502E-03   -4.1231502E-03
 5.5600    1.0528447E-05    4.0900042E-03   -4.0900042E-03
 5.5700    1.0412903E-05    4.0596827E-03   -4.0596827E-03
 5.5800    1.0294118E-05    4.0277954E-03   -4.0277954E-03
 5.5900    1.0161967E-05    3.9903526E-03   -3.9903526E-03
 5.6000    1.0011194E-05    3.9452251E-03   -3.9452251E-03
 5.6100    9.8421941E-06    3.8924900E-03   -3.8924900E-03
 5.6200    9.6579720E-06    3.8332614E-03   -3.8332614E-03
 5.6300    9.4597707E-06    3.7679685E-03   -3.7679685E-03
 5.6400    9.2457724E-06    3.6958239E-03   -3.6958239E-03
 5.6500    9.0146238E-06    3.6162160E-03   -3.6162160E-03
 5.6600    8.7705961E-06    3.5307896E-03   -3.5307896E-03
 5.6700    8.5254509E-06    3.4442395E-03   -3.4442395E-03
 5.6800    8.2953648E-06    3.3631174E-03   -3.3631174E-03
 5.6900    8.0954747E-06    3.2936445E-03   -3.2936445E-03
 5.7000    7.9357623E-06    3.2400240E-03   -3.2400240E-03
 5.7100    7.8205480E-06    3.2041974E-03   -3.2041974E-03
 5.7200    7.7515110E-06    3.1870457E-03   -3.1870457E-03
 5.7300    7.7310393E-06    3.1897525E-03   -3.1897525E-03
 5.7400    7.7602850E-06    3.2130044E-03   -3.2130044E-03
 5.7500    7.8290799E-06    3.2527919E-03   -3.2527919E-03
 5.7600    7.9043961E-06    3.2955168E-03   -3.2955168E-03
 5.7700    7.9320789E-06    3.3185511E-03   -3.3185511E-03
 5.7800    7.8605086E-06    3.3000171E-03   -3.3000171E-03
 5.7900    7.6743447E-06    3.2330193E-03   -3.2330193E-03
 5.8000    7.4109911E-06    3.1328683E-03   -3.1328683E-03
 5.8100    7.1422332E-06    3.0296758E-03   -3.0296758E-03
 5.8200    6.9328226E-06    2.9509777E-03   -2.9509777E-03
 5.8300    6.8071984E-06    2.9074710E-03   -2.9074710E-03
 5.8400    6.7459422E-06    2.8912002E-03   -2.8912002E-03
 5.8500    6.7075318E-06    2.8845916E-03   -2.8845916E-03
 5.8600    6.6547594E-06    2.8716893E-03   -2.8716893E-03
 5.8700    6.5690436E-06    2.8443839E-03   -2.8443839E-03
 5.8800    6.4498258E-06    2.8022863E-03   -2.8022863E-03
 5.8900    6.3067804E-06    2.7494648E-03   -2.7494648E-03
 5.9000    6.1538017E-06    2.6918905E-03   -2.6918905E-03
 5.9100    6.0071226E-06    2.6366429E-03   -2.6366429E-03
 5.9200    5.8825633E-06    2.5907165E-03   -2.5907165E-03
 5.9300    5.7875045E-06    2.5574703E-03   -2.5574703E-03
 5.9400    5.7121418E-06    2.5326882E-03   -2.5326882E-03
 5.9500    5.6306178E-06    2.5049545E-03   -2.5049545E-03
 5.9600    5.5157200E-06    2.4620938E-03   -2.4620938E-03
 5.9700    5.3568243E-06    2.3991971E-03   -2.3991971E-03
 5.9800    5.1660063E-06    2.3214919E-03   -2.3214919E-03
 5.9900    4.9681852E-06    2.2400684E-03   -2.2400684E-03
 6.0000    4.7857657E-06    2.1650294E-03   -2.1650294E-03
 6.0100    4.6309021E-06    2.1019598E-03   -2.1019598E-03
 6.0200    4.5084789E-06    2.0532077E-03   -2.0532077E-03
 6.0300    4.4228663E-06    2.0209162E-03   -2.0209162E-03
 6.0400    4.3809121E-06    2.0083911E-03   -2.0083911E-03
 6.0500    4.3898248E-06    2.0191464E-03   -2.0191464E-03
 6.0600    4.4531804E-06    2.0550643E-03   -2.0550643E-03
 6.0700    4.5672215E-06    2.1146540E-03   -2.1146540E-03
 6.0800    4.7164850E-06    2.1909652E-03   -2.1909652E-03
 6.0900    4.8690047E-06    2.2692620E-03   -2.2692620E-03
 6.1000    4.9771457E-06    2.3272867E-03   -2.3272867E-03
 6.1100    4.9913816E-06    2.3416019E-03   -2.3416019E-03
 6.1200    4.8838231E-06    2.2986488E-03   -2.2986488E-03
 6.1300    4.6649283E-06    2.2028036E-03   -2.2028036E-03
 6.1400    4.3781926E-06    2.0741562E-03   -2.0741562E-03
 6.1500    4.0759839E-06    1.9372807E-03   -1.9372807E-03
 6.1600    3.7958472E-06    1.8100060E-03   -1.8100060E-03
 6.1700    3.5532566E-06    1.6998350E-03   -1.6998350E-03
 6.1800    3.3495700E-06    1.6075921E-03   -1.6075921E-03
 6.1900    3.1824970E-06    1.5323542E-03   -1.5323542E-03
 6.2000    3.0502888E-06    1.4734459E-03   -1.4734459E-03
 6.2100    2.9511515E-06    1.4301598E-03   -1.4301598E-03
 6.2200    2.8830673E-06    1.4016688E-03   -1.4016688E-03
 6.2300    2.8447879E-06    1.3875091E-03   -1.3875091E-03
 6.2400    2.8348161E-06    1.3870878E-03   -1.3870878E-03
 6.2500    2.8473692E-06    1.3976991E-03   -1.3976991E-03
 6.2600    2.8691363E-06    1.4128944E-03   -1.4128944E-03
 6.2700    2.8814300E-06    1.4234854E-03   -1.4234854E-03
 6.2800    2.8676791E-06    1.4212148E-03   -1.4212148E-03
 6.2900    2.8209692E-06    1.4025214E-03   -1.4025214E-03
 6.3000    2.7459833E-06    1.3695846E-03   -1.3695846E-03
 6.3100    2.6547119E-06    1.3282688E-03   -1.3282688E-03
 6.3200    2.5605407E-06    1.2852148E-03   -1.2852148E-03
 6.3300    2.4753604E-06    1.2463951E-03   -1.2463951E-03
 6.3400    2.4096718E-06    1.2171561E-03   -1.2171561E-03
 6.3500    2.3721582E-06    1.2019903E-03   -1.2019903E-03
 6.3600    2.3666374E-06    1.2029728E-03   -1.2029728E-03
 6.3700    2.3880410E-06    1.2176725E-03   -1.2176725E-03
 6.3800    2.4207268E-06    1.2382177E-03   -1.2382177E-03
 6.3900    2.4413366E-06    1.2526774E-03   -1.2526774E-03
 6.4000    2.4262360E-06    1.2488287E-03   -1.2488287E-03
 6.4100    2.3609436E-06    1.2190220E-03   -1.2190220E-03
 6.4200    2.2466929E-06    1.1636534E-03   -1.1636534E-03
 6.4300    2.0999025E-06    1.0910155E-03   -1.0910155E-03
 6.4400    1.9448490E-06    1.0136021E-03   -1.0136021E-03
 6.4500    1.8045565E-06    9.4340846E-04   -9.4340846E-04
 6.4600    1.6950960E-06    8.8893336E-04   -8.8893336E-04
 6.4700    1.6243791E-06    8.5448770E-04   -8.5448770E-04
 6.4800    1.5928699E-06    8.4050479E-04   -8.4050479E-04
 6.4900    1.5938672E-06    8.4362878E-04   -8.4362878E-04
 6.5000    1.6137857E-06    8.5680586E-04   -8.5680586E-04
 6.5100    1.6345044E-06    8.7047825E-04   -8.7047825E-04
 6.5200    1.6384508E-06    8.7526277E-04   -8.7526277E-04
 6.5300    1.6143526E-06    8.6503689E-04   -8.6503689E-04
 6.5400    1.5605890E-06    8.3879126E-04   -8.3879126E-04
 6.5500    1.4847171E-06    8.0045365E-04   -8.0045365E-04
 6.5600    1.4000121E-06    7.5709320E-04   -7.5709320E-04
 6.5700    1.3207076E-06    7.1638632E-04   -7.1638632E-04
 6.5800    1.2574023E-06    6.8412571E-04   -6.8412571E-04
 6.5900    1.2140601E-06    6.6255337E-04   -6.6255337E-04
 6.6000    1.1879058E-06    6.5024907E-04   -6.5024907E-04
 6.6100    1.1722350E-06    6.4361696E-04   -6.4361696E-04
 6.6200    1.1602990E-06    6.3899251E-04   -6.3899251E-04
 6.6300    1.1479591E-06    6.3410815E-04   -6.3410815E-04
 6.6400    1.1342260E-06    6.2841366E-04   -6.2841366E-04
 6.6500    1.1204370E-06    6.2264516E-04   -6.2264516E-04
 6.6600    1.1091331E-06    6.1821849E-04   -6.1821849E-04
 6.6700    1.1029882E-06    6.1664099E-04   -6.1664099E-04
 6.6800    1.1036294E-06    6.1885095E-04   -6.1885095E-04
 6.6900    1.1103978E-06    6.2451188E-04   -6.2451188E-04
 6.7000    1.1196581E-06    6.3160404E-04   -6.3160404E-04
 6.7100    1.1254631E-06    6.3677525E-04   -6.3677525E-04
 6.7200    1.1217581E-06    6.3657214E-04   -6.3657214E-04
 6.7300    1.1051744E-06    6.2902920E-04   -6.2902920E-04
 6.7400    1.0767782E-06    6.1468965E-04   -6.1468965E-04
 6.7500    1.0416242E-06    5.9638742E-04   -5.9638742E-04
 6.7600    1.0063115E-06    5.7787738E-04   -5.7787738E-04
 6.7700    9.7594844E-07    5.6210063E-04   -5.6210063E-04
 6.7800    9.5220739E-07    5.5004827E-04   -5.5004827E-04
 6.7900    9.3339261E-07    5.4077147E-04   -5.4077147E-04
 6.8000    9.1621854E-07    5.3238617E-04   -5.3238617E-04
 6.8100    8.9809643E-07    5.2339197E-04   -5.2339197E-04
 6.8200    8.7860382E-07    5.1353695E-04   -5.1353695E-04
 6.8300    8.5937133E-07    5.0376981E-04   -5.0376981E-04
 6.8400    8.4252503E-07    4.9534169E-04   -4.9534169E-04
 6.8500    8.2871980E-07    4.8865092E-04   -4.8865092E-04
 6.8600    8.1620308E-07    4.8267669E-04   -4.8267669E-04
 6.8700    8.0176887E-07    4.7552409E-04   -4.7552409E-04
 6.8800    7.8307118E-07    4.6578766E-04   -4.6578766E-04
 6.8900    7.6060432E-07    4.5374003E-04   -4.5374003E-04
 6.9000    7.3776628E-07    4.4139443E-04   -4.4139443E-04
 6.9100    7.1884122E-07    4.3131934E-04   -4.3131934E-04
 6.9200    7.0639496E-07    4.2507899E-04   -4.2507899E-04
 6.9300    7.0005924E-07    4.2248484E-04   -4.2248484E-04
 6.9400    6.9740290E-07    4.2209728E-04   -4.2209728E-04
 6.9500    6.9565652E-07    4.2225455E-04   -4.2225455E-04
 6.9600    6.9251493E-07    4.2155814E-04   -4.2155814E-04
 6.9700    6.8574132E-07    4.1863520E-04   -4.1863520E-04
 6.9800    6.7296116E-07    4.1201280E-04   -4.1201280E-04
 6.9900    6.5265986E-07    4.0072932E-04   -4.0072932E-04
 7.0000    6.2548419E-07    3.8514324E-04   -3.8514324E-04
 7.0100    5.9414721E-07    3.6689345E-04   -3.6689345E-04
 7.0200    5.6172636E-07    3.4786353E-04   -3.4786353E-04
 7.0300    5.3003354E-07    3.2917274E-04   -3.2917274E-04
 7.0400    4.9966937E-07    3.1119880E-04   -3.1119880E-04
 7.0500    4.7149973E-07    2.9448932E-04   -2.9448932E-04
 7.0600    4.4777796E-07    2.8046713E-04   -2.8046713E-04
 7.0700    4.3151098E-07    2.7104447E-04   -2.7104447E-04
 7.0800    4.2440777E-07    2.6733739E-04   -2.6733739E-04
 7.0900    4.2514332E-07    2.6855775E-04   -2.6855775E-04
 7.1000    4.2949737E-07    2.7207402E-04   -2.7207402E-04
 7.1100    4.3241052E-07    2.7469156E-04   -2.7469156E-04
 7.1200    4.3049051E-07    2.7424166E-04   -2.7424166E-04
 7.1300    4.2325100E-07    2.7038769E-04   -2.7038769E-04
 7.1400    4.1247859E-07    2.6424556E-04   -2.6424556E-04
 7.1500    4.0054733E-07    2.5732133E-04   -2.5732133E-04
 7.1600    3.8903988E-07    2.5062825E-04   -2.5062825E-04
 7.1700    3.7843317E-07    2.4447664E-04   -2.4447664E-04
 7.1800    3.6863215E-07    2.3880970E-04   -2.3880970E-04
 7.1900    3.5965354E-07    2.3364258E-04   -2.3364258E-04
 7.2000    3.5193860E-07    2.2926711E-04   -2.2926711E-04
 7.2100    3.4619671E-07    2.2615351E-04   -2.2615351E-04
 7.2200    3.4296255E-07    2.2466269E-04   -2.2466269E-04
 7.2300    3.4211170E-07    2.2472655E-04   -2.2472655E-04
 7.2400    3.4256031E-07    2.2564413E-04   -2.2564413E-04
 7.2500    3.4237717E-07    2.2614692E-04   -2.2614692E-04
 7.2600    3.3944252E-07    2.2482746E-04   -2.2482746E-04
 7.2700    3.3241963E-07    2.2078286E-04   -2.2078286E-04
 7.2800    3.2140358E-07    2.1405399E-04   -2.1405399E-04
 7.2900    3.0775637E-07    2.0552846E-04   -2.0552846E-04
 7.3000    2.9332340E-07    1.9642750E-04   -1.9642750E-04
 7.3100    2.7966312E-07    1.8779318E-04   -1.8779318E-04
