# total charge: 4.000000 
# r(A)     rho (e/A^3)     4*pi*r^2*rho(e/A)  dip  
 0.0000    1.4164421E+00    0.0000000E+00    3.1915382E+01
 0.0100    1.4152737E+00    1.7784853E-03    3.1754425E+01
 0.0200    1.4137976E+00    7.1065217E-03    3.1276309E+01
 0.0300    1.4119519E+00    1.5968800E-02    3.0495056E+01
 0.0400    1.4096708E+00    2.8343114E-02    2.9433268E+01
 0.0500    1.4068819E+00    4.4198500E-02    2.8121028E+01
 0.0600    1.4035048E+00    6.3493061E-02    2.6594475E+01
 0.0700    1.3994575E+00    8.6171897E-02    2.4894143E+01
 0.0800    1.3946726E+00    1.1216623E-01    2.3063158E+01
 0.0900    1.3891137E+00    1.4139455E-01    2.1145425E+01
 0.1000    1.3827801E+00    1.7376527E-01    1.9183893E+01
 0.1100    1.3756986E+00    2.0917921E-01    1.7218995E+01
 0.1200    1.3679080E+00    2.4753081E-01    1.5287354E+01
 0.1300    1.3594467E+00    2.8870796E-01    1.3420779E+01
 0.1400    1.3503464E+00    3.3259149E-01    1.1645606E+01
 0.1500    1.3406325E+00    3.7905490E-01    9.9823528E+00
 0.1600    1.3303269E+00    4.2796495E-01    8.4457018E+00
 0.1700    1.3194519E+00    4.7918284E-01    7.0447433E+00
 0.1800    1.3080308E+00    5.3256526E-01    5.7834474E+00
 0.1900    1.2960872E+00    5.8796475E-01    4.6613004E+00
 0.2000    1.2836430E+00    6.4522932E-01    3.6740480E+00
 0.2100    1.2707168E+00    7.0420195E-01    2.8144857E+00
 0.2200    1.2573250E+00    7.6472057E-01    2.0732469E+00
 0.2300    1.2434825E+00    8.2661867E-01    1.4395444E+00
 0.2400    1.2292047E+00    8.8972655E-01    9.0183587E-01
 0.2500    1.2145096E+00    9.5387360E-01    4.4839044E-01
 0.2600    1.1994205E+00    1.0188917E+00    6.7745829E-02
 0.2700    1.1839669E+00    1.0846184E+00   -2.5094358E-01
 0.2800    1.1681820E+00    1.1508969E+00   -5.1766080E-01
 0.2900    1.1520973E+00    1.2175730E+00   -7.4137043E-01
 0.3000    1.1357377E+00    1.2844891E+00   -9.2994122E-01
 0.3100    1.1191197E+00    1.3514805E+00   -1.0901350E+00
 0.3200    1.1022538E+00    1.4183762E+00   -1.2276491E+00
 0.3300    1.0851494E+00    1.4850029E+00   -1.3471974E+00
 0.3400    1.0678202E+00    1.5511930E+00   -1.4526154E+00
 0.3500    1.0502867E+00    1.6167908E+00   -1.5469762E+00
 0.3600    1.0325764E+00    1.6816556E+00   -1.6327034E+00
 0.3700    1.0147192E+00    1.7456582E+00   -1.7116758E+00
 0.3800    9.9674262E-01    1.8086731E+00   -1.7853174E+00
 0.3900    9.7866697E-01    1.8705702E+00   -1.8546777E+00
 0.4000    9.6050603E-01    1.9312120E+00   -1.9205055E+00
 0.4100    9.4227249E-01    1.9904629E+00   -1.9833220E+00
 0.4200    9.2398643E-01    2.0482079E+00   -2.0434925E+00
 0.4300    9.0567993E-01    2.1043672E+00   -2.1012844E+00
 0.4400    8.8739137E-01    2.1588895E+00   -2.1568941E+00
 0.4500    8.6915085E-01    2.2117195E+00   -2.2104408E+00
 0.4600    8.5096710E-01    2.2627590E+00   -2.2619477E+00
 0.4700    8.3282845E-01    2.3118579E+00   -2.3113483E+00
 0.4800    8.1471978E-01    2.3588515E+00   -2.3585346E+00
 0.4900    7.9664310E-01    2.4036201E+00   -2.4034250E+00
 0.5000    7.7862400E-01    2.4461194E+00   -2.4460005E+00
 0.5100    7.6069741E-01    2.4863494E+00   -2.4862776E+00
 0.5200    7.4288446E-01    2.5242817E+00   -2.5242388E+00
 0.5300    7.2518160E-01    2.5598138E+00   -2.5597885E+00
 0.5400    7.0757405E-01    2.5928016E+00   -2.5927867E+00
 0.5500    6.9006441E-01    2.6231606E+00   -2.6231519E+00
 0.5600    6.7269296E-01    2.6509577E+00   -2.6509528E+00
 0.5700    6.5553045E-01    2.6764088E+00   -2.6764059E+00
 0.5800    6.3864535E-01    2.6997628E+00   -2.6997612E+00
 0.5900    6.2206813E-01    2.7211460E+00   -2.7211451E+00
 0.6000    6.0577803E-01    2.7404752E+00   -2.7404748E+00
 0.6100    5.8972143E-01    2.7575059E+00   -2.7575056E+00
 0.6200    5.7384806E-01    2.7719804E+00   -2.7719803E+00
 0.6300    5.5814025E-01    2.7837761E+00   -2.7837760E+00
 0.6400    5.4261743E-01    2.7929525E+00   -2.7929525E+00
 0.6500    5.2731703E-01    2.7996799E+00   -2.7996798E+00
 0.6600    5.1226849E-01    2.8041121E+00   -2.8041121E+00
 0.6700    4.9747877E-01    2.8062995E+00   -2.8062995E+00
 0.6800    4.8293518E-01    2.8061865E+00   -2.8061865E+00
 0.6900    4.6861936E-01    2.8036789E+00   -2.8036789E+00
 0.7000    4.5452233E-01    2.7987311E+00   -2.7987311E+00
 0.7100    4.4065325E-01    2.7914094E+00   -2.7914094E+00
 0.7200    4.2703712E-01    2.7818934E+00   -2.7818934E+00
 0.7300    4.1370231E-01    2.7704067E+00   -2.7704067E+00
 0.7400    4.0066721E-01    2.7571291E+00   -2.7571291E+00
 0.7500    3.8793823E-01    2.7421737E+00   -2.7421737E+00
 0.7600    3.7552022E-01    2.7256518E+00   -2.7256518E+00
 0.7700    3.6342719E-01    2.7077511E+00   -2.7077511E+00
 0.7800    3.5167953E-01    2.6887236E+00   -2.6887236E+00
 0.7900    3.4028743E-01    2.6687627E+00   -2.6687627E+00
 0.8000    3.2923431E-01    2.6478595E+00   -2.6478595E+00
 0.8100    3.1847553E-01    2.6257657E+00   -2.6257657E+00
 0.8200    3.0795631E-01    2.6021161E+00   -2.6021161E+00
 0.8300    2.9763888E-01    2.5766517E+00   -2.5766517E+00
 0.8400    2.8752273E-01    2.5494155E+00   -2.5494155E+00
 0.8500    2.7764692E-01    2.5208127E+00   -2.5208127E+00
 0.8600    2.6807271E-01    2.4914913E+00   -2.4914913E+00
 0.8700    2.5885498E-01    2.4620955E+00   -2.4620955E+00
 0.8800    2.5001798E-01    2.4330243E+00   -2.4330243E+00
 0.8900    2.4154921E-01    2.4043378E+00   -2.4043378E+00
 0.9000    2.3341327E-01    2.3758577E+00   -2.3758577E+00
 0.9100    2.2557333E-01    2.3473638E+00   -2.3473638E+00
 0.9200    2.1800423E-01    2.3187313E+00   -2.3187313E+00
 0.9300    2.1069143E-01    2.2899322E+00   -2.2899322E+00
 0.9400    2.0362329E-01    2.2609607E+00   -2.2609607E+00
 0.9500    1.9678744E-01    2.2317957E+00   -2.2317957E+00
 0.9600    1.9017428E-01    2.2024402E+00   -2.2024402E+00
 0.9700    1.8378171E-01    2.1729794E+00   -2.1729794E+00
 0.9800    1.7761565E-01    2.1435976E+00   -2.1435976E+00
 0.9900    1.7168772E-01    2.1145575E+00   -2.1145575E+00
 1.0000    1.6601309E-01    2.0861820E+00   -2.0861820E+00
 1.0100    1.6060759E-01    2.0588214E+00   -2.0588214E+00
 1.0200    1.5548114E-01    2.0327685E+00   -2.0327685E+00
 1.0300    1.5062983E-01    2.0081461E+00   -2.0081461E+00
 1.0400    1.4603356E-01    1.9848569E+00   -1.9848569E+00
 1.0500    1.4166285E-01    1.9626571E+00   -1.9626571E+00
 1.0600    1.3749060E-01    1.9413087E+00   -1.9413087E+00
 1.0700    1.3350071E-01    1.9207064E+00   -1.9207064E+00
 1.0800    1.2968879E-01    1.9009024E+00   -1.9009024E+00
 1.0900    1.2605654E-01    1.8820373E+00   -1.8820373E+00
 1.1000    1.2260477E-01    1.8642433E+00   -1.8642433E+00
 1.1100    1.1933006E-01    1.8475903E+00   -1.8475903E+00
 1.1200    1.1622572E-01    1.8320958E+00   -1.8320958E+00
 1.1300    1.1328450E-01    1.8177630E+00   -1.8177630E+00
 1.1400    1.1049957E-01    1.8045967E+00   -1.8045967E+00
 1.1500    1.0786327E-01    1.7925824E+00   -1.7925824E+00
 1.1600    1.0536563E-01    1.7816599E+00   -1.7816599E+00
 1.1700    1.0299481E-01    1.7717275E+00   -1.7717275E+00
 1.1800    1.0073897E-01    1.7626714E+00   -1.7626714E+00
 1.1900    9.8587538E-02    1.7543886E+00   -1.7543886E+00
 1.2000    9.6530906E-02    1.7467821E+00   -1.7467821E+00
 1.2100    9.4559304E-02    1.7397421E+00   -1.7397421E+00
 1.2200    9.2662351E-02    1.7331368E+00   -1.7331368E+00
 1.2300    9.0829540E-02    1.7268205E+00   -1.7268205E+00
 1.2400    8.9051021E-02    1.7206484E+00   -1.7206484E+00
 1.2500    8.7318113E-02    1.7144871E+00   -1.7144871E+00
 1.2600    8.5623589E-02    1.7082223E+00   -1.7082223E+00
 1.2700    8.3962014E-02    1.7017672E+00   -1.7017672E+00
 1.2800    8.2330140E-02    1.6950740E+00   -1.6950740E+00
 1.2900    8.0726976E-02    1.6881381E+00   -1.6881381E+00
 1.3000    7.9153123E-02    1.6809880E+00   -1.6809880E+00
 1.3100    7.7609354E-02    1.6736572E+00   -1.6736572E+00
 1.3200    7.6095112E-02    1.6661515E+00   -1.6661515E+00
 1.3300    7.4608017E-02    1.6584357E+00   -1.6584357E+00
 1.3400    7.3144987E-02    1.6504563E+00   -1.6504563E+00
 1.3500    7.1704250E-02    1.6421858E+00   -1.6421858E+00
 1.3600    7.0286595E-02    1.6336544E+00   -1.6336544E+00
 1.3700    6.8894798E-02    1.6249404E+00   -1.6249404E+00
 1.3800    6.7531661E-02    1.6161269E+00   -1.6161269E+00
 1.3900    6.6198197E-02    1.6072581E+00   -1.6072581E+00
 1.4000    6.4893201E-02    1.5983251E+00   -1.5983251E+00
 1.4100    6.3614386E-02    1.5892910E+00   -1.5892910E+00
 1.4200    6.2360158E-02    1.5801334E+00   -1.5801334E+00
 1.4300    6.1130666E-02    1.5708730E+00   -1.5708730E+00
 1.4400    5.9927386E-02    1.5615654E+00   -1.5615654E+00
 1.4500    5.8751709E-02    1.5522668E+00   -1.5522668E+00
 1.4600    5.7603716E-02    1.5430005E+00   -1.5430005E+00
 1.4700    5.6482031E-02    1.5337509E+00   -1.5337509E+00
 1.4800    5.5384663E-02    1.5244838E+00   -1.5244838E+00
 1.4900    5.4310043E-02    1.5151741E+00   -1.5151741E+00
 1.5000    5.3257471E-02    1.5058195E+00   -1.5058195E+00
 1.5100    5.2226759E-02    1.4964315E+00   -1.4964315E+00
 1.5200    5.1217463E-02    1.4870141E+00   -1.4870141E+00
 1.5300    5.0228374E-02    1.4775488E+00   -1.4775488E+00
 1.5400    4.9257674E-02    1.4679971E+00   -1.4679971E+00
 1.5500    4.8303618E-02    1.4583203E+00   -1.4583203E+00
 1.5600    4.7365242E-02    1.4485011E+00   -1.4485011E+00
 1.5700    4.6442559E-02    1.4385512E+00   -1.4385512E+00
 1.5800    4.5536152E-02    1.4285004E+00   -1.4285004E+00
 1.5900    4.4646488E-02    1.4183761E+00   -1.4183761E+00
 1.6000    4.3773470E-02    1.4081885E+00   -1.4081885E+00
 1.6100    4.2916499E-02    1.3979315E+00   -1.3979315E+00
 1.6200    4.2074861E-02    1.3875946E+00   -1.3875946E+00
 1.6300    4.1248086E-02    1.3771742E+00   -1.3771742E+00
 1.6400    4.0436061E-02    1.3666786E+00   -1.3666786E+00
 1.6500    3.9638923E-02    1.3561246E+00   -1.3561246E+00
 1.6600    3.8856818E-02    1.3455296E+00   -1.3455296E+00
 1.6700    3.8089660E-02    1.3349036E+00   -1.3349036E+00
 1.6800    3.7337026E-02    1.3242444E+00   -1.3242444E+00
 1.6900    3.6598302E-02    1.3135427E+00   -1.3135427E+00
 1.7000    3.5872988E-02    1.3027925E+00   -1.3027925E+00
 1.7100    3.5160945E-02    1.2920003E+00   -1.2920003E+00
 1.7200    3.4462358E-02    1.2811847E+00   -1.2811847E+00
 1.7300    3.3777424E-02    1.2703652E+00   -1.2703652E+00
 1.7400    3.3106010E-02    1.2595494E+00   -1.2595494E+00
 1.7500    3.2447520E-02    1.2487269E+00   -1.2487269E+00
 1.7600    3.1801080E-02    1.2378758E+00   -1.2378758E+00
 1.7700    3.1165945E-02    1.2269778E+00   -1.2269778E+00
 1.7800    3.0541832E-02    1.2160319E+00   -1.2160319E+00
 1.7900    2.9928944E-02    1.2050562E+00   -1.2050562E+00
 1.8000    2.9327629E-02    1.1940756E+00   -1.1940756E+00
 1.8100    2.8737929E-02    1.1831028E+00   -1.1831028E+00
 1.8200    2.8159382E-02    1.1721299E+00   -1.1721299E+00
 1.8300    2.7591282E-02    1.1611382E+00   -1.1611382E+00
 1.8400    2.7033206E-02    1.1501198E+00   -1.1501198E+00
 1.8500    2.6485342E-02    1.1390923E+00   -1.1390923E+00
 1.8600    2.5948310E-02    1.1280928E+00   -1.1280928E+00
 1.8700    2.5422586E-02    1.1171534E+00   -1.1171534E+00
 1.8800    2.4908018E-02    1.1062792E+00   -1.1062792E+00
 1.8900    2.4403839E-02    1.0954476E+00   -1.0954476E+00
 1.9000    2.3909108E-02    1.0846271E+00   -1.0846271E+00
 1.9100    2.3423173E-02    1.0737973E+00   -1.0737973E+00
 1.9200    2.2945804E-02    1.0629567E+00   -1.0629567E+00
 1.9300    2.2477004E-02    1.0521142E+00   -1.0521142E+00
 1.9400    2.2016737E-02    1.0412770E+00   -1.0412770E+00
 1.9500    2.1564793E-02    1.0304440E+00   -1.0304440E+00
 1.9600    2.1120830E-02    1.0196074E+00   -1.0196074E+00
 1.9700    2.0684528E-02    1.0087602E+00   -1.0087602E+00
 1.9800    2.0255743E-02    9.9790322E-01   -9.9790322E-01
 1.9900    1.9834593E-02    9.8705038E-01   -9.8705038E-01
 2.0000    1.9421410E-02    9.7622655E-01   -9.7622655E-01
 2.0100    1.9016569E-02    9.6545971E-01   -9.6545971E-01
 2.0200    1.8620289E-02    9.5477056E-01   -9.5477056E-01
 2.0300    1.8232505E-02    9.4416586E-01   -9.4416586E-01
 2.0400    1.7852897E-02    9.3363879E-01   -9.3363879E-01
 2.0500    1.7481014E-02    9.2317536E-01   -9.2317536E-01
 2.0600    1.7116448E-02    9.1276283E-01   -9.1276283E-01
 2.0700    1.6758937E-02    9.0239569E-01   -9.0239569E-01
 2.0800    1.6408369E-02    8.9207618E-01   -8.9207618E-01
 2.0900    1.6064694E-02    8.8180974E-01   -8.8180974E-01
 2.1000    1.5727811E-02    8.7159903E-01   -8.7159903E-01
 2.1100    1.5397523E-02    8.6144118E-01   -8.6144118E-01
 2.1200    1.5073570E-02    8.5132957E-01   -8.5132957E-01
 2.1300    1.4755714E-02    8.4125816E-01   -8.4125816E-01
 2.1400    1.4443788E-02    8.3122486E-01   -8.3122486E-01
 2.1500    1.4137728E-02    8.2123302E-01   -8.2123302E-01
 2.1600    1.3837559E-02    8.1129134E-01   -8.1129134E-01
 2.1700    1.3543378E-02    8.0141289E-01   -8.0141289E-01
 2.1800    1.3255310E-02    7.9161267E-01   -7.9161267E-01
 2.1900    1.2973434E-02    7.8190330E-01   -7.8190330E-01
 2.2000    1.2697706E-02    7.7229015E-01   -7.7229015E-01
 2.2100    1.2427928E-02    7.6276921E-01   -7.6276921E-01
 2.2200    1.2163793E-02    7.5332923E-01   -7.5332923E-01
 2.2300    1.1904971E-02    7.4395718E-01   -7.4395718E-01
 2.2400    1.1651201E-02    7.3464343E-01   -7.3464343E-01
 2.2500    1.1402319E-02    7.2538419E-01   -7.2538419E-01
 2.2600    1.1158244E-02    7.1618068E-01   -7.1618068E-01
 2.2700    1.0918936E-02    7.0703661E-01   -7.0703661E-01
 2.2800    1.0684360E-02    6.9795605E-01   -6.9795605E-01
 2.2900    1.0454480E-02    6.8894295E-01   -6.8894295E-01
 2.3000    1.0229263E-02    6.8000148E-01   -6.8000148E-01
 2.3100    1.0008681E-02    6.7113623E-01   -6.7113623E-01
 2.3200    9.7927079E-03    6.6235166E-01   -6.6235166E-01
 2.3300    9.5813025E-03    6.5365149E-01   -6.5365149E-01
 2.3400    9.3744073E-03    6.4503815E-01   -6.4503815E-01
 2.3500    9.1719385E-03    6.3651219E-01   -6.3651219E-01
 2.3600    8.9737782E-03    6.2807167E-01   -6.2807167E-01
 2.3700    8.7797781E-03    6.1971227E-01   -6.1971227E-01
 2.3800    8.5897822E-03    6.1142886E-01   -6.1142886E-01
 2.3900    8.4036628E-03    6.0321799E-01   -6.0321799E-01
 2.4000    8.2213437E-03    5.9507972E-01   -5.9507972E-01
 2.4100    8.0427952E-03    5.8701738E-01   -5.8701738E-01
 2.4200    7.8680041E-03    5.7903547E-01   -5.7903547E-01
 2.4300    7.6969419E-03    5.7113742E-01   -5.7113742E-01
 2.4400    7.5295508E-03    5.6332442E-01   -5.6332442E-01
 2.4500    7.3657485E-03    5.5559575E-01   -5.5559575E-01
 2.4600    7.2054424E-03    5.4794974E-01   -5.4794974E-01
 2.4700    7.0485405E-03    5.4038461E-01   -5.4038461E-01
 2.4800    6.8949567E-03    5.3289883E-01   -5.3289883E-01
 2.4900    6.7446135E-03    5.2549142E-01   -5.2549142E-01
 2.5000    6.5974459E-03    5.1816219E-01   -5.1816219E-01
 2.5100    6.4534014E-03    5.1091186E-01   -5.1091186E-01
 2.5200    6.3124356E-03    5.0374171E-01   -5.0374171E-01
 2.5300    6.1745038E-03    4.9665289E-01   -4.9665289E-01
 2.5400    6.0395520E-03    4.8964579E-01   -4.8964579E-01
 2.5500    5.9075148E-03    4.8271973E-01   -4.8271973E-01
 2.5600    5.7783194E-03    4.7587330E-01   -4.7587330E-01
 2.5700    5.6518934E-03    4.6910501E-01   -4.6910501E-01
 2.5800    5.5281723E-03    4.6241386E-01   -4.6241386E-01
 2.5900    5.4071019E-03    4.5579960E-01   -4.5579960E-01
 2.6000    5.2886346E-03    4.4926245E-01   -4.4926245E-01
 2.6100    5.1727231E-03    4.4280254E-01   -4.4280254E-01
 2.6200    5.0593154E-03    4.3641955E-01   -4.3641955E-01
 2.6300    4.9483564E-03    4.3011276E-01   -4.3011276E-01
 2.6400    4.8397918E-03    4.2388144E-01   -4.2388144E-01
 2.6500    4.7335719E-03    4.1772511E-01   -4.1772511E-01
 2.6600    4.6296498E-03    4.1164351E-01   -4.1164351E-01
 2.6700    4.5279783E-03    4.0563622E-01   -4.0563622E-01
 2.6800    4.4285067E-03    3.9970240E-01   -3.9970240E-01
 2.6900    4.3311817E-03    3.9384091E-01   -3.9384091E-01
 2.7000    4.2359519E-03    3.8805064E-01   -3.8805064E-01
 2.7100    4.1427708E-03    3.8233086E-01   -3.8233086E-01
 2.7200    4.0515984E-03    3.7668130E-01   -3.7668130E-01
 2.7300    3.9623987E-03    3.7110203E-01   -3.7110203E-01
 2.7400    3.8751371E-03    3.6559316E-01   -3.6559316E-01
 2.7500    3.7897775E-03    3.6015460E-01   -3.6015460E-01
 2.7600    3.7062809E-03    3.5478591E-01   -3.5478591E-01
 2.7700    3.6246061E-03    3.4948635E-01   -3.4948635E-01
 2.7800    3.5447114E-03    3.4425507E-01   -3.4425507E-01
 2.7900    3.4665579E-03    3.3909136E-01   -3.3909136E-01
 2.8000    3.3901102E-03    3.3399483E-01   -3.3399483E-01
 2.8100    3.3153372E-03    3.2896539E-01   -3.2896539E-01
 2.8200    3.2422105E-03    3.2400319E-01   -3.2400319E-01
 2.8300    3.1707022E-03    3.1910837E-01   -3.1910837E-01
 2.8400    3.1007829E-03    3.1428084E-01   -3.1428084E-01
 2.8500    3.0324188E-03    3.0952003E-01   -3.0952003E-01
 2.8600    2.9655702E-03    3.0482469E-01   -3.0482469E-01
 2.8700    2.9001917E-03    3.0019287E-01   -3.0019287E-01
 2.8800    2.8362371E-03    2.9562242E-01   -2.9562242E-01
 2.8900    2.7736669E-03    2.9111183E-01   -2.9111183E-01
 2.9000    2.7124554E-03    2.8666090E-01   -2.8666090E-01
 2.9100    2.6525895E-03    2.8227075E-01   -2.8227075E-01
 2.9200    2.5940583E-03    2.7794272E-01   -2.7794272E-01
 2.9300    2.5368394E-03    2.7367686E-01   -2.7367686E-01
 2.9400    2.4808915E-03    2.6947116E-01   -2.6947116E-01
 2.9500    2.4261611E-03    2.6532217E-01   -2.6532217E-01
 2.9600    2.3726005E-03    2.6122690E-01   -2.6122690E-01
 2.9700    2.3201825E-03    2.5718457E-01   -2.5718457E-01
 2.9800    2.2689023E-03    2.5319679E-01   -2.5319679E-01
 2.9900    2.2187634E-03    2.4926611E-01   -2.4926611E-01
 3.0000    2.1697589E-03    2.4539395E-01   -2.4539395E-01
 3.0100    2.1218635E-03    2.4157962E-01   -2.4157962E-01
 3.0200    2.0750407E-03    2.3782110E-01   -2.3782110E-01
 3.0300    2.0292566E-03    2.3411653E-01   -2.3411653E-01
 3.0400    1.9844875E-03    2.3046523E-01   -2.3046523E-01
 3.0500    1.9407174E-03    2.2686727E-01   -2.2686727E-01
 3.0600    1.8979280E-03    2.2332248E-01   -2.2332248E-01
 3.0700    1.8560938E-03    2.1982978E-01   -2.1982978E-01
 3.0800    1.8151847E-03    2.1638747E-01   -2.1638747E-01
 3.0900    1.7751747E-03    2.1299427E-01   -2.1299427E-01
 3.1000    1.7360473E-03    2.0964998E-01   -2.0964998E-01
 3.1100    1.6977928E-03    2.0635516E-01   -2.0635516E-01
 3.1200    1.6603997E-03    2.0311018E-01   -2.0311018E-01
 3.1300    1.6238472E-03    1.9991422E-01   -1.9991422E-01
 3.1400    1.5881048E-03    1.9676521E-01   -1.9676521E-01
 3.1500    1.5531385E-03    1.9366054E-01   -1.9366054E-01
 3.1600    1.5189193E-03    1.9059817E-01   -1.9059817E-01
 3.1700    1.4854288E-03    1.8757728E-01   -1.8757728E-01
 3.1800    1.4526597E-03    1.8459843E-01   -1.8459843E-01
 3.1900    1.4206117E-03    1.8166306E-01   -1.8166306E-01
 3.2000    1.3892845E-03    1.7877263E-01   -1.7877263E-01
 3.2100    1.3586712E-03    1.7592774E-01   -1.7592774E-01
 3.2200    1.3287547E-03    1.7312764E-01   -1.7312764E-01
 3.2300    1.2995096E-03    1.7037050E-01   -1.7037050E-01
 3.2400    1.2709091E-03    1.6765418E-01   -1.6765418E-01
 3.2500    1.2429315E-03    1.6497715E-01   -1.6497715E-01
 3.2600    1.2155646E-03    1.6233909E-01   -1.6233909E-01
 3.2700    1.1888035E-03    1.5974065E-01   -1.5974065E-01
 3.2800    1.1626436E-03    1.5718249E-01   -1.5718249E-01
 3.2900    1.1370703E-03    1.5466391E-01   -1.5466391E-01
 3.3000    1.1120558E-03    1.5218236E-01   -1.5218236E-01
 3.3100    1.0875655E-03    1.4973430E-01   -1.4973430E-01
 3.3200    1.0635732E-03    1.4731719E-01   -1.4731719E-01
 3.3300    1.0400719E-03    1.4493114E-01   -1.4493114E-01
 3.3400    1.0170728E-03    1.4257876E-01   -1.4257876E-01
 3.3500    9.9459161E-04    1.4026337E-01   -1.4026337E-01
 3.3600    9.7263350E-04    1.3798683E-01   -1.3798683E-01
 3.3700    9.5118727E-04    1.3574870E-01   -1.3574870E-01
 3.3800    9.3023258E-04    1.3354721E-01   -1.3354721E-01
 3.3900    9.0975147E-04    1.3138084E-01   -1.3138084E-01
 3.4000    8.8973322E-04    1.2924909E-01   -1.2924909E-01
 3.4100    8.7016961E-04    1.2715181E-01   -1.2715181E-01
 3.4200    8.5104704E-04    1.2508800E-01   -1.2508800E-01
 3.4300    8.3234482E-04    1.2305560E-01   -1.2305560E-01
 3.4400    8.1404186E-04    1.2105242E-01   -1.2105242E-01
 3.4500    7.9612524E-04    1.1907743E-01   -1.1907743E-01
 3.4600    7.7859255E-04    1.1713112E-01   -1.1713112E-01
 3.4700    7.6144613E-04    1.1521473E-01   -1.1521473E-01
 3.4800    7.4468501E-04    1.1332898E-01   -1.1332898E-01
 3.4900    7.2830159E-04    1.1147359E-01   -1.1147359E-01
 3.5000    7.1228448E-04    1.0964768E-01   -1.0964768E-01
 3.5100    6.9662403E-04    1.0785060E-01   -1.0785060E-01
 3.5200    6.8131632E-04    1.0608256E-01   -1.0608256E-01
 3.5300    6.6636341E-04    1.0434471E-01   -1.0434471E-01
 3.5400    6.5176910E-04    1.0263847E-01   -1.0263847E-01
 3.5500    6.3753149E-04    1.0096439E-01   -1.0096439E-01
 3.5600    6.2363609E-04    9.9321003E-02   -9.9321003E-02
 3.5700    6.1005494E-04    9.7704652E-02   -9.7704652E-02
 3.5800    5.9675444E-04    9.6110663E-02   -9.6110663E-02
 3.5900    5.8370801E-04    9.4535389E-02   -9.4535389E-02
 3.6000    5.7090528E-04    9.2977727E-02   -9.2977727E-02
 3.6100    5.5835164E-04    9.1439126E-02   -9.1439126E-02
 3.6200    5.4605999E-04    8.9922291E-02   -8.9922291E-02
 3.6300    5.3404157E-04    8.8429705E-02   -8.8429705E-02
 3.6400    5.2230183E-04    8.6962934E-02   -8.6962934E-02
 3.6500    5.1084190E-04    8.5522837E-02   -8.5522837E-02
 3.6600    4.9966182E-04    8.4110109E-02   -8.4110109E-02
 3.6700    4.8876137E-04    8.2725398E-02   -8.2725398E-02
 3.6800    4.7813604E-04    8.1368625E-02   -8.1368625E-02
 3.6900    4.6777038E-04    8.0037832E-02   -8.0037832E-02
 3.7000    4.5763456E-04    7.8728528E-02   -7.8728528E-02
 3.7100    4.4769017E-04    7.7434633E-02   -7.7434633E-02
 3.7200    4.3790542E-04    7.6151080E-02   -7.6151080E-02
 3.7300    4.2827103E-04    7.4876620E-02   -7.4876620E-02
 3.7400    4.1880459E-04    7.3614693E-02   -7.3614693E-02
 3.7500    4.0953865E-04    7.2371454E-02   -7.2371454E-02
 3.7600    4.0050048E-04    7.1152243E-02   -7.1152243E-02
 3.7700    3.9169768E-04    6.9958995E-02   -6.9958995E-02
 3.7800    3.8311791E-04    6.8790096E-02   -6.8790096E-02
 3.7900    3.7473943E-04    6.7642192E-02   -6.7642192E-02
 3.8000    3.6654261E-04    6.6512232E-02   -6.6512232E-02
 3.8100    3.5851509E-04    6.5398420E-02   -6.5398420E-02
 3.8200    3.5065076E-04    6.4300060E-02   -6.4300060E-02
 3.8300    3.4294730E-04    6.3217133E-02   -6.3217133E-02
 3.8400    3.3540581E-04    6.2150253E-02   -6.2150253E-02
 3.8500    3.2803138E-04    6.1100775E-02   -6.1100775E-02
 3.8600    3.2083118E-04    6.0070472E-02   -6.0070472E-02
 3.8700    3.1380937E-04    5.9060579E-02   -5.9060579E-02
 3.8800    3.0696177E-04    5.8070773E-02   -5.8070773E-02
 3.8900    3.0027503E-04    5.7098972E-02   -5.7098972E-02
 3.9000    2.9373186E-04    5.6142291E-02   -5.6142291E-02
 3.9100    2.8731896E-04    5.5198550E-02   -5.5198550E-02
 3.9200    2.8103167E-04    5.4267180E-02   -5.4267180E-02
 3.9300    2.7487250E-04    5.3348997E-02   -5.3348997E-02
 3.9400    2.6884649E-04    5.2445312E-02   -5.2445312E-02
 3.9500    2.6295810E-04    5.1557352E-02   -5.1557352E-02
 3.9600    2.5721141E-04    5.0686286E-02   -5.0686286E-02
 3.9700    2.5161086E-04    4.9833369E-02   -4.9833369E-02
 3.9800    2.4615954E-04    4.8999617E-02   -4.8999617E-02
 3.9900    2.4085561E-04    4.8185063E-02   -4.8185063E-02
 4.0000    2.3569014E-04    4.7388314E-02   -4.7388314E-02
 4.0100    2.3064891E-04    4.6606878E-02   -4.6606878E-02
 4.0200    2.2571664E-04    4.5837988E-02   -4.5837988E-02
 4.0300    2.2088007E-04    4.5079229E-02   -4.5079229E-02
 4.0400    2.1612870E-04    4.4328705E-02   -4.4328705E-02
 4.0500    2.1145502E-04    4.3585086E-02   -4.3585086E-02
 4.0600    2.0685551E-04    4.2847850E-02   -4.2847850E-02
 4.0700    2.0233148E-04    4.2117457E-02   -4.2117457E-02
 4.0800    1.9788735E-04    4.1395033E-02   -4.1395033E-02
 4.0900    1.9352729E-04    4.0681663E-02   -4.0681663E-02
 4.1000    1.8925320E-04    3.9977976E-02   -3.9977976E-02
 4.1100    1.8506584E-04    3.9284367E-02   -3.9284367E-02
 4.1200    1.8096742E-04    3.8601545E-02   -3.8601545E-02
 4.1300    1.7696246E-04    3.7930723E-02   -3.7930723E-02
 4.1400    1.7305590E-04    3.7273224E-02   -3.7273224E-02
 4.1500    1.6925015E-04    3.6629849E-02   -3.6629849E-02
 4.1600    1.6554371E-04    3.6000556E-02   -3.6000556E-02
 4.1700    1.6193225E-04    3.5384684E-02   -3.5384684E-02
 4.1800    1.5841074E-04    3.4781400E-02   -3.4781400E-02
 4.1900    1.5497390E-04    3.4189792E-02   -3.4189792E-02
 4.2000    1.5161439E-04    3.3608481E-02   -3.3608481E-02
 4.2100    1.4832192E-04    3.3035386E-02   -3.3035386E-02
 4.2200    1.4508600E-04    3.2468354E-02   -3.2468354E-02
 4.2300    1.4190127E-04    3.1906333E-02   -3.1906333E-02
 4.2400    1.3876991E-04    3.1349953E-02   -3.1349953E-02
 4.2500    1.3569847E-04    3.0800847E-02   -3.0800847E-02
 4.2600    1.3269206E-04    3.0260355E-02   -3.0260355E-02
 4.2700    1.2975108E-04    2.9728747E-02   -2.9728747E-02
 4.2800    1.2687182E-04    2.9205361E-02   -2.9205361E-02
 4.2900    1.2404919E-04    2.8689195E-02   -2.8689195E-02
 4.3000    1.2127925E-04    2.8179501E-02   -2.8179501E-02
 4.3100    1.1856154E-04    2.7676314E-02   -2.7676314E-02
 4.3200    1.1590098E-04    2.7180939E-02   -2.7180939E-02
 4.3300    1.1330806E-04    2.6696017E-02   -2.6696017E-02
 4.3400    1.1079524E-04    2.6224693E-02   -2.6224693E-02
 4.3500    1.0836939E-04    2.5768847E-02   -2.5768847E-02
 4.3600    1.0602481E-04    2.5327385E-02   -2.5327385E-02
 4.3700    1.0374292E-04    2.4896095E-02   -2.4896095E-02
 4.3800    1.0150088E-04    2.4469659E-02   -2.4469659E-02
 4.3900    9.9283411E-05    2.4044491E-02   -2.4044491E-02
 4.4000    9.7088317E-05    2.3620125E-02   -2.3620125E-02
 4.4100    9.4922273E-05    2.3198247E-02   -2.3198247E-02
 4.4200    9.2792506E-05    2.2780713E-02   -2.2780713E-02
 4.4300    9.0702530E-05    2.2368493E-02   -2.2368493E-02
 4.4400    8.8653718E-05    2.1962044E-02   -2.1962044E-02
 4.4500    8.6648100E-05    2.1561994E-02   -2.1561994E-02
 4.4600    8.4688130E-05    2.1169087E-02   -2.1169087E-02
 4.4700    8.2774306E-05    2.0783585E-02   -2.0783585E-02
 4.4800    8.0904426E-05    2.0405074E-02   -2.0405074E-02
 4.4900    7.9075868E-05    2.0033024E-02   -2.0033024E-02
 4.5000    7.7288342E-05    1.9667488E-02   -1.9667488E-02
 4.5100    7.5544061E-05    1.9309155E-02   -1.9309155E-02
 4.5200    7.3845376E-05    1.8958765E-02   -1.8958765E-02
 4.5300    7.2192586E-05    1.8616536E-02   -1.8616536E-02
 4.5400    7.0583851E-05    1.8282135E-02   -1.8282135E-02
 4.5500    6.9016498E-05    1.7955007E-02   -1.7955007E-02
 4.5600    6.7487845E-05    1.7634580E-02   -1.7634580E-02
 4.5700    6.5994948E-05    1.7320202E-02   -1.7320202E-02
 4.5800    6.4534331E-05    1.7011070E-02   -1.7011070E-02
 4.5900    6.3102775E-05    1.6706431E-02   -1.6706431E-02
 4.6000    6.1698749E-05    1.6405969E-02   -1.6405969E-02
 4.6100    6.0322946E-05    1.6109952E-02   -1.6109952E-02
 4.6200    5.8976977E-05    1.5818902E-02   -1.5818902E-02
 4.6300    5.7660993E-05    1.5532951E-02   -1.5532951E-02
 4.6400    5.6372200E-05    1.5251438E-02   -1.5251438E-02
 4.6500    5.5105567E-05    1.4973084E-02   -1.4973084E-02
 4.6600    5.3856282E-05    1.4696640E-02   -1.4696640E-02
 4.6700    5.2622159E-05    1.4421561E-02   -1.4421561E-02
 4.6800    5.1404440E-05    1.4148233E-02   -1.4148233E-02
 4.6900    5.0206687E-05    1.3877688E-02   -1.3877688E-02
 4.7000    4.9032780E-05    1.3611065E-02   -1.3611065E-02
 4.7100    4.7885496E-05    1.3349213E-02   -1.3349213E-02
 4.7200    4.6766444E-05    1.3092670E-02   -1.3092670E-02
 4.7300    4.5676877E-05    1.2841878E-02   -1.2841878E-02
 4.7400    4.4618367E-05    1.2597380E-02   -1.2597380E-02
 4.7500    4.3592623E-05    1.2359761E-02   -1.2359761E-02
 4.7600    4.2600330E-05    1.2129328E-02   -1.2129328E-02
 4.7700    4.1639378E-05    1.1905588E-02   -1.1905588E-02
 4.7800    4.0703714E-05    1.1686910E-02   -1.1686910E-02
 4.7900    3.9784661E-05    1.1470875E-02   -1.1470875E-02
 4.8000    3.8875252E-05    1.1255520E-02   -1.1255520E-02
 4.8100    3.7975053E-05    1.1040746E-02   -1.1040746E-02
 4.8200    3.7091482E-05    1.0828745E-02   -1.0828745E-02
 4.8300    3.6236043E-05    1.0622944E-02   -1.0622944E-02
 4.8400    3.5418181E-05    1.0426219E-02   -1.0426219E-02
 4.8500    3.4640968E-05    1.0239609E-02   -1.0239609E-02
 4.8600    3.3900206E-05    1.0062010E-02   -1.0062010E-02
 4.8700    3.3185356E-05    9.8904092E-03   -9.8904092E-03
 4.8800    3.2480993E-05    9.7202807E-03   -9.7202807E-03
 4.8900    3.1770060E-05    9.5465316E-03   -9.5465316E-03
 4.9000    3.1040207E-05    9.3654066E-03   -9.3654066E-03
 4.9100    3.0290428E-05    9.1765250E-03   -9.1765250E-03
 4.9200    2.9532259E-05    8.9833173E-03   -8.9833173E-03
 4.9300    2.8783456E-05    8.7911693E-03   -8.7911693E-03
 4.9400    2.8059183E-05    8.6047603E-03   -8.6047603E-03
 4.9500    2.7367977E-05    8.4268054E-03   -8.4268054E-03
 4.9600    2.6713982E-05    8.2587030E-03   -8.2587030E-03
 4.9700    2.6099845E-05    8.1014091E-03   -8.1014091E-03
 4.9800    2.5524645E-05    7.9547815E-03   -7.9547815E-03
 4.9900    2.4978342E-05    7.8158202E-03   -7.8158202E-03
 5.0000    2.4440380E-05    7.6781718E-03   -7.6781718E-03
 5.0100    2.3887644E-05    7.5345727E-03   -7.5345727E-03
 5.0200    2.3307571E-05    7.3809848E-03   -7.3809848E-03
 5.0300    2.2705994E-05    7.2191549E-03   -7.2191549E-03
 5.0400    2.2103299E-05    7.0555038E-03   -7.0555038E-03
 5.0500    2.1522366E-05    6.8973559E-03   -6.8973559E-03
 5.0600    2.0977259E-05    6.7493141E-03   -6.7493141E-03
 5.0700    2.0468699E-05    6.6117439E-03   -6.6117439E-03
 5.0800    1.9986410E-05    6.4814487E-03   -6.4814487E-03
 5.0900    1.9515265E-05    6.3536001E-03   -6.3536001E-03
 5.1000    1.9042361E-05    6.2240204E-03   -6.2240204E-03
 5.1100    1.8562790E-05    6.0910887E-03   -6.0910887E-03
 5.1200    1.8081821E-05    5.9565109E-03   -5.9565109E-03
 5.1300    1.7612000E-05    5.8244278E-03   -5.8244278E-03
 5.1400    1.7166298E-05    5.6991848E-03   -5.6991848E-03
 5.1500    1.6751198E-05    5.5830331E-03   -5.5830331E-03
 5.1600    1.6363849E-05    5.4751338E-03   -5.4751338E-03
 5.1700    1.5994330E-05    5.3722598E-03   -5.3722598E-03
 5.1800    1.5630637E-05    5.2704300E-03   -5.2704300E-03
 5.1900    1.5263083E-05    5.1663858E-03   -5.1663858E-03
 5.2000    1.4886577E-05    5.0583795E-03   -5.0583795E-03
 5.2100    1.4501089E-05    4.9463623E-03   -4.9463623E-03
 5.2200    1.4110968E-05    4.8317857E-03   -4.8317857E-03
 5.2300    1.3723315E-05    4.7170695E-03   -4.7170695E-03
 5.2400    1.3345619E-05    4.6048040E-03   -4.6048040E-03
 5.2500    1.2983501E-05    4.4969729E-03   -4.4969729E-03
 5.2600    1.2639543E-05    4.3945329E-03   -4.3945329E-03
 5.2700    1.2313335E-05    4.2974100E-03   -4.2974100E-03
 5.2800    1.2002048E-05    4.2046812E-03   -4.2046812E-03
 5.2900    1.1701032E-05    4.1147681E-03   -4.1147681E-03
 5.3000    1.1404785E-05    4.0257678E-03   -4.0257678E-03
 5.3100    1.1108802E-05    3.9361001E-03   -3.9361001E-03
 5.3200    1.0811693E-05    3.8452701E-03   -3.8452701E-03
 5.3300    1.0515988E-05    3.7541737E-03   -3.7541737E-03
 5.3400    1.0226593E-05    3.6645727E-03   -3.6645727E-03
 5.3500    9.9478331E-06    3.5780460E-03   -3.5780460E-03
 5.3600    9.6812280E-06    3.4951828E-03   -3.4951828E-03
 5.3700    9.4253571E-06    3.4155154E-03   -3.4155154E-03
 5.3800    9.1773734E-06    3.3380498E-03   -3.3380498E-03
 5.3900    8.9347833E-06    3.2619058E-03   -3.2619058E-03
 5.4000    8.6965718E-06    3.1867315E-03   -3.1867315E-03
 5.4100    8.4634854E-06    3.1128174E-03   -3.1128174E-03
 5.4200    8.2374652E-06    3.0408992E-03   -3.0408992E-03
 5.4300    8.0203003E-06    2.9716671E-03   -2.9716671E-03
 5.4400    7.8121697E-06    2.9052220E-03   -2.9052220E-03
 5.4500    7.6112220E-06    2.8409086E-03   -2.8409086E-03
 5.4600    7.4146983E-06    2.7777211E-03   -2.7777211E-03
 5.4700    7.2207247E-06    2.7149717E-03   -2.7149717E-03
 5.4800    7.0293219E-06    2.6526772E-03   -2.6526772E-03
 5.4900    6.8420224E-06    2.5914274E-03   -2.5914274E-03
 5.5000    6.6607322E-06    2.5319622E-03   -2.5319622E-03
 5.5100    6.4868791E-06    2.4748499E-03   -2.4748499E-03
 5.5200    6.3213101E-06    2.4204444E-03   -2.4204444E-03
 5.5300    6.1646038E-06    2.3690013E-03   -2.3690013E-03
 5.5400    6.0171603E-06    2.3207105E-03   -2.3207105E-03
 5.5500    5.8787507E-06    2.2755211E-03   -2.2755211E-03
 5.5600    5.7477990E-06    2.2328576E-03   -2.2328576E-03
 5.5700    5.6210595E-06    2.1914847E-03   -2.1914847E-03
 5.5800    5.4942505E-06    2.1497439E-03   -2.1497439E-03
 5.5900    5.3635851E-06    2.1061469E-03   -2.1061469E-03
 5.6000    5.2273192E-06    2.0599892E-03   -2.0599892E-03
 5.6100    5.0860706E-06    2.0114904E-03   -2.0114904E-03
 5.6200    4.9413950E-06    1.9612460E-03   -1.9612460E-03
 5.6300    4.7936926E-06    1.9093996E-03   -1.9093996E-03
 5.6400    4.6414632E-06    1.8553378E-03   -1.8553378E-03
 5.6500    4.4829171E-06    1.7983220E-03   -1.7983220E-03
 5.6600    4.3187138E-06    1.7385899E-03   -1.7385899E-03
 5.6700    4.1534703E-06    1.6779812E-03   -1.6779812E-03
 5.6800    3.9947503E-06    1.6195568E-03   -1.6195568E-03
 5.6900    3.8503019E-06    1.5664956E-03   -1.5664956E-03
 5.7000    3.7254921E-06    1.5210491E-03   -1.5210491E-03
 5.7100    3.6226081E-06    1.4842376E-03   -1.4842376E-03
 5.7200    3.5422715E-06    1.4564104E-03   -1.4564104E-03
 5.7300    3.4852792E-06    1.4379927E-03   -1.4379927E-03
 5.7400    3.4520510E-06    1.4292587E-03   -1.4292587E-03
 5.7500    3.4383459E-06    1.4285489E-03   -1.4285489E-03
 5.7600    3.4301118E-06    1.4300891E-03   -1.4300891E-03
 5.7700    3.4037195E-06    1.4240173E-03   -1.4240173E-03
 5.7800    3.3354209E-06    1.4002842E-03   -1.4002842E-03
 5.7900    3.2155697E-06    1.3546432E-03   -1.3546432E-03
 5.8000    3.0566626E-06    1.2921512E-03   -1.2921512E-03
 5.8100    2.8877118E-06    1.2249433E-03   -1.2249433E-03
 5.8200    2.7386782E-06    1.1657270E-03   -1.1657270E-03
 5.8300    2.6263692E-06    1.1217672E-03   -1.1217672E-03
 5.8400    2.5502435E-06    1.0929926E-03   -1.0929926E-03
 5.8500    2.4977096E-06    1.0741465E-03   -1.0741465E-03
 5.8600    2.4528417E-06    1.0584604E-03   -1.0584604E-03
 5.8700    2.4029961E-06    1.0404929E-03   -1.0404929E-03
 5.8800    2.3413596E-06    1.0172616E-03   -1.0172616E-03
 5.8900    2.2665205E-06    9.8809818E-04   -9.8809818E-04
 5.9000    2.1812505E-06    9.5415611E-04   -9.5415611E-04
 5.9100    2.0915139E-06    9.1800612E-04   -9.1800612E-04
 5.9200    2.0046627E-06    8.8286559E-04   -8.8286559E-04
 5.9300    1.9257738E-06    8.5099012E-04   -8.5099012E-04
 5.9400    1.8538884E-06    8.2198963E-04   -8.2198963E-04
 5.9500    1.7819605E-06    7.9276025E-04   -7.9276025E-04
 5.9600    1.7019011E-06    7.5969052E-04   -7.5969052E-04
 5.9700    1.6110297E-06    7.2154276E-04   -7.2154276E-04
 5.9800    1.5143387E-06    6.8051118E-04   -6.8051118E-04
 5.9900    1.4208537E-06    6.4063827E-04   -6.4063827E-04
 6.0000    1.3378544E-06    6.0523105E-04   -6.0523105E-04
 6.0100    1.2679610E-06    5.7552570E-04   -5.7552570E-04
 6.0200    1.2104783E-06    5.5126430E-04   -5.5126430E-04
 6.0300    1.1644979E-06    5.3208767E-04   -5.3208767E-04
 6.0400    1.1308147E-06    5.1841215E-04   -5.1841215E-04
 6.0500    1.1118550E-06    5.1140946E-04   -5.1140946E-04
 6.0600    1.1103610E-06    5.1241203E-04   -5.1241203E-04
 6.0700    1.1271644E-06    5.2188462E-04   -5.2188462E-04
 6.0800    1.1578266E-06    5.3784922E-04   -5.3784922E-04
 6.0900    1.1895148E-06    5.5438862E-04   -5.5438862E-04
 6.1000    1.2019680E-06    5.6203380E-04   -5.6203380E-04
 6.1100    1.1752632E-06    5.5135006E-04   -5.5135006E-04
 6.1200    1.1009030E-06    5.1815745E-04   -5.1815745E-04
 6.1300    9.8763199E-07    4.6636501E-04   -4.6636501E-04
 6.1400    8.5653197E-07    4.0577957E-04   -4.0577957E-04
 6.1500    7.2924765E-07    3.4660525E-04   -3.4660525E-04
 6.1600    6.1872083E-07    2.9502989E-04   -2.9502989E-04
 6.1700    5.2805344E-07    2.5261438E-04   -2.5261438E-04
 6.1800    4.5521918E-07    2.1847783E-04   -2.1847783E-04
 6.1900    3.9767782E-07    1.9147961E-04   -1.9147961E-04
 6.2000    3.5360428E-07    1.7080900E-04   -1.7080900E-04
 6.2100    3.2084991E-07    1.5548732E-04   -1.5548732E-04
 6.2200    2.9624820E-07    1.4402781E-04   -1.4402781E-04
 6.2300    2.7624761E-07    1.3473626E-04   -1.3473626E-04
 6.2400    2.5794845E-07    1.2621529E-04   -1.2621529E-04
 6.2500    2.3944415E-07    1.1753687E-04   -1.1753687E-04
 6.2600    2.1944572E-07    1.0806515E-04   -1.0806515E-04
 6.2700    1.9695217E-07    9.7298403E-05   -9.7298403E-05
 6.2800    1.7146979E-07    8.4980010E-05   -8.4980010E-05
 6.2900    1.4346712E-07    7.1328572E-05   -7.1328572E-05
 6.3000    1.1435305E-07    5.7034641E-05   -5.7034641E-05
 6.3100    8.5745229E-08    4.2902100E-05   -4.2902100E-05
 6.3200    5.8613050E-08    2.9419707E-05   -2.9419707E-05
 6.3300    3.3071702E-08    1.6652285E-05   -1.6652285E-05
 6.3400    8.9461823E-09    4.5188313E-06   -4.5188313E-06
 6.3500   -1.3514266E-08   -6.8477794E-06    6.8477794E-06
 6.3600   -3.3474871E-08   -1.7015433E-05    1.7015433E-05
 6.3700   -5.0118522E-08   -2.5555653E-05    2.5555653E-05
 6.3800   -6.3634955E-08   -3.2549698E-05    3.2549698E-05
 6.3900   -7.5819891E-08   -3.8904043E-05    3.8904043E-05
 6.4000   -8.9531328E-08   -4.6083435E-05    4.6083435E-05
 6.4100   -1.0696319E-07   -5.5228121E-05    5.5228121E-05
 6.4200   -1.2782201E-07   -6.6204204E-05    6.6204204E-05
 6.4300   -1.4895790E-07   -7.7391873E-05    7.7391873E-05
 6.4400   -1.6603757E-07   -8.6534235E-05    8.6534235E-05
 6.4500   -1.7619158E-07   -9.2111626E-05    9.2111626E-05
 6.4600   -1.7981188E-07   -9.4296002E-05    9.4296002E-05
 6.4700   -1.8041629E-07   -9.4906109E-05    9.4906109E-05
 6.4800   -1.8282976E-07   -9.6473216E-05    9.6473216E-05
 6.4900   -1.9076935E-07   -1.0097361E-04    1.0097361E-04
 6.5000   -2.0503311E-07   -1.0885805E-04    1.0885805E-04
 6.5100   -2.2312496E-07   -1.1882833E-04    1.1882833E-04
 6.5200   -2.4044599E-07   -1.2844659E-04    1.2844659E-04
 6.5300   -2.5240650E-07   -1.3524984E-04    1.3524984E-04
 6.5400   -2.5645953E-07   -1.3784284E-04    1.3784284E-04
 6.5500   -2.5327216E-07   -1.3654630E-04    1.3654630E-04
 6.5600   -2.4661922E-07   -1.3336580E-04    1.3336580E-04
 6.5700   -2.4187801E-07   -1.3120095E-04    1.3120095E-04
 6.5800   -2.4356061E-07   -1.3251612E-04    1.3251612E-04
 6.5900   -2.5313412E-07   -1.3814380E-04    1.3814380E-04
 6.6000   -2.6853611E-07   -1.4699428E-04    1.4699428E-04
 6.6100   -2.8567138E-07   -1.5684819E-04    1.5684819E-04
 6.6200   -3.0069776E-07   -1.6559836E-04    1.6559836E-04
 6.6300   -3.1158283E-07   -1.7211171E-04    1.7211171E-04
 6.6400   -3.1838873E-07   -1.7640208E-04    1.7640208E-04
 6.6500   -3.2275274E-07   -1.7935897E-04    1.7935897E-04
 6.6600   -3.2715618E-07   -1.8235323E-04    1.8235323E-04
 6.6700   -3.3415932E-07   -1.8681645E-04    1.8681645E-04
 6.6800   -3.4556620E-07   -1.9377335E-04    1.9377335E-04
 6.6900   -3.6163604E-07   -2.0339197E-04    2.0339197E-04
 6.7000   -3.8068967E-07   -2.1474871E-04    2.1474871E-04
 6.7100   -3.9949938E-07   -2.2603256E-04    2.2603256E-04
 6.7200   -4.1455383E-07   -2.3524984E-04    2.3524984E-04
 6.7300   -4.2370135E-07   -2.4115698E-04    2.4115698E-04
 6.7400   -4.2722033E-07   -2.4388302E-04    2.4388302E-04
 6.7500   -4.2757663E-07   -2.4481125E-04    2.4481125E-04
 6.7600   -4.2798137E-07   -2.4576958E-04    2.4576958E-04
 6.7700   -4.3065884E-07   -2.4803934E-04    2.4803934E-04
 6.7800   -4.3582617E-07   -2.5175758E-04    2.5175758E-04
 6.7900   -4.4182727E-07   -2.5597758E-04    2.5597758E-04
 6.8000   -4.4619155E-07   -2.5926807E-04    2.5926807E-04
 6.8100   -4.4699777E-07   -2.6050103E-04    2.6050103E-04
 6.8200   -4.4384874E-07   -2.5942606E-04    2.5942606E-04
 6.8300   -4.3793667E-07   -2.5672170E-04    2.5672170E-04
 6.8400   -4.3112343E-07   -2.5346832E-04    2.5346832E-04
 6.8500   -4.2459418E-07   -2.5036006E-04    2.5036006E-04
 6.8600   -4.1805791E-07   -2.4722622E-04    2.4722622E-04
 6.8700   -4.1017287E-07   -2.4327096E-04    2.4327096E-04
 6.8800   -3.9992827E-07   -2.3788598E-04    2.3788598E-04
 6.8900   -3.8788847E-07   -2.3139564E-04    2.3139564E-04
 6.9000   -3.7628549E-07   -2.2512593E-04    2.2512593E-04
 6.9100   -3.6790744E-07   -2.2075194E-04    2.2075194E-04
 6.9200   -3.6473022E-07   -2.1947942E-04    2.1947942E-04
 6.9300   -3.6734412E-07   -2.2169170E-04    2.2169170E-04
 6.9400   -3.7530410E-07   -2.2714967E-04    2.2714967E-04
 6.9500   -3.8753472E-07   -2.3522858E-04    2.3522858E-04
 6.9600   -4.0203647E-07   -2.4473371E-04    2.4473371E-04
 6.9700   -4.1535002E-07   -2.5356520E-04    2.5356520E-04
 6.9800   -4.2303202E-07   -2.5899653E-04    2.5899653E-04
 6.9900   -4.2150338E-07   -2.5880060E-04    2.5880060E-04
 7.0000   -4.0986245E-07   -2.5237369E-04    2.5237369E-04
 7.0100   -3.8985707E-07   -2.4074170E-04    2.4074170E-04
 7.0200   -3.6401429E-07   -2.2542523E-04    2.2542523E-04
 7.0300   -3.3399564E-07   -2.0742510E-04    2.0742510E-04
 7.0400   -3.0107466E-07   -1.8751214E-04    1.8751214E-04
 7.0500   -2.6822617E-07   -1.6752871E-04    1.6752871E-04
 7.0600   -2.4125703E-07   -1.5111210E-04    1.5111210E-04
 7.0700   -2.2698216E-07   -1.4257403E-04    1.4257403E-04
 7.0800   -2.2923141E-07   -1.4439445E-04    1.4439445E-04
 7.0900   -2.4578486E-07   -1.5525924E-04    1.5525924E-04
 7.1000   -2.6890442E-07   -1.7034308E-04    1.7034308E-04
 7.1100   -2.8929609E-07   -1.8377720E-04    1.8377720E-04
 7.1200   -3.0066592E-07   -1.9153760E-04    1.9153760E-04
 7.1300   -3.0181957E-07   -1.9281300E-04    1.9281300E-04
 7.1400   -2.9546263E-07   -1.8928179E-04    1.8928179E-04
 7.1500   -2.8534894E-07   -1.8331509E-04    1.8331509E-04
 7.1600   -2.7410547E-07   -1.7658492E-04    1.7658492E-04
 7.1700   -2.6279920E-07   -1.6977441E-04    1.6977441E-04
 7.1800   -2.5171113E-07   -1.6306516E-04    1.6306516E-04
 7.1900   -2.4123382E-07   -1.5671329E-04    1.5671329E-04
 7.2000   -2.3224244E-07   -1.5129216E-04    1.5129216E-04
 7.2100   -2.2587650E-07   -1.4755416E-04    1.4755416E-04
 7.2200   -2.2297698E-07   -1.4606437E-04    1.4606437E-04
 7.2300   -2.2350082E-07   -1.4681336E-04    1.4681336E-04
 7.2400   -2.2618941E-07   -1.4899074E-04    1.4899074E-04
 7.2500   -2.2867378E-07   -1.5104357E-04    1.5104357E-04
 7.2600   -2.2811340E-07   -1.5108937E-04    1.5108937E-04
 7.2700   -2.2229994E-07   -1.4764476E-04    1.4764476E-04
 7.2800   -2.1081474E-07   -1.4040210E-04    1.4040210E-04
 7.2900   -1.9552203E-07   -1.3057517E-04    1.3057517E-04
 7.3000   -1.7984742E-07   -1.2043696E-04    1.2043696E-04
 7.3100   -1.6704804E-07   -1.1217240E-04    1.1217240E-04
 7.3200   -1.5849729E-07   -1.0672198E-04    1.0672198E-04
 7.3300   -1.5312143E-07   -1.0338411E-04    1.0338411E-04
 7.3400   -1.4832379E-07   -1.0041828E-04    1.0041828E-04
 7.3500   -1.4164454E-07   -9.6157767E-05    9.6157767E-05
 7.3600   -1.3195641E-07   -8.9824743E-05    8.9824743E-05
 7.3700   -1.1954512E-07   -8.1597468E-05    8.1597468E-05
 7.3800   -1.0540049E-07   -7.2138184E-05    7.2138184E-05
 7.3900   -9.0503873E-08   -6.2110626E-05    6.2110626E-05
 7.4000   -7.5522065E-08   -5.1969335E-05    5.1969335E-05
 7.4100   -6.0753509E-08   -4.1919650E-05    4.1919650E-05
 7.4200   -4.6142298E-08   -3.1923970E-05    3.1923970E-05
 7.4300   -3.1503635E-08   -2.1854867E-05    2.1854867E-05
 7.4400   -1.7069441E-08   -1.1873398E-05    1.1873398E-05
 7.4500   -3.9624348E-09   -2.7636595E-06    2.7636595E-06
 7.4600    6.0333651E-09    4.2193653E-06   -4.2193653E-06
 7.4700    1.1510838E-08    8.0715699E-06   -8.0715699E-06
 7.4800    1.2570030E-08    8.8379056E-06   -8.8379056E-06
 7.4900    1.1116746E-08    7.8370243E-06   -7.8370243E-06
 7.5000    1.0064763E-08    7.1143619E-06   -7.1143619E-06
 7.5100    1.2007725E-08    8.5104100E-06   -8.5104100E-06
 7.5200    1.8153841E-08    1.2900724E-05   -1.2900724E-05
 7.5300    2.7982344E-08    1.9938106E-05   -1.9938106E-05
 7.5400    3.9730914E-08    2.8384491E-05   -2.8384491E-05
 7.5500    5.1543833E-08    3.6921597E-05   -3.6921597E-05
 7.5600    6.2636419E-08    4.4986311E-05   -4.4986311E-05
 7.5700    7.3528926E-08    5.2949254E-05   -5.2949254E-05
 7.5800    8.5040748E-08    6.1400986E-05   -6.1400986E-05
 7.5900    9.7002931E-08    7.0222821E-05   -7.0222821E-05
 7.6000    1.0807408E-07    7.8443795E-05   -7.8443795E-05
 7.6100    1.1694846E-07    8.5108648E-05   -8.5108648E-05
 7.6200    1.2378238E-07    9.0318901E-05   -9.0318901E-05
 7.6300    1.3039607E-07    9.5394524E-05   -9.5394524E-05
 7.6400    1.3894576E-07    1.0191589E-04   -1.0191589E-04
 7.6500    1.5017787E-07    1.1044312E-04   -1.1044312E-04
 7.6600    1.6277904E-07    1.2002339E-04   -1.2002339E-04
 7.6700    1.7434439E-07    1.2888684E-04   -1.2888684E-04
 7.6800    1.8303185E-07    1.3566224E-04   -1.3566224E-04
 7.6900    1.8849258E-07    1.4007377E-04   -1.4007377E-04
 7.7000    1.9157670E-07    1.4273616E-04   -1.4273616E-04
 7.7100    1.9351267E-07    1.4455330E-04   -1.4455330E-04
 7.7200    1.9546472E-07    1.4639048E-04   -1.4639048E-04
 7.7300    1.9858210E-07    1.4911075E-04   -1.4911075E-04
 7.7400    2.0396914E-07    1.5355227E-04   -1.5355227E-04
 7.7500    2.1222865E-07    1.6018332E-04   -1.6018332E-04
 7.7600    2.2297136E-07    1.6872615E-04   -1.6872615E-04
 7.7700    2.3495205E-07    1.7825066E-04   -1.7825066E-04
 7.7800    2.4692492E-07    1.8781660E-04   -1.8781660E-04
 7.7900    2.5854439E-07    1.9716049E-04   -1.9716049E-04
 7.8000    2.7049548E-07    2.0680407E-04   -2.0680407E-04
 7.8100    2.8365781E-07    2.1742360E-04   -2.1742360E-04
 7.8200    2.9792795E-07    2.2894682E-04   -2.2894682E-04
 7.8300    3.1167439E-07    2.4012341E-04   -2.4012341E-04
 7.8400    3.2239054E-07    2.4901429E-04   -2.4901429E-04
 7.8500    3.2821102E-07    2.5415715E-04   -2.5415715E-04
 7.8600    3.2924934E-07    2.5561120E-04   -2.5561120E-04
 7.8700    3.2781985E-07    2.5514942E-04   -2.5514942E-04
 7.8800    3.2745422E-07    2.5551294E-04   -2.5551294E-04
 7.8900    3.3141905E-07    2.5926348E-04   -2.5926348E-04
 7.9000    3.4152951E-07    2.6785039E-04   -2.6785039E-04
 7.9100    3.5763822E-07    2.8119445E-04   -2.8119445E-04
 7.9200    3.7784087E-07    2.9783049E-04   -2.9783049E-04
 7.9300    3.9925831E-07    3.1550788E-04   -3.1550788E-04
 7.9400    4.1899540E-07    3.3194041E-04   -3.3194041E-04
 7.9500    4.3475630E-07    3.4529478E-04   -3.4529478E-04
 7.9600    4.4499478E-07    3.5431612E-04   -3.5431612E-04
 7.9700    4.4902235E-07    3.5842184E-04   -3.5842184E-04
 7.9800    4.4735929E-07    3.5799100E-04   -3.5799100E-04
 7.9900    4.4188997E-07    3.5450109E-04   -3.5450109E-04
 8.0000    4.3522526E-07    3.5002893E-04   -3.5002893E-04
 8.0100    4.2955538E-07    3.4633314E-04   -3.4633314E-04
 8.0200    4.2601817E-07    3.4433941E-04   -3.4433941E-04
 8.0300    4.2502811E-07    3.4439641E-04   -3.4439641E-04
 8.0400    4.2685692E-07    3.4674027E-04   -3.4674027E-04
 8.0500    4.3166931E-07    3.5152223E-04   -3.5152223E-04
 8.0600    4.3920575E-07    3.5854854E-04   -3.5854854E-04
 8.0700    4.4882843E-07    3.6731384E-04   -3.6731384E-04
 8.0800    4.6006053E-07    3.7743968E-04   -3.7743968E-04
 8.0900    4.7305918E-07    3.8906519E-04   -3.8906519E-04
 8.1000    4.8854579E-07    4.0279603E-04   -4.0279603E-04
 8.1100    5.0720739E-07    4.1921532E-04   -4.1921532E-04
 8.1200    5.2884564E-07    4.3817828E-04   -4.3817828E-04
 8.1300    5.5164143E-07    4.5819234E-04   -4.5819234E-04
 8.1400    5.7207370E-07    4.7633298E-04   -4.7633298E-04
 8.1500    5.8598157E-07    4.8911281E-04   -4.8911281E-04
 8.1600    5.9055268E-07    4.9413865E-04   -4.9413865E-04
 8.1700    5.8607103E-07    4.9159135E-04   -4.9159135E-04
 8.1800    5.7615715E-07    4.8445945E-04   -4.8445945E-04
 8.1900    5.6631406E-07    4.7734790E-04   -4.7734790E-04
 8.2000    5.6178855E-07    4.7469040E-04   -4.7469040E-04
 8.2100    5.6592139E-07    4.7934951E-04   -4.7934951E-04
 8.2200    5.7947637E-07    4.9202733E-04   -4.9202733E-04
 8.2300    6.0085776E-07    5.1142413E-04   -5.1142413E-04
 8.2400    6.2696029E-07    5.3493907E-04   -5.3493907E-04
 8.2500    6.5427678E-07    5.5960201E-04   -5.5960201E-04
 8.2600    6.7974520E-07    5.8279539E-04   -5.8279539E-04
 8.2700    7.0096962E-07    6.0244871E-04   -6.0244871E-04
 8.2800    7.1592684E-07    6.1679264E-04   -6.1679264E-04
 8.2900    7.2268768E-07    6.2412212E-04   -6.2412212E-04
 8.3000    7.1972008E-07    6.2305971E-04   -6.2305971E-04
 8.3100    7.0695084E-07    6.1348102E-04   -6.1348102E-04
 8.3200    6.8711717E-07    5.9770559E-04   -5.9770559E-04
 8.3300    6.6642250E-07    5.8109819E-04   -5.8109819E-04
 8.3400    6.5354002E-07    5.7123414E-04   -5.7123414E-04
 8.3500    6.5674478E-07    5.7541271E-04   -5.7541271E-04
 8.3600    6.8020676E-07    5.9739745E-04   -5.9739745E-04
 8.3700    7.2155141E-07    6.3522570E-04   -6.3522570E-04
 8.3800    7.7257469E-07    6.8177077E-04   -6.8177077E-04
 8.3900    8.2303726E-07    7.2803671E-04   -7.2803671E-04
 8.4000    8.6516185E-07    7.6712440E-04   -7.6712440E-04
 8.4100    8.9601617E-07    7.9637516E-04   -7.9637516E-04
 8.4200    9.1677537E-07    8.1676474E-04   -8.1676474E-04
 8.4300    9.3007602E-07    8.3058380E-04   -8.3058380E-04
 8.4400    9.3755917E-07    8.3925405E-04   -8.3925405E-04
 8.4500    9.3916839E-07    8.4268788E-04   -8.4268788E-04
 8.4600    9.3448932E-07    8.4047526E-04   -8.4047526E-04
 8.4700    9.2491559E-07    8.3383243E-04   -8.3383243E-04
 8.4800    9.1454642E-07    8.2643237E-04   -8.2643237E-04
 8.4900    9.0855213E-07    8.2295312E-04   -8.2295312E-04
 8.5000    9.1005219E-07    8.2625484E-04   -8.2625484E-04
 8.5100    9.1818597E-07    8.3560232E-04   -8.3560232E-04
 8.5200    9.2911891E-07    8.4754029E-04   -8.4754029E-04
 8.5300    9.3906368E-07    8.5862390E-04   -8.5862390E-04
 8.5400    9.4677779E-07    8.6770813E-04   -8.6770813E-04
 8.5500    9.5382406E-07    8.7621436E-04   -8.7621436E-04
 8.5600    9.6285212E-07    8.8657807E-04   -8.8657807E-04
 8.5700    9.7537071E-07    9.0020458E-04   -9.0020458E-04
 8.5800    9.9048097E-07    9.1628500E-04   -9.1628500E-04
 8.5900    1.0053386E-06    9.3219882E-04   -9.3219882E-04
 8.6000    1.0170015E-06    9.4521011E-04   -9.4521011E-04
 8.6100    1.0242177E-06    9.5413199E-04   -9.5413199E-04
 8.6200    1.0276492E-06    9.5955367E-04   -9.5955367E-04
 8.6300    1.0284762E-06    9.6255532E-04   -9.6255532E-04
 8.6400    1.0269698E-06    9.6337423E-04   -9.6337423E-04
 8.6500    1.0225752E-06    9.6147357E-04   -9.6147357E-04
 8.6600    1.0153054E-06    9.5684669E-04   -9.5684669E-04
 8.6700    1.0068011E-06    9.5102459E-04   -9.5102459E-04
 8.6800    9.9987566E-07    9.4666280E-04   -9.4666280E-04
 8.6900    9.9705492E-07    9.4616852E-04   -9.4616852E-04
 8.7000    9.9954386E-07    9.5071474E-04   -9.5071474E-04
 8.7100    1.0073021E-06    9.6029773E-04   -9.6029773E-04
 8.7200    1.0196133E-06    9.7426778E-04   -9.7426778E-04
 8.7300    1.0353005E-06    9.9152753E-04   -9.9152753E-04
 8.7400    1.0526119E-06    1.0104178E-03   -1.0104178E-03
 8.7500    1.0693877E-06    1.0288715E-03   -1.0288715E-03
 8.7600    1.0836415E-06    1.0449698E-03   -1.0449698E-03
 8.7700    1.0940883E-06    1.0574539E-03   -1.0574539E-03
 8.7800    1.1004041E-06    1.0659850E-03   -1.0659850E-03
 8.7900    1.1034992E-06    1.0714197E-03   -1.0714197E-03
 8.8000    1.1057200E-06    1.0760201E-03   -1.0760201E-03
 8.8100    1.1102440E-06    1.0828794E-03   -1.0828794E-03
 8.8200    1.1194629E-06    1.0943513E-03   -1.0943513E-03
 8.8300    1.1335254E-06    1.1106124E-03   -1.1106124E-03
 8.8400    1.1504404E-06    1.1297400E-03   -1.1297400E-03
 8.8500    1.1676282E-06    1.1492142E-03   -1.1492142E-03
 8.8600    1.1834167E-06    1.1673874E-03   -1.1673874E-03
 8.8700    1.1973377E-06    1.1837875E-03   -1.1837875E-03
 8.8800    1.2094336E-06    1.1984442E-03   -1.1984442E-03
 8.8900    1.2194952E-06    1.2111376E-03   -1.2111376E-03
 8.9000    1.2268849E-06    1.2212194E-03   -1.2212194E-03
 8.9100    1.2310455E-06    1.2281159E-03   -1.2281159E-03
 8.9200    1.2323064E-06    1.2321349E-03   -1.2321349E-03
 8.9300    1.2322536E-06    1.2348463E-03   -1.2348463E-03
 8.9400    1.2331346E-06    1.2384982E-03   -1.2384982E-03
 8.9500    1.2366364E-06    1.2447954E-03   -1.2447954E-03
 8.9600    1.2430253E-06    1.2540240E-03   -1.2540240E-03
 8.9700    1.2512356E-06    1.2651262E-03   -1.2651262E-03
 8.9800    1.2595513E-06    1.2763754E-03   -1.2763754E-03
 8.9900    1.2662141E-06    1.2859864E-03   -1.2859864E-03
 9.0000    1.2697955E-06    1.2924944E-03   -1.2924944E-03
 9.0100    1.2695813E-06    1.2951497E-03   -1.2951497E-03
 9.0200    1.2659797E-06    1.2943439E-03   -1.2943439E-03
 9.0300    1.2605879E-06    1.2916906E-03   -1.2916906E-03
 9.0400    1.2556667E-06    1.2894993E-03   -1.2894993E-03
 9.0500    1.2532945E-06    1.2899122E-03   -1.2899122E-03
 9.0600    1.2547351E-06    1.2942504E-03   -1.2942504E-03
 9.0700    1.2602712E-06    1.3028321E-03   -1.3028321E-03
 9.0800    1.2693094E-06    1.3150705E-03   -1.3150705E-03
 9.0900    1.2805139E-06    1.3296028E-03   -1.3296028E-03
 9.1000    1.2920095E-06    1.3444924E-03   -1.3444924E-03
 9.1100    1.3018163E-06    1.3576766E-03   -1.3576766E-03
 9.1200    1.3084570E-06    1.3675997E-03   -1.3675997E-03
 9.1300    1.3114638E-06    1.3737500E-03   -1.3737500E-03
 9.1400    1.3115811E-06    1.3768841E-03   -1.3768841E-03
 9.1500    1.3106205E-06    1.3788880E-03   -1.3788880E-03
 9.1600    1.3109324E-06    1.3822326E-03   -1.3822326E-03
 9.1700    1.3145115E-06    1.3890341E-03   -1.3890341E-03
 9.1800    1.3220685E-06    1.4000682E-03   -1.4000682E-03
 9.1900    1.3326929E-06    1.4143958E-03   -1.4143958E-03
 9.2000    1.3444438E-06    1.4299741E-03   -1.4299741E-03
 9.2100    1.3554491E-06    1.4448153E-03   -1.4448153E-03
 9.2200    1.3646447E-06    1.4577776E-03   -1.4577776E-03
 9.2300    1.3717087E-06    1.4685040E-03   -1.4685040E-03
 9.2400    1.3765697E-06    1.4769031E-03   -1.4769031E-03
 9.2500    1.3791966E-06    1.4829261E-03   -1.4829261E-03
 9.2600    1.3798902E-06    1.4868815E-03   -1.4868815E-03
 9.2700    1.3796111E-06    1.4897933E-03   -1.4897933E-03
 9.2800    1.3797709E-06    1.4931822E-03   -1.4931822E-03
 9.2900    1.3814775E-06    1.4982528E-03   -1.4982528E-03
 9.3000    1.3848541E-06    1.5051500E-03   -1.5051500E-03
 9.3100    1.3890868E-06    1.5129988E-03   -1.5129988E-03
 9.3200    1.3932233E-06    1.5207661E-03   -1.5207661E-03
 9.3300    1.3970461E-06    1.5282130E-03   -1.5282130E-03
 9.3400    1.4012378E-06    1.5360858E-03   -1.5360858E-03
 9.3500    1.4066768E-06    1.5453519E-03   -1.5453519E-03
 9.3600    1.4134775E-06    1.5561464E-03   -1.5561464E-03
 9.3700    1.4206350E-06    1.5673701E-03   -1.5673701E-03
 9.3800    1.4266035E-06    1.5773164E-03   -1.5773164E-03
 9.3900    1.4302979E-06    1.5847748E-03   -1.5847748E-03
 9.4000    1.4316686E-06    1.5896740E-03   -1.5896740E-03
 9.4100    1.4314885E-06    1.5928577E-03   -1.5928577E-03
 9.4200    1.4307339E-06    1.5954035E-03   -1.5954035E-03
 9.4300    1.4301144E-06    1.5981002E-03   -1.5981002E-03
