# total charge: 5.000000 
# r(A)     rho (e/A^3)     4*pi*r^2*rho(e/A)  dip  
 0.0000    2.4768395E+00    0.0000000E+00    3.9894228E+01
 0.0100    2.4745918E+00    3.1096638E-03    3.9692145E+01
 0.0200    2.4717523E+00    1.2424382E-02    3.9091845E+01
 0.0300    2.4682018E+00    2.7914704E-02    3.8110867E+01
 0.0400    2.4638137E+00    4.9537913E-02    3.6777476E+01
 0.0500    2.4584489E+00    7.7234449E-02    3.5129298E+01
 0.0600    2.4519532E+00    1.1092375E-01    3.3211537E+01
 0.0700    2.4441702E+00    1.5050031E-01    3.1074893E+01
 0.0800    2.4349720E+00    1.9583206E-01    2.8773323E+01
 0.0900    2.4242907E+00    2.4676274E-01    2.6361762E+01
 0.1000    2.4121278E+00    3.0311692E-01    2.3893956E+01
 0.1100    2.3985363E+00    3.6470484E-01    2.1420513E+01
 0.1200    2.3835908E+00    4.3132444E-01    1.8987281E+01
 0.1300    2.3673634E+00    5.0276089E-01    1.6634098E+01
 0.1400    2.3499126E+00    5.7878550E-01    1.4393961E+01
 0.1500    2.3312858E+00    6.5915554E-01    1.2292604E+01
 0.1600    2.3115268E+00    7.4361607E-01    1.0348467E+01
 0.1700    2.2906821E+00    8.3190269E-01    8.5730050E+00
 0.1800    2.2688023E+00    9.2374379E-01    6.9712720E+00
 0.1900    2.2459375E+00    1.0188605E+00    5.5427209E+00
 0.2000    2.2221310E+00    1.1169649E+00    4.2821318E+00
 0.2100    2.1974172E+00    1.2177580E+00    3.1806016E+00
 0.2200    2.1718257E+00    1.3209312E+00    2.2265281E+00
 0.2300    2.1453884E+00    1.4261706E+00    1.4065332E+00
 0.2400    2.1181446E+00    1.5331617E+00    7.0629134E-01
 0.2500    2.0901404E+00    1.6415924E+00    1.1123762E-01
 0.2600    2.0614231E+00    1.7511514E+00   -3.9285448E-01
 0.2700    2.0320357E+00    1.8615243E+00   -8.1943085E-01
 0.2800    2.0020148E+00    1.9723919E+00   -1.1808467E+00
 0.2900    1.9713943E+00    2.0834321E+00   -1.4881788E+00
 0.3000    1.9402111E+00    2.1943270E+00   -1.7511422E+00
 0.3100    1.9085104E+00    2.3047710E+00   -1.9780891E+00
 0.3200    1.8763460E+00    2.4144752E+00   -2.1760664E+00
 0.3300    1.8437753E+00    2.5231655E+00   -2.3509086E+00
 0.3400    1.8108522E+00    2.6305750E+00   -2.5073531E+00
 0.3500    1.7776222E+00    2.7364368E+00   -2.6491685E+00
 0.3600    1.7441221E+00    2.8404801E+00   -2.7792899E+00
 0.3700    1.7103840E+00    2.9424353E+00   -2.8999573E+00
 0.3800    1.6764414E+00    3.0420435E+00   -3.0128488E+00
 0.3900    1.6423341E+00    3.1390670E+00   -3.1192015E+00
 0.4000    1.6081090E+00    3.2332949E+00   -3.2199119E+00
 0.4100    1.5738160E+00    3.3245398E+00   -3.3156137E+00
 0.4200    1.5395025E+00    3.4126272E+00   -3.4067329E+00
 0.4300    1.5052074E+00    3.4973825E+00   -3.4935290E+00
 0.4400    1.4709599E+00    3.5786237E+00   -3.5761295E+00
 0.4500    1.4367809E+00    3.6561619E+00   -3.6545636E+00
 0.4600    1.4026868E+00    3.7298060E+00   -3.7287919E+00
 0.4700    1.3686942E+00    3.7993736E+00   -3.7987367E+00
 0.4800    1.3348265E+00    3.8647121E+00   -3.8643160E+00
 0.4900    1.3011191E+00    3.9257178E+00   -3.9254739E+00
 0.5000    1.2676167E+00    3.9823353E+00   -3.9821867E+00
 0.5100    1.2343620E+00    4.0345281E+00   -4.0344384E+00
 0.5200    1.2013856E+00    4.0822440E+00   -4.0821904E+00
 0.5300    1.1687063E+00    4.1254087E+00   -4.1253770E+00
 0.5400    1.1363382E+00    4.1639449E+00   -4.1639263E+00
 0.5500    1.1042952E+00    4.1977873E+00   -4.1977765E+00
 0.5600    1.0725892E+00    4.2268745E+00   -4.2268683E+00
 0.5700    1.0412277E+00    4.2511390E+00   -4.2511355E+00
 0.5800    1.0102199E+00    4.2705301E+00   -4.2705281E+00
 0.5900    9.7958858E-01    4.2850669E+00   -4.2850658E+00
 0.6000    9.4937737E-01    4.2948821E+00   -4.2948814E+00
 0.6100    9.1964530E-01    4.3002122E+00   -4.3002119E+00
 0.6200    8.9044990E-01    4.3013297E+00   -4.3013295E+00
 0.6300    8.6182953E-01    4.2984545E+00   -4.2984544E+00
 0.6400    8.3379467E-01    4.2916957E+00   -4.2916957E+00
 0.6500    8.0633006E-01    4.2810414E+00   -4.2810414E+00
 0.6600    7.7940375E-01    4.2663868E+00   -4.2663868E+00
 0.6700    7.5298021E-01    4.2475943E+00   -4.2475943E+00
 0.6800    7.2703772E-01    4.2245906E+00   -4.2245906E+00
 0.6900    7.0158495E-01    4.1974769E+00   -4.1974769E+00
 0.7000    6.7666480E-01    4.1665782E+00   -4.1665782E+00
 0.7100    6.5233815E-01    4.1323713E+00   -4.1323713E+00
 0.7200    6.2865709E-01    4.0953278E+00   -4.0953278E+00
 0.7300    6.0564625E-01    4.0557821E+00   -4.0557821E+00
 0.7400    5.8330147E-01    4.0138984E+00   -4.0138984E+00
 0.7500    5.6160037E-01    3.9697191E+00   -3.9697191E+00
 0.7600    5.4051504E-01    3.9232396E+00   -3.9232396E+00
 0.7700    5.2002185E-01    3.8744754E+00   -3.8744754E+00
 0.7800    5.0010657E-01    3.8235047E+00   -3.8235047E+00
 0.7900    4.8076437E-01    3.7704772E+00   -3.7704772E+00
 0.8000    4.6199675E-01    3.7155984E+00   -3.7155984E+00
 0.8100    4.4380993E-01    3.6591222E+00   -3.6591222E+00
 0.8200    4.2621527E-01    3.6013603E+00   -3.6013603E+00
 0.8300    4.0922708E-01    3.5426677E+00   -3.5426677E+00
 0.8400    3.9285418E-01    3.4833716E+00   -3.4833716E+00
 0.8500    3.7709010E-01    3.4236775E+00   -3.4236775E+00
 0.8600    3.6191169E-01    3.3636390E+00   -3.3636390E+00
 0.8700    3.4728978E-01    3.3032418E+00   -3.3032418E+00
 0.8800    3.3320425E-01    3.2425430E+00   -3.2425430E+00
 0.8900    3.1965182E-01    3.1817574E+00   -3.1817574E+00
 0.9000    3.0664162E-01    3.1212315E+00   -3.1212315E+00
 0.9100    2.9418428E-01    3.0613438E+00   -3.0613438E+00
 0.9200    2.8228326E-01    3.0024144E+00   -3.0024144E+00
 0.9300    2.7093220E-01    2.9446683E+00   -2.9446683E+00
 0.9400    2.6011632E-01    2.8882393E+00   -2.8882393E+00
 0.9500    2.4981499E-01    2.8331891E+00   -2.8331891E+00
 0.9600    2.4000562E-01    2.7795452E+00   -2.7795452E+00
 0.9700    2.3066974E-01    2.7273693E+00   -2.7273693E+00
 0.9800    2.2179851E-01    2.6768291E+00   -2.6768291E+00
 0.9900    2.1339294E-01    2.6282115E+00   -2.6282115E+00
 1.0000    2.0545694E-01    2.5818481E+00   -2.5818481E+00
 1.0100    1.9798696E-01    2.5379859E+00   -2.5379859E+00
 1.0200    1.9096366E-01    2.4966688E+00   -2.4966688E+00
 1.0300    1.8435003E-01    2.4576924E+00   -2.4576924E+00
 1.0400    1.7809829E-01    2.4206739E+00   -2.4206739E+00
 1.0500    1.7216389E-01    2.3852315E+00   -2.3852315E+00
 1.0600    1.6651981E-01    2.3511887E+00   -2.3511887E+00
 1.0700    1.6116108E-01    2.3186628E+00   -2.3186628E+00
 1.0800    1.5609633E-01    2.2879687E+00   -2.2879687E+00
 1.0900    1.5133309E-01    2.2594189E+00   -2.2594189E+00
 1.1000    1.4686812E-01    2.2331751E+00   -2.2331751E+00
 1.1100    1.4268726E-01    2.2092304E+00   -2.2092304E+00
 1.1200    1.3877018E-01    2.1874698E+00   -2.1874698E+00
 1.1300    1.3509404E-01    2.1677188E+00   -2.1677188E+00
 1.1400    1.3163415E-01    2.1497509E+00   -2.1497509E+00
 1.1500    1.2836411E-01    2.1332863E+00   -2.1332863E+00
 1.1600    1.2525724E-01    2.1180133E+00   -2.1180133E+00
 1.1700    1.2228871E-01    2.1036231E+00   -2.1036231E+00
 1.1800    1.1943652E-01    2.0898303E+00   -2.0898303E+00
 1.1900    1.1668141E-01    2.0763733E+00   -2.0763733E+00
 1.2000    1.1400663E-01    2.0630154E+00   -2.0630154E+00
 1.2100    1.1139866E-01    2.0495597E+00   -2.0495597E+00
 1.2200    1.0884814E-01    2.0358723E+00   -2.0358723E+00
 1.2300    1.0635034E-01    2.0218966E+00   -2.0218966E+00
 1.2400    1.0390434E-01    2.0076451E+00   -2.0076451E+00
 1.2500    1.0151154E-01    1.9931745E+00   -1.9931745E+00
 1.2600    9.9173852E-02    1.9785550E+00   -1.9785550E+00
 1.2700    9.6892361E-02    1.9638434E+00   -1.9638434E+00
 1.2800    9.4666708E-02    1.9490684E+00   -1.9490684E+00
 1.2900    9.2495262E-02    1.9342329E+00   -1.9342329E+00
 1.3000    9.0375976E-02    1.9193296E+00   -1.9193296E+00
 1.3100    8.8307416E-02    1.9043626E+00   -1.9043626E+00
 1.3200    8.6289272E-02    1.8893592E+00   -1.8893592E+00
 1.3300    8.4321992E-02    1.8743643E+00   -1.8743643E+00
 1.3400    8.2405859E-02    1.8594202E+00   -1.8594202E+00
 1.3500    8.0540245E-02    1.8445496E+00   -1.8445496E+00
 1.3600    7.8723670E-02    1.8297553E+00   -1.8297553E+00
 1.3700    7.6954643E-02    1.8150384E+00   -1.8150384E+00
 1.3800    7.5232682E-02    1.8004231E+00   -1.8004231E+00
 1.3900    7.3558695E-02    1.7859672E+00   -1.7859672E+00
 1.4000    7.1934045E-02    1.7717418E+00   -1.7717418E+00
 1.4100    7.0358490E-02    1.7577803E+00   -1.7577803E+00
 1.4200    6.8828319E-02    1.7440291E+00   -1.7440291E+00
 1.4300    6.7336526E-02    1.7303448E+00   -1.7303448E+00
 1.4400    6.5875523E-02    1.7165598E+00   -1.7165598E+00
 1.4500    6.4440683E-02    1.7025740E+00   -1.7025740E+00
 1.4600    6.3032019E-02    1.6884056E+00   -1.6884056E+00
 1.4700    6.1652875E-02    1.6741635E+00   -1.6741635E+00
 1.4800    6.0307016E-02    1.6599734E+00   -1.6599734E+00
 1.4900    5.8996522E-02    1.6459203E+00   -1.6459203E+00
 1.5000    5.7721634E-02    1.6320408E+00   -1.6320408E+00
 1.5100    5.6481789E-02    1.6183491E+00   -1.6183491E+00
 1.5200    5.5276324E-02    1.6048565E+00   -1.6048565E+00
 1.5300    5.4104010E-02    1.5915569E+00   -1.5915569E+00
 1.5400    5.2962006E-02    1.5783951E+00   -1.5783951E+00
 1.5500    5.1845647E-02    1.5652566E+00   -1.5652566E+00
 1.5600    5.0749883E-02    1.5520085E+00   -1.5520085E+00
 1.5700    4.9671545E-02    1.5385685E+00   -1.5385685E+00
 1.5800    4.8610613E-02    1.5249484E+00   -1.5249484E+00
 1.5900    4.7569599E-02    1.5112406E+00   -1.5112406E+00
 1.6000    4.6551822E-02    1.4975679E+00   -1.4975679E+00
 1.6100    4.5559989E-02    1.4840387E+00   -1.4840387E+00
 1.6200    4.4595576E-02    1.4707257E+00   -1.4707257E+00
 1.6300    4.3658686E-02    1.4576583E+00   -1.4576583E+00
 1.6400    4.2748100E-02    1.4448221E+00   -1.4448221E+00
 1.6500    4.1861627E-02    1.4321676E+00   -1.4321676E+00
 1.6600    4.0996682E-02    1.4196286E+00   -1.4196286E+00
 1.6700    4.0150749E-02    1.4071373E+00   -1.4071373E+00
 1.6800    3.9321551E-02    1.3946302E+00   -1.3946302E+00
 1.6900    3.8507183E-02    1.3820540E+00   -1.3820540E+00
 1.7000    3.7706524E-02    1.3693807E+00   -1.3693807E+00
 1.7100    3.6919705E-02    1.3566265E+00   -1.3566265E+00
 1.7200    3.6147998E-02    1.3438507E+00   -1.3438507E+00
 1.7300    3.5392909E-02    1.3311234E+00   -1.3311234E+00
 1.7400    3.4655049E-02    1.3184840E+00   -1.3184840E+00
 1.7500    3.3933667E-02    1.3059206E+00   -1.3059206E+00
 1.7600    3.3227103E-02    1.2933846E+00   -1.2933846E+00
 1.7700    3.2533630E-02    1.2808224E+00   -1.2808224E+00
 1.7800    3.1852020E-02    1.2681974E+00   -1.2681974E+00
 1.7900    3.1181588E-02    1.2554926E+00   -1.2554926E+00
 1.8000    3.0521967E-02    1.2427031E+00   -1.2427031E+00
 1.8100    2.9872925E-02    1.2298291E+00   -1.2298291E+00
 1.8200    2.9234326E-02    1.2168743E+00   -1.2168743E+00
 1.8300    2.8606189E-02    1.2038491E+00   -1.2038491E+00
 1.8400    2.7988722E-02    1.1907719E+00   -1.1907719E+00
 1.8500    2.7382219E-02    1.1776655E+00   -1.1776655E+00
 1.8600    2.6786835E-02    1.1645474E+00   -1.1645474E+00
 1.8700    2.6202415E-02    1.1514217E+00   -1.1514217E+00
 1.8800    2.5628526E-02    1.1382802E+00   -1.1382802E+00
 1.8900    2.5064697E-02    1.1251124E+00   -1.1251124E+00
 1.9000    2.4510611E-02    1.1119140E+00   -1.1119140E+00
 1.9100    2.3966093E-02    1.0986866E+00   -1.0986866E+00
 1.9200    2.3430937E-02    1.0854304E+00   -1.0854304E+00
 1.9300    2.2904862E-02    1.0721416E+00   -1.0721416E+00
 1.9400    2.2387743E-02    1.0588237E+00   -1.0588237E+00
 1.9500    2.1879965E-02    1.0455040E+00   -1.0455040E+00
 1.9600    2.1382500E-02    1.0322395E+00   -1.0322395E+00
 1.9700    2.0896497E-02    1.0190977E+00   -1.0190977E+00
 1.9800    2.0422566E-02    1.0061218E+00   -1.0061218E+00
 1.9900    1.9960242E-02    9.9330318E-01   -9.9330318E-01
 2.0000    1.9508061E-02    9.8058212E-01   -9.8058212E-01
 2.0100    1.9064202E-02    9.6787800E-01   -9.6787800E-01
 2.0200    1.8627304E-02    9.5513028E-01   -9.5513028E-01
 2.0300    1.8196987E-02    9.4232654E-01   -9.4232654E-01
 2.0400    1.7773860E-02    9.2950549E-01   -9.2950549E-01
 2.0500    1.7359105E-02    9.1673734E-01   -9.1673734E-01
 2.0600    1.6953839E-02    9.0409142E-01   -9.0409142E-01
 2.0700    1.6558524E-02    8.9160432E-01   -8.9160432E-01
 2.0800    1.6172689E-02    8.7926295E-01   -8.7926295E-01
 2.0900    1.5795143E-02    8.6701379E-01   -8.6701379E-01
 2.1000    1.5424616E-02    8.5479665E-01   -8.5479665E-01
 2.1100    1.5060466E-02    8.4258397E-01   -8.4258397E-01
 2.1200    1.4703001E-02    8.3040043E-01   -8.3040043E-01
 2.1300    1.4353203E-02    8.1831010E-01   -8.1831010E-01
 2.1400    1.4012088E-02    8.0638098E-01   -8.0638098E-01
 2.1500    1.3680121E-02    7.9465150E-01   -7.9465150E-01
 2.1600    1.3357019E-02    7.8311749E-01   -7.8311749E-01
 2.1700    1.3041953E-02    7.7174166E-01   -7.7174166E-01
 2.1800    1.2733912E-02    7.6047456E-01   -7.6047456E-01
 2.1900    1.2432060E-02    7.4927494E-01   -7.4927494E-01
 2.2000    1.2135929E-02    7.3812218E-01   -7.3812218E-01
 2.2100    1.1845438E-02    7.2701860E-01   -7.2701860E-01
 2.2200    1.1560784E-02    7.1598364E-01   -7.1598364E-01
 2.2300    1.1282286E-02    7.0504478E-01   -7.0504478E-01
 2.2400    1.1010251E-02    6.9422958E-01   -6.9422958E-01
 2.2500    1.0744900E-02    6.8356097E-01   -6.8356097E-01
 2.2600    1.0486343E-02    6.7305539E-01   -6.7305539E-01
 2.2700    1.0234573E-02    6.6272186E-01   -6.6272186E-01
 2.2800    9.9894391E-03    6.5256032E-01   -6.5256032E-01
 2.2900    9.7506176E-03    6.4255891E-01   -6.4255891E-01
 2.3000    9.5175959E-03    6.3269266E-01   -6.3269266E-01
 2.3100    9.2897295E-03    6.2292663E-01   -6.2292663E-01
 2.3200    9.0663630E-03    6.1322371E-01   -6.1322371E-01
 2.3300    8.8469795E-03    6.0355483E-01   -6.0355483E-01
 2.3400    8.6313270E-03    5.9390797E-01   -5.9390797E-01
 2.3500    8.4194800E-03    5.8429324E-01   -5.8429324E-01
 2.3600    8.2117990E-03    5.7474100E-01   -5.7474100E-01
 2.3700    8.0087741E-03    5.6529169E-01   -5.6529169E-01
 2.3800    7.8107912E-03    5.5597954E-01   -5.5597954E-01
 2.3900    7.6179283E-03    5.4681768E-01   -5.4681768E-01
 2.4000    7.4299066E-03    5.3779369E-01   -5.3779369E-01
 2.4100    7.2462407E-03    5.2887947E-01   -5.2887947E-01
 2.4200    7.0664970E-03    5.2004961E-01   -5.2004961E-01
 2.4300    6.8904895E-03    5.1129611E-01   -5.1129611E-01
 2.4400    6.7182954E-03    5.0263024E-01   -5.0263024E-01
 2.4500    6.5501077E-03    4.9407227E-01   -4.9407227E-01
 2.4600    6.3860512E-03    4.8563779E-01   -4.8563779E-01
 2.4700    6.2260937E-03    4.7733076E-01   -4.7733076E-01
 2.4800    6.0700889E-03    4.6914628E-01   -4.6914628E-01
 2.4900    5.9178803E-03    4.6107836E-01   -4.6107836E-01
 2.5000    5.7693715E-03    4.5312538E-01   -4.5312538E-01
 2.5100    5.6245217E-03    4.4528996E-01   -4.4528996E-01
 2.5200    5.4833012E-03    4.3757555E-01   -4.3757555E-01
 2.5300    5.3456576E-03    4.2998375E-01   -4.2998375E-01
 2.5400    5.2115104E-03    4.2251380E-01   -4.2251380E-01
 2.5500    5.0807615E-03    4.1516338E-01   -4.1516338E-01
 2.5600    4.9533048E-03    4.0792925E-01   -4.0792925E-01
 2.5700    4.8290302E-03    4.0080768E-01   -4.0080768E-01
 2.5800    4.7078321E-03    3.9379504E-01   -3.9379504E-01
 2.5900    4.5896283E-03    3.8688947E-01   -3.8688947E-01
 2.6000    4.4743784E-03    3.8009247E-01   -3.8009247E-01
 2.6100    4.3620757E-03    3.7340840E-01   -3.7340840E-01
 2.6200    4.2527003E-03    3.6684046E-01   -3.6684046E-01
 2.6300    4.1461527E-03    3.6038496E-01   -3.6038496E-01
 2.6400    4.0422282E-03    3.5402876E-01   -3.5402876E-01
 2.6500    3.9406758E-03    3.4775414E-01   -3.4775414E-01
 2.6600    3.8413160E-03    3.4154912E-01   -3.4154912E-01
 2.6700    3.7441305E-03    3.3541568E-01   -3.3541568E-01
 2.6800    3.6492462E-03    3.2936892E-01   -3.2936892E-01
 2.6900    3.5568254E-03    3.2342752E-01   -3.2342752E-01
 2.7000    3.4669431E-03    3.1760264E-01   -3.1760264E-01
 2.7100    3.3795334E-03    3.1189268E-01   -3.1189268E-01
 2.7200    3.2944245E-03    3.0628606E-01   -3.0628606E-01
 2.7300    3.2114315E-03    3.0076952E-01   -3.0076952E-01
 2.7400    3.1304426E-03    2.9533624E-01   -2.9533624E-01
 2.7500    3.0514424E-03    2.8998827E-01   -2.8998827E-01
 2.7600    2.9744632E-03    2.8473223E-01   -2.8473223E-01
 2.7700    2.8995115E-03    2.7957237E-01   -2.7957237E-01
 2.7800    2.8265372E-03    2.7450747E-01   -2.7450747E-01
 2.7900    2.7554650E-03    2.6953376E-01   -2.6953376E-01
 2.8000    2.6862481E-03    2.6465009E-01   -2.6465009E-01
 2.8100    2.6188857E-03    2.5985977E-01   -2.5985977E-01
 2.8200    2.5533870E-03    2.5516713E-01   -2.5516713E-01
 2.8300    2.4897112E-03    2.5057152E-01   -2.5057152E-01
 2.8400    2.4277364E-03    2.4606399E-01   -2.4606399E-01
 2.8500    2.3672839E-03    2.4162949E-01   -2.4162949E-01
 2.8600    2.3081785E-03    2.3725279E-01   -2.3725279E-01
 2.8700    2.2503000E-03    2.3292391E-01   -2.3292391E-01
 2.8800    2.1936008E-03    2.2864011E-01   -2.2864011E-01
 2.8900    2.1380961E-03    2.2440513E-01   -2.2440513E-01
 2.9000    2.0838426E-03    2.2022710E-01   -2.2022710E-01
 2.9100    2.0309055E-03    2.1611532E-01   -2.1611532E-01
 2.9200    1.9793167E-03    2.1207567E-01   -2.1207567E-01
 2.9300    1.9290410E-03    2.0810694E-01   -2.0810694E-01
 2.9400    1.8799776E-03    2.0420069E-01   -2.0420069E-01
 2.9500    1.8320016E-03    2.0034557E-01   -2.0034557E-01
 2.9600    1.7850235E-03    1.9653379E-01   -1.9653379E-01
 2.9700    1.7390332E-03    1.9276609E-01   -1.9276609E-01
 2.9800    1.6941054E-03    1.8905268E-01   -1.8905268E-01
 2.9900    1.6503599E-03    1.8540904E-01   -1.8540904E-01
 3.0000    1.6078970E-03    1.8184887E-01   -1.8184887E-01
 3.0100    1.5667454E-03    1.7837800E-01   -1.7837800E-01
 3.0200    1.5268496E-03    1.7499273E-01   -1.7499273E-01
 3.0300    1.4881015E-03    1.7168315E-01   -1.7168315E-01
 3.0400    1.4503920E-03    1.6843891E-01   -1.6843891E-01
 3.0500    1.4136509E-03    1.6525390E-01   -1.6525390E-01
 3.0600    1.3778548E-03    1.6212731E-01   -1.6212731E-01
 3.0700    1.3430076E-03    1.5906150E-01   -1.5906150E-01
 3.0800    1.3091143E-03    1.5605901E-01   -1.5605901E-01
 3.0900    1.2761667E-03    1.5312082E-01   -1.5312082E-01
 3.1000    1.2441384E-03    1.5024566E-01   -1.5024566E-01
 3.1100    1.2129832E-03    1.4742985E-01   -1.4742985E-01
 3.1200    1.1826356E-03    1.4466718E-01   -1.4466718E-01
 3.1300    1.1530187E-03    1.4194984E-01   -1.4194984E-01
 3.1400    1.1240608E-03    1.3927044E-01   -1.3927044E-01
 3.1500    1.0957167E-03    1.3662471E-01   -1.3662471E-01
 3.1600    1.0679836E-03    1.3401351E-01   -1.3401351E-01
 3.1700    1.0409015E-03    1.3144317E-01   -1.3144317E-01
 3.1800    1.0145375E-03    1.2892353E-01   -1.2892353E-01
 3.1900    9.8895557E-04    1.2646432E-01   -1.2646432E-01
 3.2000    9.6418456E-04    1.2407092E-01   -1.2407092E-01
 3.2100    9.4019743E-04    1.2174160E-01   -1.2174160E-01
 3.2200    9.1691299E-04    1.1946749E-01   -1.1946749E-01
 3.2300    8.9421998E-04    1.1723554E-01   -1.1723554E-01
 3.2400    8.7201366E-04    1.1503319E-01   -1.1503319E-01
 3.2500    8.5023071E-04    1.1285307E-01   -1.1285307E-01
 3.2600    8.2886867E-04    1.1069571E-01   -1.1069571E-01
 3.2700    8.0797745E-04    1.0856869E-01   -1.0856869E-01
 3.2800    7.8762065E-04    1.0648162E-01   -1.0648162E-01
 3.2900    7.6782619E-04    1.0443945E-01   -1.0443945E-01
 3.3000    7.4856098E-04    1.0243890E-01   -1.0243890E-01
 3.3100    7.2974986E-04    1.0047080E-01   -1.0047080E-01
 3.3200    7.1132311E-04    9.8526476E-02   -9.8526476E-02
 3.3300    6.9325653E-04    9.6603376E-02   -9.6603376E-02
 3.3400    6.7558007E-04    9.4706465E-02   -9.4706465E-02
 3.3500    6.5835604E-04    9.2845381E-02   -9.2845381E-02
 3.3600    6.4164242E-04    9.1029359E-02   -9.1029359E-02
 3.3700    6.2545752E-04    8.9262179E-02   -8.9262179E-02
 3.3800    6.0976065E-04    8.7539217E-02   -8.7539217E-02
 3.3900    5.9445973E-04    8.5848300E-02   -8.5848300E-02
 3.4000    5.7944849E-04    8.4174885E-02   -8.4174885E-02
 3.4100    5.6466054E-04    8.2509901E-02   -8.2509901E-02
 3.4200    5.5011272E-04    8.0856282E-02   -8.0856282E-02
 3.4300    5.3590659E-04    7.9229552E-02   -7.9229552E-02
 3.4400    5.2217660E-04    7.7650482E-02   -7.7650482E-02
 3.4500    5.0901086E-04    7.6133378E-02   -7.6133378E-02
 3.4600    4.9639695E-04    7.4677740E-02   -7.4677740E-02
 3.4700    4.8423064E-04    7.3269138E-02   -7.3269138E-02
 3.4800    4.7237632E-04    7.1888012E-02   -7.1888012E-02
 3.4900    4.6073133E-04    7.0519376E-02   -7.0519376E-02
 3.5000    4.4925411E-04    6.9157296E-02   -6.9157296E-02
 3.5100    4.3795401E-04    6.7803576E-02   -6.7803576E-02
 3.5200    4.2686736E-04    6.6464254E-02   -6.6464254E-02
 3.5300    4.1604084E-04    6.5147123E-02   -6.5147123E-02
 3.5400    4.0552387E-04    6.3860573E-02   -6.3860573E-02
 3.5500    3.9535949E-04    6.2612167E-02   -6.2612167E-02
 3.5600    3.8556776E-04    6.1405966E-02   -6.1405966E-02
 3.5700    3.7612830E-04    6.0239631E-02   -6.0239631E-02
 3.5800    3.6697693E-04    5.9103702E-02   -5.9103702E-02
 3.5900    3.5802662E-04    5.7984788E-02   -5.7984788E-02
 3.6000    3.4920527E-04    5.6871626E-02   -5.6871626E-02
 3.6100    3.4048665E-04    5.5760204E-02   -5.5760204E-02
 3.6200    3.3189148E-04    5.4654145E-02   -5.4654145E-02
 3.6300    3.2345850E-04    5.3560137E-02   -5.3560137E-02
 3.6400    3.1521017E-04    5.2482300E-02   -5.2482300E-02
 3.6500    3.0714152E-04    5.1420242E-02   -5.1420242E-02
 3.6600    2.9923809E-04    5.0371966E-02   -5.0371966E-02
 3.6700    2.9150217E-04    4.9338255E-02   -4.9338255E-02
 3.6800    2.8395935E-04    4.8323866E-02   -4.8323866E-02
 3.6900    2.7663692E-04    4.7333948E-02   -4.7333948E-02
 3.7000    2.6953269E-04    4.6368683E-02   -4.6368683E-02
 3.7100    2.6260394E-04    4.5421234E-02   -4.5421234E-02
 3.7200    2.5579069E-04    4.4481608E-02   -4.4481608E-02
 3.7300    2.4905726E-04    4.3543840E-02   -4.3543840E-02
 3.7400    2.4241779E-04    4.2610592E-02   -4.2610592E-02
 3.7500    2.3592507E-04    4.1691400E-02   -4.1691400E-02
 3.7600    2.2963431E-04    4.0796446E-02   -4.0796446E-02
 3.7700    2.2357258E-04    3.9931084E-02   -3.9931084E-02
 3.7800    2.1773288E-04    3.9094663E-02   -3.9094663E-02
 3.7900    2.1208825E-04    3.8282906E-02   -3.8282906E-02
 3.8000    2.0660833E-04    3.7490816E-02   -3.7490816E-02
 3.8100    2.0126728E-04    3.6714109E-02   -3.6714109E-02
 3.8200    1.9604465E-04    3.5949394E-02   -3.5949394E-02
 3.8300    1.9092659E-04    3.5194422E-02   -3.5194422E-02
 3.8400    1.8590979E-04    3.4448838E-02   -3.4448838E-02
 3.8500    1.8100315E-04    3.3714557E-02   -3.3714557E-02
 3.8600    1.7622309E-04    3.2994936E-02   -3.2994936E-02
 3.8700    1.7158562E-04    3.2293320E-02   -3.2293320E-02
 3.8800    1.6710226E-04    3.1612267E-02   -3.1612267E-02
 3.8900    1.6278094E-04    3.0953703E-02   -3.0953703E-02
 3.9000    1.5862598E-04    3.0318897E-02   -3.0318897E-02
 3.9100    1.5463385E-04    2.9707626E-02   -2.9707626E-02
 3.9200    1.5078971E-04    2.9117475E-02   -2.9117475E-02
 3.9300    1.4707147E-04    2.8544564E-02   -2.8544564E-02
 3.9400    1.4346084E-04    2.7985668E-02   -2.7985668E-02
 3.9500    1.3995426E-04    2.7440384E-02   -2.7440384E-02
 3.9600    1.3656643E-04    2.6911889E-02   -2.6911889E-02
 3.9700    1.3332251E-04    2.6405497E-02   -2.6405497E-02
 3.9800    1.3023997E-04    2.5925092E-02   -2.5925092E-02
 3.9900    1.2730801E-04    2.5468971E-02   -2.5468971E-02
 4.0000    1.2447884E-04    2.5027956E-02   -2.5027956E-02
 4.0100    1.2168098E-04    2.4587892E-02   -2.4587892E-02
 4.0200    1.1884921E-04    2.4135609E-02   -2.4135609E-02
 4.0300    1.1595328E-04    2.3664809E-02   -2.3664809E-02
 4.0400    1.1301001E-04    2.3178724E-02   -2.3178724E-02
 4.0500    1.1007484E-04    2.2688615E-02   -2.2688615E-02
 4.0600    1.0721621E-04    2.2208661E-02   -2.2208661E-02
 4.0700    1.0447990E-04    2.1748606E-02   -2.1748606E-02
 4.0800    1.0185875E-04    2.1307305E-02   -2.1307305E-02
 4.0900    9.9289526E-05    2.0871801E-02   -2.0871801E-02
 4.1000    9.6687999E-05    2.0424440E-02   -2.0424440E-02
 4.1100    9.4004541E-05    1.9954569E-02   -1.9954569E-02
 4.1200    9.1261699E-05    1.9466723E-02   -1.9466723E-02
 4.1300    8.8544879E-05    1.8979004E-02   -1.8979004E-02
 4.1400    8.5952945E-05    1.8512766E-02   -1.8512766E-02
 4.1500    8.3545513E-05    1.8081281E-02   -1.8081281E-02
 4.1600    8.1322351E-05    1.7685056E-02   -1.7685056E-02
 4.1700    7.9241515E-05    1.7315488E-02   -1.7315488E-02
 4.1800    7.7254195E-05    1.6962291E-02   -1.6962291E-02
 4.1900    7.5328699E-05    1.6618751E-02   -1.6618751E-02
 4.2000    7.3452662E-05    1.6282309E-02   -1.6282309E-02
 4.2100    7.1622198E-05    1.5952241E-02   -1.5952241E-02
 4.2200    6.9832662E-05    1.5627639E-02   -1.5627639E-02
 4.2300    6.8077392E-05    1.5307121E-02   -1.5307121E-02
 4.2400    6.6350684E-05    1.4989494E-02   -1.4989494E-02
 4.2500    6.4649377E-05    1.4674120E-02   -1.4674120E-02
 4.2600    6.2972478E-05    1.4360840E-02   -1.4360840E-02
 4.2700    6.1321709E-05    1.4050115E-02   -1.4050115E-02
 4.2800    5.9703741E-05    1.3743551E-02   -1.3743551E-02
 4.2900    5.8131296E-05    1.3444184E-02   -1.3444184E-02
 4.3000    5.6620597E-05    1.3155920E-02   -1.3155920E-02
 4.3100    5.5186536E-05    1.2882422E-02   -1.2882422E-02
 4.3200    5.3839485E-05    1.2626362E-02   -1.2626362E-02
 4.3300    5.2585246E-05    1.2389380E-02   -1.2389380E-02
 4.3400    5.1424466E-05    1.2171921E-02   -1.2171921E-02
 4.3500    5.0347015E-05    1.1971873E-02   -1.1971873E-02
 4.3600    4.9324441E-05    1.1782705E-02   -1.1782705E-02
 4.3700    4.8312131E-05    1.1593884E-02   -1.1593884E-02
 4.3800    4.7268623E-05    1.1395438E-02   -1.1395438E-02
 4.3900    4.6181266E-05    1.1184195E-02   -1.1184195E-02
 4.4000    4.5074869E-05    1.0966036E-02   -1.0966036E-02
 4.4100    4.3991423E-05    1.0751153E-02   -1.0751153E-02
 4.4200    4.2956124E-05    1.0545799E-02   -1.0545799E-02
 4.4300    4.1958517E-05    1.0347548E-02   -1.0347548E-02
 4.4400    4.0963116E-05    1.0147727E-02   -1.0147727E-02
 4.4500    3.9937364E-05    9.9382355E-03   -9.9382355E-03
 4.4600    3.8873263E-05    9.7169637E-03   -9.7169637E-03
 4.4700    3.7789845E-05    9.4885537E-03   -9.4885537E-03
 4.4800    3.6720885E-05    9.2614510E-03   -9.2614510E-03
 4.4900    3.5699008E-05    9.0439614E-03   -9.0439614E-03
 4.5000    3.4743505E-05    8.8411451E-03   -8.8411451E-03
 4.5100    3.3854850E-05    8.6533415E-03   -8.6533415E-03
 4.5200    3.3017880E-05    8.4768777E-03   -8.4768777E-03
 4.5300    3.2212966E-05    8.3068618E-03   -8.3068618E-03
 4.5400    3.1428712E-05    8.1404452E-03   -8.1404452E-03
 4.5500    3.0666820E-05    7.9781353E-03   -7.9781353E-03
 4.5600    2.9935471E-05    7.8221412E-03   -7.8221412E-03
 4.5700    2.9237639E-05    7.6733422E-03   -7.6733422E-03
 4.5800    2.8564853E-05    7.5296157E-03   -7.5296157E-03
 4.5900    2.7900926E-05    7.3867577E-03   -7.3867577E-03
 4.6000    2.7230922E-05    7.2408222E-03   -7.2408222E-03
 4.6100    2.6547824E-05    7.0899087E-03   -7.0899087E-03
 4.6200    2.5854082E-05    6.9346244E-03   -6.9346244E-03
 4.6300    2.5160292E-05    6.7777810E-03   -6.7777810E-03
 4.6400    2.4483217E-05    6.6239081E-03   -6.6239081E-03
 4.6500    2.3842481E-05    6.4783920E-03   -6.4783920E-03
 4.6600    2.3254701E-05    6.3458888E-03   -6.3458888E-03
 4.6700    2.2726640E-05    6.2284339E-03   -6.2284339E-03
 4.6800    2.2251484E-05    6.1243578E-03   -6.1243578E-03
 4.6900    2.1811126E-05    6.0288384E-03   -6.0288384E-03
 4.7000    2.1383608E-05    5.9358997E-03   -5.9358997E-03
 4.7100    2.0951875E-05    5.8408301E-03   -5.8408301E-03
 4.7200    2.0509689E-05    5.7418645E-03   -5.7418645E-03
 4.7300    2.0062436E-05    5.6404768E-03   -5.6404768E-03
 4.7400    1.9623136E-05    5.5403214E-03   -5.5403214E-03
 4.7500    1.9205726E-05    5.4453751E-03   -5.4453751E-03
 4.7600    1.8818245E-05    5.3580022E-03   -5.3580022E-03
 4.7700    1.8458425E-05    5.2776582E-03   -5.2776582E-03
 4.7800    1.8113960E-05    5.2009067E-03   -5.2009067E-03
 4.7900    1.7768562E-05    5.1231041E-03   -5.1231041E-03
 4.8000    1.7411704E-05    5.0411965E-03   -5.0411965E-03
 4.8100    1.7046389E-05    4.9560128E-03   -4.9560128E-03
 4.8200    1.6689423E-05    4.8724261E-03   -4.8724261E-03
 4.8300    1.6363836E-05    4.7972155E-03   -4.7972155E-03
 4.8400    1.6088694E-05    4.7361056E-03   -4.7361056E-03
 4.8500    1.5871721E-05    4.6915610E-03   -4.6915610E-03
 4.8600    1.5705642E-05    4.6616333E-03   -4.6616333E-03
 4.8700    1.5566671E-05    4.6394185E-03   -4.6394185E-03
 4.8800    1.5416643E-05    4.6135934E-03   -4.6135934E-03
 4.8900    1.5213500E-05    4.5714788E-03   -4.5714788E-03
 4.9000    1.4930148E-05    4.5047027E-03   -4.5047027E-03
 4.9100    1.4570978E-05    4.4142969E-03   -4.4142969E-03
 4.9200    1.4171832E-05    4.3108814E-03   -4.3108814E-03
 4.9300    1.3781300E-05    4.2091452E-03   -4.2091452E-03
 4.9400    1.3438627E-05    4.1211524E-03   -4.1211524E-03
 4.9500    1.3166323E-05    4.0540096E-03   -4.0540096E-03
 4.9600    1.2978401E-05    4.0123094E-03   -4.0123094E-03
 4.9700    1.2886029E-05    3.9998318E-03   -3.9998318E-03
 4.9800    1.2884179E-05    4.0153674E-03   -4.0153674E-03
 4.9900    1.2927525E-05    4.0450728E-03   -4.0450728E-03
 5.0000    1.2925724E-05    4.0607360E-03   -4.0607360E-03
 5.0100    1.2778412E-05    4.0305305E-03   -4.0305305E-03
 5.0200    1.2431974E-05    3.9369273E-03   -3.9369273E-03
 5.0300    1.1913274E-05    3.7877120E-03   -3.7877120E-03
 5.0400    1.1312593E-05    3.6110468E-03   -3.6110468E-03
 5.0500    1.0732305E-05    3.4394234E-03   -3.4394234E-03
 5.0600    1.0242069E-05    3.2953274E-03   -3.2953274E-03
 5.0700    9.8650750E-06    3.1865899E-03   -3.1865899E-03
 5.0800    9.5887419E-06    3.1095598E-03   -3.1095598E-03
 5.0900    9.3808649E-06    3.0541356E-03   -3.0541356E-03
 5.1000    9.2021574E-06    3.0077371E-03   -3.0077371E-03
 5.1100    9.0178718E-06    2.9590733E-03   -2.9590733E-03
 5.1200    8.8106163E-06    2.9023920E-03   -2.9023920E-03
 5.1300    8.5887811E-06    2.8403779E-03   -2.8403779E-03
 5.1400    8.3828719E-06    2.7831008E-03   -2.7831008E-03
 5.1500    8.2292349E-06    2.7427346E-03   -2.7427346E-03
 5.1600    8.1498591E-06    2.7268382E-03   -2.7268382E-03
 5.1700    8.1396087E-06    2.7339746E-03   -2.7339746E-03
 5.1800    8.1669887E-06    2.7537933E-03   -2.7537933E-03
 5.1900    8.1866950E-06    2.7711063E-03   -2.7711063E-03
 5.2000    8.1573825E-06    2.7718350E-03   -2.7718350E-03
 5.2100    8.0573436E-06    2.7483826E-03   -2.7483826E-03
 5.2200    7.8920865E-06    2.7023569E-03   -2.7023569E-03
 5.2300    7.6905715E-06    2.6434546E-03   -2.6434546E-03
 5.2400    7.4918782E-06    2.5850155E-03   -2.5850155E-03
 5.2500    7.3292372E-06    2.5385589E-03   -2.5385589E-03
 5.2600    7.2190669E-06    2.5099347E-03   -2.5099347E-03
 5.2700    7.1580882E-06    2.4982054E-03   -2.4982054E-03
 5.2800    7.1267419E-06    2.4967137E-03   -2.4967137E-03
 5.2900    7.0963902E-06    2.4955064E-03   -2.4955064E-03
 5.3000    7.0392230E-06    2.4847707E-03   -2.4847707E-03
 5.3100    6.9389713E-06    2.4586346E-03   -2.4586346E-03
 5.3200    6.7976101E-06    2.4176275E-03   -2.4176275E-03
 5.3300    6.6331434E-06    2.3680108E-03   -2.3680108E-03
 5.3400    6.4689042E-06    2.3180516E-03   -2.3180516E-03
 5.3500    6.3213784E-06    2.2736793E-03   -2.2736793E-03
 5.3600    6.1946342E-06    2.2364290E-03   -2.2364290E-03
 5.3700    6.0836210E-06    2.2045532E-03   -2.2045532E-03
 5.3800    5.9816526E-06    2.1756829E-03   -2.1756829E-03
 5.3900    5.8856852E-06    2.1487428E-03   -2.1487428E-03
 5.4000    5.7967835E-06    2.1241465E-03   -2.1241465E-03
 5.4100    5.7174988E-06    2.1028606E-03   -2.1028606E-03
 5.4200    5.6489593E-06    2.0853400E-03   -2.0853400E-03
 5.4300    5.5891245E-06    2.0708722E-03   -2.0708722E-03
 5.4400    5.5326267E-06    2.0574962E-03   -2.0574962E-03
 5.4500    5.4724416E-06    2.0426032E-03   -2.0426032E-03
 5.4600    5.4029485E-06    2.0240721E-03   -2.0240721E-03
 5.4700    5.3227089E-06    2.0013232E-03   -2.0013232E-03
 5.4800    5.2351519E-06    1.9756057E-03   -1.9756057E-03
 5.4900    5.1469165E-06    1.9494032E-03   -1.9494032E-03
 5.5000    5.0651634E-06    1.9254343E-03   -1.9254343E-03
 5.5100    4.9950073E-06    1.9056766E-03   -1.9056766E-03
 5.5200    4.9369725E-06    1.8903783E-03   -1.8903783E-03
 5.5300    4.8844701E-06    1.8770575E-03   -1.8770575E-03
 5.5400    4.8236195E-06    1.8603833E-03   -1.8603833E-03
 5.5500    4.7391641E-06    1.8344149E-03   -1.8344149E-03
 5.5600    4.6264327E-06    1.7972384E-03   -1.7972384E-03
 5.5700    4.5014632E-06    1.7549872E-03   -1.7549872E-03
 5.5800    4.3982218E-06    1.7208990E-03   -1.7208990E-03
 5.5900    4.3503421E-06    1.7082715E-03   -1.7082715E-03
 5.6000    4.3691888E-06    1.7218160E-03   -1.7218160E-03
 5.6100    4.4353002E-06    1.7541172E-03   -1.7541172E-03
 5.6200    4.5096277E-06    1.7898770E-03   -1.7898770E-03
 5.6300    4.5550718E-06    1.8143534E-03   -1.8143534E-03
 5.6400    4.5529950E-06    1.8199743E-03   -1.8199743E-03
 5.6500    4.5065704E-06    1.8078106E-03   -1.8078106E-03
 5.6600    4.4334327E-06    1.7847724E-03   -1.7847724E-03
 5.6700    4.3551619E-06    1.7594636E-03   -1.7594636E-03
 5.6800    4.2895642E-06    1.7390806E-03   -1.7390806E-03
 5.6900    4.2473611E-06    1.7280392E-03   -1.7280392E-03
 5.7000    4.2317024E-06    1.7277253E-03   -1.7277253E-03
 5.7100    4.2387204E-06    1.7366682E-03   -1.7366682E-03
 5.7200    4.2591457E-06    1.7511543E-03   -1.7511543E-03
 5.7300    4.2819352E-06    1.7666853E-03   -1.7666853E-03
 5.7400    4.2992374E-06    1.7800208E-03   -1.7800208E-03
 5.7500    4.3093844E-06    1.7904442E-03   -1.7904442E-03
 5.7600    4.3145660E-06    1.7988376E-03   -1.7988376E-03
 5.7700    4.3142226E-06    1.8049453E-03   -1.8049453E-03
 5.7800    4.3005954E-06    1.8054860E-03   -1.8054860E-03
 5.7900    4.2625147E-06    1.7956963E-03   -1.7956963E-03
 5.8000    4.1955750E-06    1.7736068E-03   -1.7736068E-03
 5.8100    4.1092584E-06    1.7431132E-03   -1.7431132E-03
 5.8200    4.0236668E-06    1.7126864E-03   -1.7126864E-03
 5.8300    3.9584095E-06    1.6907044E-03   -1.6907044E-03
 5.8400    3.9226339E-06    1.6811766E-03   -1.6811766E-03
 5.8500    3.9122450E-06    1.6824712E-03   -1.6824712E-03
 5.8600    3.9136622E-06    1.6888397E-03   -1.6888397E-03
 5.8700    3.9103789E-06    1.6931869E-03   -1.6931869E-03
 5.8800    3.8893662E-06    1.6898313E-03   -1.6898313E-03
 5.8900    3.8454962E-06    1.6764586E-03   -1.6764586E-03
 5.9000    3.7827613E-06    1.6547135E-03   -1.6547135E-03
 5.9100    3.7121092E-06    1.6293169E-03   -1.6293169E-03
 5.9200    3.6469295E-06    1.6061298E-03   -1.6061298E-03
 5.9300    3.5977635E-06    1.5898343E-03   -1.5898343E-03
 5.9400    3.5680002E-06    1.5820042E-03   -1.5820042E-03
 5.9500    3.5525406E-06    1.5804576E-03   -1.5804576E-03
 5.9600    3.5406558E-06    1.5804694E-03   -1.5804694E-03
 5.9700    3.5218181E-06    1.5773405E-03   -1.5773405E-03
 5.9800    3.4908964E-06    1.5687336E-03   -1.5687336E-03
 5.9900    3.4495710E-06    1.5553517E-03   -1.5553517E-03
 6.0000    3.4040625E-06    1.5399616E-03   -1.5399616E-03
 6.0100    3.3618912E-06    1.5259576E-03   -1.5259576E-03
 6.0200    3.3298878E-06    1.5164652E-03   -1.5164652E-03
 6.0300    3.3133986E-06    1.5139731E-03   -1.5139731E-03
 6.0400    3.3155603E-06    1.5199898E-03   -1.5199898E-03
 6.0500    3.3364561E-06    1.5346383E-03   -1.5346383E-03
 6.0600    3.3730593E-06    1.5566074E-03   -1.5566074E-03
 6.0700    3.4202912E-06    1.5836176E-03   -1.5836176E-03
 6.0800    3.4718994E-06    1.6128135E-03   -1.6128135E-03
 6.0900    3.5197906E-06    1.6404435E-03   -1.6404435E-03
 6.1000    3.5529353E-06    1.6613335E-03   -1.6613335E-03
 6.1100    3.5589950E-06    1.6696278E-03   -1.6696278E-03
 6.1200    3.5296759E-06    1.6612980E-03   -1.6612980E-03
 6.1300    3.4660334E-06    1.6366792E-03   -1.6366792E-03
 6.1400    3.3785933E-06    1.6005989E-03   -1.6005989E-03
 6.1500    3.2817391E-06    1.5597829E-03   -1.5597829E-03
 6.1600    3.1872276E-06    1.5197927E-03   -1.5197927E-03
 6.1700    3.1016896E-06    1.4838108E-03   -1.4838108E-03
 6.1800    3.0281329E-06    1.4533217E-03   -1.4533217E-03
 6.1900    2.9679684E-06    1.4290599E-03   -1.4290599E-03
 6.2000    2.9214550E-06    1.4112126E-03   -1.4112126E-03
 6.2100    2.8876803E-06    1.3994010E-03   -1.3994010E-03
 6.2200    2.8656206E-06    1.3931867E-03   -1.3931867E-03
 6.2300    2.8554445E-06    1.3927068E-03   -1.3927068E-03
 6.2400    2.8579406E-06    1.3984027E-03   -1.3984027E-03
 6.2500    2.8718416E-06    1.4097120E-03   -1.4097120E-03
 6.2600    2.8915773E-06    1.4239454E-03   -1.4239454E-03
 6.2700    2.9081612E-06    1.4366912E-03   -1.4366912E-03
 6.2800    2.9131557E-06    1.4437528E-03   -1.4437528E-03
 6.2900    2.9027787E-06    1.4431952E-03   -1.4431952E-03
 6.3000    2.8790806E-06    1.4359681E-03   -1.4359681E-03
 6.3100    2.8477704E-06    1.4248644E-03   -1.4248644E-03
 6.3200    2.8150383E-06    1.4129550E-03   -1.4129550E-03
 6.3300    2.7858898E-06    1.4027530E-03   -1.4027530E-03
 6.3400    2.7642280E-06    1.3962470E-03   -1.3962470E-03
 6.3500    2.7530258E-06    1.3949788E-03   -1.3949788E-03
 6.3600    2.7534072E-06    1.3995697E-03   -1.3995697E-03
 6.3700    2.7632086E-06    1.4089721E-03   -1.4089721E-03
 6.3800    2.7764166E-06    1.4201554E-03   -1.4201554E-03
 6.3900    2.7843083E-06    1.4286601E-03   -1.4286601E-03
 6.4000    2.7781440E-06    1.4299622E-03   -1.4299622E-03
 6.4100    2.7524299E-06    1.4211575E-03   -1.4211575E-03
 6.4200    2.7072075E-06    1.4021726E-03   -1.4021726E-03
 6.4300    2.6480682E-06    1.3758180E-03   -1.3758180E-03
 6.4400    2.5839431E-06    1.3466804E-03   -1.3466804E-03
 6.4500    2.5241582E-06    1.3196108E-03   -1.3196108E-03
 6.4600    2.4763290E-06    1.2986235E-03   -1.2986235E-03
 6.4700    2.4454163E-06    1.2863858E-03   -1.2863858E-03
 6.4800    2.4331991E-06    1.2839187E-03   -1.2839187E-03
 6.4900    2.4376530E-06    1.2902419E-03   -1.2902419E-03
 6.5000    2.4527369E-06    1.3022295E-03   -1.3022295E-03
 6.5100    2.4694989E-06    1.3151663E-03   -1.3151663E-03
 6.5200    2.4786117E-06    1.3240780E-03   -1.3240780E-03
 6.5300    2.4733091E-06    1.3253013E-03   -1.3253013E-03
 6.5400    2.4514490E-06    1.3176141E-03   -1.3176141E-03
 6.5500    2.4160819E-06    1.3025791E-03   -1.3025791E-03
 6.5600    2.3744852E-06    1.2840650E-03   -1.2840650E-03
 6.5700    2.3357656E-06    1.2669803E-03   -1.2669803E-03
 6.5800    2.3075290E-06    1.2554772E-03   -1.2554772E-03
 6.5900    2.2930249E-06    1.2513807E-03   -1.2513807E-03
 6.6000    2.2904318E-06    1.2537620E-03   -1.2537620E-03
 6.6100    2.2946754E-06    1.2598941E-03   -1.2598941E-03
 6.6200    2.3003634E-06    1.2668415E-03   -1.2668415E-03
 6.6300    2.3039536E-06    1.2726549E-03   -1.2726549E-03
 6.6400    2.3043920E-06    1.2767398E-03   -1.2767398E-03
 6.6500    2.3026852E-06    1.2796397E-03   -1.2796397E-03
 6.6600    2.3010992E-06    1.2826072E-03   -1.2826072E-03
 6.6700    2.3022378E-06    1.2870983E-03   -1.2870983E-03
 6.6800    2.3079803E-06    1.2941806E-03   -1.2941806E-03
 6.6900    2.3184354E-06    1.3039385E-03   -1.3039385E-03
 6.7000    2.3313915E-06    1.3151482E-03   -1.3151482E-03
 6.7100    2.3428098E-06    1.3255373E-03   -1.3255373E-03
 6.7200    2.3484332E-06    1.3326823E-03   -1.3326823E-03
 6.7300    2.3457745E-06    1.3351383E-03   -1.3351383E-03
 6.7400    2.3352916E-06    1.3331247E-03   -1.3331247E-03
 6.7500    2.3200002E-06    1.3283283E-03   -1.3283283E-03
 6.7600    2.3038158E-06    1.3229731E-03   -1.3229731E-03
 6.7700    2.2897053E-06    1.3187631E-03   -1.3187631E-03
 6.7800    2.2786919E-06    1.3162999E-03   -1.3162999E-03
 6.7900    2.2700571E-06    1.3151830E-03   -1.3151830E-03
 6.8000    2.2623381E-06    1.3145745E-03   -1.3145745E-03
 6.8100    2.2543927E-06    1.3138133E-03   -1.3138133E-03
 6.8200    2.2459554E-06    1.3127431E-03   -1.3127431E-03
 6.8300    2.2375016E-06    1.3116399E-03   -1.3116399E-03
 6.8400    2.2296054E-06    1.3108412E-03   -1.3108412E-03
 6.8500    2.2222336E-06    1.3103301E-03   -1.3103301E-03
 6.8600    2.2144798E-06    1.3095733E-03   -1.3095733E-03
 6.8700    2.2050259E-06    1.3077871E-03   -1.3077871E-03
 6.8800    2.1931431E-06    1.3045289E-03   -1.3045289E-03
 6.8900    2.1795692E-06    1.3002264E-03   -1.3002264E-03
 6.9000    2.1665372E-06    1.2962065E-03   -1.2962065E-03
 6.9100    2.1567656E-06    1.2941032E-03   -1.2941032E-03
 6.9200    2.1520763E-06    1.2950297E-03   -1.2950297E-03
 6.9300    2.1526813E-06    1.2991404E-03   -1.2991404E-03
 6.9400    2.1575431E-06    1.3058349E-03   -1.3058349E-03
 6.9500    2.1651335E-06    1.3142081E-03   -1.3142081E-03
 6.9600    2.1736374E-06    1.3231694E-03   -1.3231694E-03
 6.9700    2.1805898E-06    1.3312186E-03   -1.3312186E-03
 6.9800    2.1829253E-06    1.3364711E-03   -1.3364711E-03
 6.9900    2.1780719E-06    1.3373234E-03   -1.3373234E-03
 7.0000    2.1653079E-06    1.3332930E-03   -1.3332930E-03
 7.0100    2.1459546E-06    1.3251543E-03   -1.3251543E-03
 7.0200    2.1221301E-06    1.3141837E-03   -1.3141837E-03
 7.0300    2.0954786E-06    1.3013788E-03   -1.3013788E-03
 7.0400    2.0674020E-06    1.2875975E-03   -1.2875975E-03
 7.0500    2.0405303E-06    1.2744745E-03   -1.2744745E-03
 7.0600    2.0194639E-06    1.2648976E-03   -1.2648976E-03
 7.0700    2.0092191E-06    1.2620483E-03   -1.2620483E-03
 7.0800    2.0120765E-06    1.2674209E-03   -1.2674209E-03
 7.0900    2.0253962E-06    1.2794176E-03   -1.2794176E-03
 7.1000    2.0424649E-06    1.2938418E-03   -1.2938418E-03
 7.1100    2.0559806E-06    1.3060749E-03   -1.3060749E-03
 7.1200    2.0616418E-06    1.3133578E-03   -1.3133578E-03
 7.1300    2.0594022E-06    1.3156188E-03   -1.3156188E-03
 7.1400    2.0520167E-06    1.3145805E-03   -1.3145805E-03
 7.1500    2.0425314E-06    1.3121718E-03   -1.3121718E-03
 7.1600    2.0326497E-06    1.3094787E-03   -1.3094787E-03
 7.1700    2.0226442E-06    1.3066752E-03   -1.3066752E-03
 7.1800    2.0122270E-06    1.3035741E-03   -1.3035741E-03
 7.1900    2.0014970E-06    1.3002372E-03   -1.3002372E-03
 7.2000    1.9914029E-06    1.2972808E-03   -1.2972808E-03
 7.2100    1.9835010E-06    1.2957249E-03   -1.2957249E-03
 7.2200    1.9791434E-06    1.2964671E-03   -1.2964671E-03
 7.2300    1.9786434E-06    1.2997326E-03   -1.2997326E-03
 7.2400    1.9810155E-06    1.3048929E-03   -1.3048929E-03
 7.2500    1.9843946E-06    1.3107321E-03   -1.3107321E-03
 7.2600    1.9867429E-06    1.3159057E-03   -1.3159057E-03
 7.2700    1.9864720E-06    1.3193534E-03   -1.3193534E-03
 7.2800    1.9829333E-06    1.3206287E-03   -1.3206287E-03
 7.2900    1.9767465E-06    1.3201276E-03   -1.3201276E-03
 7.3000    1.9696654E-06    1.3190098E-03   -1.3190098E-03
 7.3100    1.9637215E-06    1.3186348E-03   -1.3186348E-03
 7.3200    1.9599742E-06    1.3197218E-03   -1.3197218E-03
 7.3300    1.9577284E-06    1.3218137E-03   -1.3218137E-03
 7.3400    1.9548636E-06    1.3234833E-03   -1.3234833E-03
 7.3500    1.9490833E-06    1.3231679E-03   -1.3231679E-03
 7.3600    1.9392421E-06    1.3200717E-03   -1.3200717E-03
 7.3700    1.9259639E-06    1.3145981E-03   -1.3145981E-03
 7.3800    1.9113124E-06    1.3081401E-03   -1.3081401E-03
 7.3900    1.8978035E-06    1.3024168E-03   -1.3024168E-03
 7.4000    1.8872829E-06    1.2987044E-03   -1.2987044E-03
 7.4100    1.8801856E-06    1.2973197E-03   -1.2973197E-03
 7.4200    1.8755406E-06    1.2976099E-03   -1.2976099E-03
 7.4300    1.8717422E-06    1.2984748E-03   -1.2984748E-03
 7.4400    1.8676479E-06    1.2991244E-03   -1.2991244E-03
 7.4500    1.8632773E-06    1.2995707E-03   -1.2995707E-03
 7.4600    1.8596116E-06    1.3004983E-03   -1.3004983E-03
 7.4700    1.8576596E-06    1.3026184E-03   -1.3026184E-03
 7.4800    1.8575385E-06    1.3060232E-03   -1.3060232E-03
 7.4900    1.8582703E-06    1.3100335E-03   -1.3100335E-03
 7.5000    1.8583483E-06    1.3135890E-03   -1.3135890E-03
 7.5100    1.8565355E-06    1.3158094E-03   -1.3158094E-03
 7.5200    1.8523782E-06    1.3163616E-03   -1.3163616E-03
 7.5300    1.8463176E-06    1.3155466E-03   -1.3155466E-03
 7.5400    1.8394668E-06    1.3141487E-03   -1.3141487E-03
 7.5500    1.8330534E-06    1.3130428E-03   -1.3130428E-03
 7.5600    1.8277028E-06    1.3126805E-03   -1.3126805E-03
 7.5700    1.8231074E-06    1.3128463E-03   -1.3128463E-03
 7.5800    1.8184931E-06    1.3129855E-03   -1.3129855E-03
 7.5900    1.8135005E-06    1.3128379E-03   -1.3128379E-03
 7.6000    1.8085704E-06    1.3127211E-03   -1.3127211E-03
 7.6100    1.8044123E-06    1.3131519E-03   -1.3131519E-03
 7.6200    1.8011333E-06    1.3142127E-03   -1.3142127E-03
 7.6300    1.7979882E-06    1.3153635E-03   -1.3153635E-03
 7.6400    1.7940731E-06    1.3159419E-03   -1.3159419E-03
 7.6500    1.7893027E-06    1.3158808E-03   -1.3158808E-03
 7.6600    1.7846753E-06    1.3159113E-03   -1.3159113E-03
 7.6700    1.7815125E-06    1.3170112E-03   -1.3170112E-03
 7.6800    1.7803720E-06    1.3196023E-03   -1.3196023E-03
 7.6900    1.7806244E-06    1.3232286E-03   -1.3232286E-03
 7.7000    1.7809518E-06    1.3269161E-03   -1.3269161E-03
 7.7100    1.7801549E-06    1.3297697E-03   -1.3297697E-03
 7.7200    1.7775635E-06    1.3312805E-03   -1.3312805E-03
 7.7300    1.7729818E-06    1.3312914E-03   -1.3312914E-03
 7.7400    1.7665972E-06    1.3299316E-03   -1.3299316E-03
 7.7500    1.7590648E-06    1.3276852E-03   -1.3276852E-03
 7.7600    1.7514790E-06    1.3253734E-03   -1.3253734E-03
 7.7700    1.7449066E-06    1.3238052E-03   -1.3238052E-03
 7.7800    1.7396956E-06    1.3232513E-03   -1.3232513E-03
 7.7900    1.7351665E-06    1.3232013E-03   -1.3232013E-03
 7.8000    1.7300396E-06    1.3226810E-03   -1.3226810E-03
 7.8100    1.7233416E-06    1.3209407E-03   -1.3209407E-03
 7.8200    1.7151999E-06    1.3180689E-03   -1.3180689E-03
 7.8300    1.7070470E-06    1.3151608E-03   -1.3151608E-03
 7.8400    1.7010841E-06    1.3139165E-03   -1.3139165E-03
 7.8500    1.6992081E-06    1.3158178E-03   -1.3158178E-03
 7.8600    1.7019207E-06    1.3212782E-03   -1.3212782E-03
 7.8700    1.7078143E-06    1.3292295E-03   -1.3292295E-03
 7.8800    1.7139375E-06    1.3373875E-03   -1.3373875E-03
 7.8900    1.7168766E-06    1.3430833E-03   -1.3430833E-03
 7.9000    1.7140923E-06    1.3443063E-03   -1.3443063E-03
 7.9100    1.7049642E-06    1.3405348E-03   -1.3405348E-03
 7.9200    1.6910530E-06    1.3329610E-03   -1.3329610E-03
 7.9300    1.6753986E-06    1.3239585E-03   -1.3239585E-03
 7.9400    1.6612558E-06    1.3160954E-03   -1.3160954E-03
 7.9500    1.6510427E-06    1.3113011E-03   -1.3113011E-03
 7.9600    1.6459645E-06    1.3105586E-03   -1.3105586E-03
 7.9700    1.6461101E-06    1.3139698E-03   -1.3139698E-03
 7.9800    1.6506091E-06    1.3208694E-03   -1.3208694E-03
 7.9900    1.6578394E-06    1.3299823E-03   -1.3299823E-03
 8.0000    1.6659341E-06    1.3398237E-03   -1.3398237E-03
 8.0100    1.6734500E-06    1.3492352E-03   -1.3492352E-03
 8.0200    1.6796589E-06    1.3576246E-03   -1.3576246E-03
 8.0300    1.6842604E-06    1.3647408E-03   -1.3647408E-03
 8.0400    1.6870036E-06    1.3703704E-03   -1.3703704E-03
 8.0500    1.6877026E-06    1.3743506E-03   -1.3743506E-03
 8.0600    1.6864563E-06    1.3767498E-03   -1.3767498E-03
 8.0700    1.6835679E-06    1.3778044E-03   -1.3778044E-03
 8.0800    1.6791195E-06    1.3775716E-03   -1.3775716E-03
 8.0900    1.6726607E-06    1.3756716E-03   -1.3756716E-03
 8.1000    1.6633738E-06    1.3714178E-03   -1.3714178E-03
 8.1100    1.6506612E-06    1.3642989E-03   -1.3642989E-03
 8.1200    1.6348743E-06    1.3545851E-03   -1.3545851E-03
 8.1300    1.6178510E-06    1.3437840E-03   -1.3437840E-03
 8.1400    1.6028377E-06    1.3345911E-03   -1.3345911E-03
 8.1500    1.5934493E-06    1.3300358E-03   -1.3300358E-03
 8.1600    1.5919203E-06    1.3320223E-03   -1.3320223E-03
 8.1700    1.5976832E-06    1.3401230E-03   -1.3401230E-03
 8.1800    1.6073418E-06    1.3515269E-03   -1.3515269E-03
 8.1900    1.6161131E-06    1.3622268E-03   -1.3622268E-03
 8.2000    1.6197405E-06    1.3686204E-03   -1.3686204E-03
 8.2100    1.6157900E-06    1.3686144E-03   -1.3686144E-03
 8.2200    1.6039783E-06    1.3619213E-03   -1.3619213E-03
 8.2300    1.5857961E-06    1.3497610E-03   -1.3497610E-03
 8.2400    1.5637998E-06    1.3342753E-03   -1.3342753E-03
 8.2500    1.5408787E-06    1.3179114E-03   -1.3179114E-03
 8.2600    1.5197591E-06    1.3030009E-03   -1.3030009E-03
 8.2700    1.5028529E-06    1.2916277E-03   -1.2916277E-03
 8.2800    1.4922880E-06    1.2856513E-03   -1.2856513E-03
 8.2900    1.4898112E-06    1.2866196E-03   -1.2866196E-03
 8.3000    1.4963383E-06    1.2953759E-03   -1.2953759E-03
 8.3100    1.5111804E-06    1.3113790E-03   -1.3113790E-03
 8.3200    1.5312997E-06    1.3320383E-03   -1.3320383E-03
 8.3300    1.5512029E-06    1.3525972E-03   -1.3525972E-03
 8.3400    1.5640050E-06    1.3670365E-03   -1.3670365E-03
 8.3500    1.5636675E-06    1.3700210E-03   -1.3700210E-03
 8.3600    1.5475818E-06    1.3591770E-03   -1.3591770E-03
 8.3700    1.5180498E-06    1.3364318E-03   -1.3364318E-03
 8.3800    1.4814901E-06    1.3073644E-03   -1.3073644E-03
 8.3900    1.4455757E-06    1.2787175E-03   -1.2787175E-03
 8.4000    1.4160153E-06    1.2555568E-03   -1.2555568E-03
 8.4100    1.3949098E-06    1.2397896E-03   -1.2397896E-03
 8.4200    1.3813374E-06    1.2306479E-03   -1.2306479E-03
 8.4300    1.3732975E-06    1.2263929E-03   -1.2263929E-03
 8.4400    1.3695188E-06    1.2259218E-03   -1.2259218E-03
 8.4500    1.3699849E-06    1.2292467E-03   -1.2292467E-03
 8.4600    1.3749431E-06    1.2366173E-03   -1.2366173E-03
 8.4700    1.3832922E-06    1.2470694E-03   -1.2470694E-03
 8.4800    1.3919158E-06    1.2578085E-03   -1.2578085E-03
 8.4900    1.3969124E-06    1.2653026E-03   -1.2653026E-03
 8.5000    1.3959411E-06    1.2674033E-03   -1.2674033E-03
 8.5100    1.3896895E-06    1.2646978E-03   -1.2646978E-03
 8.5200    1.3811607E-06    1.2598919E-03   -1.2598919E-03
 8.5300    1.3734406E-06    1.2557923E-03   -1.2557923E-03
 8.5400    1.3677844E-06    1.2535546E-03   -1.2535546E-03
 8.5500    1.3632914E-06    1.2523646E-03   -1.2523646E-03
 8.5600    1.3580496E-06    1.2504693E-03   -1.2504693E-03
 8.5700    1.3507607E-06    1.2466654E-03   -1.2466654E-03
 8.5800    1.3417732E-06    1.2412623E-03   -1.2412623E-03
 8.5900    1.3328767E-06    1.2359080E-03   -1.2359080E-03
 8.6000    1.3260237E-06    1.2324181E-03   -1.2324181E-03
 8.6100    1.3220326E-06    1.2315678E-03   -1.2315678E-03
 8.6200    1.3204122E-06    1.2329173E-03   -1.2329173E-03
 8.6300    1.3203654E-06    1.2357356E-03   -1.2357356E-03
 8.6400    1.3217932E-06    1.2399406E-03   -1.2399406E-03
 8.6500    1.3251840E-06    1.2460006E-03   -1.2460006E-03
 8.6600    1.3305837E-06    1.2539720E-03   -1.2539720E-03
 8.6700    1.3368809E-06    1.2628180E-03   -1.2628180E-03
 8.6800    1.3422152E-06    1.2707832E-03   -1.2707832E-03
 8.6900    1.3450376E-06    1.2763913E-03   -1.2763913E-03
 8.7000    1.3447363E-06    1.2790440E-03   -1.2790440E-03
 8.7100    1.3414056E-06    1.2788108E-03   -1.2788108E-03
 8.7200    1.3353425E-06    1.2759555E-03   -1.2759555E-03
 8.7300    1.3269645E-06    1.2708598E-03   -1.2708598E-03
 8.7400    1.3170825E-06    1.2642871E-03   -1.2642871E-03
 8.7500    1.3069601E-06    1.2574430E-03   -1.2574430E-03
 8.7600    1.2979625E-06    1.2516423E-03   -1.2516423E-03
 8.7700    1.2911269E-06    1.2478948E-03   -1.2478948E-03
 8.7800    1.2868752E-06    1.2466236E-03   -1.2466236E-03
 8.7900    1.2847421E-06    1.2473938E-03   -1.2473938E-03
 8.8000    1.2832112E-06    1.2487438E-03   -1.2487438E-03
 8.8100    1.2801669E-06    1.2486142E-03   -1.2486142E-03
 8.8200    1.2740580E-06    1.2454785E-03   -1.2454785E-03
 8.8300    1.2649025E-06    1.2393339E-03   -1.2393339E-03
 8.8400    1.2541505E-06    1.2315840E-03   -1.2315840E-03
 8.8500    1.2435387E-06    1.2239275E-03   -1.2239275E-03
 8.8600    1.2340480E-06    1.2173329E-03   -1.2173329E-03
 8.8700    1.2257697E-06    1.2118978E-03   -1.2118978E-03
 8.8800    1.2184865E-06    1.2074149E-03   -1.2074149E-03
 8.8900    1.2122631E-06    1.2039551E-03   -1.2039551E-03
 8.9000    1.2075654E-06    1.2019891E-03   -1.2019891E-03
 8.9100    1.2048618E-06    1.2019945E-03   -1.2019945E-03
 8.9200    1.2040241E-06    1.2038566E-03   -1.2038566E-03
 8.9300    1.2040556E-06    1.2065889E-03   -1.2065889E-03
 8.9400    1.2034954E-06    1.2087301E-03   -1.2087301E-03
 8.9500    1.2012501E-06    1.2091756E-03   -1.2091756E-03
 8.9600    1.1971750E-06    1.2077681E-03   -1.2077681E-03
 8.9700    1.1920154E-06    1.2052485E-03   -1.2052485E-03
 8.9800    1.1869487E-06    1.2028029E-03   -1.2028029E-03
 8.9900    1.1831649E-06    1.2016404E-03   -1.2016404E-03
 9.0000    1.1815911E-06    1.2027133E-03   -1.2027133E-03
 9.0100    1.1826166E-06    1.2064336E-03   -1.2064336E-03
 9.0200    1.1858391E-06    1.2124077E-03   -1.2124077E-03
 9.0300    1.1900823E-06    1.2194454E-03   -1.2194454E-03
 9.0400    1.1938060E-06    1.2259718E-03   -1.2259718E-03
 9.0500    1.1956759E-06    1.2306101E-03   -1.2306101E-03
 9.0600    1.1949321E-06    1.2325640E-03   -1.2325640E-03
 9.0700    1.1914459E-06    1.2316825E-03   -1.2316825E-03
 9.0800    1.1856431E-06    1.2283879E-03   -1.2283879E-03
 9.0900    1.1784463E-06    1.2236224E-03   -1.2236224E-03
 9.1000    1.1711556E-06    1.2187293E-03   -1.2187293E-03
 9.1100    1.1651368E-06    1.2151322E-03   -1.2151322E-03
 9.1200    1.1613860E-06    1.2138811E-03   -1.2138811E-03
 9.1300    1.1601865E-06    1.2152880E-03   -1.2152880E-03
 9.1400    1.1609832E-06    1.2187881E-03   -1.2187881E-03
 9.1500    1.1624797E-06    1.2230309E-03   -1.2230309E-03
 9.1600    1.1629883E-06    1.2262419E-03   -1.2262419E-03
 9.1700    1.1610613E-06    1.2268845E-03   -1.2268845E-03
 9.1800    1.1561790E-06    1.2243915E-03   -1.2243915E-03
 9.1900    1.1490229E-06    1.2194657E-03   -1.2194657E-03
 9.2000    1.1410521E-06    1.2136431E-03   -1.2136431E-03
 9.2100    1.1336820E-06    1.2084269E-03   -1.2084269E-03
 9.2200    1.1277107E-06    1.2046736E-03   -1.2046736E-03
 9.2300    1.1233435E-06    1.2026128E-03   -1.2026128E-03
 9.2400    1.1205562E-06    1.2022297E-03   -1.2022297E-03
 9.2500    1.1192933E-06    1.2034755E-03   -1.2034755E-03
 9.2600    1.1193333E-06    1.2061221E-03   -1.2061221E-03
 9.2700    1.1201121E-06    1.2095695E-03   -1.2095695E-03
 9.2800    1.1208311E-06    1.2129587E-03   -1.2129587E-03
 9.2900    1.1208017E-06    1.2155423E-03   -1.2155423E-03
 9.3000    1.1197152E-06    1.2169797E-03   -1.2169797E-03
 9.3100    1.1176579E-06    1.2173575E-03   -1.2173575E-03
