# total charge: 6.000000 
# r(A)     rho (e/A^3)     4*pi*r^2*rho(e/A)  dip  
 0.0000    4.2098581E+00    0.0000000E+00    4.7873074E+01
 0.0100    4.2055212E+00    5.2848138E-03    4.7629021E+01
 0.0200    4.2000427E+00    2.1111717E-02    4.6904012E+01
 0.0300    4.1931934E+00    4.7423900E-02    4.5719114E+01
 0.0400    4.1847301E+00    8.4138991E-02    4.4108278E+01
 0.0500    4.1743864E+00    1.3114222E-01    4.2116697E+01
 0.0600    4.1618673E+00    1.8827844E-01    3.9798674E+01
 0.0700    4.1468744E+00    2.5534469E-01    3.7215127E+01
 0.0800    4.1291650E+00    3.3208715E-01    3.4430899E+01
 0.0900    4.1086124E+00    4.1820580E-01    3.1512024E+01
 0.1000    4.0852238E+00    5.1336437E-01    2.8523123E+01
 0.1100    4.0591066E+00    6.1719968E-01    2.5525062E+01
 0.1200    4.0304109E+00    7.2932598E-01    2.2573001E+01
 0.1300    3.9992831E+00    8.4933440E-01    1.9714897E+01
 0.1400    3.9658447E+00    9.7679097E-01    1.6990505E+01
 0.1500    3.9301953E+00    1.1112365E+00    1.4430875E+01
 0.1600    3.8924265E+00    1.2521901E+00    1.2058310E+01
 0.1700    3.8526345E+00    1.3991540E+00    9.8867353E+00
 0.1800    3.8109226E+00    1.5516187E+00    7.9224003E+00
 0.1900    3.7673936E+00    1.7090630E+00    6.1648348E+00
 0.2000    3.7221382E+00    1.8709507E+00    4.6079653E+00
 0.2100    3.6752312E+00    2.0367284E+00    3.2413031E+00
 0.2200    3.6267374E+00    2.2058265E+00    2.0511247E+00
 0.2300    3.5767231E+00    2.3776661E+00    1.0215785E+00
 0.2400    3.5252641E+00    2.5516671E+00    1.3567658E-01
 0.2500    3.4724475E+00    2.7272539E+00   -6.2385780E-01
 0.2600    3.4183686E+00    2.9038585E+00   -1.2739022E+00
 0.2700    3.3631264E+00    3.0809212E+00   -1.8304090E+00
 0.2800    3.3068185E+00    3.2578890E+00   -2.3080348E+00
 0.2900    3.2495383E+00    3.4342153E+00   -2.7199114E+00
 0.3000    3.1913740E+00    3.6093590E+00   -3.0775371E+00
 0.3100    3.1324098E+00    3.7827864E+00   -3.3907681E+00
 0.3200    3.0727289E+00    3.9539764E+00   -3.6678858E+00
 0.3300    3.0124166E+00    4.1224251E+00   -3.9157168E+00
 0.3400    2.9515598E+00    4.2876496E+00   -4.1397833E+00
 0.3500    2.8902459E+00    4.4491879E+00   -4.3444660E+00
 0.3600    2.8285596E+00    4.6065968E+00   -4.5331686E+00
 0.3700    2.7665814E+00    4.7594499E+00   -4.7084763E+00
 0.3800    2.7043877E+00    4.9073384E+00   -4.8723047E+00
 0.3900    2.6420524E+00    5.0498736E+00   -5.0260349E+00
 0.4000    2.5796484E+00    5.1866908E+00   -5.1706312E+00
 0.4100    2.5172477E+00    5.3174514E+00   -5.3067400E+00
 0.4200    2.4549212E+00    5.4418429E+00   -5.4347698E+00
 0.4300    2.3927382E+00    5.5595796E+00   -5.5549554E+00
 0.4400    2.3307652E+00    5.6704007E+00   -5.6674076E+00
 0.4500    2.2690654E+00    5.7740681E+00   -5.7721500E+00
 0.4600    2.2076974E+00    5.8703645E+00   -5.8691476E+00
 0.4700    2.1467160E+00    5.9590930E+00   -5.9583286E+00
 0.4800    2.0861736E+00    6.0400814E+00   -6.0396061E+00
 0.4900    2.0261226E+00    6.1131878E+00   -6.1128951E+00
 0.5000    1.9666152E+00    6.1783037E+00   -6.1781253E+00
 0.5100    1.9077027E+00    6.2353509E+00   -6.2352432E+00
 0.5200    1.8494328E+00    6.2842741E+00   -6.2842097E+00
 0.5300    1.7918490E+00    6.3250363E+00   -6.3249982E+00
 0.5400    1.7349909E+00    6.3576203E+00   -6.3575980E+00
 0.5500    1.6788966E+00    6.3820351E+00   -6.3820221E+00
 0.5600    1.6236036E+00    6.3983195E+00   -6.3983121E+00
 0.5700    1.5691487E+00    6.4065419E+00   -6.4065377E+00
 0.5800    1.5155663E+00    6.4067944E+00   -6.4067921E+00
 0.5900    1.4628877E+00    6.3991883E+00   -6.3991870E+00
 0.6000    1.4111413E+00    6.3838530E+00   -6.3838523E+00
 0.6100    1.3603533E+00    6.3609393E+00   -6.3609389E+00
 0.6200    1.3105486E+00    6.3306218E+00   -6.3306215E+00
 0.6300    1.2617509E+00    6.2930993E+00   -6.2930992E+00
 0.6400    1.2139826E+00    6.2485933E+00   -6.2485933E+00
 0.6500    1.1672641E+00    6.1973457E+00   -6.1973456E+00
 0.6600    1.1216141E+00    6.1396157E+00   -6.1396157E+00
 0.6700    1.0770480E+00    6.0756751E+00   -6.0756751E+00
 0.6800    1.0335779E+00    6.0058007E+00   -6.0058007E+00
 0.6900    9.9121232E-01    5.9302737E+00   -5.9302737E+00
 0.7000    9.4995865E-01    5.8493909E+00   -5.8493909E+00
 0.7100    9.0982588E-01    5.7634808E+00   -5.7634808E+00
 0.7200    8.7082520E-01    5.6729094E+00   -5.6729094E+00
 0.7300    8.3296761E-01    5.5780666E+00   -5.5780666E+00
 0.7400    7.9626057E-01    5.4793433E+00   -5.4793433E+00
 0.7500    7.6070673E-01    5.3771190E+00   -5.3771190E+00
 0.7600    7.2630557E-01    5.2717696E+00   -5.2717696E+00
 0.7700    6.9305635E-01    5.1636864E+00   -5.1636864E+00
 0.7800    6.6095991E-01    5.0532896E+00   -5.0532896E+00
 0.7900    6.3001812E-01    4.9410254E+00   -4.9410254E+00
 0.8000    6.0023152E-01    4.8273483E+00   -4.8273483E+00
 0.8100    5.7159669E-01    4.7126979E+00   -4.7126979E+00
 0.8200    5.4410514E-01    4.5974858E+00   -4.5974858E+00
 0.8300    5.1774398E-01    4.4820955E+00   -4.4820955E+00
 0.8400    4.9249762E-01    4.3668932E+00   -4.3668932E+00
 0.8500    4.6834931E-01    4.2522384E+00   -4.2522384E+00
 0.8600    4.4528173E-01    4.1384875E+00   -4.1384875E+00
 0.8700    4.2327706E-01    4.0259938E+00   -4.0259938E+00
 0.8800    4.0231701E-01    3.9151067E+00   -3.9151067E+00
 0.8900    3.8238292E-01    3.8061716E+00   -3.8061716E+00
 0.9000    3.6345586E-01    3.6995300E+00   -3.6995300E+00
 0.9100    3.4551641E-01    3.5955168E+00   -3.5955168E+00
 0.9200    3.2854425E-01    3.4944545E+00   -3.4944545E+00
 0.9300    3.1251763E-01    3.3966460E+00   -3.3966460E+00
 0.9400    2.9741281E-01    3.3023663E+00   -3.3023663E+00
 0.9500    2.8320360E-01    3.2118543E+00   -3.2118543E+00
 0.9600    2.6986077E-01    3.1253027E+00   -3.1253027E+00
 0.9700    2.5735146E-01    3.0428460E+00   -3.0428460E+00
 0.9800    2.4563868E-01    2.9645499E+00   -2.9645499E+00
 0.9900    2.3468151E-01    2.8904078E+00   -2.8904078E+00
 1.0000    2.2443672E-01    2.8203550E+00   -2.8203550E+00
 1.0100    2.1486176E-01    2.7543032E+00   -2.7543032E+00
 1.0200    2.0591840E-01    2.6921879E+00   -2.6921879E+00
 1.0300    1.9757460E-01    2.6339979E+00   -2.6339979E+00
 1.0400    1.8980253E-01    2.5797555E+00   -2.5797555E+00
 1.0500    1.8257311E-01    2.5294451E+00   -2.5294451E+00
 1.0600    1.7585041E-01    2.4829329E+00   -2.4829329E+00
 1.0700    1.6959003E-01    2.4399320E+00   -2.4399320E+00
 1.0800    1.6374225E-01    2.4000380E+00   -2.4000380E+00
 1.0900    1.5825756E-01    2.3628020E+00   -2.3628020E+00
 1.1000    1.5309059E-01    2.3277896E+00   -2.3277896E+00
 1.1100    1.4820102E-01    2.2946001E+00   -2.2946001E+00
 1.1200    1.4355268E-01    2.2628575E+00   -2.2628575E+00
 1.1300    1.3911295E-01    2.2322062E+00   -2.2322062E+00
 1.1400    1.3485341E-01    2.2023254E+00   -2.2023254E+00
 1.1500    1.3075128E-01    2.1729587E+00   -2.1729587E+00
 1.1600    1.2679034E-01    2.1439369E+00   -2.1439369E+00
 1.1700    1.2296044E-01    2.1151783E+00   -2.1151783E+00
 1.1800    1.1925563E-01    2.0866653E+00   -2.0866653E+00
 1.1900    1.1567200E-01    2.0584106E+00   -2.0584106E+00
 1.2000    1.1220598E-01    2.0304316E+00   -2.0304316E+00
 1.2100    1.0885400E-01    2.0027419E+00   -2.0027419E+00
 1.2200    1.0561279E-01    1.9753590E+00   -1.9753590E+00
 1.2300    1.0247997E-01    1.9483145E+00   -1.9483145E+00
 1.2400    9.9454012E-02    1.9216555E+00   -1.9216555E+00
 1.2500    9.6533741E-02    1.8954356E+00   -1.8954356E+00
 1.2600    9.3717745E-02    1.8697037E+00   -1.8697037E+00
 1.2700    9.1004146E-02    1.8444993E+00   -1.8444993E+00
 1.2800    8.8390707E-02    1.8198534E+00   -1.8198534E+00
 1.2900    8.5874945E-02    1.7957909E+00   -1.7957909E+00
 1.3000    8.3454028E-02    1.7723271E+00   -1.7723271E+00
 1.3100    8.1124560E-02    1.7494632E+00   -1.7494632E+00
 1.3200    7.8882630E-02    1.7271860E+00   -1.7271860E+00
 1.3300    7.6724229E-02    1.7054763E+00   -1.7054763E+00
 1.3400    7.4645726E-02    1.6843192E+00   -1.6843192E+00
 1.3500    7.2643945E-02    1.6637069E+00   -1.6637069E+00
 1.3600    7.0715648E-02    1.6436268E+00   -1.6436268E+00
 1.3700    6.8856624E-02    1.6240400E+00   -1.6240400E+00
 1.3800    6.7061002E-02    1.6048634E+00   -1.6048634E+00
 1.3900    6.5321607E-02    1.5859750E+00   -1.5859750E+00
 1.4000    6.3631779E-02    1.5672562E+00   -1.5672562E+00
 1.4100    6.1987894E-02    1.5486560E+00   -1.5486560E+00
 1.4200    6.0390798E-02    1.5302321E+00   -1.5302321E+00
 1.4300    5.8844642E-02    1.5121291E+00   -1.5121291E+00
 1.4400    5.7353557E-02    1.4944975E+00   -1.4944975E+00
 1.4500    5.5918415E-02    1.4774089E+00   -1.4774089E+00
 1.4600    5.4535872E-02    1.4608238E+00   -1.4608238E+00
 1.4700    5.3199946E-02    1.4446270E+00   -1.4446270E+00
 1.4800    5.1904546E-02    1.4286923E+00   -1.4286923E+00
 1.4900    5.0645042E-02    1.4129257E+00   -1.4129257E+00
 1.5000    4.9418317E-02    1.3972700E+00   -1.3972700E+00
 1.5100    4.8222076E-02    1.3816870E+00   -1.3816870E+00
 1.5200    4.7054586E-02    1.3661519E+00   -1.3661519E+00
 1.5300    4.5915240E-02    1.3506710E+00   -1.3506710E+00
 1.5400    4.4805313E-02    1.3353061E+00   -1.3353061E+00
 1.5500    4.3727756E-02    1.3201718E+00   -1.3201718E+00
 1.5600    4.2685594E-02    1.3053903E+00   -1.3053903E+00
 1.5700    4.1679854E-02    1.2910271E+00   -1.2910271E+00
 1.5800    4.0708602E-02    1.2770568E+00   -1.2770568E+00
 1.5900    3.9767751E-02    1.2633833E+00   -1.2633833E+00
 1.6000    3.8852775E-02    1.2498902E+00   -1.2498902E+00
 1.6100    3.7959974E-02    1.2364812E+00   -1.2364812E+00
 1.6200    3.7086839E-02    1.2230936E+00   -1.2230936E+00
 1.6300    3.6231914E-02    1.2096963E+00   -1.2096963E+00
 1.6400    3.5394578E-02    1.1962840E+00   -1.1962840E+00
 1.6500    3.4574845E-02    1.1828726E+00   -1.1828726E+00
 1.6600    3.3773186E-02    1.1694942E+00   -1.1694942E+00
 1.6700    3.2990429E-02    1.1561941E+00   -1.1561941E+00
 1.6800    3.2227660E-02    1.1430289E+00   -1.1430289E+00
 1.6900    3.1485961E-02    1.1300567E+00   -1.1300567E+00
 1.7000    3.0765900E-02    1.1173194E+00   -1.1173194E+00
 1.7100    3.0067089E-02    1.1048249E+00   -1.1048249E+00
 1.7200    2.9388144E-02    1.0925439E+00   -1.0925439E+00
 1.7300    2.8727168E-02    1.0804257E+00   -1.0804257E+00
 1.7400    2.8082441E-02    1.0684230E+00   -1.0684230E+00
 1.7500    2.7452848E-02    1.0565094E+00   -1.0565094E+00
 1.7600    2.6837815E-02    1.0446778E+00   -1.0446778E+00
 1.7700    2.6236878E-02    1.0329244E+00   -1.0329244E+00
 1.7800    2.5649313E-02    1.0212348E+00   -1.0212348E+00
 1.7900    2.5074206E-02    1.0095855E+00   -1.0095855E+00
 1.8000    2.4510923E-02    9.9796324E-01   -9.9796324E-01
 1.8100    2.3959594E-02    9.8638502E-01   -9.8638502E-01
 1.8200    2.3421080E-02    9.7489887E-01   -9.7489887E-01
 1.8300    2.2896318E-02    9.6355761E-01   -9.6355761E-01
 1.8400    2.2385428E-02    9.5238142E-01   -9.5238142E-01
 1.8500    2.1887281E-02    9.4133700E-01   -9.4133700E-01
 1.8600    2.1399875E-02    9.3035135E-01   -9.3035135E-01
 1.8700    2.0921274E-02    9.1935069E-01   -9.1935069E-01
 1.8800    2.0450396E-02    9.0829576E-01   -9.0829576E-01
 1.8900    1.9987186E-02    8.9719144E-01   -8.9719144E-01
 1.9000    1.9532271E-02    8.8607362E-01   -8.8607362E-01
 1.9100    1.9086541E-02    8.7499151E-01   -8.7499151E-01
 1.9200    1.8650889E-02    8.6399624E-01   -8.6399624E-01
 1.9300    1.8225994E-02    8.5313098E-01   -8.5313098E-01
 1.9400    1.7812045E-02    8.4241697E-01   -8.4241697E-01
 1.9500    1.7408532E-02    8.3184277E-01   -8.3184277E-01
 1.9600    1.7014382E-02    8.2136876E-01   -8.2136876E-01
 1.9700    1.6628377E-02    8.1094646E-01   -8.1094646E-01
 1.9800    1.6249536E-02    8.0053663E-01   -8.0053663E-01
 1.9900    1.5877167E-02    7.9011266E-01   -7.9011266E-01
 2.0000    1.5510723E-02    7.7965399E-01   -7.7965399E-01
 2.0100    1.5149779E-02    7.6914507E-01   -7.6914507E-01
 2.0200    1.4794220E-02    7.5858574E-01   -7.5858574E-01
 2.0300    1.4444419E-02    7.4800070E-01   -7.4800070E-01
 2.0400    1.4101083E-02    7.3743318E-01   -7.3743318E-01
 2.0500    1.3764836E-02    7.2692338E-01   -7.2692338E-01
 2.0600    1.3435862E-02    7.1648952E-01   -7.1648952E-01
 2.0700    1.3113941E-02    7.0612858E-01   -7.0612858E-01
 2.0800    1.2798824E-02    6.9583554E-01   -6.9583554E-01
 2.0900    1.2490573E-02    6.8562210E-01   -6.8562210E-01
 2.1000    1.2189535E-02    6.7551592E-01   -6.7551592E-01
 2.1100    1.1895956E-02    6.6553997E-01   -6.6553997E-01
 2.1200    1.1609618E-02    6.5569146E-01   -6.5569146E-01
 2.1300    1.1329828E-02    6.4594033E-01   -6.4594033E-01
 2.1400    1.1055773E-02    6.3624816E-01   -6.3624816E-01
 2.1500    1.0786903E-02    6.2659016E-01   -6.2659016E-01
 2.1600    1.0523053E-02    6.1696302E-01   -6.1696302E-01
 2.1700    1.0264297E-02    6.0737726E-01   -6.0737726E-01
 2.1800    1.0010741E-02    5.9784566E-01   -5.9784566E-01
 2.1900    9.7624482E-03    5.8837856E-01   -5.8837856E-01
 2.2000    9.5194746E-03    5.7898619E-01   -5.7898619E-01
 2.2100    9.2819102E-03    5.6968105E-01   -5.6968105E-01
 2.2200    9.0498408E-03    5.6047565E-01   -5.6047565E-01
 2.2300    8.8232802E-03    5.5137829E-01   -5.5137829E-01
 2.2400    8.6021599E-03    5.4239217E-01   -5.4239217E-01
 2.2500    8.3864032E-03    5.3351992E-01   -5.3351992E-01
 2.2600    8.1760207E-03    5.2476967E-01   -5.2476967E-01
 2.2700    7.9711311E-03    5.1615666E-01   -5.1615666E-01
 2.2800    7.7718749E-03    5.0769789E-01   -5.0769789E-01
 2.2900    7.5782849E-03    4.9940370E-01   -4.9940370E-01
 2.3000    7.3902222E-03    4.9127315E-01   -4.9127315E-01
 2.3100    7.2074183E-03    4.8329639E-01   -4.8329639E-01
 2.3200    7.0295836E-03    4.7546159E-01   -4.7546159E-01
 2.3300    6.8565064E-03    4.6776163E-01   -4.6776163E-01
 2.3400    6.6881035E-03    4.6019783E-01   -4.6019783E-01
 2.3500    6.5244149E-03    4.5277992E-01   -4.5277992E-01
 2.3600    6.3655488E-03    4.4552258E-01   -4.4552258E-01
 2.3700    6.2115929E-03    4.3843936E-01   -4.3843936E-01
 2.3800    6.0625297E-03    4.3153662E-01   -4.3153662E-01
 2.3900    5.9182010E-03    4.2481063E-01   -4.2481063E-01
 2.4000    5.7783472E-03    4.1825003E-01   -4.1825003E-01
 2.4100    5.6427055E-03    4.1184266E-01   -4.1184266E-01
 2.4200    5.5111127E-03    4.0558314E-01   -4.0558314E-01
 2.4300    5.3835532E-03    3.9947667E-01   -3.9947667E-01
 2.4400    5.2601221E-03    3.9353680E-01   -3.9353680E-01
 2.4500    5.1409222E-03    3.8777791E-01   -3.8777791E-01
 2.4600    5.0259558E-03    3.8220710E-01   -3.8220710E-01
 2.4700    4.9150798E-03    3.7682035E-01   -3.7682035E-01
 2.4800    4.8080413E-03    3.7160489E-01   -3.7160489E-01
 2.4900    4.7045522E-03    3.6654462E-01   -3.6654462E-01
 2.5000    4.6043368E-03    3.6162377E-01   -3.6162377E-01
 2.5100    4.5071383E-03    3.5682739E-01   -3.5682739E-01
 2.5200    4.4127175E-03    3.5214139E-01   -3.5214139E-01
 2.5300    4.3208764E-03    3.4755437E-01   -3.4755437E-01
 2.5400    4.2314942E-03    3.4306076E-01   -3.4306076E-01
 2.5500    4.1445380E-03    3.3866190E-01   -3.3866190E-01
 2.5600    4.0600284E-03    3.3436350E-01   -3.3436350E-01
 2.5700    3.9779801E-03    3.3017084E-01   -3.3017084E-01
 2.5800    3.8983579E-03    3.2608512E-01   -3.2608512E-01
 2.5900    3.8210753E-03    3.2210317E-01   -3.2210317E-01
 2.6000    3.7460230E-03    3.1821965E-01   -3.1821965E-01
 2.6100    3.6730854E-03    3.1442850E-01   -3.1442850E-01
 2.6200    3.6021230E-03    3.1072127E-01   -3.1072127E-01
 2.6300    3.5329390E-03    3.0708422E-01   -3.0708422E-01
 2.6400    3.4652844E-03    3.0349853E-01   -3.0349853E-01
 2.6500    3.3989219E-03    2.9994581E-01   -2.9994581E-01
 2.6600    3.3337025E-03    2.9641486E-01   -2.9641486E-01
 2.6700    3.2695777E-03    2.9290315E-01   -2.9290315E-01
 2.6800    3.2065323E-03    2.8941103E-01   -2.8941103E-01
 2.6900    3.1445093E-03    2.8593499E-01   -2.8593499E-01
 2.7000    3.0834015E-03    2.8246684E-01   -2.8246684E-01
 2.7100    3.0231106E-03    2.7899889E-01   -2.7899889E-01
 2.7200    2.9636051E-03    2.7552944E-01   -2.7552944E-01
 2.7300    2.9049243E-03    2.7206331E-01   -2.7206331E-01
 2.7400    2.8471374E-03    2.6860829E-01   -2.6860829E-01
 2.7500    2.7903004E-03    2.6517111E-01   -2.6517111E-01
 2.7600    2.7344422E-03    2.6175608E-01   -2.6175608E-01
 2.7700    2.6795825E-03    2.5836670E-01   -2.5836670E-01
 2.7800    2.6257605E-03    2.5500844E-01   -2.5500844E-01
 2.7900    2.5730460E-03    2.5168992E-01   -2.5168992E-01
 2.8000    2.5215167E-03    2.4842070E-01   -2.4842070E-01
 2.8100    2.4712029E-03    2.4520590E-01   -2.4520590E-01
 2.8200    2.4220319E-03    2.4204044E-01   -2.4204044E-01
 2.8300    2.3738136E-03    2.3890726E-01   -2.3890726E-01
 2.8400    2.3262954E-03    2.3578242E-01   -2.3578242E-01
 2.8500    2.2792696E-03    2.3264583E-01   -2.3264583E-01
 2.8600    2.2326683E-03    2.2949125E-01   -2.2949125E-01
 2.8700    2.1865804E-03    2.2632843E-01   -2.2632843E-01
 2.8800    2.1411815E-03    2.2317643E-01   -2.2317643E-01
 2.8900    2.0966341E-03    2.2005346E-01   -2.2005346E-01
 2.9000    2.0530225E-03    2.1696993E-01   -2.1696993E-01
 2.9100    2.0103383E-03    2.1392669E-01   -2.1392669E-01
 2.9200    1.9685006E-03    2.1091678E-01   -2.1091678E-01
 2.9300    1.9273945E-03    2.0792932E-01   -2.0792932E-01
 2.9400    1.8869229E-03    2.0495508E-01   -2.0495508E-01
 2.9500    1.8470553E-03    2.0199182E-01   -2.0199182E-01
 2.9600    1.8078419E-03    1.9904613E-01   -1.9904613E-01
 2.9700    1.7693810E-03    1.9613004E-01   -1.9613004E-01
 2.9800    1.7317659E-03    1.9325537E-01   -1.9325537E-01
 2.9900    1.6950527E-03    1.9043004E-01   -1.9043004E-01
 3.0000    1.6592603E-03    1.8765792E-01   -1.8765792E-01
 3.0100    1.6243775E-03    1.8493956E-01   -1.8493956E-01
 3.0200    1.5903577E-03    1.8227142E-01   -1.8227142E-01
 3.0300    1.5571131E-03    1.7964506E-01   -1.7964506E-01
 3.0400    1.5245365E-03    1.7704956E-01   -1.7704956E-01
 3.0500    1.4925526E-03    1.7447740E-01   -1.7447740E-01
 3.0600    1.4611603E-03    1.7192957E-01   -1.7192957E-01
 3.0700    1.4304267E-03    1.6941514E-01   -1.6941514E-01
 3.0800    1.4004331E-03    1.6694510E-01   -1.6694510E-01
 3.0900    1.3712100E-03    1.6452458E-01   -1.6452458E-01
 3.1000    1.3427056E-03    1.6214892E-01   -1.6214892E-01
 3.1100    1.3148058E-03    1.5980570E-01   -1.5980570E-01
 3.1200    1.2873894E-03    1.5748130E-01   -1.5748130E-01
 3.1300    1.2603823E-03    1.5516753E-01   -1.5516753E-01
 3.1400    1.2337786E-03    1.5286442E-01   -1.5286442E-01
 3.1500    1.2076248E-03    1.5057851E-01   -1.5057851E-01
 3.1600    1.1819853E-03    1.4831876E-01   -1.4831876E-01
 3.1700    1.1569115E-03    1.4609271E-01   -1.4609271E-01
 3.1800    1.1324221E-03    1.4390386E-01   -1.4390386E-01
 3.1900    1.1084964E-03    1.4175080E-01   -1.4175080E-01
 3.2000    1.0850849E-03    1.3962833E-01   -1.3962833E-01
 3.2100    1.0621311E-03    1.3753020E-01   -1.3753020E-01
 3.2200    1.0395943E-03    1.3545202E-01   -1.3545202E-01
 3.2300    1.0174587E-03    1.3339259E-01   -1.3339259E-01
 3.2400    9.9572902E-04    1.3135332E-01   -1.3135332E-01
 3.2500    9.7441712E-04    1.2933662E-01   -1.2933662E-01
 3.2600    9.5353063E-04    1.2734436E-01   -1.2734436E-01
 3.2700    9.3306831E-04    1.2537727E-01   -1.2537727E-01
 3.2800    9.1302398E-04    1.2343540E-01   -1.2343540E-01
 3.2900    8.9339573E-04    1.2151938E-01   -1.2151938E-01
 3.3000    8.7419209E-04    1.1963124E-01   -1.1963124E-01
 3.3100    8.5542675E-04    1.1777380E-01   -1.1777380E-01
 3.3200    8.3710327E-04    1.1594848E-01   -1.1594848E-01
 3.3300    8.1920286E-04    1.1415365E-01   -1.1415365E-01
 3.3400    8.0168891E-04    1.1238508E-01   -1.1238508E-01
 3.3500    7.8452702E-04    1.1063878E-01   -1.1063878E-01
 3.3600    7.6770338E-04    1.0891354E-01   -1.0891354E-01
 3.3700    7.5122402E-04    1.0721095E-01   -1.0721095E-01
 3.3800    7.3509574E-04    1.0553273E-01   -1.0553273E-01
 3.3900    7.1930764E-04    1.0387808E-01   -1.0387808E-01
 3.4000    7.0383252E-04    1.0224381E-01   -1.0224381E-01
 3.4100    6.8864862E-04    1.0062741E-01   -1.0062741E-01
 3.4200    6.7376293E-04    9.9030550E-02   -9.9030550E-02
 3.4300    6.5921421E-04    9.7459609E-02   -9.7459609E-02
 3.4400    6.4504974E-04    9.5922381E-02   -9.5922381E-02
 3.4500    6.3129255E-04    9.4423201E-02   -9.4423201E-02
 3.4600    6.1792468E-04    9.2960319E-02   -9.2960319E-02
 3.4700    6.0489820E-04    9.1527396E-02   -9.1527396E-02
 3.4800    5.9216249E-04    9.0117522E-02   -9.0117522E-02
 3.4900    5.7968522E-04    8.8726418E-02   -8.8726418E-02
 3.5000    5.6745538E-04    8.7352968E-02   -8.7352968E-02
 3.5100    5.5547344E-04    8.5997811E-02   -8.5997811E-02
 3.5200    5.4374109E-04    8.4661770E-02   -8.4661770E-02
 3.5300    5.3225682E-04    8.3345184E-02   -8.3345184E-02
 3.5400    5.2101670E-04    8.2048005E-02   -8.2048005E-02
 3.5500    5.1001633E-04    8.0770106E-02   -8.0770106E-02
 3.5600    4.9925170E-04    7.9511402E-02   -7.9511402E-02
 3.5700    4.8871802E-04    7.8271679E-02   -7.8271679E-02
 3.5800    4.7840827E-04    7.7050347E-02   -7.7050347E-02
 3.5900    4.6831365E-04    7.5846506E-02   -7.5846506E-02
 3.6000    4.5842711E-04    7.4659514E-02   -7.4659514E-02
 3.6100    4.4874687E-04    7.3489570E-02   -7.3489570E-02
 3.6200    4.3927483E-04    7.2337472E-02   -7.2337472E-02
 3.6300    4.3000879E-04    7.1203354E-02   -7.1203354E-02
 3.6400    4.2093488E-04    7.0085398E-02   -7.0085398E-02
 3.6500    4.1202840E-04    6.8979930E-02   -6.8979930E-02
 3.6600    4.0326460E-04    6.7883173E-02   -6.7883173E-02
 3.6700    3.9463161E-04    6.6793449E-02   -6.6793449E-02
 3.6800    3.8613635E-04    6.5712228E-02   -6.5712228E-02
 3.6900    3.7780062E-04    6.4643560E-02   -6.4643560E-02
 3.7000    3.6965169E-04    6.3592516E-02   -6.3592516E-02
 3.7100    3.6171216E-04    6.2563464E-02   -6.2563464E-02
 3.7200    3.5399164E-04    6.1558603E-02   -6.1558603E-02
 3.7300    3.4648242E-04    6.0577136E-02   -6.0577136E-02
 3.7400    3.3916158E-04    5.9615572E-02   -5.9615572E-02
 3.7500    3.3199984E-04    5.8669215E-02   -5.8669215E-02
 3.7600    3.2497252E-04    5.7734073E-02   -5.7734073E-02
 3.7700    3.1806644E-04    5.6808119E-02   -5.6808119E-02
 3.7800    3.1128026E-04    5.5891406E-02   -5.5891406E-02
 3.7900    3.0462024E-04    5.4985356E-02   -5.4985356E-02
 3.8000    2.9809463E-04    5.4091772E-02   -5.4091772E-02
 3.8100    2.9170882E-04    5.3211974E-02   -5.3211974E-02
 3.8200    2.8546285E-04    5.2346323E-02   -5.2346323E-02
 3.8300    2.7935228E-04    5.1494356E-02   -5.1494356E-02
 3.8400    2.7337231E-04    5.0655527E-02   -5.0655527E-02
 3.8500    2.6752257E-04    4.9830100E-02   -4.9830100E-02
 3.8600    2.6180925E-04    4.9019566E-02   -4.9019566E-02
 3.8700    2.5624320E-04    4.8226322E-02   -4.8226322E-02
 3.8800    2.5083552E-04    4.7452855E-02   -4.7452855E-02
 3.8900    2.4559256E-04    4.6700795E-02   -4.6700795E-02
 3.9000    2.4051179E-04    4.5970100E-02   -4.5970100E-02
 3.9100    2.3557973E-04    4.5258620E-02   -4.5258620E-02
 3.9200    2.3077407E-04    4.4562445E-02   -4.4562445E-02
 3.9300    2.2607039E-04    4.3877174E-02   -4.3877174E-02
 3.9400    2.2145115E-04    4.3199651E-02   -4.3199651E-02
 3.9500    2.1691197E-04    4.2529235E-02   -4.2529235E-02
 3.9600    2.1246135E-04    4.1867804E-02   -4.1867804E-02
 3.9700    2.0811310E-04    4.1218322E-02   -4.1218322E-02
 3.9800    2.0387489E-04    4.0582589E-02   -4.0582589E-02
 3.9900    1.9973939E-04    3.9959439E-02   -3.9959439E-02
 4.0000    1.9568413E-04    3.9344628E-02   -3.9344628E-02
 4.0100    1.9168152E-04    3.8732797E-02   -3.8732797E-02
 4.0200    1.8771407E-04    3.8120519E-02   -3.8120519E-02
 4.0300    1.8378543E-04    3.7508615E-02   -3.7508615E-02
 4.0400    1.7992021E-04    3.6902224E-02   -3.6902224E-02
 4.0500    1.7615164E-04    3.6308357E-02   -3.6308357E-02
 4.0600    1.7250339E-04    3.5732185E-02   -3.5732185E-02
 4.0700    1.6897595E-04    3.5174148E-02   -3.5174148E-02
 4.0800    1.6554568E-04    3.4629645E-02   -3.4629645E-02
 4.0900    1.6217721E-04    3.4091515E-02   -3.4091515E-02
 4.1000    1.5884140E-04    3.3553767E-02   -3.3553767E-02
 4.1100    1.5552837E-04    3.3014378E-02   -3.3014378E-02
 4.1200    1.5224915E-04    3.2475749E-02   -3.2475749E-02
 4.1300    1.4902728E-04    3.1943002E-02   -3.1943002E-02
 4.1400    1.4588628E-04    3.1421362E-02   -3.1421362E-02
 4.1500    1.4284037E-04    3.0914129E-02   -3.0914129E-02
 4.1600    1.3989213E-04    3.0422144E-02   -3.0422144E-02
 4.1700    1.3703694E-04    2.9944678E-02   -2.9944678E-02
 4.1800    1.3426880E-04    2.9480683E-02   -2.9480683E-02
 4.1900    1.3158173E-04    2.9029096E-02   -2.9029096E-02
 4.2000    1.2896503E-04    2.8587779E-02   -2.8587779E-02
 4.2100    1.2639840E-04    2.8152413E-02   -2.8152413E-02
 4.2200    1.2385541E-04    2.7717224E-02   -2.7717224E-02
 4.2300    1.2131630E-04    2.7277827E-02   -2.7277827E-02
 4.2400    1.1878025E-04    2.6834025E-02   -2.6834025E-02
 4.2500    1.1626569E-04    2.6389994E-02   -2.6389994E-02
 4.2600    1.1379825E-04    2.5951631E-02   -2.5951631E-02
 4.2700    1.1139680E-04    2.5523389E-02   -2.5523389E-02
 4.2800    1.0906792E-04    2.5106978E-02   -2.5106978E-02
 4.2900    1.0681022E-04    2.4702292E-02   -2.4702292E-02
 4.3000    1.0462209E-04    2.4309171E-02   -2.4309171E-02
 4.3100    1.0250620E-04    2.3928449E-02   -2.3928449E-02
 4.3200    1.0046831E-04    2.3561690E-02   -2.3561690E-02
 4.3300    9.8512379E-05    2.3210071E-02   -2.3210071E-02
 4.3400    9.6635708E-05    2.2873201E-02   -2.2873201E-02
 4.3500    9.4826269E-05    2.2548468E-02   -2.2548468E-02
 4.3600    9.3063307E-05    2.2231119E-02   -2.2231119E-02
 4.3700    9.1322194E-05    2.1915383E-02   -2.1915383E-02
 4.3800    8.9583507E-05    2.1596638E-02   -2.1596638E-02
 4.3900    8.7841887E-05    2.1273579E-02   -2.1273579E-02
 4.4000    8.6107107E-05    2.0948562E-02   -2.0948562E-02
 4.4100    8.4394557E-05    2.0625357E-02   -2.0625357E-02
 4.4200    8.2712505E-05    2.0306056E-02   -2.0306056E-02
 4.4300    8.1057641E-05    1.9989930E-02   -1.9989930E-02
 4.4400    7.9422583E-05    1.9675230E-02   -1.9675230E-02
 4.4500    7.7807089E-05    1.9361948E-02   -1.9361948E-02
 4.4600    7.6221513E-05    1.9052727E-02   -1.9052727E-02
 4.4700    7.4679859E-05    1.8751171E-02   -1.8751171E-02
 4.4800    7.3190359E-05    1.8459493E-02   -1.8459493E-02
 4.4900    7.1752498E-05    1.8177727E-02   -1.8177727E-02
 4.5000    7.0361139E-05    1.7904729E-02   -1.7904729E-02
 4.5100    6.9011525E-05    1.7639431E-02   -1.7639431E-02
 4.5200    6.7700610E-05    1.7381182E-02   -1.7381182E-02
 4.5300    6.6425951E-05    1.7129475E-02   -1.7129475E-02
 4.5400    6.5185180E-05    1.6883809E-02   -1.6883809E-02
 4.5500    6.3976240E-05    1.6643757E-02   -1.6643757E-02
 4.5600    6.2796525E-05    1.6408737E-02   -1.6408737E-02
 4.5700    6.1640991E-05    1.6177517E-02   -1.6177517E-02
 4.5800    6.0501701E-05    1.5948080E-02   -1.5948080E-02
 4.5900    5.9370590E-05    1.5718337E-02   -1.5718337E-02
 4.6000    5.8243797E-05    1.5487282E-02   -1.5487282E-02
 4.6100    5.7124023E-05    1.5255642E-02   -1.5255642E-02
 4.6200    5.6019029E-05    1.5025516E-02   -1.5025516E-02
 4.6300    5.4937987E-05    1.4799416E-02   -1.4799416E-02
 4.6400    5.3888622E-05    1.4579509E-02   -1.4579509E-02
 4.6500    5.2875926E-05    1.4367253E-02   -1.4367253E-02
 4.6600    5.1900860E-05    1.4163032E-02   -1.4163032E-02
 4.6700    5.0958527E-05    1.3965629E-02   -1.3965629E-02
 4.6800    5.0038055E-05    1.3772158E-02   -1.3772158E-02
 4.6900    4.9126325E-05    1.3579064E-02   -1.3579064E-02
 4.7000    4.8214081E-05    1.3383801E-02   -1.3383801E-02
 4.7100    4.7300221E-05    1.3186054E-02   -1.3186054E-02
 4.7200    4.6391426E-05    1.2987680E-02   -1.2987680E-02
 4.7300    4.5498052E-05    1.2791602E-02   -1.2791602E-02
 4.7400    4.4629741E-05    1.2600591E-02   -1.2600591E-02
 4.7500    4.3793483E-05    1.2416711E-02   -1.2416711E-02
 4.7600    4.2993731E-05    1.2241338E-02   -1.2241338E-02
 4.7700    4.2231845E-05    1.2074987E-02   -1.2074987E-02
 4.7800    4.1503818E-05    1.1916637E-02   -1.1916637E-02
 4.7900    4.0799324E-05    1.1763427E-02   -1.1763427E-02
 4.8000    4.0105926E-05    1.1611836E-02   -1.1611836E-02
 4.8100    3.9417227E-05    1.1460039E-02   -1.1460039E-02
 4.8200    3.8738455E-05    1.1309574E-02   -1.1309574E-02
 4.8300    3.8084191E-05    1.1164746E-02   -1.1164746E-02
 4.8400    3.7469699E-05    1.1030134E-02   -1.1030134E-02
 4.8500    3.6902111E-05    1.0907986E-02   -1.0907986E-02
 4.8600    3.6376039E-05    1.0796868E-02   -1.0796868E-02
 4.8700    3.5873794E-05    1.0691659E-02   -1.0691659E-02
 4.8800    3.5369188E-05    1.0584604E-02   -1.0584604E-02
 4.8900    3.4835382E-05    1.0467625E-02   -1.0467625E-02
 4.9000    3.4256084E-05    1.0335696E-02   -1.0335696E-02
 4.9100    3.3634184E-05    1.0189520E-02   -1.0189520E-02
 4.9200    3.2990230E-05    1.0035186E-02   -1.0035186E-02
 4.9300    3.2350655E-05    9.8806789E-03   -9.8806789E-03
 4.9400    3.1735798E-05    9.7322483E-03   -9.7322483E-03
 4.9500    3.1157880E-05    9.5937448E-03   -9.5937448E-03
 4.9600    3.0627323E-05    9.4685233E-03   -9.4685233E-03
 4.9700    3.0155335E-05    9.3602359E-03   -9.3602359E-03
 4.9800    2.9744483E-05    9.2698982E-03   -9.2698982E-03
 4.9900    2.9374241E-05    9.1913142E-03   -9.1913142E-03
 5.0000    2.8998835E-05    9.1102527E-03   -9.1102527E-03
 5.0100    2.8566787E-05    9.0104547E-03   -9.0104547E-03
 5.0200    2.8051117E-05    8.8831594E-03   -8.8831594E-03
 5.0300    2.7466976E-05    8.7328637E-03   -8.7328637E-03
 5.0400    2.6863182E-05    8.5748868E-03   -8.5748868E-03
 5.0500    2.6295381E-05    8.4269825E-03   -8.4269825E-03
 5.0600    2.5799824E-05    8.3009470E-03   -8.3009470E-03
 5.0700    2.5380691E-05    8.1984022E-03   -8.1984022E-03
 5.0800    2.5012047E-05    8.1112265E-03   -8.1112265E-03
 5.0900    2.4650270E-05    8.0254077E-03   -8.0254077E-03
 5.1000    2.4253311E-05    7.9272263E-03   -7.9272263E-03
 5.1100    2.3801800E-05    7.8101875E-03   -7.8101875E-03
 5.1200    2.3312283E-05    7.6795293E-03   -7.6795293E-03
 5.1300    2.2832496E-05    7.5508873E-03   -7.5508873E-03
 5.1400    2.2417957E-05    7.4427278E-03   -7.4427278E-03
 5.1500    2.2102747E-05    7.3666590E-03   -7.3666590E-03
 5.1600    2.1882179E-05    7.3214962E-03   -7.3214962E-03
 5.1700    2.1716279E-05    7.2941782E-03   -7.2941782E-03
 5.1800    2.1549074E-05    7.2660436E-03   -7.2660436E-03
 5.1900    2.1331481E-05    7.2204719E-03   -7.2204719E-03
 5.2000    2.1037653E-05    7.1484822E-03   -7.1484822E-03
 5.2100    2.0670412E-05    7.0507357E-03   -7.0507357E-03
 5.2200    2.0255889E-05    6.9358899E-03   -6.9358899E-03
 5.2300    1.9830663E-05    6.8163280E-03   -6.8163280E-03
 5.2400    1.9427187E-05    6.7032029E-03   -6.7032029E-03
 5.2500    1.9064017E-05    6.6030241E-03   -6.6030241E-03
 5.2600    1.8744286E-05    6.5170381E-03   -6.5170381E-03
 5.2700    1.8460496E-05    6.4427970E-03   -6.4427970E-03
 5.2800    1.8200285E-05    6.3761115E-03   -6.3761115E-03
 5.2900    1.7949648E-05    6.3121477E-03   -6.3121477E-03
 5.3000    1.7694598E-05    6.2460045E-03   -6.2460045E-03
 5.3100    1.7424254E-05    6.1738077E-03   -6.1738077E-03
 5.3200    1.7135426E-05    6.0943589E-03   -6.0943589E-03
 5.3300    1.6834833E-05    6.0099808E-03   -6.0099808E-03
 5.3400    1.6535613E-05    5.9253317E-03   -5.9253317E-03
 5.3500    1.6249788E-05    5.8447392E-03   -5.8447392E-03
 5.3600    1.5982430E-05    5.7700856E-03   -5.7700856E-03
 5.3700    1.5731632E-05    5.7007530E-03   -5.7007530E-03
 5.3800    1.5493015E-05    5.6352132E-03   -5.6352132E-03
 5.3900    1.5264117E-05    5.5726154E-03   -5.5726154E-03
 5.4000    1.5045682E-05    5.5132701E-03   -5.5132701E-03
 5.4100    1.4840498E-05    5.4582430E-03   -5.4582430E-03
 5.4200    1.4651671E-05    5.4087335E-03   -5.4087335E-03
 5.4300    1.4480809E-05    5.3654029E-03   -5.3654029E-03
 5.4400    1.4325961E-05    5.3275976E-03   -5.3275976E-03
 5.4500    1.4180679E-05    5.2929757E-03   -5.2929757E-03
 5.4600    1.4036151E-05    5.2582736E-03   -5.2582736E-03
 5.4700    1.3885782E-05    5.2210141E-03   -5.2210141E-03
 5.4800    1.3728695E-05    5.1808408E-03   -5.1808408E-03
 5.4900    1.3569285E-05    5.1393894E-03   -5.1393894E-03
 5.5000    1.3413770E-05    5.0990126E-03   -5.0990126E-03
 5.5100    1.3267181E-05    5.0616454E-03   -5.0616454E-03
 5.5200    1.3132863E-05    5.0286040E-03   -5.0286040E-03
 5.5300    1.3013380E-05    5.0009238E-03   -5.0009238E-03
 5.5400    1.2910670E-05    4.9794133E-03   -4.9794133E-03
 5.5500    1.2824994E-05    4.9642426E-03   -4.9642426E-03
 5.5600    1.2754012E-05    4.9545736E-03   -4.9545736E-03
 5.5700    1.2692933E-05    4.9485988E-03   -4.9485988E-03
 5.5800    1.2635193E-05    4.9437916E-03   -4.9437916E-03
 5.5900    1.2572995E-05    4.9371036E-03   -4.9371036E-03
 5.6000    1.2498027E-05    4.9252398E-03   -4.9252398E-03
 5.6100    1.2402682E-05    4.9051377E-03   -4.9051377E-03
 5.6200    1.2280990E-05    4.8743405E-03   -4.8743405E-03
 5.6300    1.2128685E-05    4.8310372E-03   -4.8310372E-03
 5.6400    1.1943675E-05    4.7742597E-03   -4.7742597E-03
 5.6500    1.1728377E-05    4.7048379E-03   -4.7048379E-03
 5.6600    1.1492879E-05    4.6267023E-03   -4.6267023E-03
 5.6700    1.1255767E-05    4.5472735E-03   -4.5472735E-03
 5.6800    1.1040672E-05    4.4761233E-03   -4.4761233E-03
 5.6900    1.0869515E-05    4.4222631E-03   -4.4222631E-03
 5.7000    1.0755715E-05    4.3913582E-03   -4.3913582E-03
 5.7100    1.0701572E-05    4.3845970E-03   -4.3845970E-03
 5.7200    1.0702361E-05    4.4002920E-03   -4.4002920E-03
 5.7300    1.0753794E-05    4.4369120E-03   -4.4369120E-03
 5.7400    1.0853615E-05    4.4937413E-03   -4.4937413E-03
 5.7500    1.0990830E-05    4.5664221E-03   -4.5664221E-03
 5.7600    1.1129949E-05    4.6403207E-03   -4.6403207E-03
 5.7700    1.1209881E-05    4.6898881E-03   -4.6898881E-03
 5.7800    1.1170469E-05    4.6896122E-03   -4.6896122E-03
 5.7900    1.0993595E-05    4.6313404E-03   -4.6313404E-03
 5.8000    1.0725048E-05    4.5338285E-03   -4.5338285E-03
 5.8100    1.0453763E-05    4.4343990E-03   -4.4343990E-03
 5.8200    1.0260870E-05    4.3675713E-03   -4.3675713E-03
 5.8300    1.0176633E-05    4.3466142E-03   -4.3466142E-03
 5.8400    1.0173758E-05    4.3603060E-03   -4.3603060E-03
 5.8500    1.0193982E-05    4.3839487E-03   -4.3839487E-03
 5.8600    1.0183323E-05    4.3943497E-03   -4.3943497E-03
 5.8700    1.0113905E-05    4.3793026E-03   -4.3793026E-03
 5.8800    9.9862858E-06    4.3387888E-03   -4.3387888E-03
 5.8900    9.8197538E-06    4.2809588E-03   -4.2809588E-03
 5.9000    9.6416594E-06    4.2176028E-03   -4.2176028E-03
 5.9100    9.4807006E-06    4.1612639E-03   -4.1612639E-03
 5.9200    9.3603947E-06    4.1223745E-03   -4.1223745E-03
 5.9300    9.2883762E-06    4.1044885E-03   -4.1044885E-03
 5.9400    9.2468041E-06    4.0999108E-03   -4.0999108E-03
 5.9500    9.1961360E-06    4.0911856E-03   -4.0911856E-03
 5.9600    9.0960069E-06    4.0602536E-03   -4.0602536E-03
 5.9700    8.9295596E-06    3.9993422E-03   -3.9993422E-03
 5.9800    8.7117788E-06    3.9148856E-03   -3.9148856E-03
 5.9900    8.4766052E-06    3.8219541E-03   -3.8219541E-03
 6.0000    8.2564757E-06    3.7351416E-03   -3.7351416E-03
 6.0100    8.0713585E-06    3.6635780E-03   -3.6635780E-03
 6.0200    7.9314529E-06    3.6120653E-03   -3.6120653E-03
 6.0300    7.8448490E-06    3.5845041E-03   -3.5845041E-03
 6.0400    7.8207403E-06    3.5853504E-03   -3.5853504E-03
 6.0500    7.8667698E-06    3.6184040E-03   -3.6184040E-03
 6.0600    7.9848783E-06    3.6848805E-03   -3.6848805E-03
 6.0700    8.1682152E-06    3.7819381E-03   -3.7819381E-03
 6.0800    8.3968539E-06    3.9006198E-03   -3.9006198E-03
 6.0900    8.6312340E-06    4.0226972E-03   -4.0226972E-03
 6.1000    8.8108298E-06    4.1198969E-03   -4.1198969E-03
 6.1100    8.8693009E-06    4.1608463E-03   -4.1608463E-03
 6.1200    8.7647100E-06    4.1252499E-03   -4.1252499E-03
 6.1300    8.5041499E-06    4.0157043E-03   -4.0157043E-03
 6.1400    8.1408138E-06    3.8566873E-03   -3.8566873E-03
 6.1500    7.7444712E-06    3.6808817E-03   -3.6808817E-03
 6.1600    7.3693869E-06    3.5140072E-03   -3.5140072E-03
 6.1700    7.0419074E-06    3.3687633E-03   -3.3687633E-03
 6.1800    6.7681342E-06    3.2482973E-03   -3.2482973E-03
 6.1900    6.5463327E-06    3.1520220E-03   -3.1520220E-03
 6.2000    6.3729507E-06    3.0784621E-03   -3.0784621E-03
 6.2100    6.2439514E-06    3.0258861E-03   -3.0258861E-03
 6.2200    6.1570252E-06    2.9933780E-03   -2.9933780E-03
 6.2300    6.1137537E-06    2.9819056E-03   -2.9819056E-03
 6.2400    6.1163935E-06    2.9927777E-03   -2.9927777E-03
 6.2500    6.1590387E-06    3.0233111E-03   -3.0233111E-03
 6.2600    6.2209766E-06    3.0634945E-03   -3.0634945E-03
 6.2700    6.2704385E-06    3.0977250E-03   -3.0977250E-03
 6.2800    6.2781688E-06    3.1114451E-03   -3.1114451E-03
 6.2900    6.2310749E-06    3.0979480E-03   -3.0979480E-03
 6.3000    6.1359707E-06    3.0603722E-03   -3.0603722E-03
 6.3100    6.0123780E-06    3.0082564E-03   -3.0082564E-03
 6.3200    5.8824182E-06    2.9525680E-03   -2.9525680E-03
 6.3300    5.7658047E-06    2.9032017E-03   -2.9032017E-03
 6.3400    5.6798874E-06    2.8689839E-03   -2.8689839E-03
 6.3500    5.6387674E-06    2.8572056E-03   -2.8572056E-03
 6.3600    5.6481018E-06    2.8709565E-03   -2.8709565E-03
 6.3700    5.6986908E-06    2.9057873E-03   -2.9057873E-03
 6.3800    5.7644459E-06    2.9485520E-03   -2.9485520E-03
 6.3900    5.8077917E-06    2.9800436E-03   -2.9800436E-03
 6.4000    5.7915704E-06    2.9810287E-03   -2.9810287E-03
 6.4100    5.6929675E-06    2.9394402E-03   -2.9394402E-03
 6.4200    5.5126517E-06    2.8552259E-03   -2.8552259E-03
 6.4300    5.2738816E-06    2.7400733E-03   -2.7400733E-03
 6.4400    5.0126215E-06    2.6124411E-03   -2.6124411E-03
 6.4500    4.7656358E-06    2.4914383E-03   -2.4914383E-03
 6.4600    4.5629792E-06    2.3928936E-03   -2.3928936E-03
 6.4700    4.4252733E-06    2.3278689E-03   -2.3278689E-03
 6.4800    4.3617257E-06    2.3015384E-03   -2.3015384E-03
 6.4900    4.3665800E-06    2.3112168E-03   -2.3112168E-03
 6.5000    4.4167671E-06    2.3449904E-03   -2.3449904E-03
 6.5100    4.4756013E-06    2.3835443E-03   -2.3835443E-03
 6.5200    4.5036277E-06    2.4058444E-03   -2.4058444E-03
 6.5300    4.4720025E-06    2.3962839E-03   -2.3962839E-03
 6.5400    4.3719687E-06    2.3498622E-03   -2.3498622E-03
 6.5500    4.2170217E-06    2.2735175E-03   -2.2735175E-03
 6.5600    4.0379095E-06    2.1836052E-03   -2.1836052E-03
 6.5700    3.8719325E-06    2.1002374E-03   -2.1002374E-03
 6.5800    3.7492799E-06    2.0399030E-03   -2.0399030E-03
 6.5900    3.6819283E-06    2.0093520E-03   -2.0093520E-03
 6.6000    3.6613516E-06    2.0041913E-03   -2.0041913E-03
 6.6100    3.6663399E-06    2.0130080E-03   -2.0130080E-03
 6.6200    3.6751725E-06    2.0239677E-03   -2.0239677E-03
 6.6300    3.6744382E-06    2.0296814E-03   -2.0296814E-03
 6.6400    3.6613110E-06    2.0285357E-03   -2.0285357E-03
 6.6500    3.6412943E-06    2.0235267E-03   -2.0235267E-03
 6.6600    3.6245407E-06    2.0202788E-03   -2.0202788E-03
 6.6700    3.6219600E-06    2.0249075E-03   -2.0249075E-03
 6.6800    3.6409881E-06    2.0416536E-03   -2.0416536E-03
 6.6900    3.6814569E-06    2.0705314E-03   -2.0705314E-03
 6.7000    3.7333816E-06    2.1060169E-03   -2.1060169E-03
 6.7100    3.7789418E-06    2.1380857E-03   -2.1380857E-03
 6.7200    3.7992301E-06    2.1559764E-03   -2.1559764E-03
 6.7300    3.7829846E-06    2.1531514E-03   -2.1531514E-03
 6.7400    3.7322147E-06    2.1305723E-03   -2.1305723E-03
 6.7500    3.6609691E-06    2.0961071E-03   -2.0961071E-03
 6.7600    3.5878786E-06    2.0603500E-03   -2.0603500E-03
 6.7700    3.5270816E-06    2.0314340E-03   -2.0314340E-03
 6.7800    3.4827337E-06    2.0118219E-03   -2.0118219E-03
 6.7900    3.4495325E-06    1.9985253E-03   -1.9985253E-03
 6.8000    3.4179472E-06    1.9860631E-03   -1.9860631E-03
 6.8100    3.3805739E-06    1.9701284E-03   -1.9701284E-03
 6.8200    3.3360723E-06    1.9499078E-03   -1.9499078E-03
 6.8300    3.2888291E-06    1.9279359E-03   -1.9279359E-03
 6.8400    3.2448479E-06    1.9077278E-03   -1.9077278E-03
 6.8500    3.2065572E-06    1.8907321E-03   -1.8907321E-03
 6.8600    3.1701939E-06    1.8747524E-03   -1.8747524E-03
 6.8700    3.1280411E-06    1.8552216E-03   -1.8552216E-03
 6.8800    3.0743614E-06    1.8286966E-03   -1.8286966E-03
 6.8900    3.0107737E-06    1.7960831E-03   -1.7960831E-03
 6.9000    2.9468070E-06    1.7630301E-03   -1.7630301E-03
 6.9100    2.8949103E-06    1.7370050E-03   -1.7370050E-03
 6.9200    2.8636842E-06    1.7232456E-03   -1.7232456E-03
 6.9300    2.8544836E-06    1.7226771E-03   -1.7226771E-03
 6.9400    2.8630656E-06    1.7328466E-03   -1.7328466E-03
 6.9500    2.8829107E-06    1.7498896E-03   -1.7498896E-03
 6.9600    2.9059804E-06    1.7689723E-03   -1.7689723E-03
 6.9700    2.9212899E-06    1.7834054E-03   -1.7834054E-03
 6.9800    2.9158531E-06    1.7851979E-03   -1.7851979E-03
 6.9900    2.8801858E-06    1.7684172E-03   -1.7684172E-03
 7.0000    2.8139640E-06    1.7327044E-03   -1.7327044E-03
 7.0100    2.7254195E-06    1.6829812E-03   -1.6829812E-03
 7.0200    2.6242882E-06    1.6251581E-03   -1.6251581E-03
 7.0300    2.5156346E-06    1.5623131E-03   -1.5623131E-03
 7.0400    2.4014354E-06    1.4956366E-03   -1.4956366E-03
 7.0500    2.2883187E-06    1.4292382E-03   -1.4292382E-03
 7.0600    2.1924698E-06    1.3732603E-03   -1.3732603E-03
 7.0700    2.1344887E-06    1.3407338E-03   -1.3407338E-03
 7.0800    2.1265060E-06    1.3395009E-03   -1.3395009E-03
 7.0900    2.1618981E-06    1.3656441E-03   -1.3656441E-03
 7.1000    2.2166727E-06    1.4041973E-03   -1.4041973E-03
 7.1100    2.2621295E-06    1.4370323E-03   -1.4370323E-03
 7.1200    2.2794447E-06    1.4521080E-03   -1.4521080E-03
 7.1300    2.2661376E-06    1.4476887E-03   -1.4476887E-03
 7.1400    2.2317274E-06    1.4297083E-03   -1.4297083E-03
 7.1500    2.1881394E-06    1.4057139E-03   -1.4057139E-03
 7.1600    2.1426501E-06    1.3803434E-03   -1.3803434E-03
 7.1700    2.0969762E-06    1.3546954E-03   -1.3546954E-03
 7.1800    2.0507009E-06    1.3284985E-03   -1.3284985E-03
 7.1900    2.0051157E-06    1.3025880E-03   -1.3025880E-03
 7.2000    1.9647319E-06    1.2799062E-03   -1.2799062E-03
 7.2100    1.9358551E-06    1.2646002E-03   -1.2646002E-03
 7.2200    1.9233180E-06    1.2598979E-03   -1.2598979E-03
 7.2300    1.9273450E-06    1.2660356E-03   -1.2660356E-03
 7.2400    1.9422646E-06    1.2793677E-03   -1.2793677E-03
 7.2500    1.9576808E-06    1.2930870E-03   -1.2930870E-03
 7.2600    1.9617112E-06    1.2993261E-03   -1.2993261E-03
 7.2700    1.9453590E-06    1.2920474E-03   -1.2920474E-03
 7.2800    1.9065238E-06    1.2697401E-03   -1.2697401E-03
 7.2900    1.8515567E-06    1.2365222E-03   -1.2365222E-03
 7.3000    1.7927562E-06    1.2005405E-03   -1.2005405E-03
 7.3100    1.7424396E-06    1.1700444E-03   -1.1700444E-03
 7.3200    1.7068664E-06    1.1492951E-03   -1.1492951E-03
 7.3300    1.6838637E-06    1.1369065E-03   -1.1369065E-03
 7.3400    1.6655660E-06    1.1276227E-03   -1.1276227E-03
 7.3500    1.6440709E-06    1.1161051E-03   -1.1161051E-03
 7.3600    1.6159410E-06    1.0999957E-03   -1.0999957E-03
 7.3700    1.5828231E-06    1.0803817E-03   -1.0803817E-03
 7.3800    1.5487715E-06    1.0600099E-03   -1.0600099E-03
 7.3900    1.5171381E-06    1.0411753E-03   -1.0411753E-03
 7.4000    1.4892384E-06    1.0247962E-03   -1.0247962E-03
 7.4100    1.4647897E-06    1.0106984E-03   -1.0106984E-03
