# total charge: 7.000000 
# r(A)     rho (e/A^3)     4*pi*r^2*rho(e/A)  dip  
 0.0000    6.3201079E+00    0.0000000E+00    5.5851919E+01
 0.0100    6.3120730E+00    7.9319849E-03    5.5565425E+01
 0.0200    6.3019254E+00    3.1676932E-02    5.4714300E+01
 0.0300    6.2892434E+00    7.1129667E-02    5.3323164E+01
 0.0400    6.2735815E+00    1.2613784E-01    5.1431682E+01
 0.0500    6.2544540E+00    1.9648947E-01    4.9092656E+01
 0.0600    6.2313245E+00    2.8189848E-01    4.6369546E+01
 0.0700    6.2036504E+00    3.8199111E-01    4.3333560E+01
 0.0800    6.1709916E+00    4.9630059E-01    4.0060517E+01
 0.0900    6.1331217E+00    6.2427575E-01    3.6627659E+01
 0.1000    6.0900628E+00    7.6529986E-01    3.3110602E+01
 0.1100    6.0420256E+00    9.1870864E-01    2.9580596E+01
 0.1200    5.9893063E+00    1.0837993E+00    2.6102248E+01
 0.1300    5.9321999E+00    1.2598312E+00    2.2731772E+01
 0.1400    5.8709611E+00    1.4460228E+00    1.9515822E+01
 0.1500    5.8058048E+00    1.6415526E+00    1.6490911E+01
 0.1600    5.7369278E+00    1.8455644E+00    1.3683352E+01
 0.1700    5.6645289E+00    2.0571763E+00    1.1109695E+01
 0.1800    5.5888157E+00    2.2754886E+00    8.7775336E+00
 0.1900    5.5099931E+00    2.4995862E+00    6.6866278E+00
 0.2000    5.4282477E+00    2.7285349E+00    4.8302004E+00
 0.2100    5.3437420E+00    2.9613786E+00    3.1963248E+00
 0.2200    5.2566234E+00    3.1971432E+00    1.7692998E+00
 0.2300    5.1670416E+00    3.4348478E+00    5.3093750E-01
 0.2400    5.0751613E+00    3.6735182E+00   -5.3828393E-01
 0.2500    4.9811641E+00    3.9121972E+00   -1.4582351E+00
 0.2600    4.8852439E+00    4.1499495E+00   -2.2483338E+00
 0.2700    4.7875977E+00    4.3858628E+00   -2.9269319E+00
 0.2800    4.6884195E+00    4.6190471E+00   -3.5108839E+00
 0.2900    4.5878956E+00    4.8486338E+00   -4.0152793E+00
 0.3000    4.4862036E+00    5.0737767E+00   -4.4533179E+00
 0.3100    4.3835147E+00    5.2936560E+00   -4.8363014E+00
 0.3200    4.2799975E+00    5.5074852E+00   -5.1737128E+00
 0.3300    4.1758200E+00    5.7145169E+00   -5.4733572E+00
 0.3400    4.0711500E+00    5.9140475E+00   -5.7415368E+00
 0.3500    3.9661528E+00    6.1054179E+00   -5.9832423E+00
 0.3600    3.8609890E+00    6.2880131E+00   -6.2023468E+00
 0.3700    3.7558134E+00    6.4612615E+00   -6.4017923E+00
 0.3800    3.6507742E+00    6.6246361E+00   -6.5837635E+00
 0.3900    3.5460141E+00    6.7776562E+00   -6.7498444E+00
 0.4000    3.4416710E+00    6.9198902E+00   -6.9011540E+00
 0.4100    3.3378787E+00    7.0509581E+00   -7.0384615E+00
 0.4200    3.2347666E+00    7.1705322E+00   -7.1622802E+00
 0.4300    3.1324588E+00    7.2783368E+00   -7.2729419E+00
 0.4400    3.0310743E+00    7.3741472E+00   -7.3706552E+00
 0.4500    2.9307256E+00    7.4577882E+00   -7.4555505E+00
 0.4600    2.8315191E+00    7.5291340E+00   -7.5277143E+00
 0.4700    2.7335557E+00    7.5881080E+00   -7.5872163E+00
 0.4800    2.6369304E+00    7.6346831E+00   -7.6341285E+00
 0.4900    2.5417337E+00    7.6688822E+00   -7.6685407E+00
 0.5000    2.4480509E+00    7.6907786E+00   -7.6905704E+00
 0.5100    2.3559626E+00    7.7004943E+00   -7.7003686E+00
 0.5200    2.2655438E+00    7.6981968E+00   -7.6981218E+00
 0.5300    2.1768637E+00    7.6840972E+00   -7.6840528E+00
 0.5400    2.0899862E+00    7.6584486E+00   -7.6584226E+00
 0.5500    2.0049703E+00    7.6215479E+00   -7.6215328E+00
 0.5600    1.9218708E+00    7.5737352E+00   -7.5737265E+00
 0.5700    1.8407385E+00    7.5153924E+00   -7.5153875E+00
 0.5800    1.7616190E+00    7.4469399E+00   -7.4469371E+00
 0.5900    1.6845538E+00    7.3688340E+00   -7.3688325E+00
 0.6000    1.6095794E+00    7.2815656E+00   -7.2815648E+00
 0.6100    1.5367283E+00    7.1856593E+00   -7.1856588E+00
 0.6200    1.4660290E+00    7.0816719E+00   -7.0816717E+00
 0.6300    1.3975059E+00    6.9701898E+00   -6.9701897E+00
 0.6400    1.3311789E+00    6.8518247E+00   -6.8518246E+00
 0.6500    1.2670636E+00    6.7272102E+00   -6.7272102E+00
 0.6600    1.2051711E+00    6.5969993E+00   -6.5969993E+00
 0.6700    1.1455082E+00    6.4618620E+00   -6.4618620E+00
 0.6800    1.0880777E+00    6.3224818E+00   -6.3224818E+00
 0.6900    1.0328780E+00    6.1795530E+00   -6.1795530E+00
 0.7000    9.7990351E-01    6.0337770E+00   -6.0337770E+00
 0.7100    9.2914443E-01    5.8858581E+00   -5.8858581E+00
 0.7200    8.8058672E-01    5.7364999E+00   -5.7364999E+00
 0.7300    8.3421217E-01    5.5864010E+00   -5.5864010E+00
 0.7400    7.8999855E-01    5.4362522E+00   -5.4362522E+00
 0.7500    7.4791973E-01    5.2867330E+00   -5.2867330E+00
 0.7600    7.0794564E-01    5.1385071E+00   -5.1385071E+00
 0.7700    6.7004234E-01    4.9922182E+00   -4.9922182E+00
 0.7800    6.3417199E-01    4.8484858E+00   -4.8484858E+00
 0.7900    6.0029302E-01    4.7079012E+00   -4.7079012E+00
 0.8000    5.6836014E-01    4.5710234E+00   -4.5710234E+00
 0.8100    5.3832411E-01    4.4383724E+00   -4.4383724E+00
 0.8200    5.1013162E-01    4.3104222E+00   -4.3104222E+00
 0.8300    4.8372536E-01    4.1875973E+00   -4.1875973E+00
 0.8400    4.5904452E-01    4.0702703E+00   -4.0702703E+00
 0.8500    4.3602515E-01    3.9587608E+00   -3.9587608E+00
 0.8600    4.1460024E-01    3.8533310E+00   -3.8533310E+00
 0.8700    3.9469952E-01    3.7541789E+00   -3.7541789E+00
 0.8800    3.7624934E-01    3.6614319E+00   -3.6614319E+00
 0.8900    3.5917305E-01    3.5751446E+00   -3.5751446E+00
 0.9000    3.4339151E-01    3.4952999E+00   -3.4952999E+00
 0.9100    3.2882381E-01    3.4218101E+00   -3.4218101E+00
 0.9200    3.1538751E-01    3.3545171E+00   -3.3545171E+00
 0.9300    3.0299878E-01    3.2931888E+00   -3.2931888E+00
 0.9400    2.9157231E-01    3.2375155E+00   -3.2375155E+00
 0.9500    2.8102154E-01    3.1871073E+00   -3.1871073E+00
 0.9600    2.7125898E-01    3.1414956E+00   -3.1414956E+00
 0.9700    2.6219703E-01    3.1001385E+00   -3.1001385E+00
 0.9800    2.5374903E-01    3.0624317E+00   -3.0624317E+00
 0.9900    2.4583089E-01    3.0277270E+00   -3.0277270E+00
 1.0000    2.3836321E-01    2.9953605E+00   -2.9953605E+00
 1.0100    2.3127393E-01    2.9646900E+00   -2.9646900E+00
 1.0200    2.2450101E-01    2.9351378E+00   -2.9351378E+00
 1.0300    2.1799455E-01    2.9062298E+00   -2.9062298E+00
 1.0400    2.1171754E-01    2.8776196E+00   -2.8776196E+00
 1.0500    2.0564491E-01    2.8490916E+00   -2.8490916E+00
 1.0600    1.9976121E-01    2.8205432E+00   -2.8205432E+00
 1.0700    1.9405771E-01    2.7919544E+00   -2.7919544E+00
 1.0800    1.8852961E-01    2.7633566E+00   -2.7633566E+00
 1.0900    1.8317393E-01    2.7348060E+00   -2.7348060E+00
 1.1000    1.7798825E-01    2.7063662E+00   -2.7063662E+00
 1.1100    1.7296994E-01    2.6780979E+00   -2.6780979E+00
 1.1200    1.6811594E-01    2.6500545E+00   -2.6500545E+00
 1.1300    1.6342267E-01    2.6222799E+00   -2.6222799E+00
 1.1400    1.5888613E-01    2.5948099E+00   -2.5948099E+00
 1.1500    1.5450198E-01    2.5676723E+00   -2.5676723E+00
 1.1600    1.5026569E-01    2.5408888E+00   -2.5408888E+00
 1.1700    1.4617253E-01    2.5144752E+00   -2.5144752E+00
 1.1800    1.4221767E-01    2.4884415E+00   -2.4884415E+00
 1.1900    1.3839610E-01    2.4627915E+00   -2.4627915E+00
 1.2000    1.3470276E-01    2.4375237E+00   -2.4375237E+00
 1.2100    1.3113252E-01    2.4126315E+00   -2.4126315E+00
 1.2200    1.2768030E-01    2.3881050E+00   -2.3881050E+00
 1.2300    1.2434113E-01    2.3639315E+00   -2.3639315E+00
 1.2400    1.2111015E-01    2.3400966E+00   -2.3400966E+00
 1.2500    1.1798267E-01    2.3165843E+00   -2.3165843E+00
 1.2600    1.1495411E-01    2.2933771E+00   -2.2933771E+00
 1.2700    1.1202011E-01    2.2704570E+00   -2.2704570E+00
 1.2800    1.0917647E-01    2.2478062E+00   -2.2478062E+00
 1.2900    1.0641922E-01    2.2254065E+00   -2.2254065E+00
 1.3000    1.0374454E-01    2.2032401E+00   -2.2032401E+00
 1.3100    1.0114879E-01    2.1812887E+00   -2.1812887E+00
 1.3200    9.8628490E-02    2.1595343E+00   -2.1595343E+00
 1.3300    9.6180350E-02    2.1379596E+00   -2.1379596E+00
 1.3400    9.3801279E-02    2.1165485E+00   -2.1165485E+00
 1.3500    9.1488396E-02    2.0952865E+00   -2.0952865E+00
 1.3600    8.9239017E-02    2.0741610E+00   -2.0741610E+00
 1.3700    8.7050629E-02    2.0531606E+00   -2.0531606E+00
 1.3800    8.4920880E-02    2.0322752E+00   -2.0322752E+00
 1.3900    8.2847566E-02    2.0114962E+00   -2.0114962E+00
 1.4000    8.0828629E-02    1.9908161E+00   -1.9908161E+00
 1.4100    7.8862142E-02    1.9702288E+00   -1.9702288E+00
 1.4200    7.6946292E-02    1.9497290E+00   -1.9497290E+00
 1.4300    7.5079369E-02    1.9293124E+00   -1.9293124E+00
 1.4400    7.3259763E-02    1.9089755E+00   -1.9089755E+00
 1.4500    7.1485985E-02    1.8887165E+00   -1.8887165E+00
 1.4600    6.9756665E-02    1.8685352E+00   -1.8685352E+00
 1.4700    6.8070540E-02    1.8484331E+00   -1.8484331E+00
 1.4800    6.6426408E-02    1.8284120E+00   -1.8284120E+00
 1.4900    6.4823087E-02    1.8084733E+00   -1.8084733E+00
 1.5000    6.3259400E-02    1.7886174E+00   -1.7886174E+00
 1.5100    6.1734192E-02    1.7688440E+00   -1.7688440E+00
 1.5200    6.0246364E-02    1.7491533E+00   -1.7491533E+00
 1.5300    5.8794903E-02    1.7295471E+00   -1.7295471E+00
 1.5400    5.7378880E-02    1.7100286E+00   -1.7100286E+00
 1.5500    5.5997424E-02    1.6906017E+00   -1.6906017E+00
 1.5600    5.4649689E-02    1.6712705E+00   -1.6712705E+00
 1.5700    5.3334829E-02    1.6520382E+00   -1.6520382E+00
 1.5800    5.2052000E-02    1.6329070E+00   -1.6329070E+00
 1.5900    5.0800362E-02    1.6138788E+00   -1.6138788E+00
 1.6000    4.9579099E-02    1.5949551E+00   -1.5949551E+00
 1.6100    4.8387419E-02    1.5761374E+00   -1.5761374E+00
 1.6200    4.7224558E-02    1.5574273E+00   -1.5574273E+00
 1.6300    4.6089772E-02    1.5388264E+00   -1.5388264E+00
 1.6400    4.4982335E-02    1.5203359E+00   -1.5203359E+00
 1.6500    4.3901538E-02    1.5019569E+00   -1.5019569E+00
 1.6600    4.2846688E-02    1.4836904E+00   -1.4836904E+00
 1.6700    4.1817115E-02    1.4655373E+00   -1.4655373E+00
 1.6800    4.0812171E-02    1.4474985E+00   -1.4474985E+00
 1.6900    3.9831224E-02    1.4295749E+00   -1.4295749E+00
 1.7000    3.8873656E-02    1.4117672E+00   -1.4117672E+00
 1.7100    3.7938861E-02    1.3940757E+00   -1.3940757E+00
 1.7200    3.7026246E-02    1.3765007E+00   -1.3765007E+00
 1.7300    3.6135239E-02    1.3590424E+00   -1.3590424E+00
 1.7400    3.5265286E-02    1.3417011E+00   -1.3417011E+00
 1.7500    3.4415856E-02    1.3244773E+00   -1.3244773E+00
 1.7600    3.3586436E-02    1.3073718E+00   -1.3073718E+00
 1.7700    3.2776534E-02    1.2903853E+00   -1.2903853E+00
 1.7800    3.1985669E-02    1.2735187E+00   -1.2735187E+00
 1.7900    3.1213379E-02    1.2567726E+00   -1.2567726E+00
 1.8000    3.0459213E-02    1.2401481E+00   -1.2401481E+00
 1.8100    2.9722740E-02    1.2236462E+00   -1.2236462E+00
 1.8200    2.9003546E-02    1.2072681E+00   -1.2072681E+00
 1.8300    2.8301232E-02    1.1910154E+00   -1.1910154E+00
 1.8400    2.7615408E-02    1.1748894E+00   -1.1748894E+00
 1.8500    2.6945688E-02    1.1588910E+00   -1.1588910E+00
 1.8600    2.6291694E-02    1.1430213E+00   -1.1430213E+00
 1.8700    2.5653062E-02    1.1272813E+00   -1.1272813E+00
 1.8800    2.5029444E-02    1.1116722E+00   -1.1116722E+00
 1.8900    2.4420509E-02    1.0961959E+00   -1.0961959E+00
 1.9000    2.3825940E-02    1.0808542E+00   -1.0808542E+00
 1.9100    2.3245427E-02    1.0656489E+00   -1.0656489E+00
 1.9200    2.2678664E-02    1.0505816E+00   -1.0505816E+00
 1.9300    2.2125345E-02    1.0356536E+00   -1.0356536E+00
 1.9400    2.1585171E-02    1.0208662E+00   -1.0208662E+00
 1.9500    2.1057853E-02    1.0062205E+00   -1.0062205E+00
 1.9600    2.0543109E-02    9.9171797E-01   -9.9171797E-01
 1.9700    2.0040669E-02    9.7735992E-01   -9.7735992E-01
 1.9800    1.9550261E-02    9.6314753E-01   -9.6314753E-01
 1.9900    1.9071615E-02    9.4908146E-01   -9.4908146E-01
 2.0000    1.8604453E-02    9.3516179E-01   -9.3516179E-01
 2.0100    1.8148498E-02    9.2138826E-01   -9.2138826E-01
 2.0200    1.7703483E-02    9.0776060E-01   -9.0776060E-01
 2.0300    1.7269154E-02    8.9427895E-01   -8.9427895E-01
 2.0400    1.6845273E-02    8.8094388E-01   -8.8094388E-01
 2.0500    1.6431611E-02    8.6775622E-01   -8.6775622E-01
 2.0600    1.6027945E-02    8.5471663E-01   -8.5471663E-01
 2.0700    1.5634047E-02    8.4182526E-01   -8.4182526E-01
 2.0800    1.5249683E-02    8.2908175E-01   -8.2908175E-01
 2.0900    1.4874622E-02    8.1648533E-01   -8.1648533E-01
 2.1000    1.4508636E-02    8.0403517E-01   -8.0403517E-01
 2.1100    1.4151506E-02    7.9173060E-01   -7.9173060E-01
 2.1200    1.3803022E-02    7.7957115E-01   -7.7957115E-01
 2.1300    1.3462981E-02    7.6755644E-01   -7.6755644E-01
 2.1400    1.3131187E-02    7.5568605E-01   -7.5568605E-01
 2.1500    1.2807444E-02    7.4395944E-01   -7.4395944E-01
 2.1600    1.2491559E-02    7.3237585E-01   -7.3237585E-01
 2.1700    1.2183339E-02    7.2093424E-01   -7.2093424E-01
 2.1800    1.1882590E-02    7.0963326E-01   -7.0963326E-01
 2.1900    1.1589124E-02    6.9847151E-01   -6.9847151E-01
 2.2000    1.1302759E-02    6.8744777E-01   -6.8744777E-01
 2.2100    1.1023327E-02    6.7656124E-01   -6.7656124E-01
 2.2200    1.0750669E-02    6.6581154E-01   -6.6581154E-01
 2.2300    1.0484633E-02    6.5519842E-01   -6.5519842E-01
 2.2400    1.0225071E-02    6.4472160E-01   -6.4472160E-01
 2.2500    9.9718331E-03    6.3438061E-01   -6.3438061E-01
 2.2600    9.7247742E-03    6.2417485E-01   -6.2417485E-01
 2.2700    9.4837493E-03    6.1410360E-01   -6.1410360E-01
 2.2800    9.2486157E-03    6.0416602E-01   -6.0416602E-01
 2.2900    9.0192319E-03    5.9436111E-01   -5.9436111E-01
 2.3000    8.7954585E-03    5.8468778E-01   -5.8468778E-01
 2.3100    8.5771603E-03    5.7514500E-01   -5.7514500E-01
 2.3200    8.3642076E-03    5.6573186E-01   -5.6573186E-01
 2.3300    8.1564763E-03    5.5644761E-01   -5.5644761E-01
 2.3400    7.9538455E-03    5.4729154E-01   -5.4729154E-01
 2.3500    7.7561968E-03    5.3826285E-01   -5.3826285E-01
 2.3600    7.5634139E-03    5.2936075E-01   -5.2936075E-01
 2.3700    7.3753839E-03    5.2058445E-01   -5.2058445E-01
 2.3800    7.1919972E-03    5.1193319E-01   -5.1193319E-01
 2.3900    7.0131456E-03    5.0340616E-01   -5.0340616E-01
 2.4000    6.8387208E-03    4.9500230E-01   -4.9500230E-01
 2.4100    6.6686141E-03    4.8672038E-01   -4.8672038E-01
 2.4200    6.5027181E-03    4.7855904E-01   -4.7855904E-01
 2.4300    6.3409284E-03    4.7051694E-01   -4.7051694E-01
 2.4400    6.1831454E-03    4.6259291E-01   -4.6259291E-01
 2.4500    6.0292746E-03    4.5478601E-01   -4.5478601E-01
 2.4600    5.8792255E-03    4.4709540E-01   -4.4709540E-01
 2.4700    5.7329103E-03    4.3952028E-01   -4.3952028E-01
 2.4800    5.5902413E-03    4.3205972E-01   -4.3205972E-01
 2.4900    5.4511295E-03    4.2471252E-01   -4.2471252E-01
 2.5000    5.3154839E-03    4.1747713E-01   -4.1747713E-01
 2.5100    5.1832118E-03    4.1035173E-01   -4.1035173E-01
 2.5200    5.0542223E-03    4.0333442E-01   -4.0333442E-01
 2.5300    4.9284286E-03    3.9642348E-01   -3.9642348E-01
 2.5400    4.8057509E-03    3.8961759E-01   -3.8961759E-01
 2.5500    4.6861161E-03    3.8291578E-01   -3.8291578E-01
 2.5600    4.5694554E-03    3.7631734E-01   -3.7631734E-01
 2.5700    4.4557001E-03    3.6982142E-01   -3.6982142E-01
 2.5800    4.3447788E-03    3.6342679E-01   -3.6342679E-01
 2.5900    4.2366169E-03    3.5713185E-01   -3.5713185E-01
 2.6000    4.1311399E-03    3.5093482E-01   -3.5093482E-01
 2.6100    4.0282767E-03    3.4483407E-01   -3.4483407E-01
 2.6200    3.9279618E-03    3.3882832E-01   -3.3882832E-01
 2.6300    3.8301335E-03    3.3291646E-01   -3.3291646E-01
 2.6400    3.7347300E-03    3.2709728E-01   -3.2709728E-01
 2.6500    3.6416885E-03    3.2136931E-01   -3.2136931E-01
 2.6600    3.5509464E-03    3.1573102E-01   -3.1573102E-01
 2.6700    3.4624467E-03    3.1018121E-01   -3.1018121E-01
 2.6800    3.3761392E-03    3.0471918E-01   -3.0471918E-01
 2.6900    3.2919788E-03    2.9934462E-01   -2.9934462E-01
 2.7000    3.2099207E-03    2.9405711E-01   -2.9405711E-01
 2.7100    3.1299163E-03    2.8885585E-01   -2.8885585E-01
 2.7200    3.0519128E-03    2.8373950E-01   -2.8373950E-01
 2.7300    2.9758562E-03    2.7870650E-01   -2.7870650E-01
 2.7400    2.9016943E-03    2.7375537E-01   -2.7375537E-01
 2.7500    2.8293796E-03    2.6888493E-01   -2.6888493E-01
 2.7600    2.7588675E-03    2.6409420E-01   -2.6409420E-01
 2.7700    2.6901143E-03    2.5938218E-01   -2.5938218E-01
 2.7800    2.6230756E-03    2.5474770E-01   -2.5474770E-01
 2.7900    2.5577069E-03    2.5018948E-01   -2.5018948E-01
 2.8000    2.4939659E-03    2.4570638E-01   -2.4570638E-01
 2.8100    2.4318142E-03    2.4129754E-01   -2.4129754E-01
 2.8200    2.3712180E-03    2.3696247E-01   -2.3696247E-01
 2.8300    2.3121455E-03    2.3270081E-01   -2.3270081E-01
 2.8400    2.2545641E-03    2.2851206E-01   -2.2851206E-01
 2.8500    2.1984377E-03    2.2439530E-01   -2.2439530E-01
 2.8600    2.1437253E-03    2.2034899E-01   -2.2034899E-01
 2.8700    2.0903817E-03    2.1637110E-01   -2.1637110E-01
 2.8800    2.0383615E-03    2.1245945E-01   -2.1245945E-01
 2.8900    1.9876245E-03    2.0861229E-01   -2.0861229E-01
 2.9000    1.9381394E-03    2.0482873E-01   -2.0482873E-01
 2.9100    1.8898838E-03    2.0110874E-01   -2.0110874E-01
 2.9200    1.8428374E-03    1.9745248E-01   -1.9745248E-01
 2.9300    1.7969756E-03    1.9385959E-01   -1.9385959E-01
 2.9400    1.7522647E-03    1.9032868E-01   -1.9032868E-01
 2.9500    1.7086660E-03    1.8685773E-01   -1.8685773E-01
 2.9600    1.6661425E-03    1.8344482E-01   -1.8344482E-01
 2.9700    1.6246661E-03    1.8008887E-01   -1.8008887E-01
 2.9800    1.5842169E-03    1.7678973E-01   -1.7678973E-01
 2.9900    1.5447787E-03    1.7354756E-01   -1.7354756E-01
 3.0000    1.5063315E-03    1.7036208E-01   -1.7036208E-01
 3.0100    1.4688497E-03    1.6723231E-01   -1.6723231E-01
 3.0200    1.4323041E-03    1.6415684E-01   -1.6415684E-01
 3.0300    1.3966675E-03    1.6113436E-01   -1.6113436E-01
 3.0400    1.3619170E-03    1.5816401E-01   -1.5816401E-01
 3.0500    1.3280327E-03    1.5524525E-01   -1.5524525E-01
 3.0600    1.2949948E-03    1.5237746E-01   -1.5237746E-01
 3.0700    1.2627809E-03    1.4955972E-01   -1.4955972E-01
 3.0800    1.2313675E-03    1.4679085E-01   -1.4679085E-01
 3.0900    1.2007321E-03    1.4406980E-01   -1.4406980E-01
 3.1000    1.1708560E-03    1.4139588E-01   -1.4139588E-01
 3.1100    1.1417230E-03    1.3876866E-01   -1.3876866E-01
 3.1200    1.1133172E-03    1.3618772E-01   -1.3618772E-01
 3.1300    1.0856207E-03    1.3365237E-01   -1.3365237E-01
 3.1400    1.0586134E-03    1.3116155E-01   -1.3116155E-01
 3.1500    1.0322745E-03    1.2871412E-01   -1.2871412E-01
 3.1600    1.0065849E-03    1.2630905E-01   -1.2630905E-01
 3.1700    9.8152859E-04    1.2394567E-01   -1.2394567E-01
 3.1800    9.5709253E-04    1.2162365E-01   -1.2162365E-01
 3.1900    9.3326590E-04    1.1934291E-01   -1.1934291E-01
 3.2000    9.1003809E-04    1.1710337E-01   -1.1710337E-01
 3.2100    8.8739684E-04    1.1490470E-01   -1.1490470E-01
 3.2200    8.6532724E-04    1.1274622E-01   -1.1274622E-01
 3.2300    8.4381222E-04    1.1062689E-01   -1.1062689E-01
 3.2400    8.2283427E-04    1.0854561E-01   -1.0854561E-01
 3.2500    8.0237750E-04    1.0650140E-01   -1.0650140E-01
 3.2600    7.8242892E-04    1.0449366E-01   -1.0449366E-01
 3.2700    7.6297821E-04    1.0252210E-01   -1.0252210E-01
 3.2800    7.4401562E-04    1.0058648E-01   -1.0058648E-01
 3.2900    7.2552908E-04    9.8686213E-02   -9.8686213E-02
 3.3000    7.0750289E-04    9.6820197E-02   -9.6820197E-02
 3.3100    6.8991953E-04    9.4987026E-02   -9.4987026E-02
 3.3200    6.7276382E-04    9.3185568E-02   -9.3185568E-02
 3.3300    6.5602616E-04    9.1415427E-02   -9.1415427E-02
 3.3400    6.3970211E-04    8.9676898E-02   -8.9676898E-02
 3.3500    6.2378835E-04    8.7970435E-02   -8.7970435E-02
 3.3600    6.0827845E-04    8.6296036E-02   -8.6296036E-02
 3.3700    5.9316144E-04    8.4653043E-02   -8.4653043E-02
 3.3800    5.7842424E-04    8.3040461E-02   -8.3040461E-02
 3.3900    5.6405508E-04    8.1457444E-02   -8.1457444E-02
 3.4000    5.5004485E-04    7.9903500E-02   -7.9903500E-02
 3.4100    5.3638551E-04    7.8378267E-02   -7.8378267E-02
 3.4200    5.2306762E-04    7.6881157E-02   -7.6881157E-02
 3.4300    5.1007967E-04    7.5411247E-02   -7.5411247E-02
 3.4400    4.9740995E-04    7.3967547E-02   -7.3967547E-02
 3.4500    4.8504897E-04    7.2549369E-02   -7.2549369E-02
 3.4600    4.7299027E-04    7.1156450E-02   -7.1156450E-02
 3.4700    4.6122893E-04    6.9788739E-02   -6.9788739E-02
 3.4800    4.4975942E-04    6.8446086E-02   -6.8446086E-02
 3.4900    4.3857483E-04    6.7128110E-02   -6.7128110E-02
 3.5000    4.2766762E-04    6.5834315E-02   -6.5834315E-02
 3.5100    4.1703097E-04    6.4564293E-02   -6.4564293E-02
 3.5200    4.0665961E-04    6.3317860E-02   -6.3317860E-02
 3.5300    3.9654970E-04    6.2095039E-02   -6.2095039E-02
 3.5400    3.8669769E-04    6.0895888E-02   -6.0895888E-02
 3.5500    3.7709844E-04    5.9720207E-02   -5.9720207E-02
 3.5600    3.6774365E-04    5.8567278E-02   -5.8567278E-02
 3.5700    3.5862193E-04    5.7435862E-02   -5.7435862E-02
 3.5800    3.4972092E-04    5.6324524E-02   -5.6324524E-02
 3.5900    3.4103049E-04    5.5232153E-02   -5.5232153E-02
 3.6000    3.3254479E-04    5.4158299E-02   -5.4158299E-02
 3.6100    3.2426184E-04    5.3103129E-02   -5.3103129E-02
 3.6200    3.1618135E-04    5.2067084E-02   -5.2067084E-02
 3.6300    3.0830259E-04    5.1050533E-02   -5.1050533E-02
 3.6400    3.0062360E-04    5.0053644E-02   -5.0053644E-02
 3.6500    2.9314157E-04    4.9076435E-02   -4.9076435E-02
 3.6600    2.8585343E-04    4.8118872E-02   -4.8118872E-02
 3.6700    2.7875570E-04    4.7180849E-02   -4.7180849E-02
 3.6800    2.7184371E-04    4.6262042E-02   -4.6262042E-02
 3.6900    2.6511036E-04    4.5361697E-02   -4.5361697E-02
 3.7000    2.5854580E-04    4.4478568E-02   -4.4478568E-02
 3.7100    2.5213888E-04    4.3611147E-02   -4.3611147E-02
 3.7200    2.4588024E-04    4.2758196E-02   -4.2758196E-02
 3.7300    2.3976530E-04    4.1919284E-02   -4.1919284E-02
 3.7400    2.3379490E-04    4.1094917E-02   -4.1094917E-02
 3.7500    2.2797285E-04    4.0286128E-02   -4.0286128E-02
 3.7600    2.2230175E-04    3.9493755E-02   -3.9493755E-02
 3.7700    2.1678012E-04    3.8717920E-02   -3.8717920E-02
 3.7800    2.1140242E-04    3.7958009E-02   -3.7958009E-02
 3.7900    2.0616120E-04    3.7213045E-02   -3.7213045E-02
 3.8000    2.0104938E-04    3.6482098E-02   -3.6482098E-02
 3.8100    1.9606130E-04    3.5764461E-02   -3.5764461E-02
 3.8200    1.9119252E-04    3.5059642E-02   -3.5059642E-02
 3.8300    1.8643982E-04    3.4367354E-02   -3.4367354E-02
 3.8400    1.8180166E-04    3.3687606E-02   -3.3687606E-02
 3.8500    1.7727837E-04    3.3020761E-02   -3.3020761E-02
 3.8600    1.7287121E-04    3.2367349E-02   -3.2367349E-02
 3.8700    1.6858023E-04    3.1727690E-02   -3.1727690E-02
 3.8800    1.6440258E-04    3.1101544E-02   -3.1101544E-02
 3.8900    1.6033242E-04    3.0488105E-02   -3.0488105E-02
 3.9000    1.5636285E-04    2.9886334E-02   -2.9886334E-02
 3.9100    1.5248828E-04    2.9295429E-02   -2.9295429E-02
 3.9200    1.4870574E-04    2.8715060E-02   -2.8715060E-02
 3.9300    1.4501424E-04    2.8145282E-02   -2.8145282E-02
 3.9400    1.4141348E-04    2.7586278E-02   -2.7586278E-02
 3.9500    1.3790306E-04    2.7038211E-02   -2.7038211E-02
 3.9600    1.3448267E-04    2.6501261E-02   -2.6501261E-02
 3.9700    1.3115236E-04    2.5975684E-02   -2.5975684E-02
 3.9800    1.2791209E-04    2.5461713E-02   -2.5461713E-02
 3.9900    1.2476050E-04    2.4959321E-02   -2.4959321E-02
 4.0000    1.2169415E-04    2.4468061E-02   -2.4468061E-02
 4.0100    1.1870795E-04    2.3987136E-02   -2.3987136E-02
 4.0200    1.1579629E-04    2.3515629E-02   -2.3515629E-02
 4.0300    1.1295401E-04    2.3052690E-02   -2.3052690E-02
 4.0400    1.1017671E-04    2.2597603E-02   -2.2597603E-02
 4.0500    1.0746090E-04    2.2149830E-02   -2.2149830E-02
 4.0600    1.0480456E-04    2.1709115E-02   -2.1709115E-02
 4.0700    1.0220728E-04    2.1275537E-02   -2.1275537E-02
 4.0800    9.9669657E-05    2.0849380E-02   -2.0849380E-02
 4.0900    9.7191993E-05    2.0430875E-02   -2.0430875E-02
 4.1000    9.4773647E-05    2.0020051E-02   -2.0020051E-02
 4.1100    9.2413586E-05    1.9616853E-02   -1.9616853E-02
 4.1200    9.0111499E-05    1.9221378E-02   -1.9221378E-02
 4.1300    8.7868226E-05    1.8833968E-02   -1.8833968E-02
 4.1400    8.5685015E-05    1.8455058E-02   -1.8455058E-02
 4.1500    8.3562280E-05    1.8084910E-02   -1.8084910E-02
 4.1600    8.1498925E-05    1.7723456E-02   -1.7723456E-02
 4.1700    7.9492709E-05    1.7370378E-02   -1.7370378E-02
 4.1800    7.7541089E-05    1.7025282E-02   -1.7025282E-02
 4.1900    7.5641469E-05    1.6687753E-02   -1.6687753E-02
 4.2000    7.3790590E-05    1.6357218E-02   -1.6357218E-02
 4.2100    7.1984133E-05    1.6032854E-02   -1.6032854E-02
 4.2200    7.0217702E-05    1.5713806E-02   -1.5713806E-02
 4.2300    6.8488715E-05    1.5399606E-02   -1.5399606E-02
 4.2400    6.6797331E-05    1.5090398E-02   -1.5090398E-02
 4.2500    6.5145339E-05    1.4786694E-02   -1.4786694E-02
 4.2600    6.3534060E-05    1.4488909E-02   -1.4488909E-02
 4.2700    6.1963086E-05    1.4197068E-02   -1.4197068E-02
 4.2800    6.0430473E-05    1.3910841E-02   -1.3910841E-02
 4.2900    5.8933687E-05    1.3629755E-02   -1.3629755E-02
 4.3000    5.7470606E-05    1.3353421E-02   -1.3353421E-02
 4.3100    5.6040473E-05    1.3081761E-02   -1.3081761E-02
 4.3200    5.4644751E-05    1.2815212E-02   -1.2815212E-02
 4.3300    5.3287240E-05    1.2554774E-02   -1.2554774E-02
 4.3400    5.1972605E-05    1.2301663E-02   -1.2301663E-02
 4.3500    5.0703310E-05    1.2056596E-02   -1.2056596E-02
 4.3600    4.9476703E-05    1.1819078E-02   -1.1819078E-02
 4.3700    4.8284842E-05    1.1587335E-02   -1.1587335E-02
 4.3800    4.7118038E-05    1.1359136E-02   -1.1359136E-02
 4.3900    4.5969750E-05    1.1132970E-02   -1.1132970E-02
 4.4000    4.4838950E-05    1.0908641E-02   -1.0908641E-02
 4.4100    4.3728434E-05    1.0686881E-02   -1.0686881E-02
 4.4200    4.2641364E-05    1.0468525E-02   -1.0468525E-02
 4.4300    4.1579341E-05    1.0254038E-02   -1.0254038E-02
 4.4400    4.0542831E-05    1.0043611E-02   -1.0043611E-02
 4.4500    3.9532179E-05    9.8374071E-03   -9.8374071E-03
 4.4600    3.8547578E-05    9.6355537E-03   -9.6355537E-03
 4.4700    3.7588344E-05    9.4379594E-03   -9.4379594E-03
 4.4800    3.6652954E-05    9.2443179E-03   -9.2443179E-03
 4.4900    3.5740181E-05    9.0543919E-03   -9.0543919E-03
 4.5000    3.4850173E-05    8.8682890E-03   -8.8682890E-03
 4.5100    3.3984259E-05    8.6864187E-03   -8.6864187E-03
 4.5200    3.3143693E-05    8.5091784E-03   -8.5091784E-03
 4.5300    3.2328621E-05    8.3366861E-03   -8.3366861E-03
 4.5400    3.1538085E-05    8.1687741E-03   -8.1687741E-03
 4.5500    3.0770663E-05    8.0051508E-03   -8.0051508E-03
 4.5600    3.0024900E-05    7.8455089E-03   -7.8455089E-03
 4.5700    2.9299238E-05    7.6895086E-03   -7.6895086E-03
 4.5800    2.8591943E-05    7.5367566E-03   -7.5367566E-03
 4.5900    2.7901475E-05    7.3869030E-03   -7.3869030E-03
 4.6000    2.7227091E-05    7.2398033E-03   -7.2398033E-03
 4.6100    2.6569027E-05    7.0955713E-03   -7.0955713E-03
 4.6200    2.5927867E-05    6.9544151E-03   -6.9544151E-03
 4.6300    2.5303477E-05    6.8163526E-03   -6.8163526E-03
 4.6400    2.4694375E-05    6.6810368E-03   -6.6810368E-03
 4.6500    2.4098092E-05    6.5478457E-03   -6.5478457E-03
 4.6600    2.3512304E-05    6.4161850E-03   -6.4161850E-03
 4.6700    2.2935924E-05    6.2857901E-03   -6.2857901E-03
 4.6800    2.2369444E-05    6.1568244E-03   -6.1568244E-03
 4.6900    2.1814353E-05    6.0297302E-03   -6.0297302E-03
 4.7000    2.1272163E-05    5.9049637E-03   -5.9049637E-03
 4.7100    2.0743775E-05    5.7828173E-03   -5.7828173E-03
 4.7200    2.0229548E-05    5.6634366E-03   -5.6634366E-03
 4.7300    1.9729838E-05    5.5469681E-03   -5.5469681E-03
 4.7400    1.9245418E-05    5.4336779E-03   -5.4336779E-03
 4.7500    1.8777380E-05    5.3239270E-03   -5.3239270E-03
 4.7600    1.8326405E-05    5.2179635E-03   -5.2179635E-03
 4.7700    1.7891621E-05    5.1155969E-03   -5.1155969E-03
 4.7800    1.7469859E-05    5.0159715E-03   -5.0159715E-03
 4.7900    1.7056362E-05    4.9177595E-03   -4.9177595E-03
 4.8000    1.6647234E-05    4.8198601E-03   -4.8198601E-03
 4.8100    1.6242170E-05    4.7221968E-03   -4.7221968E-03
 4.8200    1.5845195E-05    4.6259563E-03   -4.6259563E-03
 4.8300    1.5462585E-05    4.5330054E-03   -4.5330054E-03
 4.8400    1.5099485E-05    4.4449075E-03   -4.4449075E-03
 4.8500    1.4757548E-05    4.3622198E-03   -4.3622198E-03
 4.8600    1.4434492E-05    4.2843396E-03   -4.2843396E-03
 4.8700    1.4124684E-05    4.2096551E-03   -4.2096551E-03
 4.8800    1.3819990E-05    4.1357782E-03   -4.1357782E-03
 4.8900    1.3511507E-05    4.0600499E-03   -4.0600499E-03
 4.9000    1.3192859E-05    3.9805305E-03   -3.9805305E-03
 4.9100    1.2863606E-05    3.8970465E-03   -3.8970465E-03
 4.9200    1.2529786E-05    3.8113931E-03   -3.8113931E-03
 4.9300    1.2200535E-05    3.7263410E-03   -3.7263410E-03
 4.9400    1.1883465E-05    3.6442389E-03   -3.6442389E-03
 4.9500    1.1582621E-05    3.5663759E-03   -3.5663759E-03
 4.9600    1.1299795E-05    3.4933637E-03   -3.4933637E-03
 4.9700    1.1036216E-05    3.4256489E-03   -3.4256489E-03
 4.9800    1.0791637E-05    3.3632248E-03   -3.3632248E-03
 4.9900    1.0561481E-05    3.3047283E-03   -3.3047283E-03
 5.0000    1.0335936E-05    3.2471299E-03   -3.2471299E-03
 5.0100    1.0103718E-05    3.1868861E-03   -3.1868861E-03
 5.0200    9.8585101E-06    3.1219690E-03   -3.1219690E-03
 5.0300    9.6029337E-06    3.0531614E-03   -3.0531614E-03
 5.0400    9.3468251E-06    2.9835619E-03   -2.9835619E-03
 5.0500    9.1014086E-06    2.9167636E-03   -2.9167636E-03
 5.0600    8.8736861E-06    2.8550582E-03   -2.8550582E-03
 5.0700    8.6640224E-06    2.7986291E-03   -2.7986291E-03
 5.0800    8.4670603E-06    2.7458066E-03   -2.7458066E-03
 5.0900    8.2746443E-06    2.6939825E-03   -2.6939825E-03
 5.1000    8.0795164E-06    2.6408004E-03   -2.6408004E-03
 5.1100    7.8786876E-06    2.5852679E-03   -2.5852679E-03
 5.1200    7.6750903E-06    2.5283272E-03   -2.5283272E-03
 5.1300    7.4763032E-06    2.4724727E-03   -2.4724727E-03
 5.1400    7.2906344E-06    2.4204796E-03   -2.4204796E-03
 5.1500    7.1227570E-06    2.3739548E-03   -2.3739548E-03
 5.1600    6.9715519E-06    2.3325917E-03   -2.3325917E-03
 5.1700    6.8311443E-06    2.2944807E-03   -2.2944807E-03
 5.1800    6.6938718E-06    2.2570791E-03   -2.2570791E-03
 5.1900    6.5531547E-06    2.2181709E-03   -2.2181709E-03
 5.2000    6.4051683E-06    2.1764420E-03   -2.1764420E-03
 5.2100    6.2493711E-06    2.1316781E-03   -2.1316781E-03
 5.2200    6.0882045E-06    2.0846834E-03   -2.0846834E-03
 5.2300    5.9260354E-06    2.0369365E-03   -2.0369365E-03
 5.2400    5.7675441E-06    1.9900471E-03   -1.9900471E-03
 5.2500    5.6162245E-06    1.9452388E-03   -1.9452388E-03
 5.2600    5.4737147E-06    1.9031083E-03   -1.9031083E-03
 5.2700    5.3400215E-06    1.8636918E-03   -1.8636918E-03
 5.2800    5.2140127E-06    1.8266267E-03   -1.8266267E-03
 5.2900    5.0936535E-06    1.7912269E-03   -1.7912269E-03
 5.3000    4.9761837E-06    1.7565398E-03   -1.7565398E-03
 5.3100    4.8588075E-06    1.7215855E-03   -1.7215855E-03
 5.3200    4.7399128E-06    1.6857900E-03   -1.6857900E-03
 5.3300    4.6199816E-06    1.6493185E-03   -1.6493185E-03
 5.3400    4.5013065E-06    1.6129874E-03   -1.6129874E-03
 5.3500    4.3865885E-06    1.5777723E-03   -1.5777723E-03
 5.3600    4.2774551E-06    1.5442759E-03   -1.5442759E-03
 5.3700    4.1739099E-06    1.5125213E-03   -1.5125213E-03
 5.3800    4.0748459E-06    1.4821276E-03   -1.4821276E-03
 5.3900    3.9790042E-06    1.4526527E-03   -1.4526527E-03
 5.4000    3.8857325E-06    1.4238698E-03   -1.4238698E-03
 5.4100    3.7952898E-06    1.3958840E-03   -1.3958840E-03
 5.4200    3.7086604E-06    1.3690695E-03   -1.3690695E-03
 5.4300    3.6268874E-06    1.3438277E-03   -1.3438277E-03
 5.4400    3.5501871E-06    1.3202583E-03   -1.3202583E-03
 5.4500    3.4774907E-06    1.2979825E-03   -1.2979825E-03
 5.4600    3.4069155E-06    1.2763110E-03   -1.2763110E-03
 5.4700    3.3368831E-06    1.2546584E-03   -1.2546584E-03
 5.4800    3.2669716E-06    1.2328673E-03   -1.2328673E-03
 5.4900    3.1978802E-06    1.2112025E-03   -1.2112025E-03
 5.5000    3.1307501E-06    1.1901005E-03   -1.1901005E-03
 5.5100    3.0665788E-06    1.1699497E-03   -1.1699497E-03
 5.5200    3.0061417E-06    1.1510587E-03   -1.1510587E-03
 5.5300    2.9501809E-06    1.1337277E-03   -1.1337277E-03
 5.5400    2.8993687E-06    1.1182344E-03   -1.1182344E-03
 5.5500    2.8538760E-06    1.1046659E-03   -1.1046659E-03
 5.5600    2.8128500E-06    1.0927128E-03   -1.0927128E-03
 5.5700    2.7742712E-06    1.0816062E-03   -1.0816062E-03
 5.5800    2.7354334E-06    1.0702972E-03   -1.0702972E-03
 5.5900    2.6938823E-06    1.0578208E-03   -1.0578208E-03
 5.6000    2.6482834E-06    1.0436392E-03   -1.0436392E-03
 5.6100    2.5985932E-06    1.0277178E-03   -1.0277178E-03
 5.6200    2.5453301E-06    1.0102448E-03   -1.0102448E-03
 5.6300    2.4885594E-06    9.9123053E-04   -9.9123053E-04
 5.6400    2.4276448E-06    9.7040541E-04   -9.7040541E-04
 5.6500    2.3621766E-06    9.4758707E-04   -9.4758707E-04
 5.6600    2.2932843E-06    9.2321027E-04   -9.2321027E-04
 5.6700    2.2241097E-06    8.9852917E-04   -8.9852917E-04
 5.6800    2.1590090E-06    8.7530816E-04   -8.7530816E-04
 5.6900    2.1020890E-06    8.5523505E-04   -8.5523505E-04
 5.7000    2.0560292E-06    8.3943845E-04   -8.3943845E-04
 5.7100    2.0218521E-06    8.2838355E-04   -8.2838355E-04
 5.7200    1.9997093E-06    8.2218358E-04   -8.2218358E-04
 5.7300    1.9898708E-06    8.2100155E-04   -8.2100155E-04
 5.7400    1.9924012E-06    8.2491735E-04   -8.2491735E-04
 5.7500    2.0047169E-06    8.3291103E-04   -8.3291103E-04
 5.7600    2.0186742E-06    8.4162972E-04   -8.4162972E-04
 5.7700    2.0209019E-06    8.4548657E-04   -8.4548657E-04
 5.7800    1.9985821E-06    8.3904942E-04   -8.3904942E-04
 5.7900    1.9477786E-06    8.2055289E-04   -8.2055289E-04
 5.8000    1.8775662E-06    7.9370865E-04   -7.9370865E-04
 5.8100    1.8056260E-06    7.6593150E-04   -7.6593150E-04
 5.8200    1.7481517E-06    7.4410623E-04   -7.4410623E-04
 5.8300    1.7116553E-06    7.3107729E-04   -7.3107729E-04
 5.8400    1.6919306E-06    7.2513374E-04   -7.2513374E-04
 5.8500    1.6791452E-06    7.2212080E-04   -7.2212080E-04
 5.8600    1.6641457E-06    7.1811903E-04   -7.1811903E-04
 5.8700    1.6419741E-06    7.1097178E-04   -7.1097178E-04
 5.8800    1.6118903E-06    7.0032560E-04   -7.0032560E-04
 5.8900    1.5756800E-06    6.8692367E-04   -6.8692367E-04
 5.9000    1.5363401E-06    6.7204950E-04   -6.7204950E-04
 5.9100    1.4976862E-06    6.5736362E-04   -6.5736362E-04
 5.9200    1.4636776E-06    6.4461246E-04   -6.4461246E-04
 5.9300    1.4364039E-06    6.3473995E-04   -6.3473995E-04
 5.9400    1.4138600E-06    6.2688686E-04   -6.2688686E-04
 5.9500    1.3901101E-06    6.1843350E-04   -6.1843350E-04
 5.9600    1.3587741E-06    6.0652630E-04   -6.0652630E-04
 5.9700    1.3173531E-06    5.9001186E-04   -5.9001186E-04
 5.9800    1.2687364E-06    5.7014277E-04   -5.7014277E-04
 5.9900    1.2188622E-06    5.4956381E-04   -5.4956381E-04
 6.0000    1.1730465E-06    5.3067374E-04   -5.3067374E-04
 6.0100    1.1341350E-06    5.1478226E-04   -5.1478226E-04
 6.0200    1.1032222E-06    5.0241876E-04   -5.0241876E-04
 6.0300    1.0812660E-06    4.9405698E-04   -4.9405698E-04
 6.0400    1.0698068E-06    4.9044365E-04   -4.9044365E-04
 6.0500    1.0704972E-06    4.9238650E-04   -4.9238650E-04
 6.0600    1.0842067E-06    5.0034225E-04   -5.0034225E-04
 6.0700    1.1101504E-06    5.1400703E-04   -5.1400703E-04
 6.0800    1.1447418E-06    5.3177089E-04   -5.3177089E-04
 6.0900    1.1802767E-06    5.5008309E-04   -5.5008309E-04
 6.1000    1.2050670E-06    5.6348286E-04   -5.6348286E-04
 6.1100    1.2068929E-06    5.6618844E-04   -5.6618844E-04
 6.1200    1.1789139E-06    5.5487454E-04   -5.5487454E-04
 6.1300    1.1238236E-06    5.3067539E-04   -5.3067539E-04
 6.1400    1.0524693E-06    4.9860430E-04   -4.9860430E-04
 6.1500    9.7780458E-07    4.6474226E-04   -4.6474226E-04
 6.1600    9.0902075E-07    4.3345607E-04   -4.3345607E-04
 6.1700    8.4979593E-07    4.0653210E-04   -4.0653210E-04
 6.1800    8.0030840E-07    3.8409990E-04   -3.8409990E-04
 6.1900    7.5985520E-07    3.6586596E-04   -3.6586596E-04
 6.2000    7.2789143E-07    3.5160889E-04   -3.5160889E-04
 6.2100    7.0385345E-07    3.4109496E-04   -3.4109496E-04
 6.2200    6.8707605E-07    3.3403767E-04   -3.3403767E-04
 6.2300    6.7706127E-07    3.3022803E-04   -3.3022803E-04
 6.2400    6.7333930E-07    3.2946782E-04   -3.2946782E-04
 6.2500    6.7459950E-07    3.3114326E-04   -3.3114326E-04
 6.2600    6.7791500E-07    3.3383646E-04   -3.3383646E-04
 6.2700    6.7915503E-07    3.3551649E-04   -3.3551649E-04
 6.2800    6.7464926E-07    3.3435452E-04   -3.3435452E-04
 6.2900    6.6291451E-07    3.2958594E-04   -3.2958594E-04
 6.3000    6.4510415E-07    3.2175166E-04   -3.2175166E-04
 6.3100    6.2398615E-07    3.1220764E-04   -3.1220764E-04
 6.3200    6.0252428E-07    3.0242562E-04   -3.0242562E-04
 6.3300    5.8319942E-07    2.9365295E-04   -2.9365295E-04
 6.3400    5.6811137E-07    2.8696033E-04   -2.8696033E-04
 6.3500    5.5901931E-07    2.8325927E-04   -2.8325927E-04
 6.3600    5.5675425E-07    2.8300078E-04   -2.8300078E-04
 6.3700    5.6031537E-07    2.8570725E-04   -2.8570725E-04
 6.3800    5.6641057E-07    2.8972273E-04   -2.8972273E-04
 6.3900    5.7000086E-07    2.9247388E-04   -2.9247388E-04
 6.4000    5.6590940E-07    2.9128406E-04   -2.9128406E-04
 6.4100    5.5092734E-07    2.8445937E-04   -2.8445937E-04
 6.4200    5.2530242E-07    2.7207543E-04   -2.7207543E-04
 6.4300    4.9262831E-07    2.5594766E-04   -2.5594766E-04
 6.4400    4.5819335E-07    2.3879783E-04   -2.3879783E-04
 6.4500    4.2694139E-07    2.2320173E-04   -2.2320173E-04
 6.4600    4.0223990E-07    2.1094054E-04   -2.1094054E-04
 6.4700    3.8569013E-07    2.0288828E-04   -2.0288828E-04
 6.4800    3.7736411E-07    1.9912256E-04   -1.9912256E-04
 6.4900    3.7590568E-07    1.9896567E-04   -1.9896567E-04
 6.5000    3.7856966E-07    2.0099367E-04   -2.0099367E-04
 6.5100    3.8164282E-07    2.0324924E-04   -2.0324924E-04
 6.5200    3.8141195E-07    2.0375081E-04   -2.0375081E-04
 6.5300    3.7530952E-07    2.0110636E-04   -2.0110636E-04
 6.5400    3.6268313E-07    1.9493630E-04   -1.9493630E-04
 6.5500    3.4490536E-07    1.8594839E-04   -1.8594839E-04
 6.5600    3.2486648E-07    1.7568005E-04   -1.7568005E-04
 6.5700    3.0600717E-07    1.6598629E-04   -1.6598629E-04
 6.5800    2.9113108E-07    1.5839819E-04   -1.5839819E-04
 6.5900    2.8144596E-07    1.5359452E-04   -1.5359452E-04
 6.6000    2.7634543E-07    1.5126903E-04   -1.5126903E-04
 6.6100    2.7405190E-07    1.5046850E-04   -1.5046850E-04
 6.6200    2.7265632E-07    1.5015556E-04   -1.5015556E-04
 6.6300    2.7090156E-07    1.4964025E-04   -1.4964025E-04
 6.6400    2.6841109E-07    1.4871216E-04   -1.4871216E-04
 6.6500    2.6551127E-07    1.4754895E-04   -1.4754895E-04
 6.6600    2.6291947E-07    1.4654839E-04   -1.4654839E-04
 6.6700    2.6142303E-07    1.4615221E-04   -1.4615221E-04
 6.6800    2.6154392E-07    1.4665856E-04   -1.4665856E-04
 6.6900    2.6321316E-07    1.4803680E-04   -1.4803680E-04
 6.7000    2.6559890E-07    1.4982550E-04   -1.4982550E-04
 6.7100    2.6727609E-07    1.5122201E-04   -1.5122201E-04
 6.7200    2.6677482E-07    1.5138862E-04   -1.5138862E-04
 6.7300    2.6326386E-07    1.4984120E-04   -1.4984120E-04
 6.7400    2.5696405E-07    1.4669051E-04   -1.4669051E-04
 6.7500    2.4902370E-07    1.4257983E-04   -1.4257983E-04
 6.7600    2.4093301E-07    1.3835650E-04   -1.3835650E-04
 6.7700    2.3383606E-07    1.3467863E-04   -1.3467863E-04
 6.7800    2.2812515E-07    1.3177785E-04   -1.3177785E-04
 6.7900    2.2349033E-07    1.2948163E-04   -1.2948163E-04
 6.8000    2.1931176E-07    1.2743526E-04   -1.2743526E-04
 6.8100    2.1511237E-07    1.2536303E-04   -1.2536303E-04
 6.8200    2.1081119E-07    1.2321747E-04   -1.2321747E-04
 6.8300    2.0667454E-07    1.2115414E-04   -1.2115414E-04
 6.8400    2.0303594E-07    1.1936995E-04   -1.1936995E-04
 6.8500    1.9997272E-07    1.1791302E-04   -1.1791302E-04
 6.8600    1.9715536E-07    1.1659144E-04   -1.1659144E-04
 6.8700    1.9399738E-07    1.1505863E-04   -1.1505863E-04
 6.8800    1.9004095E-07    1.1304046E-04   -1.1304046E-04
 6.8900    1.8532445E-07    1.1055567E-04   -1.1055567E-04
 6.9000    1.8044995E-07    1.0796048E-04   -1.0796048E-04
 6.9100    1.7626698E-07    1.0576377E-04   -1.0576377E-04
 6.9200    1.7339333E-07    1.0434087E-04   -1.0434087E-04
 6.9300    1.7193273E-07    1.0376118E-04   -1.0376118E-04
 6.9400    1.7155550E-07    1.0383253E-04   -1.0383253E-04
 6.9500    1.7175557E-07    1.0425342E-04   -1.0425342E-04
 6.9600    1.7198330E-07    1.0469227E-04   -1.0469227E-04
 6.9700    1.7161370E-07    1.0476769E-04   -1.0476769E-04
 6.9800    1.6999547E-07    1.0407779E-04   -1.0407779E-04
 6.9900    1.6672835E-07    1.0237023E-04   -1.0237023E-04
 7.0000    1.6193949E-07    9.9714592E-05   -9.9714592E-05
 7.0100    1.5619851E-07    9.6454566E-05   -9.6454566E-05
 7.0200    1.5006843E-07    9.2933741E-05   -9.2933741E-05
 7.0300    1.4373620E-07    8.9266121E-05   -8.9266121E-05
 7.0400    1.3714318E-07    8.5414067E-05   -8.5414067E-05
 7.0500    1.3051288E-07    8.1515742E-05   -8.1515742E-05
 7.0600    1.2470253E-07    7.8107821E-05   -7.8107821E-05
 7.0700    1.2090890E-07    7.5946357E-05   -7.5946357E-05
 7.0800    1.1987035E-07    7.5507165E-05   -7.5507165E-05
 7.0900    1.2122733E-07    7.6577796E-05   -7.6577796E-05
 7.1000    1.2361182E-07    7.8304473E-05   -7.8304473E-05
 7.1100    1.2541986E-07    7.9673771E-05   -7.9673771E-05
 7.1200    1.2566720E-07    8.0055614E-05   -8.0055614E-05
 7.1300    1.2432293E-07    7.9421879E-05   -7.9421879E-05
 7.1400    1.2199653E-07    7.8154461E-05   -7.8154461E-05
 7.1500    1.1934617E-07    7.6670876E-05   -7.6670876E-05
 7.1600    1.1667797E-07    7.5166575E-05   -7.5166575E-05
 7.1700    1.1393708E-07    7.3606004E-05   -7.3606004E-05
 7.1800    1.1097286E-07    7.1891164E-05   -7.1891164E-05
 7.1900    1.0783312E-07    7.0051882E-05   -7.0051882E-05
 7.2000    1.0488993E-07    6.8329567E-05   -6.8329567E-05
 7.2100    1.0271904E-07    6.7101365E-05   -6.7101365E-05
 7.2200    1.0180170E-07    6.6686712E-05   -6.6686712E-05
 7.2300    1.0223723E-07    6.7157656E-05   -6.7157656E-05
 7.2400    1.0364648E-07    6.8271834E-05   -6.8271834E-05
 7.2500    1.0530457E-07    6.9555757E-05   -6.9555757E-05
 7.2600    1.0640434E-07    7.0476195E-05   -7.0476195E-05
 7.2700    1.0633366E-07    7.0623537E-05   -7.0623537E-05
 7.2800    1.0489509E-07    6.9859872E-05   -6.9859872E-05
 7.2900    1.0240150E-07    6.8386635E-05   -6.8386635E-05
 7.3000    9.9566282E-08    6.6675745E-05   -6.6675745E-05
 7.3100    9.7184969E-08    6.5259496E-05   -6.5259496E-05
 7.3200    9.5772011E-08    6.4486771E-05   -6.4486771E-05
 7.3300    9.5389208E-08    6.4404625E-05   -6.4404625E-05
 7.3400    9.5751194E-08    6.4825546E-05   -6.4825546E-05
 7.3500    9.6468397E-08    6.5489188E-05   -6.5489188E-05
 7.3600    9.7234211E-08    6.6188812E-05   -6.6188812E-05
