# total charge: 8.000000 
# r(A)     rho (e/A^3)     4*pi*r^2*rho(e/A)  dip  
 0.0000    8.5176021E+00    0.0000000E+00    6.3830765E+01
 0.0100    8.5065345E+00    1.0689626E-02    6.3501718E+01
 0.0200    8.4925542E+00    4.2688233E-02    6.2524143E+01
 0.0300    8.4750775E+00    9.5850868E-02    6.0926200E+01
 0.0400    8.4534856E+00    1.6996741E-01    5.8753255E+01
 0.0500    8.4271023E+00    2.6474523E-01    5.6065707E+01
 0.0600    8.3951815E+00    3.7978907E-01    5.2936147E+01
 0.0700    8.3569713E+00    5.1458231E-01    4.9446047E+01
 0.0800    8.3118664E+00    6.6847996E-01    4.5682168E+01
 0.0900    8.2595621E+00    8.4072102E-01    4.1732919E+01
 0.1000    8.2000983E+00    1.0304547E+00    3.7684861E+01
 0.1100    8.1337725E+00    1.2367652E+00    3.3619583E+01
 0.1200    8.0609922E+00    1.4586828E+00    2.9611086E+01
 0.1300    7.9821541E+00    1.6951833E+00    2.5723791E+01
 0.1400    7.8975929E+00    1.9451839E+00    2.2011211E+01
 0.1500    7.8075878E+00    2.2075435E+00    1.8515272E+01
 0.1600    7.7123975E+00    2.4810712E+00    1.5266262E+01
 0.1700    7.6122896E+00    2.7645408E+00    1.2283312E+01
 0.1800    7.5075479E+00    3.0567012E+00    9.5753241E+00
 0.1900    7.3984545E+00    3.3562792E+00    7.1422512E+00
 0.2000    7.2852671E+00    3.6619747E+00    4.9765800E+00
 0.2100    7.1682098E+00    3.9724566E+00    3.0649187E+00
 0.2200    7.0474870E+00    4.2863686E+00    1.3895663E+00
 0.2300    6.9233074E+00    4.6023448E+00   -7.0018731E-02
 0.2400    6.7959010E+00    4.9190291E+00   -1.3359043E+00
 0.2500    6.6655217E+00    5.2350885E+00   -2.4305604E+00
 0.2600    6.5324374E+00    5.5492184E+00   -3.3759433E+00
 0.2700    6.3969187E+00    5.8601432E+00   -4.1927936E+00
 0.2800    6.2592307E+00    6.1666157E+00   -4.9001434E+00
 0.2900    6.1196299E+00    6.4674193E+00   -5.5150141E+00
 0.3000    5.9783671E+00    6.7613738E+00   -6.0522781E+00
 0.3100    5.8356903E+00    7.0473442E+00   -6.5246532E+00
 0.3200    5.6918472E+00    7.3242482E+00   -6.9427941E+00
 0.3300    5.5470829E+00    7.5910596E+00   -7.3154485E+00
 0.3400    5.4016357E+00    7.8468073E+00   -7.6496523E+00
 0.3500    5.2557354E+00    8.0905761E+00   -7.9509469E+00
 0.3600    5.1096049E+00    8.3215109E+00   -8.2236066E+00
 0.3700    4.9634637E+00    8.5388260E+00   -8.4708612E+00
 0.3800    4.8175300E+00    8.7418124E+00   -8.6951009E+00
 0.3900    4.6720195E+00    8.9298409E+00   -8.8980560E+00
 0.4000    4.5271421E+00    9.1023592E+00   -9.0809464E+00
 0.4100    4.3830973E+00    9.2588851E+00   -9.2446032E+00
 0.4200    4.2400697E+00    9.3989954E+00   -9.3895645E+00
 0.4300    4.0982272E+00    9.5223208E+00   -9.5161552E+00
 0.4400    3.9577279E+00    9.6285559E+00   -9.6245651E+00
 0.4500    3.8187315E+00    9.7174881E+00   -9.7149307E+00
 0.4600    3.6814098E+00    9.7890307E+00   -9.7874081E+00
 0.4700    3.5459439E+00    9.8432257E+00   -9.8422065E+00
 0.4800    3.4125071E+00    9.8802038E+00   -9.8795700E+00
 0.4900    3.2812443E+00    9.9001231E+00   -9.8997328E+00
 0.5000    3.1522673E+00    9.9031399E+00   -9.9029020E+00
 0.5100    3.0256703E+00    9.8894425E+00   -9.8892990E+00
 0.5200    2.9015523E+00    9.8593198E+00   -9.8592340E+00
 0.5300    2.7800274E+00    9.8132006E+00   -9.8131499E+00
 0.5400    2.6612128E+00    9.7516249E+00   -9.7515951E+00
 0.5500    2.5452069E+00    9.6751638E+00   -9.6751466E+00
 0.5600    2.4320750E+00    9.5843546E+00   -9.5843447E+00
 0.5700    2.3218541E+00    9.4796980E+00   -9.4796924E+00
 0.5800    2.2145724E+00    9.3617219E+00   -9.3617188E+00
 0.5900    2.1102692E+00    9.2310637E+00   -9.2310619E+00
 0.6000    2.0090024E+00    9.0885125E+00   -9.0885116E+00
 0.6100    1.9108399E+00    8.9349851E+00   -8.9349846E+00
 0.6200    1.8158429E+00    8.7714526E+00   -8.7714523E+00
 0.6300    1.7240521E+00    8.5988692E+00   -8.5988691E+00
 0.6400    1.6354855E+00    8.4181473E+00   -8.4181472E+00
 0.6500    1.5501482E+00    8.2301887E+00   -8.2301887E+00
 0.6600    1.4680438E+00    8.0359409E+00   -8.0359409E+00
 0.6700    1.3891801E+00    7.8364256E+00   -7.8364255E+00
 0.6800    1.3135640E+00    7.6327131E+00   -7.6327131E+00
 0.6900    1.2411911E+00    7.4258592E+00   -7.4258592E+00
 0.7000    1.1720384E+00    7.2168517E+00   -7.2168517E+00
 0.7100    1.1060655E+00    7.0066014E+00   -7.0066014E+00
 0.7200    1.0432225E+00    6.7959757E+00   -6.7959757E+00
 0.7300    9.8345828E-01    6.5858453E+00   -6.5858453E+00
 0.7400    9.2672476E-01    6.3771124E+00   -6.3771124E+00
 0.7500    8.7297573E-01    6.1707018E+00   -6.1707018E+00
 0.7600    8.2216141E-01    5.9675235E+00   -5.9675235E+00
 0.7700    7.7422360E-01    5.7684312E+00   -5.7684312E+00
 0.7800    7.2909502E-01    5.5742084E+00   -5.5742084E+00
 0.7900    6.8670305E-01    5.3855867E+00   -5.3855867E+00
 0.8000    6.4697397E-01    5.2032734E+00   -5.2032734E+00
 0.8100    6.0983344E-01    5.0279521E+00   -5.0279521E+00
 0.8200    5.7520258E-01    4.8602476E+00   -4.8602476E+00
 0.8300    5.4299310E-01    4.7006764E+00   -4.7006764E+00
 0.8400    5.1310546E-01    4.5496194E+00   -4.5496194E+00
 0.8500    4.8543106E-01    4.4073270E+00   -4.4073270E+00
 0.8600    4.5985635E-01    4.2739453E+00   -4.2739453E+00
 0.8700    4.3626650E-01    4.1495427E+00   -4.1495427E+00
 0.8800    4.1454730E-01    4.0341245E+00   -4.0341245E+00
 0.8900    3.9458540E-01    3.9276329E+00   -3.9276329E+00
 0.9000    3.7626719E-01    3.8299335E+00   -3.8299335E+00
 0.9100    3.5947721E-01    3.7407958E+00   -3.7407958E+00
 0.9200    3.4409724E-01    3.6598789E+00   -3.6598789E+00
 0.9300    3.3000650E-01    3.5867265E+00   -3.5867265E+00
 0.9400    3.1708260E-01    3.5207727E+00   -3.5207727E+00
 0.9500    3.0520269E-01    3.4613493E+00   -3.4613493E+00
 0.9600    2.9424422E-01    3.4076915E+00   -3.4076915E+00
 0.9700    2.8408579E-01    3.3589447E+00   -3.3589447E+00
 0.9800    2.7460894E-01    3.3141845E+00   -3.3141845E+00
 0.9900    2.6570140E-01    3.2724581E+00   -3.2724581E+00
 1.0000    2.5726180E-01    3.2328471E+00   -3.2328471E+00
 1.0100    2.4920432E-01    3.1945389E+00   -3.1945389E+00
 1.0200    2.4146220E-01    3.1568894E+00   -3.1568894E+00
 1.0300    2.3398837E-01    3.1194540E+00   -3.1194540E+00
 1.0400    2.2675310E-01    3.0819797E+00   -3.0819797E+00
 1.0500    2.1973943E-01    3.0443631E+00   -3.0443631E+00
 1.0600    2.1293811E-01    3.0065953E+00   -3.0065953E+00
 1.0700    2.0634375E-01    2.9687166E+00   -2.9687166E+00
 1.0800    1.9995268E-01    2.9307894E+00   -2.9307894E+00
 1.0900    1.9376209E-01    2.8928883E+00   -2.8928883E+00
 1.1000    1.8776964E-01    2.8550953E+00   -2.8550953E+00
 1.1100    1.8197312E-01    2.8174944E+00   -2.8174944E+00
 1.1200    1.7637000E-01    2.7801653E+00   -2.7801653E+00
 1.1300    1.7095715E-01    2.7431781E+00   -2.7431781E+00
 1.1400    1.6573073E-01    2.7065908E+00   -2.7065908E+00
 1.1500    1.6068628E-01    2.6704493E+00   -2.6704493E+00
 1.1600    1.5581891E-01    2.6347899E+00   -2.6347899E+00
 1.1700    1.5112345E-01    2.5996415E+00   -2.5996415E+00
 1.1800    1.4659461E-01    2.5650266E+00   -2.5650266E+00
 1.1900    1.4222689E-01    2.5309613E+00   -2.5309613E+00
 1.2000    1.3801460E-01    2.4974533E+00   -2.4974533E+00
 1.2100    1.3395182E-01    2.4645023E+00   -2.4645023E+00
 1.2200    1.3003256E-01    2.4321011E+00   -2.4321011E+00
 1.2300    1.2625088E-01    2.4002391E+00   -2.4002391E+00
 1.2400    1.2260107E-01    2.3689041E+00   -2.3689041E+00
 1.2500    1.1907762E-01    2.3380837E+00   -2.3380837E+00
 1.2600    1.1567530E-01    2.3077649E+00   -2.3077649E+00
 1.2700    1.1238899E-01    2.2779338E+00   -2.2779338E+00
 1.2800    1.0921376E-01    2.2485740E+00   -2.2485740E+00
 1.2900    1.0614479E-01    2.2196676E+00   -2.2196676E+00
 1.3000    1.0317743E-01    2.1911961E+00   -2.1911961E+00
 1.3100    1.0030722E-01    2.1631401E+00   -2.1631401E+00
 1.3200    9.7529798E-02    2.1354778E+00   -2.1354778E+00
 1.3300    9.4840814E-02    2.1081835E+00   -2.1081835E+00
 1.3400    9.2236046E-02    2.0812303E+00   -2.0812303E+00
 1.3500    8.9711648E-02    2.0545950E+00   -2.0545950E+00
 1.3600    8.7264344E-02    2.0282641E+00   -2.0282641E+00
 1.3700    8.4891386E-02    2.0022330E+00   -2.0022330E+00
 1.3800    8.2590268E-02    1.9765004E+00   -1.9765004E+00
 1.3900    8.0358435E-02    1.9510614E+00   -1.9510614E+00
 1.4000    7.8193149E-02    1.9259040E+00   -1.9259040E+00
 1.4100    7.6091598E-02    1.9010117E+00   -1.9010117E+00
 1.4200    7.4051118E-02    1.8763687E+00   -1.8763687E+00
 1.4300    7.2069369E-02    1.8519645E+00   -1.8519645E+00
 1.4400    7.0144368E-02    1.8277957E+00   -1.8277957E+00
 1.4500    6.8274379E-02    1.8038633E+00   -1.8038633E+00
 1.4600    6.6457768E-02    1.7801694E+00   -1.7801694E+00
 1.4700    6.4692887E-02    1.7567140E+00   -1.7567140E+00
 1.4800    6.2978067E-02    1.7334951E+00   -1.7334951E+00
 1.4900    6.1311690E-02    1.7105103E+00   -1.7105103E+00
 1.5000    5.9692267E-02    1.6877591E+00   -1.6877591E+00
 1.5100    5.8118427E-02    1.6652430E+00   -1.6652430E+00
 1.5200    5.6588805E-02    1.6429622E+00   -1.6429622E+00
 1.5300    5.5101901E-02    1.6209115E+00   -1.6209115E+00
 1.5400    5.3656030E-02    1.5990787E+00   -1.5990787E+00
 1.5500    5.2249437E-02    1.5774474E+00   -1.5774474E+00
 1.5600    5.0880538E-02    1.5560042E+00   -1.5560042E+00
 1.5700    4.9548124E-02    1.5347456E+00   -1.5347456E+00
 1.5800    4.8251364E-02    1.5136785E+00   -1.5136785E+00
 1.5900    4.6989610E-02    1.4928149E+00   -1.4928149E+00
 1.6000    4.5762181E-02    1.4721652E+00   -1.4721652E+00
 1.6100    4.4568286E-02    1.4517357E+00   -1.4517357E+00
 1.6200    4.3407055E-02    1.4315292E+00   -1.4315292E+00
 1.6300    4.2277601E-02    1.4115472E+00   -1.4115472E+00
 1.6400    4.1179028E-02    1.3917898E+00   -1.3917898E+00
 1.6500    4.0110427E-02    1.3722557E+00   -1.3722557E+00
 1.6600    3.9070882E-02    1.3529422E+00   -1.3529422E+00
 1.6700    3.8059470E-02    1.3338456E+00   -1.3338456E+00
 1.6800    3.7075256E-02    1.3149601E+00   -1.3149601E+00
 1.6900    3.6117306E-02    1.2962794E+00   -1.2962794E+00
 1.7000    3.5184746E-02    1.2777978E+00   -1.2777978E+00
 1.7100    3.4276832E-02    1.2595133E+00   -1.2595133E+00
 1.7200    3.3392964E-02    1.2414285E+00   -1.2414285E+00
 1.7300    3.2532608E-02    1.2235478E+00   -1.2235478E+00
 1.7400    3.1695182E-02    1.2058731E+00   -1.2058731E+00
 1.7500    3.0879992E-02    1.1884014E+00   -1.1884014E+00
 1.7600    3.0086255E-02    1.1711252E+00   -1.1711252E+00
 1.7700    2.9313199E-02    1.1540367E+00   -1.1540367E+00
 1.7800    2.8560162E-02    1.1371311E+00   -1.1371311E+00
 1.7900    2.7826609E-02    1.1204080E+00   -1.1204080E+00
 1.8000    2.7112079E-02    1.1038694E+00   -1.1038694E+00
 1.8100    2.6416084E-02    1.0875155E+00   -1.0875155E+00
 1.8200    2.5738070E-02    1.0713432E+00   -1.0713432E+00
 1.8300    2.5077463E-02    1.0553479E+00   -1.0553479E+00
 1.8400    2.4433785E-02    1.0395282E+00   -1.0395282E+00
 1.8500    2.3806712E-02    1.0238887E+00   -1.0238887E+00
 1.8600    2.3196012E-02    1.0084377E+00   -1.0084377E+00
 1.8700    2.2601398E-02    9.9318096E-01   -9.9318096E-01
 1.8800    2.2022419E-02    9.7811652E-01   -9.7811652E-01
 1.8900    2.1458488E-02    9.6323574E-01   -9.6323574E-01
 1.9000    2.0909006E-02    9.4852865E-01   -9.4852865E-01
 1.9100    2.0373481E-02    9.3398917E-01   -9.3398917E-01
 1.9200    1.9851549E-02    9.1961644E-01   -9.1961644E-01
 1.9300    1.9342921E-02    9.0541261E-01   -9.0541261E-01
 1.9400    1.8847314E-02    8.9137979E-01   -8.9137979E-01
 1.9500    1.8364418E-02    8.7751844E-01   -8.7751844E-01
 1.9600    1.7893903E-02    8.6382760E-01   -8.6382760E-01
 1.9700    1.7435442E-02    8.5030605E-01   -8.5030605E-01
 1.9800    1.6988734E-02    8.3695337E-01   -8.3695337E-01
 1.9900    1.6553508E-02    8.2377015E-01   -8.2377015E-01
 2.0000    1.6129506E-02    8.1075743E-01   -8.1075743E-01
 2.0100    1.5716471E-02    7.9791570E-01   -7.9791570E-01
 2.0200    1.5314126E-02    7.8524436E-01   -7.8524436E-01
 2.0300    1.4922183E-02    7.7274161E-01   -7.7274161E-01
 2.0400    1.4540344E-02    7.6040485E-01   -7.6040485E-01
 2.0500    1.4168312E-02    7.4823102E-01   -7.4823102E-01
 2.0600    1.3805803E-02    7.3621721E-01   -7.3621721E-01
 2.0700    1.3452560E-02    7.2436172E-01   -7.2436172E-01
 2.0800    1.3108383E-02    7.1266538E-01   -7.1266538E-01
 2.0900    1.2773128E-02    7.0113188E-01   -7.0113188E-01
 2.1000    1.2446677E-02    6.8976615E-01   -6.8976615E-01
 2.1100    1.2128874E-02    6.7857097E-01   -6.7857097E-01
 2.1200    1.1819484E-02    6.6754430E-01   -6.6754430E-01
 2.1300    1.1518192E-02    6.5667939E-01   -6.5667939E-01
 2.1400    1.1224665E-02    6.4596771E-01   -6.4596771E-01
 2.1500    1.0938608E-02    6.3540238E-01   -6.3540238E-01
 2.1600    1.0659791E-02    6.2497990E-01   -6.2497990E-01
 2.1700    1.0388038E-02    6.1469953E-01   -6.1469953E-01
 2.1800    1.0123196E-02    6.0456149E-01   -6.0456149E-01
 2.1900    9.8651066E-03    5.9456573E-01   -5.9456573E-01
 2.2000    9.6136088E-03    5.8471155E-01   -5.8471155E-01
 2.2100    9.3685400E-03    5.7499799E-01   -5.7499799E-01
 2.2200    9.1297444E-03    5.6542425E-01   -5.6542425E-01
 2.2300    8.8970687E-03    5.5598943E-01   -5.5598943E-01
 2.2400    8.6703552E-03    5.4669209E-01   -5.4669209E-01
 2.2500    8.4494381E-03    5.3753002E-01   -5.3753002E-01
 2.2600    8.2341523E-03    5.2850079E-01   -5.2850079E-01
 2.2700    8.0243469E-03    5.1960255E-01   -5.1960255E-01
 2.2800    7.8198906E-03    5.1083452E-01   -5.1083452E-01
 2.2900    7.6206650E-03    5.0219652E-01   -5.0219652E-01
 2.3000    7.4265534E-03    4.9368831E-01   -4.9368831E-01
 2.3100    7.2374351E-03    4.8530918E-01   -4.8530918E-01
 2.3200    7.0531880E-03    4.7705812E-01   -4.7705812E-01
 2.3300    6.8736910E-03    4.6893399E-01   -4.6893399E-01
 2.3400    6.6988234E-03    4.6093545E-01   -4.6093545E-01
 2.3500    6.5284627E-03    4.5306083E-01   -4.5306083E-01
 2.3600    6.3624844E-03    4.4530810E-01   -4.4530810E-01
 2.3700    6.2007657E-03    4.3767514E-01   -4.3767514E-01
 2.3800    6.0431921E-03    4.3016015E-01   -4.3016015E-01
 2.3900    5.8896614E-03    4.2276205E-01   -4.2276205E-01
 2.4000    5.7400829E-03    4.1548037E-01   -4.1548037E-01
 2.4100    5.5943708E-03    4.0831487E-01   -4.0831487E-01
 2.4200    5.4524345E-03    4.0126479E-01   -4.0126479E-01
 2.4300    5.3141719E-03    3.9432836E-01   -3.9432836E-01
 2.4400    5.1794720E-03    3.8750294E-01   -3.8750294E-01
 2.4500    5.0482250E-03    3.8078579E-01   -3.8078579E-01
 2.4600    4.9203339E-03    3.7417490E-01   -3.7417490E-01
 2.4700    4.7957181E-03    3.6766934E-01   -3.6766934E-01
 2.4800    4.6743069E-03    3.6126880E-01   -3.6126880E-01
 2.4900    4.5560275E-03    3.5497265E-01   -3.5497265E-01
 2.5000    4.4407983E-03    3.4877948E-01   -3.4877948E-01
 2.5100    4.3285300E-03    3.4268709E-01   -3.4268709E-01
 2.5200    4.2191346E-03    3.3669318E-01   -3.3669318E-01
 2.5300    4.1125321E-03    3.3079597E-01   -3.3079597E-01
 2.5400    4.0086537E-03    3.2499437E-01   -3.2499437E-01
 2.5500    3.9074373E-03    3.1928774E-01   -3.1928774E-01
 2.5600    3.8088217E-03    3.1367538E-01   -3.1367538E-01
 2.5700    3.7127413E-03    3.0815613E-01   -3.0815613E-01
 2.5800    3.6191255E-03    3.0272823E-01   -3.0272823E-01
 2.5900    3.5278998E-03    2.9738950E-01   -2.9738950E-01
 2.6000    3.4389909E-03    2.9213769E-01   -2.9213769E-01
 2.6100    3.3523308E-03    2.8697083E-01   -2.8697083E-01
 2.6200    3.2678597E-03    2.8188752E-01   -2.8188752E-01
 2.6300    3.1855254E-03    2.7688692E-01   -2.7688692E-01
 2.6400    3.1052799E-03    2.7196842E-01   -2.7196842E-01
 2.6500    3.0270755E-03    2.6713135E-01   -2.6713135E-01
 2.6600    2.9508621E-03    2.6237476E-01   -2.6237476E-01
 2.6700    2.8765885E-03    2.5769745E-01   -2.5769745E-01
 2.6800    2.8042049E-03    2.5309828E-01   -2.5309828E-01
 2.6900    2.7336664E-03    2.4857642E-01   -2.4857642E-01
 2.7000    2.6649323E-03    2.4413136E-01   -2.4413136E-01
 2.7100    2.5979632E-03    2.3976260E-01   -2.3976260E-01
 2.7200    2.5327162E-03    2.3546925E-01   -2.3546925E-01
 2.7300    2.4691411E-03    2.3124964E-01   -2.3124964E-01
 2.7400    2.4071807E-03    2.2710133E-01   -2.2710133E-01
 2.7500    2.3467769E-03    2.2302166E-01   -2.2302166E-01
 2.7600    2.2878782E-03    2.1900848E-01   -2.1900848E-01
 2.7700    2.2304445E-03    2.1506059E-01   -2.1506059E-01
 2.7800    2.1744445E-03    2.1117756E-01   -2.1117756E-01
 2.7900    2.1198472E-03    2.0735897E-01   -2.0735897E-01
 2.8000    2.0666162E-03    2.0360375E-01   -2.0360375E-01
 2.8100    2.0147099E-03    1.9991024E-01   -1.9991024E-01
 2.8200    1.9640891E-03    1.9627693E-01   -1.9627693E-01
 2.8300    1.9147275E-03    1.9270355E-01   -1.9270355E-01
 2.8400    1.8666166E-03    1.8919152E-01   -1.8919152E-01
 2.8500    1.8197572E-03    1.8574324E-01   -1.8574324E-01
 2.8600    1.7741419E-03    1.8236030E-01   -1.8236030E-01
 2.8700    1.7297392E-03    1.7904173E-01   -1.7904173E-01
 2.8800    1.6864910E-03    1.7578381E-01   -1.7578381E-01
 2.8900    1.6443280E-03    1.7258141E-01   -1.7258141E-01
 2.9000    1.6031910E-03    1.6943031E-01   -1.6943031E-01
 2.9100    1.5630470E-03    1.6632896E-01   -1.6632896E-01
 2.9200    1.5238933E-03    1.6327892E-01   -1.6327892E-01
 2.9300    1.4857474E-03    1.6028397E-01   -1.6028397E-01
 2.9400    1.4486274E-03    1.5734799E-01   -1.5734799E-01
 2.9500    1.4125315E-03    1.5447281E-01   -1.5447281E-01
 2.9600    1.3774283E-03    1.5165693E-01   -1.5165693E-01
 2.9700    1.3432595E-03    1.4889588E-01   -1.4889588E-01
 2.9800    1.3099564E-03    1.4618380E-01   -1.4618380E-01
 2.9900    1.2774580E-03    1.4351552E-01   -1.4351552E-01
 3.0000    1.2457229E-03    1.4088794E-01   -1.4088794E-01
 3.0100    1.2147325E-03    1.3830042E-01   -1.3830042E-01
 3.0200    1.1844841E-03    1.3575411E-01   -1.3575411E-01
 3.0300    1.1549809E-03    1.3325083E-01   -1.3325083E-01
 3.0400    1.1262210E-03    1.3079184E-01   -1.3079184E-01
 3.0500    1.0981912E-03    1.2837708E-01   -1.2837708E-01
 3.0600    1.0708664E-03    1.2600506E-01   -1.2600506E-01
 3.0700    1.0442154E-03    1.2367352E-01   -1.2367352E-01
 3.0800    1.0182083E-03    1.2138022E-01   -1.2138022E-01
 3.0900    9.9282185E-04    1.1912369E-01   -1.1912369E-01
 3.1000    9.6804289E-04    1.1690359E-01   -1.1690359E-01
 3.1100    9.4386751E-04    1.1472067E-01   -1.1472067E-01
 3.1200    9.2029808E-04    1.1257646E-01   -1.1257646E-01
 3.1300    8.9733770E-04    1.1047257E-01   -1.1047257E-01
 3.1400    8.7498422E-04    1.0841001E-01   -1.0841001E-01
 3.1500    8.5322599E-04    1.0638859E-01   -1.0638859E-01
 3.1600    8.3204088E-04    1.0440678E-01   -1.0440678E-01
 3.1700    8.1139900E-04    1.0246201E-01   -1.0246201E-01
 3.1800    7.9126831E-04    1.0055134E-01   -1.0055134E-01
 3.1900    7.7162115E-04    9.8672323E-02   -9.8672323E-02
 3.2000    7.5243896E-04    9.6823571E-02   -9.6823571E-02
 3.2100    7.3371346E-04    9.5004989E-02   -9.5004989E-02
 3.2200    7.1544393E-04    9.3217448E-02   -9.3217448E-02
 3.2300    6.9763215E-04    9.1462148E-02   -9.1462148E-02
 3.2400    6.8027647E-04    8.9739849E-02   -8.9739849E-02
 3.2500    6.6336676E-04    8.8050189E-02   -8.8050189E-02
 3.2600    6.4688281E-04    8.6391433E-02   -8.6391433E-02
 3.2700    6.3079874E-04    8.4761022E-02   -8.4761022E-02
 3.2800    6.1509350E-04    8.3156977E-02   -8.3156977E-02
 3.2900    5.9976174E-04    8.1579383E-02   -8.1579383E-02
 3.3000    5.8481609E-04    8.0030781E-02   -8.0030781E-02
 3.3100    5.7027691E-04    7.8514820E-02   -7.8514820E-02
 3.3200    5.5615517E-04    7.7033921E-02   -7.7033921E-02
 3.3300    5.4244040E-04    7.5587566E-02   -7.5587566E-02
 3.3400    5.2910163E-04    7.4172326E-02   -7.4172326E-02
 3.3500    5.1609956E-04    7.2783506E-02   -7.2783506E-02
 3.3600    5.0340166E-04    7.1417240E-02   -7.1417240E-02
 3.3700    4.9099111E-04    7.0071803E-02   -7.0071803E-02
 3.3800    4.7886607E-04    6.8747566E-02   -6.8747566E-02
 3.3900    4.6703180E-04    6.7445925E-02   -6.7445925E-02
 3.4000    4.5549232E-04    6.6168115E-02   -6.6168115E-02
 3.4100    4.4424630E-04    6.4914608E-02   -6.4914608E-02
 3.4200    4.3328720E-04    6.3685115E-02   -6.3685115E-02
 3.4300    4.2260454E-04    6.2478740E-02   -6.2478740E-02
 3.4400    4.1218457E-04    6.1294073E-02   -6.1294073E-02
 3.4500    4.0201200E-04    6.0129428E-02   -6.0129428E-02
 3.4600    3.9207425E-04    5.8983478E-02   -5.8983478E-02
 3.4700    3.8236605E-04    5.7855964E-02   -5.7855964E-02
 3.4800    3.7289032E-04    5.6747857E-02   -5.6747857E-02
 3.4900    3.6365354E-04    5.5660684E-02   -5.5660684E-02
 3.5000    3.5465901E-04    5.4595513E-02   -5.4595513E-02
 3.5100    3.4590305E-04    5.3552345E-02   -5.3552345E-02
 3.5200    3.3737561E-04    5.2530178E-02   -5.2530178E-02
 3.5300    3.2906293E-04    5.1527400E-02   -5.1527400E-02
 3.5400    3.2094976E-04    5.0542118E-02   -5.0542118E-02
 3.5500    3.1302146E-04    4.9572485E-02   -4.9572485E-02
 3.5600    3.0526716E-04    4.8617200E-02   -4.8617200E-02
 3.5700    2.9768275E-04    4.7676017E-02   -4.7676017E-02
 3.5800    2.9027106E-04    4.6749789E-02   -4.6749789E-02
 3.5900    2.8303832E-04    4.5839935E-02   -4.5839935E-02
 3.6000    2.7598978E-04    4.4947741E-02   -4.4947741E-02
 3.6100    2.6912761E-04    4.4074006E-02   -4.4074006E-02
 3.6200    2.6245104E-04    4.3219059E-02   -4.3219059E-02
 3.6300    2.5595630E-04    4.2382731E-02   -4.2382731E-02
 3.6400    2.4963460E-04    4.1564008E-02   -4.1564008E-02
 3.6500    2.4346947E-04    4.0760556E-02   -4.0760556E-02
 3.6600    2.3743610E-04    3.9968586E-02   -3.9968586E-02
 3.6700    2.3150602E-04    3.9183596E-02   -3.9183596E-02
 3.6800    2.2565873E-04    3.8402336E-02   -3.8402336E-02
 3.6900    2.1989781E-04    3.7625607E-02   -3.7625607E-02
 3.7000    2.1426175E-04    3.6860224E-02   -3.6860224E-02
 3.7100    2.0881572E-04    3.6117765E-02   -3.6117765E-02
 3.7200    2.0362051E-04    3.5409294E-02   -3.5409294E-02
 3.7300    1.9869541E-04    3.4738844E-02   -3.4738844E-02
 3.7400    1.9400293E-04    3.4100549E-02   -3.4100549E-02
 3.7500    1.8946882E-04    3.3481904E-02   -3.3481904E-02
 3.7600    1.8502121E-04    3.2870557E-02   -3.2870557E-02
 3.7700    1.8061979E-04    3.2259520E-02   -3.2259520E-02
 3.7800    1.7625958E-04    3.1647994E-02   -3.1647994E-02
 3.7900    1.7195667E-04    3.1038971E-02   -3.1038971E-02
 3.8000    1.6773259E-04    3.0436486E-02   -3.0436486E-02
 3.8100    1.6360567E-04    2.9844078E-02   -2.9844078E-02
 3.8200    1.5958799E-04    2.9264210E-02   -2.9264210E-02
 3.8300    1.5568327E-04    2.8697850E-02   -2.8697850E-02
 3.8400    1.5188536E-04    2.8144155E-02   -2.8144155E-02
 3.8500    1.4818053E-04    2.7600850E-02   -2.7600850E-02
 3.8600    1.4455494E-04    2.7065584E-02   -2.7065584E-02
 3.8700    1.4100341E-04    2.6537585E-02   -2.6537585E-02
 3.8800    1.3753297E-04    2.6018373E-02   -2.6018373E-02
 3.8900    1.3415773E-04    2.5510840E-02   -2.5510840E-02
 3.9000    1.3088796E-04    2.5017205E-02   -2.5017205E-02
 3.9100    1.2772133E-04    2.4537302E-02   -2.4537302E-02
 3.9200    1.2464251E-04    2.4068454E-02   -2.4068454E-02
 3.9300    1.2163176E-04    2.3607063E-02   -2.3607063E-02
 3.9400    1.1867602E-04    2.3150761E-02   -2.3150761E-02
 3.9500    1.1577478E-04    2.2699590E-02   -2.2699590E-02
 3.9600    1.1293667E-04    2.2255389E-02   -2.2255389E-02
 3.9700    1.1016962E-04    2.1819899E-02   -2.1819899E-02
 3.9800    1.0747173E-04    2.1392930E-02   -2.1392930E-02
 3.9900    1.0482878E-04    2.0971824E-02   -2.0971824E-02
 4.0000    1.0222004E-04    2.0552559E-02   -2.0552559E-02
 4.0100    9.9629173E-05    2.0131917E-02   -2.0131917E-02
 4.0200    9.7054490E-05    1.9709591E-02   -1.9709591E-02
 4.0300    9.4513007E-05    1.9289081E-02   -1.9289081E-02
 4.0400    9.2035453E-05    1.8876773E-02   -1.8876773E-02
 4.0500    8.9653483E-05    1.8479367E-02   -1.8479367E-02
 4.0600    8.7385012E-05    1.8100846E-02   -1.8100846E-02
 4.0700    8.5226075E-05    1.7740717E-02   -1.7740717E-02
 4.0800    8.3154479E-05    1.7394656E-02   -1.7394656E-02
 4.0900    8.1142584E-05    1.7057105E-02   -1.7057105E-02
 4.1000    7.9170182E-05    1.6723964E-02   -1.6723964E-02
 4.1100    7.7229614E-05    1.6393715E-02   -1.6393715E-02
 4.1200    7.5322353E-05    1.6066755E-02   -1.6066755E-02
 4.1300    7.3452252E-05    1.5744000E-02   -1.5744000E-02
 4.1400    7.1621043E-05    1.5425924E-02   -1.5425924E-02
 4.1500    6.9828022E-05    1.5112482E-02   -1.5112482E-02
 4.1600    6.8072315E-05    1.4803590E-02   -1.4803590E-02
 4.1700    6.6354953E-05    1.4499576E-02   -1.4499576E-02
 4.1800    6.4678979E-05    1.4201218E-02   -1.4201218E-02
 4.1900    6.3047401E-05    1.3909294E-02   -1.3909294E-02
 4.2000    6.1460096E-05    1.3623907E-02   -1.3623907E-02
 4.2100    5.9911775E-05    1.3344006E-02   -1.3344006E-02
 4.2200    5.8393360E-05    1.3067672E-02   -1.3067672E-02
 4.2300    5.6897236E-05    1.2793276E-02   -1.2793276E-02
 4.2400    5.5423185E-05    1.2520828E-02   -1.2520828E-02
 4.2500    5.3979877E-05    1.2252356E-02   -1.2252356E-02
 4.2600    5.2579768E-05    1.1990788E-02   -1.1990788E-02
 4.2700    5.1231180E-05    1.1738159E-02   -1.1738159E-02
 4.2800    4.9934097E-05    1.1494620E-02   -1.1494620E-02
 4.2900    4.8682864E-05    1.1259019E-02   -1.1259019E-02
 4.3000    4.7473038E-05    1.1030465E-02   -1.1030465E-02
 4.3100    4.6307044E-05    1.0809646E-02   -1.0809646E-02
 4.3200    4.5195483E-05    1.0599183E-02   -1.0599183E-02
 4.3300    4.4154699E-05    1.0403096E-02   -1.0403096E-02
 4.3400    4.3202721E-05    1.0225874E-02   -1.0225874E-02
 4.3500    4.2354973E-05    1.0071468E-02   -1.0071468E-02
 4.3600    4.1620589E-05    9.9423961E-03   -9.9423961E-03
 4.3700    4.1000455E-05    9.8392368E-03   -9.8392368E-03
 4.3800    4.0487722E-05    9.7607104E-03   -9.7607104E-03
