# total charge: 10.000000 
# r(A)     rho (e/A^3)     4*pi*r^2*rho(e/A)  dip  
 0.0000    1.4058482E+01    0.0000000E+00    7.9788456E+01
 0.0100    1.4038888E+01    1.7641787E-02    7.9372868E+01
 0.0200    1.4014142E+01    7.0442759E-02    7.8138096E+01
 0.0300    1.3983214E+01    1.5814643E-01    7.6119417E+01
 0.0400    1.3945019E+01    2.8038124E-01    7.3373647E+01
 0.0500    1.3898370E+01    4.3663018E-01    6.9976435E+01
 0.0600    1.3841960E+01    6.2619552E-01    6.6018725E+01
 0.0700    1.3774467E+01    8.4816578E-01    6.1602621E+01
 0.0800    1.3694821E+01    1.1014029E+00    5.6836908E+01
 0.0900    1.3602477E+01    1.3845635E+00    5.1832486E+01
 0.1000    1.3497492E+01    1.6961449E+00    4.6698000E+01
 0.1100    1.3380383E+01    2.0345285E+00    4.1535907E+01
 0.1200    1.3251862E+01    2.3980004E+00    3.6439211E+01
 0.1300    1.3112627E+01    2.7847503E+00    3.1488968E+01
 0.1400    1.2963265E+01    3.1928634E+00    2.6752630E+01
 0.1500    1.2804267E+01    3.6203213E+00    2.2283198E+01
 0.1600    1.2636085E+01    4.0650169E+00    1.8119150E+01
 0.1700    1.2459189E+01    4.5247801E+00    1.4285035E+01
 0.1800    1.2274087E+01    4.9973995E+00    1.0792632E+01
 0.1900    1.2081287E+01    5.4806273E+00    7.6425356E+00
 0.2000    1.1881256E+01    5.9721707E+00    4.8260226E+00
 0.2100    1.1674399E+01    6.4696826E+00    2.3270366E+00
 0.2200    1.1461081E+01    6.9707711E+00    1.2414750E-01
 0.2300    1.1241676E+01    7.4730278E+00   -1.8076202E+00
 0.2400    1.1016592E+01    7.9740621E+00   -3.4951560E+00
 0.2500    1.0786283E+01    8.4715272E+00   -4.9658671E+00
 0.2600    1.0551236E+01    8.9631342E+00   -6.2465403E+00
 0.2700    1.0311949E+01    9.4466573E+00   -7.3624704E+00
 0.2800    1.0068921E+01    9.9199357E+00   -8.3368454E+00
 0.2900    9.8226371E+00    1.0380875E+01   -9.1903685E+00
 0.3000    9.5735689E+00    1.0827451E+01   -9.9410817E+00
 0.3100    9.3221749E+00    1.1257721E+01   -1.0604358E+01
 0.3200    9.0689067E+00    1.1669836E+01   -1.1193018E+01
 0.3300    8.8142138E+00    1.2062056E+01   -1.1717542E+01
 0.3400    8.5585444E+00    1.2432762E+01   -1.2186318E+01
 0.3500    8.3023431E+00    1.2780464E+01   -1.2605928E+01
 0.3600    8.0460459E+00    1.3103803E+01   -1.2981423E+01
 0.3700    7.7900764E+00    1.3401550E+01   -1.3316594E+01
 0.3800    7.5348451E+00    1.3672609E+01   -1.3614219E+01
 0.3900    7.2807496E+00    1.3916024E+01   -1.3876293E+01
 0.4000    7.0281763E+00    1.4130987E+01   -1.4104221E+01
 0.4100    6.7775015E+00    1.4316841E+01   -1.4298989E+01
 0.4200    6.5290901E+00    1.4473085E+01   -1.4461296E+01
 0.4300    6.2832937E+00    1.4599371E+01   -1.4591664E+01
 0.4400    6.0404475E+00    1.4695499E+01   -1.4690510E+01
 0.4500    5.8008693E+00    1.4761414E+01   -1.4758218E+01
 0.4600    5.5648591E+00    1.4797205E+01   -1.4795177E+01
 0.4700    5.3327003E+00    1.4803103E+01   -1.4801829E+01
 0.4800    5.1046607E+00    1.4779482E+01   -1.4778690E+01
 0.4900    4.8809929E+00    1.4726862E+01   -1.4726374E+01
 0.5000    4.6619348E+00    1.4645900E+01   -1.4645603E+01
 0.5100    4.4477075E+00    1.4537390E+01   -1.4537210E+01
 0.5200    4.2385139E+00    1.4402244E+01   -1.4402137E+01
 0.5300    4.0345373E+00    1.4241487E+01   -1.4241423E+01
 0.5400    3.8359422E+00    1.4056249E+01   -1.4056212E+01
 0.5500    3.6428766E+00    1.3847766E+01   -1.3847744E+01
 0.5600    3.4554725E+00    1.3617374E+01   -1.3617361E+01
 0.5700    3.2738463E+00    1.3366505E+01   -1.3366498E+01
 0.5800    3.0980974E+00    1.3096671E+01   -1.3096667E+01
 0.5900    2.9283083E+00    1.2809456E+01   -1.2809454E+01
 0.6000    2.7645451E+00    1.2506507E+01   -1.2506506E+01
 0.6100    2.6068582E+00    1.2189529E+01   -1.2189529E+01
 0.6200    2.4552830E+00    1.1860276E+01   -1.1860276E+01
 0.6300    2.3098393E+00    1.1520537E+01   -1.1520537E+01
 0.6400    2.1705304E+00    1.1172122E+01   -1.1172122E+01
 0.6500    2.0373435E+00    1.0816850E+01   -1.0816850E+01
 0.6600    1.9102498E+00    1.0456538E+01   -1.0456538E+01
 0.6700    1.7892065E+00    1.0092992E+01   -1.0092992E+01
 0.6800    1.6741568E+00    9.7280059E+00   -9.7280059E+00
 0.6900    1.5650309E+00    9.3633435E+00   -9.3633435E+00
 0.7000    1.4617456E+00    9.0007301E+00   -9.0007301E+00
 0.7100    1.3642047E+00    8.6418377E+00   -8.6418377E+00
 0.7200    1.2722989E+00    8.2882723E+00   -8.2882723E+00
 0.7300    1.1859064E+00    7.9415634E+00   -7.9415634E+00
 0.7400    1.1048938E+00    7.6031553E+00   -7.6031553E+00
 0.7500    1.0291171E+00    7.2744003E+00   -7.2744003E+00
 0.7600    9.5842230E-01    6.9565508E+00   -6.9565508E+00
 0.7700    8.9264606E-01    6.6507498E+00   -6.6507498E+00
 0.7800    8.3161635E-01    6.3580229E+00   -6.3580229E+00
 0.7900    7.7515304E-01    6.0792709E+00   -6.0792709E+00
 0.8000    7.2306852E-01    5.8152621E+00   -5.8152621E+00
 0.8100    6.7516782E-01    5.5666208E+00   -5.5666208E+00
 0.8200    6.3124863E-01    5.3338159E+00   -5.3338159E+00
 0.8300    5.9110192E-01    5.1171532E+00   -5.1171532E+00
 0.8400    5.5451305E-01    4.9167736E+00   -4.9167736E+00
 0.8500    5.2126303E-01    4.7326527E+00   -4.7326527E+00
 0.8600    4.9112913E-01    4.5645973E+00   -4.5645973E+00
 0.8700    4.6388510E-01    4.4122366E+00   -4.4122366E+00
 0.8800    4.3930148E-01    4.2750173E+00   -4.2750173E+00
 0.8900    4.1714655E-01    4.1522026E+00   -4.1522026E+00
 0.9000    3.9718779E-01    4.0428793E+00   -4.0428793E+00
 0.9100    3.7919325E-01    3.9459652E+00   -3.9459652E+00
 0.9200    3.6293277E-01    3.8602169E+00   -3.8602169E+00
 0.9300    3.4817916E-01    3.7842388E+00   -3.7842388E+00
 0.9400    3.3471020E-01    3.7165032E+00   -3.7165032E+00
 0.9500    3.2231229E-01    3.6553919E+00   -3.6553919E+00
 0.9600    3.1078606E-01    3.5992653E+00   -3.5992653E+00
 0.9700    2.9995338E-01    3.5465582E+00   -3.5465582E+00
 0.9800    2.8966441E-01    3.4958851E+00   -3.4958851E+00
 0.9900    2.7980242E-01    3.4461304E+00   -3.4461304E+00
 1.0000    2.7028468E-01    3.3964975E+00   -3.3964975E+00
 1.0100    2.6105905E-01    3.3465041E+00   -3.3465041E+00
 1.0200    2.5209721E-01    3.2959320E+00   -3.2959320E+00
 1.0300    2.4338695E-01    3.2447527E+00   -3.2447527E+00
 1.0400    2.3492521E-01    3.1930532E+00   -3.1930532E+00
 1.0500    2.2671298E-01    3.1409777E+00   -3.1409777E+00
 1.0600    2.1875235E-01    3.0886899E+00   -3.0886899E+00
 1.0700    2.1104495E-01    3.0363538E+00   -3.0363538E+00
 1.0800    2.0359142E-01    2.9841239E+00   -2.9841239E+00
 1.0900    1.9639126E-01    2.9321421E+00   -2.9321421E+00
 1.1000    1.8944283E-01    2.8805366E+00   -2.8805366E+00
 1.1100    1.8274341E-01    2.8294208E+00   -2.8294208E+00
 1.1200    1.7628932E-01    2.7788935E+00   -2.7788935E+00
 1.1300    1.7007599E-01    2.7290391E+00   -2.7290391E+00
 1.1400    1.6409816E-01    2.6799290E+00   -2.6799290E+00
 1.1500    1.5834999E-01    2.6316225E+00   -2.6316225E+00
 1.1600    1.5282520E-01    2.5841684E+00   -2.5841684E+00
 1.1700    1.4751716E-01    2.5376057E+00   -2.5376057E+00
 1.1800    1.4241894E-01    2.4919633E+00   -2.4919633E+00
 1.1900    1.3752334E-01    2.4472605E+00   -2.4472605E+00
 1.2000    1.3282296E-01    2.4035077E+00   -2.4035077E+00
 1.2100    1.2831030E-01    2.3607072E+00   -2.3607072E+00
 1.2200    1.2397786E-01    2.3188553E+00   -2.3188553E+00
 1.2300    1.1981819E-01    2.2779430E+00   -2.2779430E+00
 1.2400    1.1582396E-01    2.2379566E+00   -2.2379566E+00
 1.2500    1.1198794E-01    2.1988781E+00   -2.1988781E+00
 1.2600    1.0830306E-01    2.1606861E+00   -2.1606861E+00
 1.2700    1.0476242E-01    2.1233560E+00   -2.1233560E+00
 1.2800    1.0135935E-01    2.0868614E+00   -2.0868614E+00
 1.2900    9.8087428E-02    2.0511746E+00   -2.0511746E+00
 1.3000    9.4940505E-02    2.0162673E+00   -2.0162673E+00
 1.3100    9.1912684E-02    1.9821107E+00   -1.9821107E+00
 1.3200    8.8998343E-02    1.9486760E+00   -1.9486760E+00
 1.3300    8.6192127E-02    1.9159349E+00   -1.9159349E+00
 1.3400    8.3488939E-02    1.8838590E+00   -1.8838590E+00
 1.3500    8.0883919E-02    1.8524205E+00   -1.8524205E+00
 1.3600    7.8372435E-02    1.8215916E+00   -1.8215916E+00
 1.3700    7.5950101E-02    1.7913455E+00   -1.7913455E+00
 1.3800    7.3612812E-02    1.7616574E+00   -1.7616574E+00
 1.3900    7.1356757E-02    1.7325053E+00   -1.7325053E+00
 1.4000    6.9178402E-02    1.7038700E+00   -1.7038700E+00
 1.4100    6.7074432E-02    1.6757340E+00   -1.6757340E+00
 1.4200    6.5041712E-02    1.6480809E+00   -1.6480809E+00
 1.4300    6.3077258E-02    1.6208945E+00   -1.6208945E+00
 1.4400    6.1178234E-02    1.5941595E+00   -1.5941595E+00
 1.4500    5.9341969E-02    1.5678619E+00   -1.5678619E+00
 1.4600    5.7565963E-02    1.5419893E+00   -1.5419893E+00
 1.4700    5.5847886E-02    1.5165309E+00   -1.5165309E+00
 1.4800    5.4185555E-02    1.4914779E+00   -1.4914779E+00
 1.4900    5.2576913E-02    1.4668222E+00   -1.4668222E+00
 1.5000    5.1020008E-02    1.4425567E+00   -1.4425567E+00
 1.5100    4.9512984E-02    1.4186748E+00   -1.4186748E+00
 1.5200    4.8054081E-02    1.3951706E+00   -1.3951706E+00
 1.5300    4.6641630E-02    1.3720390E+00   -1.3720390E+00
 1.5400    4.5274050E-02    1.3492756E+00   -1.3492756E+00
 1.5500    4.3949828E-02    1.3268763E+00   -1.3268763E+00
 1.5600    4.2667505E-02    1.3048371E+00   -1.3048371E+00
 1.5700    4.1425667E-02    1.2831537E+00   -1.2831537E+00
 1.5800    4.0222942E-02    1.2618214E+00   -1.2618214E+00
 1.5900    3.9058008E-02    1.2408355E+00   -1.2408355E+00
 1.6000    3.7929591E-02    1.2201915E+00   -1.2201915E+00
 1.6100    3.6836473E-02    1.1998851E+00   -1.1998851E+00
 1.6200    3.5777478E-02    1.1799120E+00   -1.1799120E+00
 1.6300    3.4751468E-02    1.1602678E+00   -1.1602678E+00
 1.6400    3.3757333E-02    1.1409476E+00   -1.1409476E+00
 1.6500    3.2793992E-02    1.1219462E+00   -1.1219462E+00
 1.6600    3.1860393E-02    1.1032582E+00   -1.1032582E+00
 1.6700    3.0955523E-02    1.0848781E+00   -1.0848781E+00
 1.6800    3.0078409E-02    1.0668007E+00   -1.0668007E+00
 1.6900    2.9228107E-02    1.0490205E+00   -1.0490205E+00
 1.7000    2.8403700E-02    1.0315318E+00   -1.0315318E+00
 1.7100    2.7604295E-02    1.0143288E+00   -1.0143288E+00
 1.7200    2.6829022E-02    9.9740514E-01   -9.9740514E-01
 1.7300    2.6077041E-02    9.8075464E-01   -9.8075464E-01
 1.7400    2.5347545E-02    9.6437129E-01   -9.6437129E-01
 1.7500    2.4639767E-02    9.4824936E-01   -9.4824936E-01
 1.7600    2.3952969E-02    9.3238342E-01   -9.3238342E-01
 1.7700    2.3286441E-02    9.1676816E-01   -9.1676816E-01
 1.7800    2.2639501E-02    9.0139829E-01   -9.0139829E-01
 1.7900    2.2011489E-02    8.8626856E-01   -8.8626856E-01
 1.8000    2.1401769E-02    8.7137388E-01   -8.7137388E-01
 1.8100    2.0809736E-02    8.5670949E-01   -8.5670949E-01
 1.8200    2.0234814E-02    8.4227101E-01   -8.4227101E-01
 1.8300    1.9676451E-02    8.2805430E-01   -8.2805430E-01
 1.8400    1.9134115E-02    8.1405527E-01   -8.1405527E-01
 1.8500    1.8607287E-02    8.0026970E-01   -8.0026970E-01
 1.8600    1.8095467E-02    7.8669346E-01   -7.8669346E-01
 1.8700    1.7598179E-02    7.7332277E-01   -7.7332277E-01
 1.8800    1.7114978E-02    7.6015457E-01   -7.6015457E-01
 1.8900    1.6645449E-02    7.4718643E-01   -7.4718643E-01
 1.9000    1.6189194E-02    7.3441626E-01   -7.3441626E-01
 1.9100    1.5745828E-02    7.2184195E-01   -7.2184195E-01
 1.9200    1.5314976E-02    7.0946120E-01   -7.0946120E-01
 1.9300    1.4896269E-02    6.9727164E-01   -6.9727164E-01
 1.9400    1.4489354E-02    6.8527100E-01   -6.8527100E-01
 1.9500    1.4093894E-02    6.7345734E-01   -6.7345734E-01
 1.9600    1.3709569E-02    6.6182902E-01   -6.6182902E-01
 1.9700    1.3336072E-02    6.5038458E-01   -6.5038458E-01
 1.9800    1.2973100E-02    6.3912237E-01   -6.3912237E-01
 1.9900    1.2620354E-02    6.2804038E-01   -6.2804038E-01
 2.0000    1.2277532E-02    6.1713608E-01   -6.1713608E-01
 2.0100    1.1944337E-02    6.0640675E-01   -6.0640675E-01
 2.0200    1.1620484E-02    5.9584983E-01   -5.9584983E-01
 2.0300    1.1305707E-02    5.8546331E-01   -5.8546331E-01
 2.0400    1.0999760E-02    5.7524572E-01   -5.7524572E-01
 2.0500    1.0702406E-02    5.6519589E-01   -5.6519589E-01
 2.0600    1.0413413E-02    5.5531245E-01   -5.5531245E-01
 2.0700    1.0132547E-02    5.4559351E-01   -5.4559351E-01
 2.0800    9.8595697E-03    5.3603666E-01   -5.3603666E-01
 2.0900    9.5942432E-03    5.2663917E-01   -5.2663917E-01
 2.1000    9.3363388E-03    5.1739837E-01   -5.1739837E-01
 2.1100    9.0856385E-03    5.0831184E-01   -5.0831184E-01
 2.1200    8.8419348E-03    4.9937741E-01   -4.9937741E-01
 2.1300    8.6050270E-03    4.9059296E-01   -4.9059296E-01
 2.1400    8.3747182E-03    4.8195625E-01   -4.8195625E-01
 2.1500    8.1508138E-03    4.7346486E-01   -4.7346486E-01
 2.1600    7.9331212E-03    4.6511619E-01   -4.6511619E-01
 2.1700    7.7214497E-03    4.5690739E-01   -4.5690739E-01
 2.1800    7.5156116E-03    4.4883548E-01   -4.4883548E-01
 2.1900    7.3154237E-03    4.4089744E-01   -4.4089744E-01
 2.2000    7.1207111E-03    4.3309044E-01   -4.3309044E-01
 2.2100    6.9313100E-03    4.2541200E-01   -4.2541200E-01
 2.2200    6.7470672E-03    4.1786005E-01   -4.1786005E-01
 2.2300    6.5678383E-03    4.1043279E-01   -4.1043279E-01
 2.2400    6.3934846E-03    4.0312852E-01   -4.0312852E-01
 2.2500    6.2238706E-03    3.9594554E-01   -3.9594554E-01
 2.2600    6.0588628E-03    3.8888202E-01   -3.8888202E-01
 2.2700    5.8983295E-03    3.8193601E-01   -3.8193601E-01
 2.2800    5.7421405E-03    3.7510545E-01   -3.7510545E-01
 2.2900    5.5901683E-03    3.6838820E-01   -3.6838820E-01
 2.3000    5.4422886E-03    3.6178212E-01   -3.6178212E-01
 2.3100    5.2983827E-03    3.5528523E-01   -3.5528523E-01
 2.3200    5.1583382E-03    3.4889572E-01   -3.4889572E-01
 2.3300    5.0220482E-03    3.4261201E-01   -3.4261201E-01
 2.3400    4.8894106E-03    3.3643262E-01   -3.3643262E-01
 2.3500    4.7603271E-03    3.3035614E-01   -3.3035614E-01
 2.3600    4.6347035E-03    3.2438131E-01   -3.2438131E-01
 2.3700    4.5124506E-03    3.1850702E-01   -3.1850702E-01
 2.3800    4.3934822E-03    3.1273224E-01   -3.1273224E-01
 2.3900    4.2777135E-03    3.0705584E-01   -3.0705584E-01
 2.4000    4.1650586E-03    3.0147650E-01   -3.0147650E-01
 2.4100    4.0554312E-03    2.9599269E-01   -2.9599269E-01
 2.4200    3.9487467E-03    2.9060285E-01   -2.9060285E-01
 2.4300    3.8449239E-03    2.8530551E-01   -2.8530551E-01
 2.4400    3.7438864E-03    2.8009940E-01   -2.8009940E-01
 2.4500    3.6455618E-03    2.7498341E-01   -2.7498341E-01
 2.4600    3.5498814E-03    2.6995658E-01   -2.6995658E-01
 2.4700    3.4567785E-03    2.6501797E-01   -2.6501797E-01
 2.4800    3.3661876E-03    2.6016660E-01   -2.6016660E-01
 2.4900    3.2780414E-03    2.5540124E-01   -2.5540124E-01
 2.5000    3.1922703E-03    2.5072032E-01   -2.5072032E-01
 2.5100    3.1088019E-03    2.4612196E-01   -2.4612196E-01
 2.5200    3.0275652E-03    2.4160419E-01   -2.4160419E-01
 2.5300    2.9484937E-03    2.3716528E-01   -2.3716528E-01
 2.5400    2.8715284E-03    2.3280398E-01   -2.3280398E-01
 2.5500    2.7966167E-03    2.2851945E-01   -2.2851945E-01
 2.5600    2.7237099E-03    2.2431104E-01   -2.2431104E-01
 2.5700    2.6527583E-03    2.2017793E-01   -2.2017793E-01
 2.5800    2.5837085E-03    2.1611892E-01   -2.1611892E-01
 2.5900    2.5165039E-03    2.1213240E-01   -2.1213240E-01
 2.6000    2.4510873E-03    2.0821659E-01   -2.0821659E-01
 2.6100    2.3874044E-03    2.0436987E-01   -2.0436987E-01
 2.6200    2.3254059E-03    2.0059089E-01   -2.0059089E-01
 2.6300    2.2650456E-03    1.9687850E-01   -1.9687850E-01
 2.6400    2.2062779E-03    1.9323150E-01   -1.9323150E-01
 2.6500    2.1490564E-03    1.8964850E-01   -1.8964850E-01
 2.6600    2.0933349E-03    1.8612806E-01   -1.8612806E-01
 2.6700    2.0390713E-03    1.8266898E-01   -1.8266898E-01
 2.6800    1.9862287E-03    1.7927045E-01   -1.7927045E-01
 2.6900    1.9347738E-03    1.7593191E-01   -1.7593191E-01
 2.7000    1.8846735E-03    1.7265275E-01   -1.7265275E-01
 2.7100    1.8358920E-03    1.6943205E-01   -1.6943205E-01
 2.7200    1.7883908E-03    1.6626855E-01   -1.6626855E-01
 2.7300    1.7421311E-03    1.6316086E-01   -1.6316086E-01
 2.7400    1.6970765E-03    1.6010777E-01   -1.6010777E-01
 2.7500    1.6531941E-03    1.5710829E-01   -1.5710829E-01
 2.7600    1.6104544E-03    1.5416169E-01   -1.5416169E-01
 2.7700    1.5688282E-03    1.5126721E-01   -1.5126721E-01
 2.7800    1.5282860E-03    1.4842398E-01   -1.4842398E-01
 2.7900    1.4887976E-03    1.4563103E-01   -1.4563103E-01
 2.8000    1.4503341E-03    1.4288741E-01   -1.4288741E-01
 2.8100    1.4128693E-03    1.4019240E-01   -1.4019240E-01
 2.8200    1.3763801E-03    1.3754553E-01   -1.3754553E-01
 2.8300    1.3408456E-03    1.3494647E-01   -1.3494647E-01
 2.8400    1.3062450E-03    1.3239488E-01   -1.3239488E-01
 2.8500    1.2725556E-03    1.2989019E-01   -1.2989019E-01
 2.8600    1.2397521E-03    1.2743149E-01   -1.2743149E-01
 2.8700    1.2078063E-03    1.2501754E-01   -1.2501754E-01
 2.8800    1.1766895E-03    1.2264694E-01   -1.2264694E-01
 2.8900    1.1463750E-03    1.2031846E-01   -1.2031846E-01
 2.9000    1.1168413E-03    1.1803133E-01   -1.1803133E-01
 2.9100    1.0880720E-03    1.1578531E-01   -1.1578531E-01
 2.9200    1.0600536E-03    1.1358040E-01   -1.1358040E-01
 2.9300    1.0327714E-03    1.1141645E-01   -1.1141645E-01
 2.9400    1.0062072E-03    1.0929290E-01   -1.0929290E-01
 2.9500    9.8033983E-04    1.0720883E-01   -1.0720883E-01
 2.9600    9.5514756E-04    1.0516319E-01   -1.0516319E-01
 2.9700    9.3061070E-04    1.0315512E-01   -1.0315512E-01
 2.9800    9.0671240E-04    1.0118402E-01   -1.0118402E-01
 2.9900    8.8343762E-04    9.9249455E-02   -9.9249455E-02
 3.0000    8.6077134E-04    9.7350945E-02   -9.7350945E-02
 3.0100    8.3869762E-04    9.5487883E-02   -9.5487883E-02
 3.0200    8.1719991E-04    9.3659548E-02   -9.3659548E-02
 3.0300    7.9626205E-04    9.1865224E-02   -9.1865224E-02
 3.0400    7.7586878E-04    9.0104256E-02   -9.0104256E-02
 3.0500    7.5600532E-04    8.8376011E-02   -8.8376011E-02
 3.0600    7.3665681E-04    8.6679805E-02   -8.6679805E-02
 3.0700    7.1780817E-04    8.5014893E-02   -8.5014893E-02
 3.0800    6.9944484E-04    8.3380553E-02   -8.3380553E-02
 3.0900    6.8155368E-04    8.1776194E-02   -8.1776194E-02
 3.1000    6.6412295E-04    8.0201361E-02   -8.0201361E-02
 3.1100    6.4714138E-04    7.8655629E-02   -7.8655629E-02
 3.1200    6.3059703E-04    7.7138462E-02   -7.7138462E-02
 3.1300    6.1447691E-04    7.5649159E-02   -7.5649159E-02
 3.1400    5.9876763E-04    7.4186942E-02   -7.4186942E-02
 3.1500    5.8345661E-04    7.2751096E-02   -7.2751096E-02
 3.1600    5.6853288E-04    7.1341069E-02   -7.1341069E-02
 3.1700    5.5398700E-04    6.9956482E-02   -6.9956482E-02
 3.1800    5.3981067E-04    6.8597070E-02   -6.8597070E-02
 3.1900    5.2599621E-04    6.7262630E-02   -6.7262630E-02
 3.2000    5.1253619E-04    6.5952970E-02   -6.5952970E-02
 3.2100    4.9942308E-04    6.4667867E-02   -6.4667867E-02
 3.2200    4.8664883E-04    6.3407013E-02   -6.3407013E-02
 3.2300    4.7420463E-04    6.2169975E-02   -6.2169975E-02
 3.2400    4.6208105E-04    6.0956222E-02   -6.0956222E-02
 3.2500    4.5026868E-04    5.9765193E-02   -5.9765193E-02
 3.2600    4.3875876E-04    5.8596391E-02   -5.8596391E-02
 3.2700    4.2754348E-04    5.7449421E-02   -5.7449421E-02
 3.2800    4.1661575E-04    5.6323968E-02   -5.6323968E-02
 3.2900    4.0596873E-04    5.5219725E-02   -5.5219725E-02
 3.3000    3.9559541E-04    5.4136352E-02   -5.4136352E-02
 3.3100    3.8548872E-04    5.3073476E-02   -5.3073476E-02
 3.3200    3.7564186E-04    5.2030742E-02   -5.2030742E-02
 3.3300    3.6604866E-04    5.1007865E-02   -5.1007865E-02
 3.3400    3.5670354E-04    5.0004630E-02   -5.0004630E-02
 3.3500    3.4760098E-04    4.9020808E-02   -4.9020808E-02
 3.3600    3.3873474E-04    4.8056060E-02   -4.8056060E-02
 3.3700    3.3009787E-04    4.7109922E-02   -4.7109922E-02
 3.3800    3.2168348E-04    4.6181924E-02   -4.6181924E-02
 3.3900    3.1348586E-04    4.5271744E-02   -4.5271744E-02
 3.4000    3.0550053E-04    4.4379221E-02   -4.4379221E-02
 3.4100    2.9772302E-04    4.3504185E-02   -4.3504185E-02
 3.4200    2.9014738E-04    4.2646238E-02   -4.2646238E-02
 3.4300    2.8276595E-04    4.1804710E-02   -4.1804710E-02
 3.4400    2.7557077E-04    4.0978862E-02   -4.0978862E-02
 3.4500    2.6855547E-04    4.0168171E-02   -4.0168171E-02
 3.4600    2.6171611E-04    3.9372457E-02   -3.9372457E-02
 3.4700    2.5505024E-04    3.8591756E-02   -3.8591756E-02
 3.4800    2.4855525E-04    3.7826076E-02   -3.7826076E-02
 3.4900    2.4222748E-04    3.7075253E-02   -3.7075253E-02
 3.5000    2.3606246E-04    3.6338993E-02   -3.6338993E-02
 3.5100    2.3005578E-04    3.5616993E-02   -3.5616993E-02
 3.5200    2.2420375E-04    3.4909053E-02   -3.4909053E-02
 3.5300    2.1850347E-04    3.4215083E-02   -3.4215083E-02
 3.5400    2.1295224E-04    3.3535023E-02   -3.3535023E-02
 3.5500    2.0754671E-04    3.2868692E-02   -3.2868692E-02
 3.5600    2.0228200E-04    3.2215665E-02   -3.2215665E-02
 3.5700    1.9715175E-04    3.1575259E-02   -3.1575259E-02
 3.5800    1.9214907E-04    3.0946690E-02   -3.0946690E-02
 3.5900    1.8726819E-04    3.0329326E-02   -3.0329326E-02
 3.6000    1.8250544E-04    2.9722866E-02   -2.9722866E-02
 3.6100    1.7785921E-04    2.9127326E-02   -2.9127326E-02
 3.6200    1.7332878E-04    2.8542873E-02   -2.8542873E-02
 3.6300    1.6891334E-04    2.7969652E-02   -2.7969652E-02
 3.6400    1.6461152E-04    2.7407717E-02   -2.7407717E-02
 3.6500    1.6042163E-04    2.6857062E-02   -2.6857062E-02
 3.6600    1.5634203E-04    2.6317692E-02   -2.6317692E-02
 3.6700    1.5237115E-04    2.5789608E-02   -2.5789608E-02
 3.6800    1.4850674E-04    2.5272701E-02   -2.5272701E-02
 3.6900    1.4474492E-04    2.4766574E-02   -2.4766574E-02
 3.7000    1.4107971E-04    2.4270453E-02   -2.4270453E-02
 3.7100    1.3750385E-04    2.3783323E-02   -2.3783323E-02
 3.7200    1.3401100E-04    2.3304306E-02   -2.3304306E-02
 3.7300    1.3059809E-04    2.2833073E-02   -2.2833073E-02
 3.7400    1.2726600E-04    2.2369972E-02   -2.2369972E-02
 3.7500    1.2401785E-04    2.1915763E-02   -2.1915763E-02
 3.7600    1.2085618E-04    2.1471106E-02   -2.1471106E-02
 3.7700    1.1778084E-04    2.1036196E-02   -2.1036196E-02
 3.7800    1.1478893E-04    2.0610734E-02   -2.0610734E-02
 3.7900    1.1187618E-04    2.0194166E-02   -2.0194166E-02
 3.8000    1.0903846E-04    1.9785944E-02   -1.9785944E-02
 3.8100    1.0627235E-04    1.9385638E-02   -1.9385638E-02
 3.8200    1.0357507E-04    1.8992925E-02   -1.8992925E-02
 3.8300    1.0094450E-04    1.8607588E-02   -1.8607588E-02
 3.8400    9.8379483E-05    1.8229588E-02   -1.8229588E-02
 3.8500    9.5880063E-05    1.7859103E-02   -1.7859103E-02
 3.8600    9.3446968E-05    1.7496440E-02   -1.7496440E-02
 3.8700    9.1080326E-05    1.7141798E-02   -1.7141798E-02
 3.8800    8.8778515E-05    1.6795046E-02   -1.6795046E-02
 3.8900    8.6538028E-05    1.6455689E-02   -1.6455689E-02
 3.9000    8.4354548E-05    1.6123064E-02   -1.6123064E-02
 3.9100    8.2224460E-05    1.5796629E-02   -1.5796629E-02
 3.9200    8.0145732E-05    1.5476131E-02   -1.5476131E-02
 3.9300    7.8117740E-05    1.5161586E-02   -1.5161586E-02
 3.9400    7.6140556E-05    1.4853143E-02   -1.4853143E-02
 3.9500    7.4214457E-05    1.4550991E-02   -1.4550991E-02
 3.9600    7.2339850E-05    1.4255349E-02   -1.4255349E-02
 3.9700    7.0517147E-05    1.3966436E-02   -1.3966436E-02
 3.9800    6.8746186E-05    1.3684364E-02   -1.3684364E-02
 3.9900    6.7025460E-05    1.3408971E-02   -1.3408971E-02
 4.0000    6.5351891E-05    1.3139777E-02   -1.3139777E-02
 4.0100    6.3721531E-05    1.2876114E-02   -1.2876114E-02
 4.0200    6.2130682E-05    1.2617348E-02   -1.2617348E-02
 4.0300    6.0576581E-05    1.2363024E-02   -1.2363024E-02
 4.0400    5.9057390E-05    1.2112864E-02   -1.2112864E-02
 4.0500    5.7571962E-05    1.1866727E-02   -1.1866727E-02
 4.0600    5.6119831E-05    1.1624607E-02   -1.1624607E-02
 4.0700    5.4701201E-05    1.1386639E-02   -1.1386639E-02
 4.0800    5.3316507E-05    1.1153005E-02   -1.1153005E-02
 4.0900    5.1965715E-05    1.0923791E-02   -1.0923791E-02
 4.1000    5.0648051E-05    1.0698929E-02   -1.0698929E-02
 4.1100    4.9362550E-05    1.0478307E-02   -1.0478307E-02
 4.1200    4.8108881E-05    1.0261942E-02   -1.0261942E-02
 4.1300    4.6887636E-05    1.0050052E-02   -1.0050052E-02
 4.1400    4.5699784E-05    9.8429366E-03   -9.8429366E-03
 4.1500    4.4545777E-05    9.6407893E-03   -9.6407893E-03
 4.1600    4.3425072E-05    9.4435890E-03   -9.4435890E-03
 4.1700    4.2336369E-05    9.2511471E-03   -9.2511471E-03
 4.1800    4.1278173E-05    9.0632277E-03   -9.0632277E-03
 4.1900    4.0248984E-05    8.8795884E-03   -8.8795884E-03
 4.2000    3.9246932E-05    8.6998979E-03   -8.6998979E-03
 4.2100    3.8269502E-05    8.5236746E-03   -8.5236746E-03
 4.2200    3.7314115E-05    8.3504122E-03   -8.3504122E-03
 4.2300    3.6379283E-05    8.1798385E-03   -8.1798385E-03
 4.2400    3.5465181E-05    8.0120520E-03   -8.0120520E-03
 4.2500    3.4572991E-05    7.8473799E-03   -7.8473799E-03
 4.2600    3.3703600E-05    7.6860880E-03   -7.6860880E-03
 4.2700    3.2856797E-05    7.5281947E-03   -7.5281947E-03
 4.2800    3.2031374E-05    7.3734878E-03   -7.3734878E-03
 4.2900    3.1225728E-05    7.2216598E-03   -7.2216598E-03
 4.3000    3.0438528E-05    7.0724586E-03   -7.0724586E-03
 4.3100    2.9669319E-05    6.9258324E-03   -6.9258324E-03
 4.3200    2.8919043E-05    6.7820545E-03   -6.7820545E-03
 4.3300    2.8190087E-05    6.6417432E-03   -6.6417432E-03
 4.3400    2.7485367E-05    6.5056526E-03   -6.5056526E-03
 4.3500    2.6806448E-05    6.3742289E-03   -6.3742289E-03
 4.3600    2.6151737E-05    6.2471708E-03   -6.2471708E-03
 4.3700    2.5516343E-05    6.1233795E-03   -6.1233795E-03
 4.3800    2.4894241E-05    6.0014607E-03   -6.0014607E-03
 4.3900    2.4281310E-05    5.8804562E-03   -5.8804562E-03
 4.4000    2.3676872E-05    5.7602263E-03   -5.7602263E-03
 4.4100    2.3082724E-05    5.6412339E-03   -5.6412339E-03
 4.4200    2.2501028E-05    5.5240395E-03   -5.5240395E-03
 4.4300    2.1933059E-05    5.4089944E-03   -5.4089944E-03
 4.4400    2.1379346E-05    5.2962713E-03   -5.2962713E-03
 4.4500    2.0840186E-05    5.1859877E-03   -5.1859877E-03
 4.4600    2.0315594E-05    5.0781919E-03   -5.0781919E-03
 4.4700    1.9804937E-05    4.9727700E-03   -4.9727700E-03
 4.4800    1.9307067E-05    4.8694755E-03   -4.8694755E-03
 4.4900    1.8821110E-05    4.7681267E-03   -4.7681267E-03
 4.5000    1.8347153E-05    4.6687817E-03   -4.6687817E-03
 4.5100    1.7886093E-05    4.5717074E-03   -4.5717074E-03
 4.5200    1.7438837E-05    4.4771770E-03   -4.4771770E-03
 4.5300    1.7005641E-05    4.3852996E-03   -4.3852996E-03
 4.5400    1.6586075E-05    4.2960091E-03   -4.2960091E-03
 4.5500    1.6179378E-05    4.2091507E-03   -4.2091507E-03
 4.5600    1.5784655E-05    4.1245316E-03   -4.1245316E-03
 4.5700    1.5400820E-05    4.0419051E-03   -4.0419051E-03
 4.5800    1.5026617E-05    3.9609745E-03   -3.9609745E-03
 4.5900    1.4660975E-05    3.8814865E-03   -3.8814865E-03
 4.6000    1.4303473E-05    3.8033564E-03   -3.8033564E-03
 4.6100    1.3954455E-05    3.7267013E-03   -3.7267013E-03
 4.6200    1.3614547E-05    3.6517161E-03   -3.6517161E-03
 4.6300    1.3283903E-05    3.5784714E-03   -3.5784714E-03
 4.6400    1.2961762E-05    3.5067909E-03   -3.5067909E-03
 4.6500    1.2646662E-05    3.4363047E-03   -3.4363047E-03
 4.6600    1.2337158E-05    3.3666412E-03   -3.3666412E-03
 4.6700    1.2032529E-05    3.2976195E-03   -3.2976195E-03
 4.6800    1.1733008E-05    3.2293190E-03   -3.2293190E-03
 4.6900    1.1439465E-05    3.1619955E-03   -3.1619955E-03
 4.7000    1.1152822E-05    3.0959244E-03   -3.0959244E-03
 4.7100    1.0873669E-05    3.0312921E-03   -3.0312921E-03
 4.7200    1.0602294E-05    2.9682038E-03   -2.9682038E-03
 4.7300    1.0338992E-05    2.9067679E-03   -2.9067679E-03
 4.7400    1.0084302E-05    2.8471634E-03   -2.8471634E-03
 4.7500    9.8389355E-06    2.7896210E-03   -2.7896210E-03
 4.7600    9.6033148E-06    2.7342923E-03   -2.7342923E-03
 4.7700    9.3768608E-06    2.6810449E-03   -2.6810449E-03
 4.7800    9.1575207E-06    2.6293207E-03   -2.6293207E-03
 4.7900    8.9422413E-06    2.5782634E-03   -2.5782634E-03
 4.8000    8.7285577E-06    2.5271722E-03   -2.5271722E-03
 4.8100    8.5163530E-06    2.4760173E-03   -2.4760173E-03
 4.8200    8.3083198E-06    2.4255886E-03   -2.4255886E-03
 4.8300    8.1085746E-06    2.3771065E-03   -2.3771065E-03
 4.8400    7.9204212E-06    2.3315722E-03   -2.3315722E-03
 4.8500    7.7448087E-06    2.2893070E-03   -2.2893070E-03
 4.8600    7.5800904E-06    2.2498667E-03   -2.2498667E-03
 4.8700    7.4225176E-06    2.2121727E-03   -2.2121727E-03
 4.8800    7.2669100E-06    2.1746997E-03   -2.1746997E-03
 4.8900    7.1078059E-06    2.1358126E-03   -2.1358126E-03
 4.9000    6.9414731E-06    2.0943713E-03   -2.0943713E-03
 4.9100    6.7678998E-06    2.0503442E-03   -2.0503442E-03
 4.9200    6.5909873E-06    2.0048900E-03   -2.0048900E-03
 4.9300    6.4163528E-06    1.9597106E-03   -1.9597106E-03
 4.9400    6.2484619E-06    1.9161826E-03   -1.9161826E-03
 4.9500    6.0894635E-06    1.8749915E-03   -1.8749915E-03
 4.9600    5.9401628E-06    1.8364181E-03   -1.8364181E-03
 4.9700    5.8012419E-06    1.8007093E-03   -1.8007093E-03
 4.9800    5.6728075E-06    1.7679362E-03   -1.7679362E-03
 4.9900    5.5526277E-06    1.7374388E-03   -1.7374388E-03
 5.0000    5.4354114E-06    1.7075848E-03   -1.7075848E-03
 5.0100    5.3148242E-06    1.6763868E-03   -1.6763868E-03
 5.0200    5.1871631E-06    1.6426582E-03   -1.6426582E-03
 5.0300    5.0537290E-06    1.6067851E-03   -1.6067851E-03
 5.0400    4.9199815E-06    1.5704872E-03   -1.5704872E-03
 5.0500    4.7922996E-06    1.5358068E-03   -1.5358068E-03
 5.0600    4.6747365E-06    1.5040700E-03   -1.5040700E-03
 5.0700    4.5674802E-06    1.4753751E-03   -1.4753751E-03
 5.0800    4.4672171E-06    1.4486863E-03   -1.4486863E-03
 5.0900    4.3687996E-06    1.4223535E-03   -1.4223535E-03
 5.1000    4.2675739E-06    1.3948621E-03   -1.3948621E-03
 5.1100    4.1616465E-06    1.3655791E-03   -1.3655791E-03
 5.1200    4.0530642E-06    1.3351599E-03   -1.3351599E-03
 5.1300    3.9470151E-06    1.3053092E-03   -1.3053092E-03
 5.1400    3.8492057E-06    1.2779305E-03   -1.2779305E-03
 5.1500    3.7628957E-06    1.2541414E-03   -1.2541414E-03
 5.1600    3.6874037E-06    1.2337579E-03   -1.2337579E-03
 5.1700    3.6187705E-06    1.2154917E-03   -1.2154917E-03
 5.1800    3.5517462E-06    1.1975987E-03   -1.1975987E-03
 5.1900    3.4817486E-06    1.1785337E-03   -1.1785337E-03
 5.2000    3.4060508E-06    1.1573579E-03   -1.1573579E-03
 5.2100    3.3242109E-06    1.1338977E-03   -1.1338977E-03
 5.2200    3.2379070E-06    1.1087030E-03   -1.1087030E-03
 5.2300    3.1501985E-06    1.0828073E-03   -1.0828073E-03
 5.2400    3.0643659E-06    1.0573361E-03   -1.0573361E-03
 5.2500    2.9828358E-06    1.0331368E-03   -1.0331368E-03
 5.2600    2.9067294E-06    1.0106155E-03   -1.0106155E-03
 5.2700    2.8360713E-06    9.8980180E-04   -9.8980180E-04
 5.2800    2.7701758E-06    9.7047655E-04   -9.7047655E-04
 5.2900    2.7077921E-06    9.5221831E-04   -9.5221831E-04
 5.3000    2.6471416E-06    9.3441279E-04   -9.3441279E-04
 5.3100    2.5863085E-06    9.1638766E-04   -9.1638766E-04
 5.3200    2.5240678E-06    8.9770603E-04   -8.9770603E-04
 5.3300    2.4605846E-06    8.7842074E-04   -8.7842074E-04
 5.3400    2.3973153E-06    8.5904822E-04   -8.5904822E-04
 5.3500    2.3360917E-06    8.4024767E-04   -8.4024767E-04
 5.3600    2.2780851E-06    8.2244977E-04   -8.2244977E-04
 5.3700    2.2233830E-06    8.0569880E-04   -8.0569880E-04
 5.3800    2.1713128E-06    7.8976305E-04   -7.8976305E-04
 5.3900    2.1210939E-06    7.7436781E-04   -7.7436781E-04
 5.4000    2.0723535E-06    7.5938360E-04   -7.5938360E-04
 5.4100    2.0253166E-06    7.4489888E-04   -7.4489888E-04
 5.4200    1.9806627E-06    7.3117100E-04   -7.3117100E-04
 5.4300    1.9390717E-06    7.1846131E-04   -7.1846131E-04
 5.4400    1.9006391E-06    7.0681756E-04   -7.0681756E-04
 5.4500    1.8645821E-06    6.9596017E-04   -6.9596017E-04
 5.4600    1.8295724E-06    6.8540104E-04   -6.8540104E-04
 5.4700    1.7945054E-06    6.7472887E-04   -6.7472887E-04
 5.4800    1.7590884E-06    6.6383269E-04   -6.6383269E-04
 5.4900    1.7238202E-06    6.5289977E-04   -6.5289977E-04
 5.5000    1.6895262E-06    6.4224419E-04   -6.4224419E-04
 5.5100    1.6569475E-06    6.3215244E-04   -6.3215244E-04
 5.5200    1.6266648E-06    6.2285376E-04   -6.2285376E-04
 5.5300    1.5992014E-06    6.1455857E-04   -6.1455857E-04
 5.5400    1.5749914E-06    6.0744585E-04   -6.0744585E-04
 5.5500    1.5541189E-06    6.0156155E-04   -6.0156155E-04
 5.5600    1.5360214E-06    5.9670094E-04   -5.9670094E-04
 5.5700    1.5194253E-06    5.9237893E-04   -5.9237893E-04
 5.5800    1.5026300E-06    5.8793634E-04   -5.8793634E-04
 5.5900    1.4840449E-06    5.8274763E-04   -5.8274763E-04
 5.6000    1.4626974E-06    5.7642182E-04   -5.7642182E-04
 5.6100    1.4383625E-06    5.6885809E-04   -5.6885809E-04
 5.6200    1.4111712E-06    5.6009564E-04   -5.6009564E-04
 5.6300    1.3810411E-06    5.5008938E-04   -5.5008938E-04
 5.6400    1.3475681E-06    5.3866506E-04   -5.3866506E-04
 5.6500    1.3106317E-06    5.2575985E-04   -5.2575985E-04
 5.6600    1.2712001E-06    5.1174859E-04   -5.1174859E-04
 5.6700    1.2315565E-06    4.9754266E-04   -4.9754266E-04
 5.6800    1.1947026E-06    4.8435785E-04   -4.8435785E-04
 5.6900    1.1633733E-06    4.7331849E-04   -4.7331849E-04
 5.7000    1.1392811E-06    4.6514724E-04   -4.6514724E-04
 5.7100    1.1230055E-06    4.6011242E-04   -4.6011242E-04
 5.7200    1.1145658E-06    4.5825545E-04   -4.5825545E-04
 5.7300    1.1141288E-06    4.5967883E-04   -4.5967883E-04
 5.7400    1.1217963E-06    4.6445928E-04   -4.6445928E-04
 5.7500    1.1358937E-06    4.7193613E-04   -4.7193613E-04
 5.7600    1.1509163E-06    4.7984234E-04   -4.7984234E-04
 5.7700    1.1577530E-06    4.8437019E-04   -4.8437019E-04
 5.7800    1.1477289E-06    4.8184225E-04   -4.8184225E-04
 5.7900    1.1184018E-06    4.7115614E-04   -4.7115614E-04
 5.8000    1.0763497E-06    4.5500824E-04   -4.5500824E-04
 5.8100    1.0339242E-06    4.3858201E-04   -4.3858201E-04
 5.8200    1.0020489E-06    4.2652523E-04   -4.2652523E-04
 5.8300    9.8451034E-07    4.2050121E-04   -4.2050121E-04
 5.8400    9.7749272E-07    4.1893736E-04   -4.1893736E-04
 5.8500    9.7353741E-07    4.1867231E-04   -4.1867231E-04
 5.8600    9.6624323E-07    4.1695728E-04   -4.1695728E-04
 5.8700    9.5270647E-07    4.1252016E-04   -4.1252016E-04
 5.8800    9.3321493E-07    4.0545830E-04   -4.0545830E-04
 5.8900    9.0963762E-07    3.9655996E-04   -3.9655996E-04
 5.9000    8.8420149E-07    3.8678100E-04   -3.8678100E-04
 5.9100    8.5921358E-07    3.7712555E-04   -3.7712555E-04
 5.9200    8.3706288E-07    3.6864756E-04   -3.6864756E-04
 5.9300    8.1981102E-07    3.6227053E-04   -3.6227053E-04
 5.9400    8.0857058E-07    3.5850952E-04   -3.5850952E-04
 5.9500    8.0326948E-07    3.5735928E-04   -3.5735928E-04
