# total charge: 11.000000 
# r(A)     rho (e/A^3)     4*pi*r^2*rho(e/A)  dip  
 0.0000    1.7819944E+01    0.0000000E+00    8.7767302E+01
 0.0100    1.7793193E+01    2.2359586E-02    8.7307201E+01
 0.0200    1.7759407E+01    8.9268514E-02    8.5940124E+01
 0.0300    1.7717180E+01    2.0037659E-01    8.3704943E+01
 0.0400    1.7665029E+01    3.5517649E-01    8.0664254E+01
 0.0500    1.7601335E+01    5.5296225E-01    7.6901410E+01
 0.0600    1.7524314E+01    7.9278130E-01    7.2516631E+01
 0.0700    1.7432168E+01    1.0733895E+00    6.7622476E+01
 0.0800    1.7323447E+01    1.3932343E+00    6.2338907E+01
 0.0900    1.7197423E+01    1.7504845E+00    5.6788271E+01
 0.1000    1.7054201E+01    2.1430941E+00    5.1090465E+01
 0.1100    1.6894511E+01    2.5688626E+00    4.5358616E+01
 0.1200    1.6719363E+01    3.0254647E+00    3.9695467E+01
 0.1300    1.6529749E+01    3.5104504E+00    3.4190640E+01
 0.1400    1.6326518E+01    4.0212354E+00    2.8918807E+01
 0.1500    1.6110380E+01    4.5551028E+00    2.3938768E+01
 0.1600    1.5881995E+01    5.1092232E+00    1.9293360E+01
 0.1700    1.5642037E+01    5.6806891E+00    1.5010108E+01
 0.1800    1.5391227E+01    6.2665444E+00    1.1102490E+01
 0.1900    1.5130286E+01    6.8637933E+00    7.5716859E+00
 0.2000    1.4859879E+01    7.4693897E+00    4.4086229E+00
 0.2100    1.4580591E+01    8.0802271E+00    1.5961640E+00
 0.2200    1.4292955E+01    8.6931514E+00   -8.8874097E-01
 0.2300    1.3997511E+01    9.3049995E+00   -3.0730512E+00
 0.2400    1.3694851E+01    9.9126476E+00   -4.9858509E+00
 0.2500    1.3385631E+01    1.0513050E+01   -6.6568235E+00
 0.2600    1.3070550E+01    1.1103258E+01   -8.1150044E+00
 0.2700    1.2750327E+01    1.1680427E+01   -9.3878211E+00
 0.2800    1.2425669E+01    1.2241812E+01   -1.0500413E+01
 0.2900    1.2097257E+01    1.2784766E+01   -1.1475209E+01
 0.3000    1.1765745E+01    1.3306744E+01   -1.2331738E+01
 0.3100    1.1431767E+01    1.3805325E+01   -1.3086624E+01
 0.3200    1.1095952E+01    1.4278230E+01   -1.3753731E+01
 0.3300    1.0758929E+01    1.4723355E+01   -1.4344390E+01
 0.3400    1.0421328E+01    1.5138776E+01   -1.4867688E+01
 0.3500    1.0083766E+01    1.5522752E+01   -1.5330762E+01
 0.3600    9.7468441E+00    1.5873726E+01   -1.5739108E+01
 0.3700    9.4111403E+00    1.6190325E+01   -1.6096873E+01
 0.3800    9.0772114E+00    1.6471362E+01   -1.6407134E+01
 0.3900    8.7455957E+00    1.6715850E+01   -1.6672146E+01
 0.4000    8.4168152E+00    1.6923011E+01   -1.6893568E+01
 0.4100    8.0913752E+00    1.7092277E+01   -1.7072639E+01
 0.4200    7.7697610E+00    1.7223290E+01   -1.7210322E+01
 0.4300    7.4524336E+00    1.7315893E+01   -1.7307415E+01
 0.4400    7.1398272E+00    1.7370124E+01   -1.7364637E+01
 0.4500    6.8323516E+00    1.7386217E+01   -1.7382701E+01
 0.4600    6.5303938E+00    1.7364605E+01   -1.7362374E+01
 0.4700    6.2343189E+00    1.7305916E+01   -1.7304515E+01
 0.4800    5.9444682E+00    1.7210970E+01   -1.7210098E+01
 0.4900    5.6611578E+00    1.7080764E+01   -1.7080227E+01
 0.5000    5.3846791E+00    1.6916468E+01   -1.6916141E+01
 0.5100    5.1152983E+00    1.6719419E+01   -1.6719222E+01
 0.5200    4.8532546E+00    1.6491100E+01   -1.6490982E+01
 0.5300    4.5987591E+00    1.6233130E+01   -1.6233060E+01
 0.5400    4.3519963E+00    1.5947254E+01   -1.5947213E+01
 0.5500    4.1131267E+00    1.5635340E+01   -1.5635316E+01
 0.5600    3.8822899E+00    1.5299382E+01   -1.5299368E+01
 0.5700    3.6596039E+00    1.4941481E+01   -1.4941474E+01
 0.5800    3.4451627E+00    1.4563829E+01   -1.4563825E+01
 0.5900    3.2390342E+00    1.4168681E+01   -1.4168678E+01
 0.6000    3.0412609E+00    1.3758340E+01   -1.3758339E+01
 0.6100    2.8518621E+00    1.3335155E+01   -1.3335154E+01
 0.6200    2.6708356E+00    1.2901506E+01   -1.2901506E+01
 0.6300    2.4981585E+00    1.2459797E+01   -1.2459797E+01
 0.6400    2.3337865E+00    1.2012432E+01   -1.2012432E+01
 0.6500    2.1776537E+00    1.1561799E+01   -1.1561799E+01
 0.6600    2.0296731E+00    1.1110250E+01   -1.1110250E+01
 0.6700    1.8897373E+00    1.0660091E+01   -1.0660091E+01
 0.6800    1.7577205E+00    1.0213569E+01   -1.0213569E+01
 0.6900    1.6334783E+00    9.7728542E+00   -9.7728542E+00
 0.7000    1.5168487E+00    9.3400288E+00   -9.3400288E+00
 0.7100    1.4076521E+00    8.9170640E+00   -8.9170640E+00
 0.7200    1.3056916E+00    8.5058061E+00   -8.5058061E+00
 0.7300    1.2107545E+00    8.1079612E+00   -8.1079612E+00
 0.7400    1.1226126E+00    7.7250842E+00   -7.7250842E+00
 0.7500    1.0410245E+00    7.3585688E+00   -7.3585688E+00
 0.7600    9.6573620E-01    7.0096375E+00   -7.0096375E+00
 0.7700    8.9648207E-01    6.6793303E+00   -6.6793303E+00
 0.7800    8.3298608E-01    6.3684950E+00   -6.3684950E+00
 0.7900    7.7496264E-01    6.0777777E+00   -6.0777777E+00
 0.8000    7.2211736E-01    5.8076124E+00   -5.8076124E+00
 0.8100    6.7414737E-01    5.5582074E+00   -5.5582074E+00
 0.8200    6.3074188E-01    5.3295340E+00   -5.3295340E+00
 0.8300    5.9158340E-01    5.1213214E+00   -5.1213214E+00
 0.8400    5.5634970E-01    4.9330588E+00   -4.9330588E+00
 0.8500    5.2471554E-01    4.7639988E+00   -4.7639988E+00
 0.8600    4.9635372E-01    4.6131550E+00   -4.6131550E+00
 0.8700    4.7093551E-01    4.4792965E+00   -4.4792965E+00
 0.8800    4.4813162E-01    4.3609468E+00   -4.3609468E+00
 0.8900    4.2761425E-01    4.2563962E+00   -4.2563962E+00
 0.9000    4.0906088E-01    4.1637326E+00   -4.1637326E+00
 0.9100    3.9215967E-01    4.0808965E+00   -4.0808965E+00
 0.9200    3.7661668E-01    4.0057614E+00   -4.0057614E+00
 0.9300    3.6216482E-01    3.9362441E+00   -3.9362441E+00
 0.9400    3.4857342E-01    3.8704355E+00   -3.8704355E+00
 0.9500    3.3565622E-01    3.8067274E+00   -3.8067274E+00
 0.9600    3.2327505E-01    3.7439024E+00   -3.7439024E+00
 0.9700    3.1133746E-01    3.6811601E+00   -3.6811601E+00
 0.9800    2.9978897E-01    3.6180759E+00   -3.6180759E+00
 0.9900    2.8860245E-01    3.5545143E+00   -3.5545143E+00
 1.0000    2.7776749E-01    3.4905292E+00   -3.4905292E+00
 1.0100    2.6728208E-01    3.4262768E+00   -3.4262768E+00
 1.0200    2.5714719E-01    3.3619557E+00   -3.3619557E+00
 1.0300    2.4736381E-01    3.2977709E+00   -3.2977709E+00
 1.0400    2.3793166E-01    3.2339163E+00   -3.2339163E+00
 1.0500    2.2884877E-01    3.1705678E+00   -3.1705678E+00
 1.0600    2.2011154E-01    3.1078811E+00   -3.1078811E+00
 1.0700    2.1171487E-01    3.0459921E+00   -3.0459921E+00
 1.0800    2.0365244E-01    2.9850183E+00   -2.9850183E+00
 1.0900    1.9591687E-01    2.9250594E+00   -2.9250594E+00
 1.1000    1.8849987E-01    2.8661987E+00   -2.8661987E+00
 1.1100    1.8139241E-01    2.8085033E+00   -2.8085033E+00
 1.1200    1.7458479E-01    2.7520245E+00   -2.7520245E+00
 1.1300    1.6806677E-01    2.6967992E+00   -2.6967992E+00
 1.1400    1.6182777E-01    2.6428506E+00   -2.6428506E+00
 1.1500    1.5585691E-01    2.5901900E+00   -2.5901900E+00
 1.1600    1.5014325E-01    2.5388184E+00   -2.5388184E+00
 1.1700    1.4467581E-01    2.4887285E+00   -2.4887285E+00
 1.1800    1.3944375E-01    2.4399051E+00   -2.4399051E+00
 1.1900    1.3443637E-01    2.3923271E+00   -2.3923271E+00
 1.2000    1.2964316E-01    2.3459674E+00   -2.3459674E+00
 1.2100    1.2505389E-01    2.3007945E+00   -2.3007945E+00
 1.2200    1.2065863E-01    2.2567732E+00   -2.2567732E+00
 1.2300    1.1644778E-01    2.2138658E+00   -2.2138658E+00
 1.2400    1.1241208E-01    2.1720319E+00   -2.1720319E+00
 1.2500    1.0854264E-01    2.1312298E+00   -2.1312298E+00
 1.2600    1.0483095E-01    2.0914162E+00   -2.0914162E+00
 1.2700    1.0126889E-01    2.0525482E+00   -2.0525482E+00
 1.2800    9.7848809E-02    2.0145838E+00   -2.0145838E+00
 1.2900    9.4563496E-02    1.9774832E+00   -1.9774832E+00
 1.3000    9.1406189E-02    1.9412084E+00   -1.9412084E+00
 1.3100    8.8370525E-02    1.9057235E+00   -1.9057235E+00
 1.3200    8.5450520E-02    1.8709942E+00   -1.8709942E+00
 1.3300    8.2640557E-02    1.8369883E+00   -1.8369883E+00
 1.3400    7.9935366E-02    1.8036756E+00   -1.8036756E+00
 1.3500    7.7329996E-02    1.7710278E+00   -1.7710278E+00
 1.3600    7.4819792E-02    1.7390184E+00   -1.7390184E+00
 1.3700    7.2400383E-02    1.7076225E+00   -1.7076225E+00
 1.3800    7.0067700E-02    1.6768179E+00   -1.6768179E+00
 1.3900    6.7817976E-02    1.6465855E+00   -1.6465855E+00
 1.4000    6.5647720E-02    1.6169090E+00   -1.6169090E+00
 1.4100    6.3553665E-02    1.5877740E+00   -1.5877740E+00
 1.4200    6.1532719E-02    1.5591671E+00   -1.5591671E+00
 1.4300    5.9581941E-02    1.5310754E+00   -1.5310754E+00
 1.4400    5.7698546E-02    1.5034871E+00   -1.5034871E+00
 1.4500    5.5879914E-02    1.4763917E+00   -1.4763917E+00
 1.4600    5.4123589E-02    1.4497802E+00   -1.4497802E+00
 1.4700    5.2427266E-02    1.4236451E+00   -1.4236451E+00
 1.4800    5.0788761E-02    1.3979798E+00   -1.3979798E+00
 1.4900    4.9205987E-02    1.3727781E+00   -1.3727781E+00
 1.5000    4.7676939E-02    1.3480337E+00   -1.3480337E+00
 1.5100    4.6199686E-02    1.3237403E+00   -1.3237403E+00
 1.5200    4.4772373E-02    1.2998917E+00   -1.2998917E+00
 1.5300    4.3393215E-02    1.2764816E+00   -1.2764816E+00
 1.5400    4.2060490E-02    1.2535037E+00   -1.2535037E+00
 1.5500    4.0772538E-02    1.2309517E+00   -1.2309517E+00
 1.5600    3.9527749E-02    1.2088186E+00   -1.2088186E+00
 1.5700    3.8324560E-02    1.1870974E+00   -1.1870974E+00
 1.5800    3.7161457E-02    1.1657805E+00   -1.1657805E+00
 1.5900    3.6036975E-02    1.1448601E+00   -1.1448601E+00
 1.6000    3.4949696E-02    1.1243285E+00   -1.1243285E+00
 1.6100    3.3898258E-02    1.1041777E+00   -1.1041777E+00
 1.6200    3.2881342E-02    1.0843998E+00   -1.0843998E+00
 1.6300    3.1897673E-02    1.0649864E+00   -1.0649864E+00
 1.6400    3.0946009E-02    1.0459290E+00   -1.0459290E+00
 1.6500    3.0025146E-02    1.0272186E+00   -1.0272186E+00
 1.6600    2.9133923E-02    1.0088463E+00   -1.0088463E+00
 1.6700    2.8271228E-02    9.9080339E-01   -9.9080339E-01
 1.6800    2.7436003E-02    9.7308161E-01   -9.7308161E-01
 1.6900    2.6627233E-02    9.5567300E-01   -9.5567300E-01
 1.7000    2.5843947E-02    9.3856974E-01   -9.3856974E-01
 1.7100    2.5085203E-02    9.2176393E-01   -9.2176393E-01
 1.7200    2.4350096E-02    9.0524771E-01   -9.0524771E-01
 1.7300    2.3637757E-02    8.8901346E-01   -8.8901346E-01
 1.7400    2.2947362E-02    8.7305406E-01   -8.7305406E-01
 1.7500    2.2278134E-02    8.5736307E-01   -8.5736307E-01
 1.7600    2.1629336E-02    8.4193466E-01   -8.4193466E-01
 1.7700    2.1000270E-02    8.2676346E-01   -8.2676346E-01
 1.7800    2.0390270E-02    8.1184447E-01   -8.1184447E-01
 1.7900    1.9798697E-02    7.9717294E-01   -7.9717294E-01
 1.8000    1.9224943E-02    7.8274434E-01   -7.8274434E-01
 1.8100    1.8668423E-02    7.6855446E-01   -7.6855446E-01
 1.8200    1.8128580E-02    7.5459937E-01   -7.5459937E-01
 1.8300    1.7604882E-02    7.4087536E-01   -7.4087536E-01
 1.8400    1.7096813E-02    7.2737887E-01   -7.2737887E-01
 1.8500    1.6603881E-02    7.1410640E-01   -7.1410640E-01
 1.8600    1.6125609E-02    7.0105465E-01   -7.0105465E-01
 1.8700    1.5661548E-02    6.8822073E-01   -6.8822073E-01
 1.8800    1.5211273E-02    6.7560229E-01   -6.7560229E-01
 1.8900    1.4774383E-02    6.6319742E-01   -6.6319742E-01
 1.9000    1.4350493E-02    6.5100435E-01   -6.5100435E-01
 1.9100    1.3939226E-02    6.3902118E-01   -6.3902118E-01
 1.9200    1.3540212E-02    6.2724582E-01   -6.2724582E-01
 1.9300    1.3153088E-02    6.1567599E-01   -6.1567599E-01
 1.9400    1.2777505E-02    6.0430946E-01   -6.0430946E-01
 1.9500    1.2413125E-02    5.9314411E-01   -5.9314411E-01
 1.9600    1.2059624E-02    5.8217797E-01   -5.8217797E-01
 1.9700    1.1716686E-02    5.7140905E-01   -5.7140905E-01
 1.9800    1.1384001E-02    5.6083509E-01   -5.6083509E-01
 1.9900    1.1061256E-02    5.5045326E-01   -5.5045326E-01
 2.0000    1.0748132E-02    5.4026006E-01   -5.4026006E-01
 2.0100    1.0444316E-02    5.3025159E-01   -5.3025159E-01
 2.0200    1.0149503E-02    5.2042406E-01   -5.2042406E-01
 2.0300    9.8634073E-03    5.1077415E-01   -5.1077415E-01
 2.0400    9.5857639E-03    5.0129910E-01   -5.0129910E-01
 2.0500    9.3163198E-03    4.9199645E-01   -4.9199645E-01
 2.0600    9.0548268E-03    4.8286358E-01   -4.8286358E-01
 2.0700    8.8010372E-03    4.7389750E-01   -4.7389750E-01
 2.0800    8.5547039E-03    4.6509484E-01   -4.6509484E-01
 2.0900    8.3155838E-03    4.5645207E-01   -4.5645207E-01
 2.1000    8.0834419E-03    4.4796571E-01   -4.4796571E-01
 2.1100    7.8580525E-03    4.3963241E-01   -4.3963241E-01
 2.1200    7.6391990E-03    4.3144895E-01   -4.3144895E-01
 2.1300    7.4266726E-03    4.2341218E-01   -4.2341218E-01
 2.1400    7.2202711E-03    4.1551903E-01   -4.1551903E-01
 2.1500    7.0197990E-03    4.0776642E-01   -4.0776642E-01
 2.1600    6.8250657E-03    4.0015127E-01   -4.0015127E-01
 2.1700    6.6358843E-03    3.9267037E-01   -3.9267037E-01
 2.1800    6.4520717E-03    3.8532043E-01   -3.8532043E-01
 2.1900    6.2734521E-03    3.7809826E-01   -3.7809826E-01
 2.2000    6.0998610E-03    3.7100107E-01   -3.7100107E-01
 2.2100    5.9311476E-03    3.6402662E-01   -3.6402662E-01
 2.2200    5.7671732E-03    3.5717315E-01   -3.5717315E-01
 2.2300    5.6078072E-03    3.5043919E-01   -3.5043919E-01
 2.2400    5.4529231E-03    3.4382328E-01   -3.4382328E-01
 2.2500    5.3023972E-03    3.3732394E-01   -3.3732394E-01
 2.2600    5.1561079E-03    3.3093960E-01   -3.3093960E-01
 2.2700    5.0139353E-03    3.2466861E-01   -3.2466861E-01
 2.2800    4.8757613E-03    3.1850921E-01   -3.1850921E-01
 2.2900    4.7414703E-03    3.1245960E-01   -3.1245960E-01
 2.3000    4.6109511E-03    3.0651805E-01   -3.0651805E-01
 2.3100    4.4840979E-03    3.0068303E-01   -3.0068303E-01
 2.3200    4.3608111E-03    2.9495320E-01   -2.9495320E-01
 2.3300    4.2409952E-03    2.8932735E-01   -2.8932735E-01
 2.3400    4.1245576E-03    2.8380429E-01   -2.8380429E-01
 2.3500    4.0114070E-03    2.7838275E-01   -2.7838275E-01
 2.3600    3.9014539E-03    2.7306142E-01   -2.7306142E-01
 2.3700    3.7946113E-03    2.6783902E-01   -2.6783902E-01
 2.3800    3.6907938E-03    2.6271421E-01   -2.6271421E-01
 2.3900    3.5899172E-03    2.5768557E-01   -2.5768557E-01
 2.4000    3.4918976E-03    2.5275156E-01   -2.5275156E-01
 2.4100    3.3966521E-03    2.4791055E-01   -2.4791055E-01
 2.4200    3.3041005E-03    2.4316096E-01   -2.4316096E-01
 2.4300    3.2141660E-03    2.3850128E-01   -2.3850128E-01
 2.4400    3.1267747E-03    2.3393010E-01   -2.3393010E-01
 2.4500    3.0418540E-03    2.2944595E-01   -2.2944595E-01
 2.4600    2.9593321E-03    2.2504729E-01   -2.2504729E-01
 2.4700    2.8791372E-03    2.2073243E-01   -2.2073243E-01
 2.4800    2.8011988E-03    2.1649963E-01   -2.1649963E-01
 2.4900    2.7254474E-03    2.1234711E-01   -2.1234711E-01
 2.5000    2.6518155E-03    2.0827310E-01   -2.0827310E-01
 2.5100    2.5802374E-03    2.0427582E-01   -2.0427582E-01
 2.5200    2.5106503E-03    2.0035361E-01   -2.0035361E-01
 2.5300    2.4429947E-03    1.9650492E-01   -1.9650492E-01
 2.5400    2.3772137E-03    1.9272831E-01   -1.9272831E-01
 2.5500    2.3132520E-03    1.8902236E-01   -1.8902236E-01
 2.5600    2.2510552E-03    1.8538558E-01   -1.8538558E-01
 2.5700    2.1905692E-03    1.8181641E-01   -1.8181641E-01
 2.5800    2.1317410E-03    1.7831329E-01   -1.7831329E-01
 2.5900    2.0745196E-03    1.7487468E-01   -1.7487468E-01
 2.6000    2.0188564E-03    1.7149916E-01   -1.7149916E-01
 2.6100    1.9647051E-03    1.6818538E-01   -1.6818538E-01
 2.6200    1.9120220E-03    1.6493215E-01   -1.6493215E-01
 2.6300    1.8607652E-03    1.6173832E-01   -1.6173832E-01
 2.6400    1.8108945E-03    1.5860281E-01   -1.5860281E-01
 2.6500    1.7623707E-03    1.5552452E-01   -1.5552452E-01
 2.6600    1.7151551E-03    1.5250235E-01   -1.5250235E-01
 2.6700    1.6692102E-03    1.4953519E-01   -1.4953519E-01
 2.6800    1.6245007E-03    1.4662207E-01   -1.4662207E-01
 2.6900    1.5809938E-03    1.4376216E-01   -1.4376216E-01
 2.7000    1.5386595E-03    1.4095482E-01   -1.4095482E-01
 2.7100    1.4974689E-03    1.3819943E-01   -1.3819943E-01
 2.7200    1.4573931E-03    1.3549535E-01   -1.3549535E-01
 2.7300    1.4184026E-03    1.3284178E-01   -1.3284178E-01
 2.7400    1.3804678E-03    1.3023786E-01   -1.3023786E-01
 2.7500    1.3435598E-03    1.2768276E-01   -1.2768276E-01
 2.7600    1.3076515E-03    1.2517571E-01   -1.2517571E-01
 2.7700    1.2727170E-03    1.2271602E-01   -1.2271602E-01
 2.7800    1.2387312E-03    1.2030302E-01   -1.2030302E-01
 2.7900    1.2056694E-03    1.1793603E-01   -1.1793603E-01
 2.8000    1.1735076E-03    1.1561437E-01   -1.1561437E-01
 2.8100    1.1422225E-03    1.1333739E-01   -1.1333739E-01
 2.8200    1.1117925E-03    1.1110454E-01   -1.1110454E-01
 2.8300    1.0821966E-03    1.0891530E-01   -1.0891530E-01
 2.8400    1.0534141E-03    1.0676912E-01   -1.0676912E-01
 2.8500    1.0254235E-03    1.0466534E-01   -1.0466534E-01
 2.8600    9.9820226E-04    1.0260310E-01   -1.0260310E-01
 2.8700    9.7172665E-04    1.0058142E-01   -1.0058142E-01
 2.8800    9.4597341E-04    9.8599286E-02   -9.8599286E-02
 2.8900    9.2092084E-04    9.6655784E-02   -9.6655784E-02
 2.9000    8.9654957E-04    9.4750206E-02   -9.4750206E-02
 2.9100    8.7284200E-04    9.2881982E-02   -9.2881982E-02
 2.9200    8.4978061E-04    9.1050511E-02   -9.1050511E-02
 2.9300    8.2734626E-04    8.9254971E-02   -8.9254971E-02
 2.9400    8.0551775E-04    8.7494276E-02   -8.7494276E-02
 2.9500    7.8427347E-04    8.5767237E-02   -8.5767237E-02
 2.9600    7.6359393E-04    8.4072847E-02   -8.4072847E-02
 2.9700    7.4346353E-04    8.2410478E-02   -8.2410478E-02
 2.9800    7.2386975E-04    8.0779809E-02   -8.0779809E-02
 2.9900    7.0480039E-04    7.9180525E-02   -7.9180525E-02
 3.0000    6.8624105E-04    7.7612034E-02   -7.7612034E-02
 3.0100    6.6817495E-04    7.6073439E-02   -7.6073439E-02
 3.0200    6.5058511E-04    7.4563772E-02   -7.4563772E-02
 3.0300    6.3345684E-04    7.3082291E-02   -7.3082291E-02
 3.0400    6.1677848E-04    7.1628564E-02   -7.1628564E-02
 3.0500    6.0053973E-04    7.0202292E-02   -7.0202292E-02
 3.0600    5.8472923E-04    6.8803023E-02   -6.8803023E-02
 3.0700    5.6933346E-04    6.7430026E-02   -6.7430026E-02
 3.0800    5.5433799E-04    6.6082420E-02   -6.6082420E-02
 3.0900    5.3972998E-04    6.4759481E-02   -6.4759481E-02
 3.1000    5.2549981E-04    6.3460840E-02   -6.3460840E-02
 3.1100    5.1164066E-04    6.2186440E-02   -6.2186440E-02
 3.1200    4.9814641E-04    6.0936296E-02   -6.0936296E-02
 3.1300    4.8500959E-04    5.9710246E-02   -5.9710246E-02
 3.1400    4.7222082E-04    5.8507871E-02   -5.8507871E-02
 3.1500    4.5976962E-04    5.7328587E-02   -5.7328587E-02
 3.1600    4.4764587E-04    5.6171835E-02   -5.6171835E-02
 3.1700    4.3584094E-04    5.5037211E-02   -5.5037211E-02
 3.1800    4.2434795E-04    5.3924511E-02   -5.3924511E-02
 3.1900    4.1316101E-04    5.2833643E-02   -5.2833643E-02
 3.2000    4.0227403E-04    5.1764476E-02   -5.1764476E-02
 3.2100    3.9167975E-04    5.0716707E-02   -5.0716707E-02
 3.2200    3.8136948E-04    4.9689834E-02   -4.9689834E-02
 3.2300    3.7133393E-04    4.8683248E-02   -4.8683248E-02
 3.2400    3.6156438E-04    4.7696391E-02   -4.7696391E-02
 3.2500    3.5205364E-04    4.6728886E-02   -4.6728886E-02
 3.2600    3.4279643E-04    4.5780586E-02   -4.5780586E-02
 3.2700    3.3378873E-04    4.4851507E-02   -4.4851507E-02
 3.2800    3.2502624E-04    4.3941612E-02   -4.3941612E-02
 3.2900    3.1650238E-04    4.3050544E-02   -4.3050544E-02
 3.3000    3.0820750E-04    4.2177511E-02   -4.2177511E-02
 3.3100    3.0013029E-04    4.1321462E-02   -4.1321462E-02
 3.3200    2.9226090E-04    4.0481514E-02   -4.0481514E-02
 3.3300    2.8459339E-04    3.9657300E-02   -3.9657300E-02
 3.3400    2.7712578E-04    3.8848989E-02   -3.8848989E-02
 3.3500    2.6985764E-04    3.8056969E-02   -3.8056969E-02
 3.3600    2.6278714E-04    3.7281427E-02   -3.7281427E-02
 3.3700    2.5590950E-04    3.6522128E-02   -3.6522128E-02
 3.3800    2.4921733E-04    3.5778448E-02   -3.5778448E-02
 3.3900    2.4270220E-04    3.5049592E-02   -3.5049592E-02
 3.4000    2.3635639E-04    3.4334841E-02   -3.4334841E-02
 3.4100    2.3017416E-04    3.3633742E-02   -3.3633742E-02
 3.4200    2.2415231E-04    3.2946198E-02   -3.2946198E-02
 3.4300    2.1828969E-04    3.2272405E-02   -3.2272405E-02
 3.4400    2.1258552E-04    3.1612615E-02   -3.1612615E-02
 3.4500    2.0703730E-04    3.0966823E-02   -3.0966823E-02
 3.4600    2.0163952E-04    3.0334561E-02   -3.0334561E-02
 3.4700    1.9638427E-04    2.9714985E-02   -2.9714985E-02
 3.4800    1.9126336E-04    2.9107180E-02   -2.9107180E-02
 3.4900    1.8627047E-04    2.8510494E-02   -2.8510494E-02
 3.5000    1.8140201E-04    2.7924670E-02   -2.7924670E-02
 3.5100    1.7665639E-04    2.7349755E-02   -2.7349755E-02
 3.5200    1.7203265E-04    2.6785890E-02   -2.6785890E-02
 3.5300    1.6752937E-04    2.6233138E-02   -2.6233138E-02
 3.5400    1.6314417E-04    2.5691411E-02   -2.5691411E-02
 3.5500    1.5887375E-04    2.5160468E-02   -2.5160468E-02
 3.5600    1.5471412E-04    2.4639949E-02   -2.4639949E-02
 3.5700    1.5066100E-04    2.4129434E-02   -2.4129434E-02
 3.5800    1.4671040E-04    2.3628536E-02   -2.3628536E-02
 3.5900    1.4285924E-04    2.3137002E-02   -2.3137002E-02
 3.6000    1.3910548E-04    2.2654741E-02   -2.2654741E-02
 3.6100    1.3544780E-04    2.2181771E-02   -2.2181771E-02
 3.6200    1.3188501E-04    2.1718130E-02   -2.1718130E-02
 3.6300    1.2841571E-04    2.1263819E-02   -2.1263819E-02
 3.6400    1.2503838E-04    2.0818813E-02   -2.0818813E-02
 3.6500    1.2175167E-04    2.0383114E-02   -2.0383114E-02
 3.6600    1.1855456E-04    1.9956771E-02   -1.9956771E-02
 3.6700    1.1544619E-04    1.9539867E-02   -1.9539867E-02
 3.6800    1.1242538E-04    1.9132418E-02   -1.9132418E-02
 3.6900    1.0948983E-04    1.8734252E-02   -1.8734252E-02
 3.7000    1.0663557E-04    1.8344902E-02   -1.8344902E-02
 3.7100    1.0385728E-04    1.7963652E-02   -1.7963652E-02
 3.7200    1.0114965E-04    1.7589768E-02   -1.7589768E-02
 3.7300    9.8509093E-05    1.7222803E-02   -1.7222803E-02
 3.7400    9.5934672E-05    1.6862760E-02   -1.6862760E-02
 3.7500    9.3427304E-05    1.6509967E-02   -1.6509967E-02
 3.7600    9.0987968E-05    1.6164770E-02   -1.6164770E-02
 3.7700    8.8616208E-05    1.5827260E-02   -1.5827260E-02
 3.7800    8.6309849E-05    1.5497221E-02   -1.5497221E-02
 3.7900    8.4065747E-05    1.5174254E-02   -1.5174254E-02
 3.8000    8.1880734E-05    1.4857946E-02   -1.4857946E-02
 3.8100    7.9752140E-05    1.4547962E-02   -1.4547962E-02
 3.8200    7.7677874E-05    1.4244064E-02   -1.4244064E-02
 3.8300    7.5656419E-05    1.3946113E-02   -1.3946113E-02
 3.8400    7.3686922E-05    1.3654089E-02   -1.3654089E-02
 3.8500    7.1769174E-05    1.3368087E-02   -1.3368087E-02
 3.8600    6.9903159E-05    1.3088241E-02   -1.3088241E-02
 3.8700    6.8088263E-05    1.2814570E-02   -1.2814570E-02
 3.8800    6.6322636E-05    1.2546861E-02   -1.2546861E-02
 3.8900    6.4603261E-05    1.2284670E-02   -1.2284670E-02
 3.9000    6.2926806E-05    1.2027483E-02   -1.2027483E-02
 3.9100    6.1290688E-05    1.1774918E-02   -1.1774918E-02
 3.9200    5.9693626E-05    1.1526832E-02   -1.1526832E-02
 3.9300    5.8135412E-05    1.1283289E-02   -1.1283289E-02
 3.9400    5.6616287E-05    1.1044440E-02   -1.1044440E-02
 3.9500    5.5136462E-05    1.0810429E-02   -1.0810429E-02
 3.9600    5.3695929E-05    1.0581363E-02   -1.0581363E-02
 3.9700    5.2294368E-05    1.0357282E-02   -1.0357282E-02
 3.9800    5.0930935E-05    1.0138125E-02   -1.0138125E-02
 3.9900    4.9604138E-05    9.9236984E-03   -9.9236984E-03
 4.0000    4.8312077E-05    9.7137195E-03   -9.7137195E-03
 4.0100    4.7053050E-05    9.5079390E-03   -9.5079390E-03
 4.0200    4.5826056E-05    9.3062443E-03   -9.3062443E-03
 4.0300    4.4630782E-05    9.1086591E-03   -9.1086591E-03
 4.0400    4.3467099E-05    8.9152444E-03   -8.9152444E-03
 4.0500    4.2334579E-05    8.7259989E-03   -8.7259989E-03
 4.0600    4.1232367E-05    8.5408323E-03   -8.5408323E-03
 4.0700    4.0159325E-05    8.3595922E-03   -8.3595922E-03
 4.0800    3.9114108E-05    8.1820781E-03   -8.1820781E-03
 4.0900    3.8095154E-05    8.0080396E-03   -8.0080396E-03
 4.1000    3.7100891E-05    7.8372178E-03   -7.8372178E-03
 4.1100    3.6130267E-05    7.6694580E-03   -7.6694580E-03
 4.1200    3.5183237E-05    7.5048167E-03   -7.5048167E-03
 4.1300    3.4260705E-05    7.3435535E-03   -7.3435535E-03
 4.1400    3.3363841E-05    7.1859897E-03   -7.1859897E-03
 4.1500    3.2493250E-05    7.0323296E-03   -7.0323296E-03
 4.1600    3.1648580E-05    6.8825717E-03   -6.8825717E-03
 4.1700    3.0828745E-05    6.7365543E-03   -6.7365543E-03
 4.1800    3.0032449E-05    6.5940642E-03   -6.5940642E-03
 4.1900    2.9258463E-05    6.4548985E-03   -6.4548985E-03
 4.2000    2.8505502E-05    6.3188367E-03   -6.3188367E-03
 4.2100    2.7772044E-05    6.1856010E-03   -6.1856010E-03
 4.2200    2.7056571E-05    6.0549076E-03   -6.0549076E-03
 4.2300    2.6358111E-05    5.9265899E-03   -5.9265899E-03
 4.2400    2.5676528E-05    5.8006661E-03   -5.8006661E-03
 4.2500    2.5012167E-05    5.6772635E-03   -5.6772635E-03
 4.2600    2.4365186E-05    5.5564678E-03   -5.5564678E-03
 4.2700    2.3735157E-05    5.4382319E-03   -5.4382319E-03
 4.2800    2.3121176E-05    5.3223976E-03   -5.3223976E-03
 4.2900    2.2522246E-05    5.2087815E-03   -5.2087815E-03
 4.3000    2.1937643E-05    5.0972595E-03   -5.0972595E-03
 4.3100    2.1367167E-05    4.9878266E-03   -4.9878266E-03
 4.3200    2.0811292E-05    4.8806358E-03   -4.8806358E-03
 4.3300    2.0271116E-05    4.7759890E-03   -4.7759890E-03
 4.3400    1.9747907E-05    4.6742335E-03   -4.6742335E-03
 4.3500    1.9242204E-05    4.5755488E-03   -4.5755488E-03
 4.3600    1.8752925E-05    4.4797302E-03   -4.4797302E-03
 4.3700    1.8277297E-05    4.3861624E-03   -4.3861624E-03
 4.3800    1.7811982E-05    4.2940819E-03   -4.2940819E-03
 4.3900    1.7354715E-05    4.2029710E-03   -4.2029710E-03
 4.4000    1.6905185E-05    4.1127768E-03   -4.1127768E-03
 4.4100    1.6464526E-05    4.0237991E-03   -4.0237991E-03
 4.4200    1.6034093E-05    3.9363961E-03   -3.9363961E-03
 4.4300    1.5614608E-05    3.8507772E-03   -3.8507772E-03
 4.4400    1.5206124E-05    3.7669887E-03   -3.7669887E-03
 4.4500    1.4808345E-05    3.6849908E-03   -3.6849908E-03
 4.4600    1.4420800E-05    3.6046984E-03   -3.6046984E-03
 4.4700    1.4042859E-05    3.5259849E-03   -3.5259849E-03
 4.4800    1.3673910E-05    3.4487254E-03   -3.4487254E-03
 4.4900    1.3313724E-05    3.3728894E-03   -3.3728894E-03
 4.5000    1.2962676E-05    3.2985993E-03   -3.2985993E-03
 4.5100    1.2621520E-05    3.2260761E-03   -3.2260761E-03
 4.5200    1.2290875E-05    3.1555097E-03   -3.1555097E-03
 4.5300    1.1970846E-05    3.0869608E-03   -3.0869608E-03
 4.5400    1.1661029E-05    3.0203582E-03   -3.0203582E-03
 4.5500    1.1360758E-05    2.9555613E-03   -2.9555613E-03
 4.5600    1.1069337E-05    2.8924188E-03   -2.8924188E-03
 4.5700    1.0786136E-05    2.8307933E-03   -2.8307933E-03
 4.5800    1.0510642E-05    2.7705760E-03   -2.7705760E-03
 4.5900    1.0242542E-05    2.7117083E-03   -2.7117083E-03
 4.6000    9.9817758E-06    2.6541981E-03   -2.6541981E-03
 4.6100    9.7284505E-06    2.5980972E-03   -2.5980972E-03
 4.6200    9.4825870E-06    2.5434350E-03   -2.5434350E-03
 4.6300    9.2438637E-06    2.4901493E-03   -2.4901493E-03
 4.6400    9.0115348E-06    2.4380611E-03   -2.4380611E-03
 4.6500    8.7846042E-06    2.3869206E-03   -2.3869206E-03
 4.6600    8.5621624E-06    2.3364966E-03   -2.3364966E-03
 4.6700    8.3437000E-06    2.2866637E-03   -2.2866637E-03
 4.6800    8.1292319E-06    2.2374384E-03   -2.2374384E-03
 4.6900    7.9191800E-06    2.1889496E-03   -2.1889496E-03
 4.7000    7.7141039E-06    2.1413668E-03   -2.1413668E-03
 4.7100    7.5144629E-06    2.0948340E-03   -2.0948340E-03
 4.7200    7.3205330E-06    2.0494464E-03   -2.0494464E-03
 4.7300    7.1324584E-06    2.0052632E-03   -2.0052632E-03
 4.7400    6.9503235E-06    1.9623278E-03   -1.9623278E-03
 4.7500    6.7741568E-06    1.9206681E-03   -1.9206681E-03
 4.7600    6.6038310E-06    1.8802678E-03   -1.8802678E-03
 4.7700    6.4388730E-06    1.8410114E-03   -1.8410114E-03
 4.7800    6.2783278E-06    1.8026427E-03   -1.8026427E-03
 4.7900    6.1209438E-06    1.7648154E-03   -1.7648154E-03
 4.8000    5.9657774E-06    1.7272666E-03   -1.7272666E-03
 4.8100    5.8128617E-06    1.6900129E-03   -1.6900129E-03
 4.8200    5.6633410E-06    1.6533951E-03   -1.6533951E-03
 4.8300    5.5188457E-06    1.6179026E-03   -1.6179026E-03
 4.8400    5.3805529E-06    1.5838990E-03   -1.5838990E-03
 4.8500    5.2486137E-06    1.5514506E-03   -1.5514506E-03
 4.8600    5.1221956E-06    1.5203324E-03   -1.5203324E-03
 4.8700    4.9998301E-06    1.4901261E-03   -1.4901261E-03
 4.8800    4.8797306E-06    1.4603110E-03   -1.4603110E-03
 4.8900    4.7601447E-06    1.4303679E-03   -1.4303679E-03
 4.9000    4.6399483E-06    1.3999585E-03   -1.3999585E-03
 4.9100    4.5192565E-06    1.3691147E-03   -1.3691147E-03
 4.9200    4.3994564E-06    1.3382557E-03   -1.3382557E-03
 4.9300    4.2824553E-06    1.3079663E-03   -1.3079663E-03
 4.9400    4.1697743E-06    1.2787225E-03   -1.2787225E-03
 4.9500    4.0623313E-06    1.2508223E-03   -1.2508223E-03
 4.9600    3.9609344E-06    1.2245341E-03   -1.2245341E-03
 4.9700    3.8665444E-06    1.2001779E-03   -1.2001779E-03
 4.9800    3.7794836E-06    1.1778799E-03   -1.1778799E-03
 4.9900    3.6980508E-06    1.1571345E-03   -1.1571345E-03
 5.0000    3.6181038E-06    1.1366608E-03   -1.1366608E-03
 5.0100    3.5346810E-06    1.1148990E-03   -1.1148990E-03
 5.0200    3.4448350E-06    1.0909020E-03   -1.0909020E-03
 5.0300    3.3494840E-06    1.0649366E-03   -1.0649366E-03
 5.0400    3.2528018E-06    1.0383136E-03   -1.0383136E-03
 5.0500    3.1597425E-06    1.0126149E-03   -1.0126149E-03
 5.0600    3.0735809E-06    9.8890720E-04   -9.8890720E-04
 5.0700    2.9948485E-06    9.6738788E-04   -9.6738788E-04
 5.0800    2.9217448E-06    9.4750075E-04   -9.4750075E-04
 5.0900    2.8513506E-06    9.2831647E-04   -9.2831647E-04
 5.1000    2.7810121E-06    9.0897743E-04   -9.0897743E-04
 5.1100    2.7094776E-06    8.8907259E-04   -8.8907259E-04
 5.1200    2.6374138E-06    8.6881651E-04   -8.6881651E-04
 5.1300    2.5670124E-06    8.4893132E-04   -8.4893132E-04
 5.1400    2.5008021E-06    8.3026252E-04   -8.3026252E-04
 5.1500    2.4403129E-06    8.1333570E-04   -8.1333570E-04
 5.1600    2.3853586E-06    7.9811036E-04   -7.9811036E-04
 5.1700    2.3342509E-06    7.8404049E-04   -7.8404049E-04
 5.1800    2.2846225E-06    7.7034244E-04   -7.7034244E-04
 5.1900    2.2343030E-06    7.5628703E-04   -7.5628703E-04
 5.2000    2.1819083E-06    7.4140079E-04   -7.4140079E-04
 5.2100    2.1270972E-06    7.2555884E-04   -7.2555884E-04
 5.2200    2.0705383E-06    7.0898025E-04   -7.0898025E-04
 5.2300    2.0135986E-06    6.9212756E-04   -6.9212756E-04
 5.2400    1.9578347E-06    6.7553592E-04   -6.7553592E-04
 5.2500    1.9045066E-06    6.5964604E-04   -6.5964604E-04
 5.2600    1.8543291E-06    6.4471557E-04   -6.4471557E-04
 5.2700    1.8074615E-06    6.3081229E-04   -6.3081229E-04
 5.2800    1.7635562E-06    6.1782717E-04   -6.1782717E-04
 5.2900    1.7217609E-06    6.0547197E-04   -6.0547197E-04
 5.3000    1.6808204E-06    5.9331169E-04   -5.9331169E-04
 5.3100    1.6394740E-06    5.8090275E-04   -5.8090275E-04
 5.3200    1.5970542E-06    5.6800582E-04   -5.6800582E-04
 5.3300    1.5538622E-06    5.5472379E-04   -5.5472379E-04
 5.3400    1.5109706E-06    5.4143759E-04   -5.4143759E-04
 5.3500    1.4695690E-06    5.2857597E-04   -5.2857597E-04
 5.3600    1.4303448E-06    5.1639281E-04   -5.1639281E-04
 5.3700    1.3932980E-06    5.0489660E-04   -5.0489660E-04
 5.3800    1.3579828E-06    4.9393374E-04   -4.9393374E-04
 5.3900    1.3238899E-06    4.8332499E-04   -4.8332499E-04
 5.4000    1.2907248E-06    4.7296723E-04   -4.7296723E-04
 5.4100    1.2585176E-06    4.6287494E-04   -4.6287494E-04
 5.4200    1.2275711E-06    4.5316368E-04   -4.5316368E-04
 5.4300    1.1982580E-06    4.4397636E-04   -4.4397636E-04
 5.4400    1.1707375E-06    4.3537873E-04   -4.3537873E-04
 5.4500    1.1447871E-06    4.2729477E-04   -4.2729477E-04
 5.4600    1.1199019E-06    4.1954170E-04   -4.1954170E-04
 5.4700    1.0955986E-06    4.1194192E-04   -4.1194192E-04
 5.4800    1.0716723E-06    4.0442035E-04   -4.0442035E-04
 5.4900    1.0482298E-06    3.9701879E-04   -3.9701879E-04
 5.5000    1.0255432E-06    3.8984251E-04   -3.8984251E-04
 5.5100    1.0039064E-06    3.8300661E-04   -3.8300661E-04
 5.5200    9.8360595E-07    3.7662502E-04   -3.7662502E-04
 5.5300    9.6495557E-07    3.7082367E-04   -3.7082367E-04
 5.5400    9.4825910E-07    3.6572649E-04   -3.6572649E-04
 5.5500    9.3363325E-07    3.6138668E-04   -3.6138668E-04
 5.5600    9.2076355E-07    3.5769063E-04   -3.5769063E-04
 5.5700    9.0877882E-07    3.5430596E-04   -3.5430596E-04
 5.5800    8.9641663E-07    3.5074232E-04   -3.5074232E-04
 5.5900    8.8248180E-07    3.4652872E-04   -3.4652872E-04
 5.6000    8.6635064E-07    3.4141266E-04   -3.4141266E-04
 5.6100    8.4815104E-07    3.3543532E-04   -3.3543532E-04
 5.6200    8.2844972E-07    3.2881275E-04   -3.2881275E-04
 5.6300    8.0770634E-07    3.2172155E-04   -3.2172155E-04
 5.6400    7.8599494E-07    3.1418672E-04   -3.1418672E-04
 5.6500    7.6323994E-07    3.0617367E-04   -3.0617367E-04
 5.6600    7.3970394E-07    2.9778352E-04   -2.9778352E-04
 5.6700    7.1624468E-07    2.8935926E-04   -2.8935926E-04
 5.6800    6.9412032E-07    2.8141115E-04   -2.8141115E-04
 5.6900    6.7452541E-07    2.7443071E-04   -2.7443071E-04
 5.7000    6.5821248E-07    2.6873590E-04   -2.6873590E-04
 5.7100    6.4546416E-07    2.6445648E-04   -2.6445648E-04
 5.7200    6.3642858E-07    2.6166859E-04   -2.6166859E-04
 5.7300    6.3147671E-07    2.6054122E-04   -2.6054122E-04
 5.7400    6.3101157E-07    2.6125883E-04   -2.6125883E-04
 5.7500    6.3447845E-07    2.6361033E-04   -2.6361033E-04
 5.7600    6.3923491E-07    2.6651111E-04   -2.6651111E-04
 5.7700    6.4062966E-07    2.6802082E-04   -2.6802082E-04
 5.7800    6.3403950E-07    2.6618395E-04   -2.6618395E-04
 5.7900    6.1781200E-07    2.6026953E-04   -2.6026953E-04
 5.8000    5.9476586E-07    2.5142698E-04   -2.5142698E-04
 5.8100    5.7076522E-07    2.4211385E-04   -2.4211385E-04
 5.8200    5.5133197E-07    2.3467618E-04   -2.3467618E-04
 5.8300    5.3884810E-07    2.3015125E-04   -2.3015125E-04
 5.8400    5.3211754E-07    2.2805686E-04   -2.2805686E-04
 5.8500    5.2797241E-07    2.2705592E-04   -2.2705592E-04
 5.8600    5.2332462E-07    2.2582721E-04   -2.2582721E-04
 5.8700    5.1635850E-07    2.2358229E-04   -2.2358229E-04
 5.8800    5.0662387E-07    2.2011527E-04   -2.2011527E-04
 5.8900    4.9457831E-07    2.1561328E-04   -2.1561328E-04
 5.9000    4.8121421E-07    2.1050011E-04   -2.1050011E-04
 5.9100    4.6791522E-07    2.0537709E-04   -2.0537709E-04
 5.9200    4.5616014E-07    2.0089569E-04   -2.0089569E-04
 5.9300    4.4678265E-07    1.9743109E-04   -1.9743109E-04
 5.9400    4.3920551E-07    1.9473792E-04   -1.9473792E-04
 5.9500    4.3150613E-07    1.9196885E-04   -1.9196885E-04
 5.9600    4.2158064E-07    1.8818415E-04   -1.8818415E-04
 5.9700    4.0856157E-07    1.8298523E-04   -1.8298523E-04
 5.9800    3.9329949E-07    1.7674031E-04   -1.7674031E-04
 5.9900    3.7760727E-07    1.7025656E-04   -1.7025656E-04
 6.0000    3.6310211E-07    1.6426352E-04   -1.6426352E-04
 6.0100    3.5065101E-07    1.5915999E-04   -1.5915999E-04
 6.0200    3.4062151E-07    1.5512255E-04   -1.5512255E-04
 6.0300    3.3338021E-07    1.5232960E-04   -1.5232960E-04
 6.0400    3.2948191E-07    1.5104812E-04   -1.5104812E-04
 6.0500    3.2948861E-07    1.5155177E-04   -1.5155177E-04
 6.0600    3.3367753E-07    1.5398630E-04   -1.5398630E-04
 6.0700    3.4176867E-07    1.5824117E-04   -1.5824117E-04
 6.0800    3.5256375E-07    1.6377767E-04   -1.6377767E-04
 6.0900    3.6353930E-07    1.6943215E-04   -1.6943215E-04
 6.1000    3.7092461E-07    1.7344236E-04   -1.7344236E-04
 6.1100    3.7084545E-07    1.7397436E-04   -1.7397436E-04
 6.1200    3.6121432E-07    1.7001125E-04   -1.7001125E-04
 6.1300    3.4300164E-07    1.6196718E-04   -1.6196718E-04
 6.1400    3.1972460E-07    1.5146862E-04   -1.5146862E-04
 6.1500    2.9549995E-07    1.4044863E-04   -1.4044863E-04
 6.1600    2.7322421E-07    1.3028382E-04   -1.3028382E-04
 6.1700    2.5407668E-07    1.2154721E-04   -1.2154721E-04
 6.1800    2.3816090E-07    1.1430291E-04   -1.1430291E-04
 6.1900    2.2527834E-07    1.0847024E-04   -1.0847024E-04
 6.2000    2.1520986E-07    1.0395740E-04   -1.0395740E-04
 6.2100    2.0768045E-07    1.0064418E-04   -1.0064418E-04
 6.2200    2.0240360E-07    9.8403118E-05   -9.8403118E-05
 6.2300    1.9921333E-07    9.7163769E-05   -9.7163769E-05
 6.2400    1.9800094E-07    9.6882716E-05   -9.6882716E-05
 6.2500    1.9838626E-07    9.7382628E-05   -9.7382628E-05
 6.2600    1.9944334E-07    9.8215054E-05   -9.8215054E-05
 6.2700    1.9984425E-07    9.8727151E-05   -9.8727151E-05
 6.2800    1.9840958E-07    9.8331301E-05   -9.8331301E-05
 6.2900    1.9465965E-07    9.6780329E-05   -9.6780329E-05
 6.3000    1.8894954E-07    9.4240332E-05   -9.4240332E-05
 6.3100    1.8214806E-07    9.1136663E-05   -9.1136663E-05
 6.3200    1.7520120E-07    8.7938914E-05   -8.7938914E-05
 6.3300    1.6892010E-07    8.5054759E-05   -8.5054759E-05
 6.3400    1.6399653E-07    8.2836749E-05   -8.2836749E-05
 6.3500    1.6099428E-07    8.1577004E-05   -8.1577004E-05
 6.3600    1.6015828E-07    8.1409201E-05   -8.1409201E-05
 6.3700    1.6114394E-07    8.2167999E-05   -8.2167999E-05
 6.3800    1.6289054E-07    8.3319580E-05   -8.3319580E-05
 6.3900    1.6379728E-07    8.4046234E-05   -8.4046234E-05
 6.4000    1.6222028E-07    8.3497784E-05   -8.3497784E-05
 6.4100    1.5713015E-07    8.1130743E-05   -8.1130743E-05
 6.4200    1.4859962E-07    7.6965769E-05   -7.6965769E-05
 6.4300    1.3780795E-07    7.1598856E-05   -7.1598856E-05
 6.4400    1.2654622E-07    6.5952424E-05   -6.5952424E-05
 6.4500    1.1654784E-07    6.0930330E-05   -6.0930330E-05
 6.4600    1.0901992E-07    5.7171656E-05   -5.7171656E-05
 6.4700    1.0449615E-07    5.4969113E-05   -5.4969113E-05
 6.4800    1.0287702E-07    5.4284800E-05   -5.4284800E-05
 6.4900    1.0350478E-07    5.4784745E-05   -5.4784745E-05
 6.5000    1.0527422E-07    5.5893151E-05   -5.5893151E-05
 6.5100    1.0687308E-07    5.6916760E-05   -5.6916760E-05
 6.5200    1.0715809E-07    5.7244004E-05   -5.7244004E-05
 6.5300    1.0551084E-07    5.6537070E-05   -5.6537070E-05
 6.5400    1.0197907E-07    5.4812098E-05   -5.4812098E-05
 6.5500    9.7145742E-08    5.2374059E-05   -5.2374059E-05
 6.5600    9.1836865E-08    4.9663188E-05   -4.9663188E-05
 6.5700    8.6825602E-08    4.7096475E-05   -4.7096475E-05
 6.5800    8.2627229E-08    4.4955708E-05   -4.4955708E-05
 6.5900    7.9417226E-08    4.3340648E-05   -4.3340648E-05
 6.6000    7.7078065E-08    4.2191847E-05   -4.2191847E-05
 6.6100    7.5343351E-08    4.1367351E-05   -4.1367351E-05
 6.6200    7.3958106E-08    4.0729739E-05   -4.0729739E-05
 6.6300    7.2771418E-08    4.0197381E-05   -4.0197381E-05
 6.6400    7.1738903E-08    3.9746671E-05   -3.9746671E-05
 6.6500    7.0874922E-08    3.9386351E-05   -3.9386351E-05
 6.6600    7.0204527E-08    3.9131224E-05   -3.9131224E-05
 6.6700    6.9737545E-08    3.8987751E-05   -3.8987751E-05
 6.6800    6.9462720E-08    3.8950638E-05   -3.8950638E-05
