# total charge: 1.000000 
# r(A)     rho (e/A^3)     4*pi*r^2*rho(e/A)  dip  
 0.0000    1.3170426E-02    0.0000000E+00    7.9788456E+00
 0.0100    1.3165796E-02    1.6544627E-05    7.9390344E+00
 0.0200    1.3159962E-02    6.6149183E-05    7.8207877E+00
 0.0300    1.3152699E-02    1.4875353E-04    7.6276076E+00
 0.0400    1.3143787E-02    2.6427152E-04    7.3651385E+00
 0.0500    1.3133002E-02    4.1258544E-04    7.0408939E+00
 0.0600    1.3120117E-02    5.9354012E-04    6.6638985E+00
 0.0700    1.3104923E-02    8.0693845E-04    6.2442717E+00
 0.0800    1.3087287E-02    1.0525421E-03    5.7927785E+00
 0.0900    1.3067216E-02    1.3300806E-03    5.3203749E+00
 0.1000    1.3044873E-02    1.6392671E-03    4.8377752E+00
 0.1100    1.3020548E-02    1.9798145E-03    4.3550637E+00
 0.1200    1.2994597E-02    2.3514469E-03    3.8813697E+00
 0.1300    1.2967398E-02    2.7539078E-03    3.4246179E+00
 0.1400    1.2939322E-02    3.1869662E-03    2.9913623E+00
 0.1500    1.2910728E-02    3.6504224E-03    2.5867015E+00
 0.1600    1.2881962E-02    4.1441155E-03    2.2142726E+00
 0.1700    1.2853359E-02    4.6679300E-03    1.8763136E+00
 0.1800    1.2825249E-02    5.2218052E-03    1.5737814E+00
 0.1900    1.2797971E-02    5.8057481E-03    1.3065105E+00
 0.2000    1.2771880E-02    6.4198473E-03    1.0733995E+00
 0.2100    1.2747350E-02    7.0642874E-03    8.7260763E-01
 0.2200    1.2724766E-02    7.7393599E-03    7.0175250E-01
 0.2300    1.2704519E-02    8.4454689E-03    5.5809529E-01
 0.2400    1.2686993E-02    9.1831364E-03    4.3870747E-01
 0.2500    1.2672557E-02    9.9530031E-03    3.4061301E-01
 0.2600    1.2661565E-02    1.0755830E-02    2.6090355E-01
 0.2700    1.2654350E-02    1.1592503E-02    1.9682619E-01
 0.2800    1.2651235E-02    1.2464040E-02    1.4584499E-01
 0.2900    1.2652542E-02    1.3371608E-02    1.0567904E-01
 0.3000    1.2658597E-02    1.4316536E-02    7.4320432E-02
 0.3100    1.2669723E-02    1.5300315E-02    5.0036066E-02
 0.3200    1.2686226E-02    1.6324590E-02    3.1357174E-02
 0.3300    1.2708384E-02    1.7391141E-02    1.7060238E-02
 0.3400    1.2736444E-02    1.8501881E-02    6.1425025E-03
 0.3500    1.2770625E-02    1.9658850E-02   -2.2051961E-03
 0.3600    1.2811124E-02    2.0864217E-02   -8.6261782E-03
 0.3700    1.2858109E-02    2.2120269E-02   -1.3624664E-02
 0.3800    1.2911724E-02    2.3429407E-02   -1.7590468E-02
 0.3900    1.2972090E-02    2.4794139E-02   -2.0821030E-02
 0.4000    1.3039310E-02    2.6217089E-02   -2.3540484E-02
 0.4100    1.3113472E-02    2.7700988E-02   -2.5915755E-02
 0.4200    1.3194644E-02    2.9248670E-02   -2.8069808E-02
 0.4300    1.3282867E-02    3.0863034E-02   -3.0092330E-02
 0.4400    1.3378151E-02    3.2547026E-02   -3.2048177E-02
 0.4500    1.3480470E-02    3.4303617E-02   -3.3983943E-02
 0.4600    1.3589769E-02    3.6135795E-02   -3.5932978E-02
 0.4700    1.3705973E-02    3.8046564E-02   -3.7919168E-02
 0.4800    1.3828986E-02    4.0038949E-02   -3.9959723E-02
 0.4900    1.3958698E-02    4.2115984E-02   -4.2067205E-02
 0.5000    1.4094986E-02    4.4280705E-02   -4.4250971E-02
 0.5100    1.4237706E-02    4.6536126E-02   -4.6518182E-02
 0.5200    1.4386694E-02    4.8885217E-02   -4.8874495E-02
 0.5300    1.4541768E-02    5.1330892E-02   -5.1324549E-02
 0.5400    1.4702732E-02    5.3876008E-02   -5.3872293E-02
 0.5500    1.4869376E-02    5.6523364E-02   -5.6521210E-02
 0.5600    1.5041485E-02    5.9275693E-02   -5.9274457E-02
 0.5700    1.5218831E-02    6.2135652E-02   -6.2134949E-02
 0.5800    1.5401174E-02    6.5105798E-02   -6.5105402E-02
 0.5900    1.5588263E-02    6.8188576E-02   -6.8188356E-02
 0.6000    1.5779839E-02    7.1386310E-02   -7.1386188E-02
 0.6100    1.5975632E-02    7.4701201E-02   -7.4701135E-02
 0.6200    1.6175370E-02    7.8135334E-02   -7.8135298E-02
 0.6300    1.6378779E-02    8.1690673E-02   -8.1690654E-02
 0.6400    1.6585580E-02    8.5369056E-02   -8.5369046E-02
 0.6500    1.6795493E-02    8.9172168E-02   -8.9172163E-02
 0.6600    1.7008228E-02    9.3101527E-02   -9.3101524E-02
 0.6700    1.7223491E-02    9.7158467E-02   -9.7158465E-02
 0.6800    1.7440980E-02    1.0134412E-01   -1.0134412E-01
 0.6900    1.7660386E-02    1.0565942E-01   -1.0565942E-01
 0.7000    1.7881394E-02    1.1010507E-01   -1.1010507E-01
 0.7100    1.8103682E-02    1.1468153E-01   -1.1468153E-01
 0.7200    1.8326923E-02    1.1938903E-01   -1.1938903E-01
 0.7300    1.8550784E-02    1.2422753E-01   -1.2422753E-01
 0.7400    1.8774924E-02    1.2919672E-01   -1.2919672E-01
 0.7500    1.8999001E-02    1.3429602E-01   -1.3429602E-01
 0.7600    1.9222661E-02    1.3952452E-01   -1.3952452E-01
 0.7700    1.9445544E-02    1.4488099E-01   -1.4488099E-01
 0.7800    1.9667284E-02    1.5036386E-01   -1.5036386E-01
 0.7900    1.9887507E-02    1.5597120E-01   -1.5597120E-01
 0.8000    2.0105838E-02    1.6170074E-01   -1.6170074E-01
 0.8100    2.0321894E-02    1.6754986E-01   -1.6754986E-01
 0.8200    2.0535287E-02    1.7351553E-01   -1.7351553E-01
 0.8300    2.0745621E-02    1.7959428E-01   -1.7959428E-01
 0.8400    2.0952489E-02    1.8578218E-01   -1.8578218E-01
 0.8500    2.1155479E-02    1.9207488E-01   -1.9207488E-01
 0.8600    2.1354173E-02    1.9846756E-01   -1.9846756E-01
 0.8700    2.1548156E-02    2.0495498E-01   -2.0495498E-01
 0.8800    2.1737012E-02    2.1153151E-01   -2.1153151E-01
 0.8900    2.1920335E-02    2.1819111E-01   -2.1819111E-01
 0.9000    2.2097719E-02    2.2492738E-01   -2.2492738E-01
 0.9100    2.2268763E-02    2.3173346E-01   -2.3173346E-01
 0.9200    2.2433074E-02    2.3860213E-01   -2.3860213E-01
 0.9300    2.2590265E-02    2.4552577E-01   -2.4552577E-01
 0.9400    2.2739963E-02    2.5249648E-01   -2.5249648E-01
 0.9500    2.2881815E-02    2.5950609E-01   -2.5950609E-01
 0.9600    2.3015492E-02    2.6654626E-01   -2.6654626E-01
 0.9700    2.3140695E-02    2.7360859E-01   -2.7360859E-01
 0.9800    2.3257156E-02    2.8068463E-01   -2.8068463E-01
 0.9900    2.3364648E-02    2.8776601E-01   -2.8776601E-01
 1.0000    2.3462975E-02    2.9484444E-01   -2.9484444E-01
 1.0100    2.3551979E-02    3.0191176E-01   -3.0191176E-01
 1.0200    2.3631534E-02    3.0895991E-01   -3.0895991E-01
 1.0300    2.3701544E-02    3.1598099E-01   -3.1598099E-01
 1.0400    2.3761942E-02    3.2296724E-01   -3.2296724E-01
 1.0500    2.3812689E-02    3.2991108E-01   -3.2991108E-01
 1.0600    2.3853774E-02    3.3680513E-01   -3.3680513E-01
 1.0700    2.3885209E-02    3.4364217E-01   -3.4364217E-01
 1.0800    2.3907023E-02    3.5041516E-01   -3.5041516E-01
 1.0900    2.3919270E-02    3.5711721E-01   -3.5711721E-01
 1.1000    2.3922020E-02    3.6374170E-01   -3.6374170E-01
 1.1100    2.3915368E-02    3.7028225E-01   -3.7028225E-01
 1.1200    2.3899430E-02    3.7673281E-01   -3.7673281E-01
 1.1300    2.3874343E-02    3.8308767E-01   -3.8308767E-01
 1.1400    2.3840266E-02    3.8934146E-01   -3.8934146E-01
 1.1500    2.3797378E-02    3.9548921E-01   -3.9548921E-01
 1.1600    2.3745875E-02    4.0152633E-01   -4.0152633E-01
 1.1700    2.3685973E-02    4.0744859E-01   -4.0744859E-01
 1.1800    2.3617900E-02    4.1325219E-01   -4.1325219E-01
 1.1900    2.3541899E-02    4.1893368E-01   -4.1893368E-01
 1.2000    2.3458221E-02    4.2448997E-01   -4.2448997E-01
 1.2100    2.3367128E-02    4.2991832E-01   -4.2991832E-01
 1.2200    2.3268890E-02    4.3521634E-01   -4.3521634E-01
 1.2300    2.3163781E-02    4.4038199E-01   -4.4038199E-01
 1.2400    2.3052086E-02    4.4541358E-01   -4.4541358E-01
 1.2500    2.2934092E-02    4.5030984E-01   -4.5030984E-01
 1.2600    2.2810095E-02    4.5506984E-01   -4.5506984E-01
 1.2700    2.2680389E-02    4.5969292E-01   -4.5969292E-01
 1.2800    2.2545265E-02    4.6417863E-01   -4.6417863E-01
 1.2900    2.2405004E-02    4.6852666E-01   -4.6852666E-01
 1.3000    2.2259885E-02    4.7273687E-01   -4.7273687E-01
 1.3100    2.2110180E-02    4.7680931E-01   -4.7680931E-01
 1.3200    2.1956160E-02    4.8074426E-01   -4.8074426E-01
 1.3300    2.1798092E-02    4.8454221E-01   -4.8454221E-01
 1.3400    2.1636235E-02    4.8820380E-01   -4.8820380E-01
 1.3500    2.1470840E-02    4.9172969E-01   -4.9172969E-01
 1.3600    2.1302140E-02    4.9512050E-01   -4.9512050E-01
 1.3700    2.1130358E-02    4.9837684E-01   -4.9837684E-01
 1.3800    2.0955708E-02    5.0149936E-01   -5.0149936E-01
 1.3900    2.0778400E-02    5.0448885E-01   -5.0448885E-01
 1.4000    2.0598637E-02    5.0734622E-01   -5.0734622E-01
 1.4100    2.0416613E-02    5.1007235E-01   -5.1007235E-01
 1.4200    2.0232507E-02    5.1266805E-01   -5.1266805E-01
 1.4300    2.0046485E-02    5.1513395E-01   -5.1513395E-01
 1.4400    1.9858699E-02    5.1747056E-01   -5.1747056E-01
 1.4500    1.9669295E-02    5.1967840E-01   -5.1967840E-01
 1.4600    1.9478411E-02    5.2175799E-01   -5.2175799E-01
 1.4700    1.9286182E-02    5.2370990E-01   -5.2370990E-01
 1.4800    1.9092732E-02    5.2553467E-01   -5.2553467E-01
 1.4900    1.8898180E-02    5.2723275E-01   -5.2723275E-01
 1.5000    1.8702637E-02    5.2880459E-01   -5.2880459E-01
 1.5100    1.8506211E-02    5.3025072E-01   -5.3025072E-01
 1.5200    1.8309011E-02    5.3157178E-01   -5.3157178E-01
 1.5300    1.8111145E-02    5.3276860E-01   -5.3276860E-01
 1.5400    1.7912717E-02    5.3384205E-01   -5.3384205E-01
 1.5500    1.7713827E-02    5.3479294E-01   -5.3479294E-01
 1.5600    1.7514564E-02    5.3562199E-01   -5.3562199E-01
 1.5700    1.7315011E-02    5.3632981E-01   -5.3632981E-01
 1.5800    1.7115244E-02    5.3691699E-01   -5.3691699E-01
 1.5900    1.6915343E-02    5.3738422E-01   -5.3738422E-01
 1.6000    1.6715385E-02    5.3773241E-01   -5.3773241E-01
 1.6100    1.6515453E-02    5.3796262E-01   -5.3796262E-01
 1.6200    1.6315627E-02    5.3807606E-01   -5.3807606E-01
 1.6300    1.6115988E-02    5.3807401E-01   -5.3807401E-01
 1.6400    1.5916613E-02    5.3795781E-01   -5.3795781E-01
 1.6500    1.5717575E-02    5.3772881E-01   -5.3772881E-01
 1.6600    1.5518947E-02    5.3738839E-01   -5.3738839E-01
 1.6700    1.5320798E-02    5.3693808E-01   -5.3693808E-01
 1.6800    1.5123204E-02    5.3637959E-01   -5.3637959E-01
 1.6900    1.4926240E-02    5.3571487E-01   -5.3571487E-01
 1.7000    1.4729982E-02    5.3494598E-01   -5.3494598E-01
 1.7100    1.4534502E-02    5.3407497E-01   -5.3407497E-01
 1.7200    1.4339865E-02    5.3310386E-01   -5.3310386E-01
 1.7300    1.4146137E-02    5.3203465E-01   -5.3203465E-01
 1.7400    1.3953379E-02    5.3086948E-01   -5.3086948E-01
 1.7500    1.3761660E-02    5.2961075E-01   -5.2961075E-01
 1.7600    1.3571048E-02    5.2826106E-01   -5.2826106E-01
 1.7700    1.3381610E-02    5.2682305E-01   -5.2682305E-01
 1.7800    1.3193402E-02    5.2529911E-01   -5.2529911E-01
 1.7900    1.3006471E-02    5.2369135E-01   -5.2369135E-01
 1.8000    1.2820858E-02    5.2200175E-01   -5.2200175E-01
 1.8100    1.2636607E-02    5.2023250E-01   -5.2023250E-01
 1.8200    1.2453768E-02    5.1838617E-01   -5.1838617E-01
 1.8300    1.2272393E-02    5.1646547E-01   -5.1646547E-01
 1.8400    1.2092526E-02    5.1447293E-01   -5.1447293E-01
 1.8500    1.1914195E-02    5.1241050E-01   -5.1241050E-01
 1.8600    1.1737417E-02    5.1027971E-01   -5.1027971E-01
 1.8700    1.1562210E-02    5.0808214E-01   -5.0808214E-01
 1.8800    1.1388598E-02    5.0581982E-01   -5.0581982E-01
 1.8900    1.1216619E-02    5.0349530E-01   -5.0349530E-01
 1.9000    1.1046306E-02    5.0111124E-01   -5.0111124E-01
 1.9100    1.0877689E-02    4.9867001E-01   -4.9867001E-01
 1.9200    1.0710785E-02    4.9617354E-01   -4.9617354E-01
 1.9300    1.0545603E-02    4.9362360E-01   -4.9362360E-01
 1.9400    1.0382160E-02    4.9102209E-01   -4.9102209E-01
 1.9500    1.0220472E-02    4.8837121E-01   -4.8837121E-01
 1.9600    1.0060564E-02    4.8567343E-01   -4.8567343E-01
 1.9700    9.9024549E-03    4.8293112E-01   -4.8293112E-01
 1.9800    9.7461526E-03    4.8014615E-01   -4.8014615E-01
 1.9900    9.5916481E-03    4.7731959E-01   -4.7731959E-01
 2.0000    9.4389173E-03    4.7445173E-01   -4.7445173E-01
 2.0100    9.2879314E-03    4.7154265E-01   -4.7154265E-01
 2.0200    9.1386707E-03    4.6859282E-01   -4.6859282E-01
 2.0300    8.9911314E-03    4.6560355E-01   -4.6560355E-01
 2.0400    8.8453242E-03    4.6257692E-01   -4.6257692E-01
 2.0500    8.7012654E-03    4.5951533E-01   -4.5951533E-01
 2.0600    8.5589658E-03    4.5642098E-01   -4.5642098E-01
 2.0700    8.4184254E-03    4.5329551E-01   -4.5329551E-01
 2.0800    8.2796352E-03    4.5014013E-01   -4.5014013E-01
 2.0900    8.1425852E-03    4.4695598E-01   -4.4695598E-01
 2.1000    8.0072724E-03    4.4374458E-01   -4.4374458E-01
 2.1100    7.8737027E-03    4.4050798E-01   -4.4050798E-01
 2.1200    7.7418867E-03    4.3724857E-01   -4.3724857E-01
 2.1300    7.6118336E-03    4.3396865E-01   -4.3396865E-01
 2.1400    7.4835451E-03    4.3067017E-01   -4.3067017E-01
 2.1500    7.3570140E-03    4.2735458E-01   -4.2735458E-01
 2.1600    7.2322222E-03    4.2402272E-01   -4.2402272E-01
 2.1700    7.1091420E-03    4.2067482E-01   -4.2067482E-01
 2.1800    6.9877395E-03    4.1731074E-01   -4.1731074E-01
 2.1900    6.8679843E-03    4.1393046E-01   -4.1393046E-01
 2.2000    6.7498591E-03    4.1053476E-01   -4.1053476E-01
 2.2100    6.6333654E-03    4.0712553E-01   -4.0712553E-01
 2.2200    6.5185198E-03    4.0370563E-01   -4.0370563E-01
 2.2300    6.4053438E-03    4.0027829E-01   -4.0027829E-01
 2.2400    6.2938532E-03    3.9684646E-01   -3.9684646E-01
 2.2500    6.1840517E-03    3.9341237E-01   -3.9341237E-01
 2.2600    6.0759312E-03    3.8997753E-01   -3.8997753E-01
 2.2700    5.9694761E-03    3.8654299E-01   -3.8654299E-01
 2.2800    5.8646683E-03    3.8310958E-01   -3.8310958E-01
 2.2900    5.7614878E-03    3.7967804E-01   -3.7967804E-01
 2.3000    5.6599119E-03    3.7624887E-01   -3.7624887E-01
 2.3100    5.5599154E-03    3.7282241E-01   -3.7282241E-01
 2.3200    5.4614717E-03    3.6939884E-01   -3.6939884E-01
 2.3300    5.3645549E-03    3.6597836E-01   -3.6597836E-01
 2.3400    5.2691416E-03    3.6256130E-01   -3.6256130E-01
 2.3500    5.1752144E-03    3.5914840E-01   -3.5914840E-01
 2.3600    5.0827650E-03    3.5574098E-01   -3.5574098E-01
 2.3700    4.9917944E-03    3.5234105E-01   -3.5234105E-01
 2.3800    4.9023068E-03    3.4895085E-01   -3.4895085E-01
 2.3900    4.8142985E-03    3.4557211E-01   -3.4557211E-01
 2.4000    4.7277516E-03    3.4220551E-01   -3.4220551E-01
 2.4100    4.6426342E-03    3.3885073E-01   -3.3885073E-01
 2.4200    4.5589097E-03    3.3550700E-01   -3.3550700E-01
 2.4300    4.4765454E-03    3.3217382E-01   -3.3217382E-01
 2.4400    4.3955180E-03    3.2885131E-01   -3.2885131E-01
 2.4500    4.3158128E-03    3.2554020E-01   -3.2554020E-01
 2.4600    4.2374200E-03    3.2224159E-01   -3.2224159E-01
 2.4700    4.1603324E-03    3.1895675E-01   -3.1895675E-01
 2.4800    4.0845423E-03    3.1568695E-01   -3.1568695E-01
 2.4900    4.0100384E-03    3.1243314E-01   -3.1243314E-01
 2.5000    3.9368016E-03    3.0919568E-01   -3.0919568E-01
 2.5100    3.8648040E-03    3.0597418E-01   -3.0597418E-01
 2.5200    3.7940123E-03    3.0276780E-01   -3.0276780E-01
 2.5300    3.7243956E-03    2.9957579E-01   -2.9957579E-01
 2.5400    3.6559328E-03    2.9639816E-01   -2.9639816E-01
 2.5500    3.5886156E-03    2.9323592E-01   -2.9323592E-01
 2.5600    3.5224441E-03    2.9009076E-01   -2.9009076E-01
 2.5700    3.4574170E-03    2.8696430E-01   -2.8696430E-01
 2.5800    3.3935224E-03    2.8385726E-01   -2.8385726E-01
 2.5900    3.3307359E-03    2.8076928E-01   -2.8076928E-01
 2.6000    3.2690275E-03    2.7769952E-01   -2.7769952E-01
 2.6100    3.2083727E-03    2.7464753E-01   -2.7464753E-01
 2.6200    3.1487568E-03    2.7161363E-01   -2.7161363E-01
 2.6300    3.0901691E-03    2.6859852E-01   -2.6859852E-01
 2.6400    3.0325928E-03    2.6560229E-01   -2.6560229E-01
 2.6500    2.9760009E-03    2.6262415E-01   -2.6262415E-01
 2.6600    2.9203656E-03    2.5966317E-01   -2.5966317E-01
 2.6700    2.8656736E-03    2.5671965E-01   -2.5671965E-01
 2.6800    2.8119334E-03    2.5379583E-01   -2.5379583E-01
 2.6900    2.7591662E-03    2.5089516E-01   -2.5089516E-01
 2.7000    2.7073880E-03    2.4802068E-01   -2.4802068E-01
 2.7100    2.6565951E-03    2.4517366E-01   -2.4517366E-01
 2.7200    2.6067631E-03    2.4235347E-01   -2.4235347E-01
 2.7300    2.5578575E-03    2.3955845E-01   -2.3955845E-01
 2.7400    2.5098471E-03    2.3678722E-01   -2.3678722E-01
 2.7500    2.4627110E-03    2.3403925E-01   -2.3403925E-01
 2.7600    2.4164346E-03    2.3131462E-01   -2.3131462E-01
 2.7700    2.3710024E-03    2.2861325E-01   -2.2861325E-01
 2.7800    2.3263939E-03    2.2593458E-01   -2.2593458E-01
 2.7900    2.2825882E-03    2.2327795E-01   -2.2327795E-01
 2.8000    2.2395708E-03    2.2064329E-01   -2.2064329E-01
 2.8100    2.1973379E-03    2.1803155E-01   -2.1803155E-01
 2.8200    2.1558938E-03    2.1544452E-01   -2.1544452E-01
 2.8300    2.1152446E-03    2.1288415E-01   -2.1288415E-01
 2.8400    2.0753889E-03    2.1035170E-01   -2.1035170E-01
 2.8500    2.0363107E-03    2.0784693E-01   -2.0784693E-01
 2.8600    1.9979770E-03    2.0536783E-01   -2.0536783E-01
 2.8700    1.9603415E-03    2.0291091E-01   -2.0291091E-01
 2.8800    1.9233564E-03    2.0047241E-01   -2.0047241E-01
 2.8900    1.8869897E-03    1.9805010E-01   -1.9805010E-01
 2.9000    1.8512369E-03    1.9564459E-01   -1.9564459E-01
 2.9100    1.8161190E-03    1.9325918E-01   -1.9325918E-01
 2.9200    1.7816620E-03    1.9089778E-01   -1.9089778E-01
 2.9300    1.7478713E-03    1.8856216E-01   -1.8856216E-01
 2.9400    1.7147195E-03    1.8625057E-01   -1.8625057E-01
 2.9500    1.6821571E-03    1.8395875E-01   -1.8395875E-01
 2.9600    1.6501404E-03    1.8168296E-01   -1.8168296E-01
 2.9700    1.6186559E-03    1.7942267E-01   -1.7942267E-01
 2.9800    1.5877225E-03    1.7718094E-01   -1.7718094E-01
 2.9900    1.5573710E-03    1.7496223E-01   -1.7496223E-01
 3.0000    1.5276173E-03    1.7276945E-01   -1.7276945E-01
 3.0100    1.4984513E-03    1.7060254E-01   -1.7060254E-01
 3.0200    1.4698459E-03    1.6845951E-01   -1.6845951E-01
 3.0300    1.4417761E-03    1.6633856E-01   -1.6633856E-01
 3.0400    1.4142306E-03    1.6423936E-01   -1.6423936E-01
 3.0500    1.3872081E-03    1.6216277E-01   -1.6216277E-01
 3.0600    1.3607055E-03    1.6010941E-01   -1.6010941E-01
 3.0700    1.3347100E-03    1.5807877E-01   -1.5807877E-01
 3.0800    1.3092024E-03    1.5606952E-01   -1.5606952E-01
 3.0900    1.2841674E-03    1.5408078E-01   -1.5408078E-01
 3.1000    1.2596009E-03    1.5211296E-01   -1.5211296E-01
 3.1100    1.2355068E-03    1.5016745E-01   -1.5016745E-01
 3.1200    1.2118874E-03    1.4824543E-01   -1.4824543E-01
 3.1300    1.1887332E-03    1.4634670E-01   -1.4634670E-01
 3.1400    1.1660223E-03    1.4446945E-01   -1.4446945E-01
 3.1500    1.1437280E-03    1.4261123E-01   -1.4261123E-01
 3.1600    1.1218290E-03    1.4077019E-01   -1.4077019E-01
 3.1700    1.1003165E-03    1.3894599E-01   -1.3894599E-01
 3.1800    1.0791951E-03    1.3713998E-01   -1.3713998E-01
 3.1900    1.0584776E-03    1.3535456E-01   -1.3535456E-01
 3.2000    1.0381762E-03    1.3359213E-01   -1.3359213E-01
 3.2100    1.0182936E-03    1.3185389E-01   -1.3185389E-01
 3.2200    9.9881932E-04    1.3013932E-01   -1.3013932E-01
 3.2300    9.7973199E-04    1.2844648E-01   -1.2844648E-01
 3.2400    9.6100819E-04    1.2677306E-01   -1.2677306E-01
 3.2500    9.4263121E-04    1.2511760E-01   -1.2511760E-01
 3.2600    9.2459621E-04    1.2348016E-01   -1.2348016E-01
 3.2700    9.0690793E-04    1.2186208E-01   -1.2186208E-01
 3.2800    8.8957076E-04    1.2026467E-01   -1.2026467E-01
 3.2900    8.7257629E-04    1.1868752E-01   -1.1868752E-01
 3.3000    8.5589825E-04    1.1712777E-01   -1.1712777E-01
 3.3100    8.3950170E-04    1.1558126E-01   -1.1558126E-01
 3.3200    8.2336187E-04    1.1404514E-01   -1.1404514E-01
 3.3300    8.0747878E-04    1.1251993E-01   -1.1251993E-01
 3.3400    7.9187547E-04    1.1100938E-01   -1.1100938E-01
 3.3500    7.7658057E-04    1.0951812E-01   -1.0951812E-01
 3.3600    7.6160863E-04    1.0804888E-01   -1.0804888E-01
 3.3700    7.4695319E-04    1.0660143E-01   -1.0660143E-01
 3.3800    7.3259576E-04    1.0517382E-01   -1.0517382E-01
 3.3900    7.1852057E-04    1.0376442E-01   -1.0376442E-01
 3.4000    7.0472111E-04    1.0237289E-01   -1.0237289E-01
 3.4100    6.9119449E-04    1.0099942E-01   -1.0099942E-01
 3.4200    6.7793174E-04    9.9643286E-02   -9.9643286E-02
 3.4300    6.6491527E-04    9.8302466E-02   -9.8302466E-02
 3.4400    6.5212657E-04    9.6974744E-02   -9.6974744E-02
 3.4500    6.3955635E-04    9.5659227E-02   -9.5659227E-02
 3.4600    6.2720751E-04    9.4356823E-02   -9.4356823E-02
 3.4700    6.1508843E-04    9.3069283E-02   -9.3069283E-02
 3.4800    6.0320365E-04    9.1797808E-02   -9.1797808E-02
 3.4900    5.9155004E-04    9.0542443E-02   -9.0542443E-02
 3.5000    5.8012021E-04    8.9302568E-02   -8.9302568E-02
 3.5100    5.6890898E-04    8.8077887E-02   -8.8077887E-02
 3.5200    5.5791807E-04    8.6869160E-02   -8.6869160E-02
 3.5300    5.4715628E-04    8.5678264E-02   -8.5678264E-02
 3.5400    5.3663434E-04    8.4507421E-02   -8.4507421E-02
 3.5500    5.2635585E-04    8.3357758E-02   -8.3357758E-02
 3.5600    5.1630885E-04    8.2227944E-02   -8.2227944E-02
 3.5700    5.0646467E-04    8.1113931E-02   -8.1113931E-02
 3.5800    4.9678732E-04    8.0010396E-02   -8.0010396E-02
 3.5900    4.8724891E-04    7.8913197E-02   -7.8913197E-02
 3.6000    4.7784082E-04    7.7821234E-02   -7.7821234E-02
 3.6100    4.6857353E-04    7.6736506E-02   -7.6736506E-02
 3.6200    4.5946685E-04    7.5662587E-02   -7.5662587E-02
 3.6300    4.5053894E-04    7.4602855E-02   -7.4602855E-02
 3.6400    4.4180120E-04    7.3559627E-02   -7.3559627E-02
 3.6500    4.3325975E-04    7.2534386E-02   -7.2534386E-02
 3.6600    4.2491937E-04    7.1528409E-02   -7.1528409E-02
 3.6700    4.1678419E-04    7.0542888E-02   -7.0542888E-02
 3.6800    4.0885256E-04    6.9578045E-02   -6.9578045E-02
 3.6900    4.0110833E-04    6.8631624E-02   -6.8631624E-02
 3.7000    3.9351644E-04    6.7698055E-02   -6.7698055E-02
 3.7100    3.8603053E-04    6.6769687E-02   -6.6769687E-02
 3.7200    3.7861281E-04    6.5840186E-02   -6.5840186E-02
 3.7300    3.7125473E-04    6.4908194E-02   -6.4908194E-02
 3.7400    3.6398268E-04    6.3978460E-02   -6.3978460E-02
 3.7500    3.5684236E-04    6.3059249E-02   -6.3059249E-02
 3.7600    3.4987243E-04    6.2157749E-02   -6.2157749E-02
 3.7700    3.4308579E-04    6.1276689E-02   -6.1276689E-02
 3.7800    3.3646913E-04    6.0414152E-02   -6.0414152E-02
 3.7900    3.2999666E-04    5.9565917E-02   -5.9565917E-02
 3.8000    3.2364504E-04    5.8728109E-02   -5.8728109E-02
 3.8100    3.1740012E-04    5.7898445E-02   -5.7898445E-02
 3.8200    3.1125580E-04    5.7076067E-02   -5.7076067E-02
 3.8300    3.0521124E-04    5.6261063E-02   -5.6261063E-02
 3.8400    2.9927065E-04    5.5454455E-02   -5.5454455E-02
 3.8500    2.9344395E-04    5.4658345E-02   -5.4658345E-02
 3.8600    2.8774397E-04    5.3875425E-02   -5.3875425E-02
 3.8700    2.8217942E-04    5.3107656E-02   -5.3107656E-02
 3.8800    2.7674783E-04    5.2354925E-02   -5.2354925E-02
 3.8900    2.7143460E-04    5.1614802E-02   -5.1614802E-02
 3.9000    2.6621996E-04    5.0883818E-02   -5.0883818E-02
 3.9100    2.6108919E-04    5.0159394E-02   -5.0159394E-02
 3.9200    2.5603845E-04    4.9440994E-02   -4.9440994E-02
 3.9300    2.5107281E-04    4.8729803E-02   -4.8729803E-02
 3.9400    2.4620039E-04    4.8027617E-02   -4.8027617E-02
 3.9500    2.4142868E-04    4.7336148E-02   -4.7336148E-02
 3.9600    2.3676525E-04    4.6657148E-02   -4.6657148E-02
 3.9700    2.3221895E-04    4.5992660E-02   -4.5992660E-02
 3.9800    2.2779769E-04    4.5344574E-02   -4.5344574E-02
 3.9900    2.2350317E-04    4.4713569E-02   -4.4713569E-02
 4.0000    2.1932726E-04    4.4098362E-02   -4.4098362E-02
 4.0100    2.1525350E-04    4.3495951E-02   -4.3495951E-02
 4.0200    2.1126190E-04    4.2902555E-02   -4.2902555E-02
 4.0300    2.0733308E-04    4.2314436E-02   -4.2314436E-02
 4.0400    2.0345037E-04    4.1728338E-02   -4.1728338E-02
 4.0500    1.9960215E-04    4.1141974E-02   -4.1141974E-02
 4.0600    1.9578510E-04    4.0554735E-02   -4.0554735E-02
 4.0700    1.9200530E-04    3.9967952E-02   -3.9967952E-02
 4.0800    1.8827404E-04    3.9384073E-02   -3.9384073E-02
 4.0900    1.8460072E-04    3.8805196E-02   -3.8805196E-02
 4.1000    1.8098912E-04    3.8232267E-02   -3.8232267E-02
 4.1100    1.7744010E-04    3.7665633E-02   -3.7665633E-02
 4.1200    1.7395717E-04    3.7106212E-02   -3.7106212E-02
 4.1300    1.7054888E-04    3.6556014E-02   -3.6556014E-02
 4.1400    1.6722564E-04    3.6017487E-02   -3.6017487E-02
 4.1500    1.6399410E-04    3.5492312E-02   -3.5492312E-02
 4.1600    1.6085413E-04    3.4980719E-02   -3.4980719E-02
 4.1700    1.5780034E-04    3.4481799E-02   -3.4481799E-02
 4.1800    1.5482590E-04    3.3994294E-02   -3.3994294E-02
 4.1900    1.5192356E-04    3.3516838E-02   -3.3516838E-02
 4.2000    1.4908304E-04    3.3047353E-02   -3.3047353E-02
 4.2100    1.4628925E-04    3.2582654E-02   -3.2582654E-02
 4.2200    1.4352668E-04    3.2119398E-02   -3.2119398E-02
 4.2300    1.4078775E-04    3.1655958E-02   -3.1655958E-02
 4.2400    1.3807674E-04    3.1193357E-02   -3.1193357E-02
 4.2500    1.3540486E-04    3.0734205E-02   -3.0734205E-02
 4.2600    1.3278116E-04    3.0280672E-02   -3.0280672E-02
 4.2700    1.3020743E-04    2.9833307E-02   -2.9833307E-02
 4.2800    1.2767938E-04    2.9391258E-02   -2.9391258E-02
 4.2900    1.2519053E-04    2.8953157E-02   -2.8953157E-02
 4.3000    1.2273592E-04    2.8517960E-02   -2.8517960E-02
 4.3100    1.2031578E-04    2.8085814E-02   -2.8085814E-02
 4.3200    1.1793941E-04    2.7658990E-02   -2.7658990E-02
 4.3300    1.1562622E-04    2.7242189E-02   -2.7242189E-02
 4.3400    1.1339975E-04    2.6841169E-02   -2.6841169E-02
 4.3500    1.1127407E-04    2.6459543E-02   -2.6459543E-02
 4.3600    1.0924042E-04    2.6095536E-02   -2.6095536E-02
 4.3700    1.0726623E-04    2.5741612E-02   -2.5741612E-02
 4.3800    1.0531079E-04    2.5388143E-02   -2.5388143E-02
 4.3900    1.0334731E-04    2.5028687E-02   -2.5028687E-02
 4.4000    1.0137335E-04    2.4662609E-02   -2.4662609E-02
 4.4100    9.9403083E-05    2.4293322E-02   -2.4293322E-02
 4.4200    9.7451798E-05    2.3924576E-02   -2.3924576E-02
 4.4300    9.5527807E-05    2.3558472E-02   -2.3558472E-02
 4.4400    9.3635075E-05    2.3196068E-02   -2.3196068E-02
 4.4500    9.1778083E-05    2.2838568E-02   -2.2838568E-02
 4.4600    8.9961281E-05    2.2487191E-02   -2.2487191E-02
 4.4700    8.8185119E-05    2.2142172E-02   -2.2142172E-02
 4.4800    8.6445578E-05    2.1802619E-02   -2.1802619E-02
 4.4900    8.4739166E-05    2.1467760E-02   -2.1467760E-02
 4.5000    8.3067990E-05    2.1138229E-02   -2.1138229E-02
 4.5100    8.1439170E-05    2.0815952E-02   -2.0815952E-02
 4.5200    7.9859390E-05    2.0502779E-02   -2.0502779E-02
 4.5300    7.8330404E-05    2.0199315E-02   -2.0199315E-02
 4.5400    7.6849254E-05    1.9904956E-02   -1.9904956E-02
 4.5500    7.5411398E-05    1.9618674E-02   -1.9618674E-02
 4.5600    7.4012641E-05    1.9339509E-02   -1.9339509E-02
 4.5700    7.2648525E-05    1.9066416E-02   -1.9066416E-02
 4.5800    7.1313481E-05    1.8798035E-02   -1.8798035E-02
 4.5900    7.0002111E-05    1.8533028E-02   -1.8533028E-02
 4.6000    6.8711981E-05    1.8270818E-02   -1.8270818E-02
 4.6100    6.7444833E-05    1.8011936E-02   -1.8011936E-02
 4.6200    6.6204114E-05    1.7757376E-02   -1.7757376E-02
 4.6300    6.4990220E-05    1.7507327E-02   -1.7507327E-02
 4.6400    6.3797435E-05    1.7260328E-02   -1.7260328E-02
 4.6500    6.2615466E-05    1.7013646E-02   -1.7013646E-02
 4.6600    6.1434767E-05    1.6764705E-02   -1.6764705E-02
 4.6700    6.0251826E-05    1.6512538E-02   -1.6512538E-02
 4.6800    5.9070724E-05    1.6258252E-02   -1.6258252E-02
 4.6900    5.7900194E-05    1.6004259E-02   -1.6004259E-02
 4.7000    5.6748757E-05    1.5752951E-02   -1.5752951E-02
 4.7100    5.5621627E-05    1.5505842E-02   -1.5505842E-02
 4.7200    5.4521275E-05    1.5263702E-02   -1.5263702E-02
 4.7300    5.3450317E-05    1.5027351E-02   -1.5027351E-02
 4.7400    5.2413825E-05    1.4798320E-02   -1.4798320E-02
 4.7500    5.1418876E-05    1.4578729E-02   -1.4578729E-02
 4.7600    5.0470653E-05    1.4370196E-02   -1.4370196E-02
 4.7700    4.9566381E-05    1.4172088E-02   -1.4172088E-02
 4.7800    4.8691296E-05    1.3980316E-02   -1.3980316E-02
 4.7900    4.7822322E-05    1.3788326E-02   -1.3788326E-02
 4.8000    4.6940649E-05    1.3590687E-02   -1.3590687E-02
 4.8100    4.6045570E-05    1.3387142E-02   -1.3387142E-02
 4.8200    4.5158180E-05    1.3183793E-02   -1.3183793E-02
 4.8300    4.4310817E-05    1.2990142E-02   -1.2990142E-02
 4.8400    4.3530101E-05    1.2814164E-02   -1.2814164E-02
 4.8500    4.2825247E-05    1.2658820E-02   -1.2658820E-02
 4.8600    4.2185955E-05    1.2521325E-02   -1.2521325E-02
 4.8700    4.1585354E-05    1.2393906E-02   -1.2393906E-02
 4.8800    4.0984131E-05    1.2264935E-02   -1.2264935E-02
 4.8900    4.0339001E-05    1.2121398E-02   -1.2121398E-02
 4.9000    3.9618922E-05    1.1953764E-02   -1.1953764E-02
 4.9100    3.8821949E-05    1.1761161E-02   -1.1761161E-02
 4.9200    3.7978049E-05    1.1552413E-02   -1.1552413E-02
 4.9300    3.7132651E-05    1.1341217E-02   -1.1341217E-02
 4.9400    3.6324150E-05    1.1139334E-02   -1.1139334E-02
 4.9500    3.5574031E-05    1.0953511E-02   -1.0953511E-02
 4.9600    3.4893103E-05    1.0787301E-02   -1.0787301E-02
 4.9700    3.4289161E-05    1.0643378E-02   -1.0643378E-02
 4.9800    3.3761427E-05    1.0521783E-02   -1.0521783E-02
 4.9900    3.3285805E-05    1.0415258E-02   -1.0415258E-02
 5.0000    3.2810872E-05    1.0307839E-02   -1.0307839E-02
 5.0100    3.2278094E-05    1.0181065E-02   -1.0181065E-02
 5.0200    3.1655527E-05    1.0024595E-02   -1.0024595E-02
 5.0300    3.0958199E-05    9.8428648E-03   -9.8428648E-03
 5.0400    3.0238644E-05    9.6523540E-03   -9.6523540E-03
 5.0500    2.9556270E-05    9.4720121E-03   -9.4720121E-03
 5.0600    2.8948232E-05    9.3139294E-03   -9.3139294E-03
 5.0700    2.8417191E-05    9.1792443E-03   -9.1792443E-03
 5.0800    2.7936319E-05    9.0595468E-03   -9.0595468E-03
 5.0900    2.7464373E-05    8.9415977E-03   -8.9415977E-03
 5.1000    2.6964410E-05    8.8133523E-03   -8.8133523E-03
 5.1100    2.6420835E-05    8.6695829E-03   -8.6695829E-03
 5.1200    2.5848013E-05    8.5148490E-03   -8.5148490E-03
 5.1300    2.5284317E-05    8.3617238E-03   -8.3617238E-03
 5.1400    2.4772695E-05    8.2244974E-03   -8.2244974E-03
 5.1500    2.4338462E-05    8.1118042E-03   -8.1118042E-03
 5.1600    2.3977717E-05    8.0226363E-03   -8.0226363E-03
 5.1700    2.3661820E-05    7.9476567E-03   -7.9476567E-03
 5.1800    2.3352044E-05    7.8739795E-03   -7.8739795E-03
 5.1900    2.3014322E-05    7.7900952E-03   -7.7900952E-03
 5.2000    2.2628324E-05    7.6889838E-03   -7.6889838E-03
 5.2100    2.2190738E-05    7.5693235E-03   -7.5693235E-03
 5.2200    2.1714034E-05    7.4351783E-03   -7.4351783E-03
 5.2300    2.1221006E-05    7.2942261E-03   -7.2942261E-03
 5.2400    2.0736249E-05    7.1548847E-03   -7.1548847E-03
 5.2500    2.0278163E-05    7.0235564E-03   -7.0235564E-03
 5.2600    1.9855345E-05    6.9033325E-03   -6.9033325E-03
 5.2700    1.9467784E-05    6.7943451E-03   -6.7943451E-03
 5.2800    1.9109640E-05    6.6946860E-03   -6.6946860E-03
 5.2900    1.8770774E-05    6.6009037E-03   -6.6009037E-03
 5.3000    1.8437770E-05    6.5083363E-03   -6.5083363E-03
 5.3100    1.8097231E-05    6.4122586E-03   -6.4122586E-03
 5.3200    1.7741598E-05    6.3099490E-03   -6.3099490E-03
 5.3300    1.7373545E-05    6.2022992E-03   -6.2022992E-03
 5.3400    1.7004645E-05    6.0934037E-03   -6.0934037E-03
 5.3500    1.6648539E-05    5.9881624E-03   -5.9881624E-03
 5.3600    1.6313594E-05    5.8896446E-03   -5.8896446E-03
 5.3700    1.6000069E-05    5.7980279E-03   -5.7980279E-03
 5.3800    1.5702616E-05    5.7114507E-03   -5.7114507E-03
 5.3900    1.5415112E-05    5.6277407E-03   -5.6277407E-03
 5.4000    1.5134556E-05    5.5458367E-03   -5.5458367E-03
 5.4100    1.4862630E-05    5.4663830E-03   -5.4663830E-03
 5.4200    1.4604703E-05    5.3913950E-03   -5.3913950E-03
 5.4300    1.4366375E-05    5.3230030E-03   -5.3230030E-03
 5.4400    1.4148913E-05    5.2617563E-03   -5.2617563E-03
 5.4500    1.3946852E-05    5.2056991E-03   -5.2056991E-03
 5.4600    1.3750374E-05    5.1512149E-03   -5.1512149E-03
 5.4700    1.3551078E-05    5.0951661E-03   -5.0951661E-03
 5.4800    1.3346511E-05    5.0366148E-03   -5.0366148E-03
 5.4900    1.3140196E-05    4.9768713E-03   -4.9768713E-03
 5.5000    1.2938257E-05    4.9182547E-03   -4.9182547E-03
 5.5100    1.2746359E-05    4.8629432E-03   -4.8629432E-03
 5.5200    1.2569099E-05    4.8127374E-03   -4.8127374E-03
 5.5300    1.2410751E-05    4.7693390E-03   -4.7693390E-03
 5.5400    1.2274972E-05    4.7342358E-03   -4.7342358E-03
 5.5500    1.2162634E-05    4.7078592E-03   -4.7078592E-03
 5.5600    1.2069262E-05    4.6885676E-03   -4.6885676E-03
 5.5700    1.1984385E-05    4.6723567E-03   -4.6723567E-03
 5.5800    1.1894051E-05    4.6538037E-03   -4.6538037E-03
 5.5900    1.1785718E-05    4.6279594E-03   -4.6279594E-03
 5.6000    1.1652761E-05    4.5921362E-03   -4.5921362E-03
 5.6100    1.1495343E-05    4.5462942E-03   -4.5462942E-03
 5.6200    1.1316614E-05    4.4915784E-03   -4.4915784E-03
 5.6300    1.1117437E-05    4.4282417E-03   -4.4282417E-03
 5.6400    1.0895078E-05    4.3551027E-03   -4.3551027E-03
 5.6500    1.0647867E-05    4.2713913E-03   -4.2713913E-03
 5.6600    1.0381741E-05    4.1793902E-03   -4.1793902E-03
 5.6700    1.0112507E-05    4.0854022E-03   -4.0854022E-03
 5.6800    9.8617775E-06    3.9981744E-03   -3.9981744E-03
 5.6900    9.6497289E-06    3.9259929E-03   -3.9259929E-03
 5.7000    9.4893555E-06    3.8743272E-03   -3.8743272E-03
 5.7100    9.3853928E-06    3.8453381E-03   -3.8453381E-03
 5.7200    9.3382525E-06    3.8394369E-03   -3.8394369E-03
 5.7300    9.3490142E-06    3.8573134E-03   -3.8573134E-03
 5.7400    9.4179271E-06    3.8993208E-03   -3.8993208E-03
 5.7500    9.5322875E-06    3.9604331E-03   -3.9604331E-03
 5.7600    9.6519272E-06    4.0241010E-03   -4.0241010E-03
 5.7700    9.7109544E-06    4.0627809E-03   -4.0627809E-03
 5.7800    9.6467636E-06    4.0499268E-03   -4.0499268E-03
 5.7900    9.4415835E-06    3.9775150E-03   -3.9775150E-03
 5.8000    9.1425259E-06    3.8648447E-03   -3.8648447E-03
 5.8100    8.8384489E-06    3.7491963E-03   -3.7491963E-03
 5.8200    8.6084526E-06    3.6642148E-03   -3.6642148E-03
 5.8300    8.4808874E-06    3.6223321E-03   -3.6223321E-03
 5.8400    8.4296725E-06    3.6128195E-03   -3.6128195E-03
 5.8500    8.4021724E-06    3.6133762E-03   -3.6133762E-03
 5.8600    8.3525657E-06    3.6043337E-03   -3.6043337E-03
 5.8700    8.2595251E-06    3.5763593E-03   -3.5763593E-03
 5.8800    8.1247332E-06    3.5299912E-03   -3.5299912E-03
 5.8900    7.9622361E-06    3.4711670E-03   -3.4711670E-03
 5.9000    7.7902660E-06    3.4077378E-03   -3.4077378E-03
 5.9100    7.6287344E-06    3.3483999E-03   -3.3483999E-03
 5.9200    7.4961535E-06    3.3013514E-03   -3.3013514E-03
 5.9300    7.4002751E-06    3.2701458E-03   -3.2701458E-03
 5.9400    7.3278163E-06    3.2490570E-03   -3.2490570E-03
 5.9500    7.2461650E-06    3.2236807E-03   -3.2236807E-03
 5.9600    7.1215115E-06    3.1788831E-03   -3.1788831E-03
 5.9700    6.9407300E-06    3.1085917E-03   -3.1085917E-03
 5.9800    6.7186700E-06    3.0192255E-03   -3.0192255E-03
 5.9900    6.4860291E-06    2.9244379E-03   -2.9244379E-03
 6.0000    6.2707030E-06    2.8367992E-03   -2.8367992E-03
 6.0100    6.0884480E-06    2.7635378E-03   -2.7635378E-03
 6.0200    5.9463506E-06    2.7080293E-03   -2.7080293E-03
 6.0300    5.8505949E-06    2.6732804E-03   -2.6732804E-03
 6.0400    5.8096133E-06    2.6633667E-03   -2.6633667E-03
 6.0500    5.8313415E-06    2.6821872E-03   -2.6821872E-03
 6.0600    5.9187172E-06    2.7313836E-03   -2.7313836E-03
 6.0700    6.0659845E-06    2.8085913E-03   -2.8085913E-03
 6.0800    6.2542347E-06    2.9053014E-03   -2.9053014E-03
 6.0900    6.4458450E-06    3.0041686E-03   -3.0041686E-03
 6.1000    6.5847406E-06    3.0789895E-03   -3.0789895E-03
 6.1100    6.6117032E-06    3.1017418E-03   -3.1017418E-03
 6.1200    6.4919383E-06    3.0555338E-03   -3.0555338E-03
 6.1300    6.2356859E-06    2.9445237E-03   -2.9445237E-03
 6.1400    5.8932362E-06    2.7919038E-03   -2.7919038E-03
 6.1500    5.5270850E-06    2.6269768E-03   -2.6269768E-03
 6.1600    5.1837087E-06    2.4717917E-03   -2.4717917E-03
 6.1700    4.8841870E-06    2.3365360E-03   -2.3365360E-03
 6.1800    4.6326250E-06    2.2233814E-03   -2.2233814E-03
 6.1900    4.4276638E-06    2.1318949E-03   -2.1318949E-03
 6.2000    4.2670942E-06    2.0612253E-03   -2.0612253E-03
 6.2100    4.1477650E-06    2.0100516E-03   -2.0100516E-03
 6.2200    4.0666419E-06    1.9770906E-03   -1.9770906E-03
 6.2300    4.0228329E-06    1.9620856E-03   -1.9620856E-03
 6.2400    4.0158876E-06    1.9649911E-03   -1.9649911E-03
 6.2500    4.0395116E-06    1.9828906E-03   -1.9828906E-03
 6.2600    4.0765936E-06    2.0075018E-03   -2.0075018E-03
 6.2700    4.1020859E-06    2.0265144E-03   -2.0265144E-03
 6.2800    4.0934424E-06    2.0287000E-03   -2.0287000E-03
 6.2900    4.0410763E-06    2.0091308E-03   -2.0091308E-03
 6.3000    3.9510684E-06    1.9706319E-03   -1.9706319E-03
 6.3100    3.8393444E-06    1.9209924E-03   -1.9209924E-03
 6.3200    3.7236339E-06    1.8690073E-03   -1.8690073E-03
 6.3300    3.6195099E-06    1.8224980E-03   -1.8224980E-03
 6.3400    3.5405170E-06    1.7883605E-03   -1.7883605E-03
 6.3500    3.4976866E-06    1.7723040E-03   -1.7723040E-03
 6.3600    3.4956301E-06    1.7768451E-03   -1.7768451E-03
 6.3700    3.5273852E-06    1.7986291E-03   -1.7986291E-03
 6.3800    3.5723639E-06    1.8272876E-03   -1.8272876E-03
 6.3900    3.6001922E-06    1.8472993E-03   -1.8472993E-03
 6.4000    3.5803116E-06    1.8428527E-03   -1.8428527E-03
 6.4100    3.4939705E-06    1.8040358E-03   -1.8040358E-03
 6.4200    3.3425781E-06    1.7312568E-03   -1.7312568E-03
 6.4300    3.1472274E-06    1.6351588E-03   -1.6351588E-03
 6.4400    2.9397136E-06    1.5320982E-03   -1.5320982E-03
 6.4500    2.7511089E-06    1.4382589E-03   -1.4382589E-03
 6.4600    2.6042115E-06    1.3656869E-03   -1.3656869E-03
 6.4700    2.5112530E-06    1.3210185E-03   -1.3210185E-03
 6.4800    2.4739208E-06    1.3054062E-03   -1.3054062E-03
 6.4900    2.4831426E-06    1.3143194E-03   -1.3143194E-03
 6.5000    2.5194984E-06    1.3376752E-03   -1.3376752E-03
 6.5100    2.5569062E-06    1.3617163E-03   -1.3617163E-03
 6.5200    2.5701187E-06    1.3729611E-03   -1.3729611E-03
 6.5300    2.5429286E-06    1.3626063E-03   -1.3626063E-03
 6.5400    2.4728686E-06    1.3291267E-03   -1.3291267E-03
 6.5500    2.3705890E-06    1.2780526E-03   -1.2780526E-03
 6.5600    2.2550903E-06    1.2194991E-03   -1.2194991E-03
 6.5700    2.1470031E-06    1.1645906E-03   -1.1645906E-03
 6.5800    2.0618789E-06    1.1218242E-03   -1.1218242E-03
 6.5900    2.0056554E-06    1.0945535E-03   -1.0945535E-03
 6.6000    1.9743711E-06    1.0807532E-03   -1.0807532E-03
 6.6100    1.9582057E-06    1.0751550E-03   -1.0751550E-03
 6.6200    1.9471258E-06    1.0723088E-03   -1.0723088E-03
 6.6300    1.9347789E-06    1.0687306E-03   -1.0687306E-03
 6.6400    1.9193987E-06    1.0634356E-03   -1.0634356E-03
 6.6500    1.9028037E-06    1.0574191E-03   -1.0574191E-03
 6.6600    1.8889081E-06    1.0528564E-03   -1.0528564E-03
 6.6700    1.8821418E-06    1.0522377E-03   -1.0522377E-03
 6.6800    1.8855405E-06    1.0573010E-03   -1.0573010E-03
 6.6900    1.8986746E-06    1.0678559E-03   -1.0678559E-03
 6.7000    1.9164275E-06    1.0810651E-03   -1.0810651E-03
 6.7100    1.9298832E-06    1.0919077E-03   -1.0919077E-03
 6.7200    1.9296334E-06    1.0950229E-03   -1.0950229E-03
 6.7300    1.9100833E-06    1.0871571E-03   -1.0871571E-03
 6.7400    1.8722608E-06    1.0687989E-03   -1.0687989E-03
 6.7500    1.8233222E-06    1.0439527E-03   -1.0439527E-03
 6.7600    1.7730071E-06    1.0181546E-03   -1.0181546E-03
 6.7700    1.7291577E-06    9.9591395E-04   -9.9591395E-04
 6.7800    1.6948050E-06    9.7901417E-04   -9.7901417E-04
 6.7900    1.6681343E-06    9.6645230E-04   -9.6645230E-04
 6.8000    1.6448503E-06    9.5577148E-04   -9.5577148E-04
 6.8100    1.6212591E-06    9.4483615E-04   -9.4483615E-04
 6.8200    1.5963038E-06    9.3302689E-04   -9.3302689E-04
 6.8300    1.5715559E-06    9.2125763E-04   -9.2125763E-04
 6.8400    1.5493163E-06    9.1088206E-04   -9.1088206E-04
 6.8500    1.5301407E-06    9.0224062E-04   -9.0224062E-04
 6.8600    1.5116589E-06    8.9394725E-04   -8.9394725E-04
 6.8700    1.4898374E-06    8.8361325E-04   -8.8361325E-04
 6.8800    1.4620092E-06    8.6963470E-04   -8.6963470E-04
 6.8900    1.4294222E-06    8.5272467E-04   -8.5272467E-04
 6.9000    1.3971723E-06    8.3590712E-04   -8.3590712E-04
 6.9100    1.3713109E-06    8.2281441E-04   -8.2281441E-04
 6.9200    1.3552292E-06    8.1552034E-04   -8.1552034E-04
 6.9300    1.3481076E-06    8.1358120E-04   -8.1358120E-04
 6.9400    1.3463477E-06    8.1486569E-04   -8.1486569E-04
 6.9500    1.3460884E-06    8.1705829E-04   -8.1705829E-04
 6.9600    1.3441771E-06    8.1824778E-04   -8.1824778E-04
 6.9700    1.3372891E-06    8.1639573E-04   -8.1639573E-04
 6.9800    1.3214383E-06    8.0903553E-04   -8.0903553E-04
 6.9900    1.2935437E-06    7.9422825E-04   -7.9422825E-04
 7.0000    1.2537078E-06    7.7197326E-04   -7.7197326E-04
 7.0100    1.2054813E-06    7.4440001E-04   -7.4440001E-04
 7.0200    1.1535774E-06    7.1438255E-04   -7.1438255E-04
 7.0300    1.1014545E-06    6.8404878E-04   -6.8404878E-04
 7.0400    1.0512268E-06    6.5471395E-04   -6.5471395E-04
 7.0500    1.0055681E-06    6.2805773E-04   -6.2805773E-04
 7.0600    9.6898725E-07    6.0692822E-04   -6.0692822E-04
 7.0700    9.4648165E-07    5.9451236E-04   -5.9451236E-04
 7.0800    9.4025490E-07    5.9227307E-04   -5.9227307E-04
 7.0900    9.4722730E-07    5.9835172E-04   -5.9835172E-04
 7.1000    9.5964376E-07    6.0790624E-04   -6.0790624E-04
 7.1100    9.6865911E-07    6.1534692E-04   -6.1534692E-04
 7.1200    9.6846822E-07    6.1695747E-04   -6.1695747E-04
 7.1300    9.5826114E-07    6.1217107E-04   -6.1217107E-04
 7.1400    9.4112940E-07    6.0291436E-04   -6.0291436E-04
 7.1500    9.2130668E-07    5.9186978E-04   -5.9186978E-04
 7.1600    9.0189559E-07    5.8102146E-04   -5.8102146E-04
 7.1700    8.8421324E-07    5.7122235E-04   -5.7122235E-04
 7.1800    8.6841606E-07    5.6258299E-04   -5.6258299E-04
 7.1900    8.5443829E-07    5.5507076E-04   -5.5507076E-04
 7.2000    8.4255797E-07    5.4887651E-04   -5.4887651E-04
 7.2100    8.3340272E-07    5.4442155E-04   -5.4442155E-04
 7.2200    8.2751072E-07    5.4207314E-04   -5.4207314E-04
 7.2300    8.2469241E-07    5.4172447E-04   -5.4172447E-04
 7.2400    8.2351540E-07    5.4244876E-04   -5.4244876E-04
 7.2500    8.2128726E-07    5.4247655E-04   -5.4247655E-04
 7.2600    8.1482212E-07    5.3969192E-04   -5.3969192E-04
 7.2700    8.0186695E-07    5.3257527E-04   -5.3257527E-04
 7.2800    7.8245483E-07    5.2111299E-04   -5.2111299E-04
 7.2900    7.5920981E-07    5.0702192E-04   -5.0702192E-04
 7.3000    7.3618517E-07    4.9299515E-04   -4.9299515E-04
 7.3100    7.1685216E-07    4.8136467E-04   -4.8136467E-04
 7.3200    7.0249942E-07    4.7301836E-04   -4.7301836E-04
 7.3300    6.9199760E-07    4.6722105E-04   -4.6722105E-04
 7.3400    6.8290046E-07    4.6233779E-04   -4.6233779E-04
 7.3500    6.7299750E-07    4.5687563E-04   -4.5687563E-04
 7.3600    6.6131528E-07    4.5016741E-04   -4.5016741E-04
 7.3700    6.4815291E-07    4.4240733E-04   -4.4240733E-04
 7.3800    6.3446315E-07    4.3423917E-04   -4.3423917E-04
 7.3900    6.2117161E-07    4.2629510E-04   -4.2629510E-04
 7.4000    6.0878196E-07    4.1892384E-04   -4.1892384E-04
 7.4100    5.9727188E-07    4.1211493E-04   -4.1211493E-04
 7.4200    5.8621167E-07    4.0557590E-04   -4.0557590E-04
 7.4300    5.7511376E-07    3.9897092E-04   -3.9897092E-04
 7.4400    5.6392530E-07    3.9226297E-04   -3.9226297E-04
 7.4500    5.5333947E-07    3.8593491E-04   -3.8593491E-04
 7.4600    5.4458178E-07    3.8084708E-04   -3.8084708E-04
 7.4700    5.3868807E-07    3.7773605E-04   -3.7773605E-04
 7.4800    5.3574021E-07    3.7667544E-04   -3.7667544E-04
 7.4900    5.3462698E-07    3.7689847E-04   -3.7689847E-04
 7.5000    5.3353116E-07    3.7713096E-04   -3.7713096E-04
 7.5100    5.3083061E-07    3.7622330E-04   -3.7622330E-04
 7.5200    5.2585986E-07    3.7369352E-04   -3.7369352E-04
 7.5300    5.1910606E-07    3.6987580E-04   -3.6987580E-04
 7.5400    5.1172178E-07    3.6558339E-04   -3.6558339E-04
 7.5500    5.0461389E-07    3.6146226E-04   -3.6146226E-04
 7.5600    4.9773228E-07    3.5747795E-04   -3.5747795E-04
 7.5700    4.9019351E-07    3.5299551E-04   -3.5299551E-04
 7.5800    4.8123379E-07    3.4745966E-04   -3.4745966E-04
 7.5900    4.7114719E-07    3.4107510E-04   -3.4107510E-04
 7.6000    4.6127384E-07    3.3480804E-04   -3.3480804E-04
 7.6100    4.5298154E-07    3.2965501E-04   -3.2965501E-04
 7.6200    4.4653811E-07    3.2582045E-04   -3.2582045E-04
 7.6300    4.4086012E-07    3.2252231E-04   -3.2252231E-04
 7.6400    4.3434431E-07    3.1858896E-04   -3.1858896E-04
 7.6500    4.2608941E-07    3.1335273E-04   -3.1335273E-04
 7.6600    4.1653889E-07    3.0713051E-04   -3.0713051E-04
 7.6700    4.0711203E-07    3.0096398E-04   -3.0096398E-04
 7.6800    3.9924286E-07    2.9591669E-04   -2.9591669E-04
 7.6900    3.9363021E-07    2.9251690E-04   -2.9251690E-04
 7.7000    3.9013162E-07    2.9067151E-04   -2.9067151E-04
 7.7100    3.8810211E-07    2.8991095E-04   -2.8991095E-04
 7.7200    3.8673634E-07    2.8964061E-04   -2.8964061E-04
 7.7300    3.8522312E-07    2.8925522E-04   -2.8925522E-04
 7.7400    3.8284001E-07    2.8821004E-04   -2.8821004E-04
 7.7500    3.7913292E-07    2.8615726E-04   -2.8615726E-04
 7.7600    3.7410276E-07    2.8308980E-04   -2.8308980E-04
 7.7700    3.6818821E-07    2.7933270E-04   -2.7933270E-04
 7.7800    3.6197324E-07    2.7532492E-04   -2.7532492E-04
 7.7900    3.5581031E-07    2.7133343E-04   -2.7133343E-04
 7.8000    3.4966075E-07    2.6732893E-04   -2.6732893E-04
 7.8100    3.4329360E-07    2.6313441E-04   -2.6313441E-04
 7.8200    3.3668283E-07    2.5872854E-04   -2.5872854E-04
 7.8300    3.3025675E-07    2.5443983E-04   -2.5443983E-04
 7.8400    3.2475681E-07    2.5084200E-04   -2.5084200E-04
 7.8500    3.2078674E-07    2.4840800E-04   -2.4840800E-04
 7.8600    3.1839468E-07    2.4718423E-04   -2.4718423E-04
 7.8700    3.1698870E-07    2.4671929E-04   -2.4671929E-04
 7.8800    3.1559862E-07    2.4626199E-04   -2.4626199E-04
 7.8900    3.1326543E-07    2.4506221E-04   -2.4506221E-04
 7.9000    3.0935656E-07    2.4261820E-04   -2.4261820E-04
 7.9100    3.0374164E-07    2.3881806E-04   -2.3881806E-04
 7.9200    2.9681459E-07    2.3396208E-04   -2.3396208E-04
 7.9300    2.8934138E-07    2.2864767E-04   -2.2864767E-04
 7.9400    2.8219106E-07    2.2356001E-04   -2.2356001E-04
 7.9500    2.7610584E-07    2.1929045E-04   -2.1929045E-04
 7.9600    2.7160173E-07    2.1625619E-04   -2.1625619E-04
 7.9700    2.6892045E-07    2.1465961E-04   -2.1465961E-04
 7.9800    2.6794146E-07    2.1441520E-04   -2.1441520E-04
 7.9900    2.6814488E-07    2.1511611E-04   -2.1511611E-04
 8.0000    2.6878378E-07    2.1616874E-04   -2.1616874E-04
 8.0100    2.6920727E-07    2.1705094E-04   -2.1705094E-04
 8.0200    2.6906310E-07    2.1747671E-04   -2.1747671E-04
 8.0300    2.6823866E-07    2.1735134E-04   -2.1735134E-04
 8.0400    2.6670373E-07    2.1664619E-04   -2.1664619E-04
 8.0500    2.6446668E-07    2.1536374E-04   -2.1536374E-04
 8.0600    2.6162167E-07    2.1357659E-04   -2.1357659E-04
 8.0700    2.5832963E-07    2.1141274E-04   -2.1141274E-04
 8.0800    2.5470349E-07    2.0896208E-04   -2.0896208E-04
 8.0900    2.5071535E-07    2.0619961E-04   -2.0619961E-04
 8.1000    2.4621447E-07    2.0299880E-04   -2.0299880E-04
 8.1100    2.4104319E-07    1.9922619E-04   -1.9922619E-04
 8.1200    2.3520719E-07    1.9488236E-04   -1.9488236E-04
 8.1300    2.2904963E-07    1.9024819E-04   -1.9024819E-04
 8.1400    2.2331998E-07    1.8594575E-04   -1.8594575E-04
 8.1500    2.1899766E-07    1.8279511E-04   -1.8279511E-04
 8.1600    2.1686117E-07    1.8145627E-04   -1.8145627E-04
 8.1700    2.1702813E-07    1.8204133E-04   -1.8204133E-04
 8.1800    2.1878207E-07    1.8396203E-04   -1.8396203E-04
 8.1900    2.2081767E-07    1.8612791E-04   -1.8612791E-04
 8.2000    2.2175206E-07    1.8737223E-04   -1.8737223E-04
 8.2100    2.2062469E-07    1.8687461E-04   -1.8687461E-04
 8.2200    2.1718046E-07    1.8440566E-04   -1.8440566E-04
 8.2300    2.1186240E-07    1.8032810E-04   -1.8032810E-04
 8.2400    2.0555171E-07    1.7538214E-04   -1.7538214E-04
 8.2500    1.9919221E-07    1.7036882E-04   -1.7036882E-04
 8.2600    1.9348380E-07    1.6588785E-04   -1.6588785E-04
 8.2700    1.8876470E-07    1.6223392E-04   -1.6223392E-04
 8.2800    1.8506794E-07    1.5944163E-04   -1.5944163E-04
 8.2900    1.8225229E-07    1.5739536E-04   -1.5739536E-04
 8.3000    1.8011918E-07    1.5592868E-04   -1.5592868E-04
