# total charge: 12.000000 
# r(A)     rho (e/A^3)     4*pi*r^2*rho(e/A)  dip  
 0.0000    1.9360190E+01    0.0000000E+00    9.5746147E+01
 0.0100    1.9331886E+01    2.4293164E-02    9.5244318E+01
 0.0200    1.9296136E+01    9.6992958E-02    9.3753254E+01
 0.0300    1.9251452E+01    2.1772879E-01    9.1315347E+01
 0.0400    1.9196258E+01    3.8596366E-01    8.7998870E+01
 0.0500    1.9128835E+01    6.0095007E-01    8.3894728E+01
 0.0600    1.9047285E+01    8.6167888E-01    7.9112226E+01
 0.0700    1.8949693E+01    1.1668315E+00    7.3774113E+01
 0.0800    1.8834512E+01    1.5147614E+00    6.8011211E+01
 0.0900    1.8700957E+01    1.9035255E+00    6.1956934E+01
 0.1000    1.8549118E+01    2.3309509E+00    5.5742023E+01
 0.1100    1.8379747E+01    2.7946972E+00    4.9489825E+01
 0.1200    1.8193881E+01    3.2922872E+00    4.3312366E+01
 0.1300    1.7992533E+01    3.8211043E+00    3.7307358E+01
 0.1400    1.7776560E+01    4.3783821E+00    3.1556210E+01
 0.1500    1.7546676E+01    4.9612057E+00    2.6123017E+01
 0.1600    1.7303543E+01    5.5665340E+00    2.1054466E+01
 0.1700    1.7047854E+01    6.1912368E+00    1.6380542E+01
 0.1800    1.6780349E+01    6.8321260E+00    1.2115912E+01
 0.1900    1.6501774E+01    7.4859634E+00    8.2618322E+00
 0.2000    1.6212811E+01    8.1494478E+00    4.8083842E+00
 0.2100    1.5914057E+01    8.8192036E+00    1.7368595E+00
 0.2200    1.5606055E+01    9.4917950E+00   -9.7789276E-01
 0.2300    1.5289358E+01    1.0163769E+01   -3.3652797E+00
 0.2400    1.4964578E+01    1.0831705E+01   -5.4570174E+00
 0.2500    1.4632393E+01    1.1492254E+01   -7.2854623E+00
 0.2600    1.4293528E+01    1.2142161E+01   -8.8822483E+00
 0.2700    1.3948724E+01    1.2778265E+01   -1.0277241E+01
 0.2800    1.3598720E+01    1.3397506E+01   -1.1497798E+01
 0.2900    1.3244234E+01    1.3996928E+01   -1.2568320E+01
 0.3000    1.2885966E+01    1.4573684E+01   -1.3510040E+01
 0.3100    1.2524600E+01    1.5125060E+01   -1.4341024E+01
 0.3200    1.2160817E+01    1.5648496E+01   -1.5076314E+01
 0.3300    1.1795298E+01    1.6141603E+01   -1.5728187E+01
 0.3400    1.1428719E+01    1.6602186E+01   -1.6306453E+01
 0.3500    1.1061749E+01    1.7028240E+01   -1.6818796E+01
 0.3600    1.0695042E+01    1.7417963E+01   -1.7271106E+01
 0.3700    1.0329232E+01    1.7769750E+01   -1.7667803E+01
 0.3800    9.9649331E+00    1.8082207E+01   -1.8012140E+01
 0.3900    9.6027412E+00    1.8354151E+01   -1.8306474E+01
 0.4000    9.2432340E+00    1.8584625E+01   -1.8552505E+01
 0.4100    8.8869749E+00    1.8772907E+01   -1.8751484E+01
 0.4200    8.5345130E+00    1.8918521E+01   -1.8904375E+01
 0.4300    8.1863800E+00    1.9021233E+01   -1.9011985E+01
 0.4400    7.8430849E+00    1.9081044E+01   -1.9075058E+01
 0.4500    7.5051095E+00    1.9098177E+01   -1.9094341E+01
 0.4600    7.1729050E+00    1.9073070E+01   -1.9070636E+01
 0.4700    6.8468920E+00    1.9006365E+01   -1.9004836E+01
 0.4800    6.5274618E+00    1.8898907E+01   -1.8897956E+01
 0.4900    6.2149801E+00    1.8751748E+01   -1.8751163E+01
 0.5000    5.9097895E+00    1.8566151E+01   -1.8565794E+01
 0.5100    5.6122087E+00    1.8343577E+01   -1.8343362E+01
 0.5200    5.3225289E+00    1.8085669E+01   -1.8085540E+01
 0.5300    5.0410098E+00    1.7794228E+01   -1.7794152E+01
 0.5400    4.7678801E+00    1.7471199E+01   -1.7471154E+01
 0.5500    4.5033409E+00    1.7118672E+01   -1.7118646E+01
 0.5600    4.2475686E+00    1.6738877E+01   -1.6738862E+01
 0.5700    4.0007149E+00    1.6334174E+01   -1.6334166E+01
 0.5800    3.7629043E+00    1.5907027E+01   -1.5907023E+01
 0.5900    3.5342322E+00    1.5459981E+01   -1.5459979E+01
 0.6000    3.3147647E+00    1.4995642E+01   -1.4995641E+01
 0.6100    3.1045411E+00    1.4516668E+01   -1.4516667E+01
 0.6200    2.9035751E+00    1.4025757E+01   -1.4025757E+01
 0.6300    2.7118561E+00    1.3525633E+01   -1.3525633E+01
 0.6400    2.5293485E+00    1.3019026E+01   -1.3019026E+01
 0.6500    2.3559912E+00    1.2508644E+01   -1.2508644E+01
 0.6600    2.1916984E+00    1.1997162E+01   -1.1997162E+01
 0.6700    2.0363607E+00    1.1487200E+01   -1.1487200E+01
 0.6800    1.8898466E+00    1.0981312E+01   -1.0981312E+01
 0.6900    1.7520029E+00    1.0481969E+01   -1.0481969E+01
 0.7000    1.6226558E+00    9.9915378E+00   -9.9915378E+00
 0.7100    1.5016114E+00    9.5122692E+00   -9.5122692E+00
 0.7200    1.3886567E+00    9.0462740E+00   -9.0462740E+00
 0.7300    1.2835594E+00    8.5955084E+00   -8.5955084E+00
 0.7400    1.1860706E+00    8.1617604E+00   -8.1617604E+00
 0.7500    1.0959252E+00    7.7466390E+00   -7.7466390E+00
 0.7600    1.0128445E+00    7.3515653E+00   -7.3515653E+00
 0.7700    9.3653681E-01    6.9777622E+00   -6.9777622E+00
 0.7800    8.6669915E-01    6.6262443E+00   -6.6262443E+00
 0.7900    8.0301801E-01    6.2978068E+00   -6.2978068E+00
 0.8000    7.4517029E-01    5.9930150E+00   -5.9930150E+00
 0.8100    6.9282382E-01    5.7121909E+00   -5.7121909E+00
 0.8200    6.4563803E-01    5.4554009E+00   -5.4554009E+00
 0.8300    6.0326526E-01    5.2224509E+00   -5.2224509E+00
 0.8400    5.6535280E-01    5.0128878E+00   -5.0128878E+00
 0.8500    5.3154479E-01    4.8260030E+00   -4.8260030E+00
 0.8600    5.0148346E-01    4.6608313E+00   -4.6608313E+00
 0.8700    4.7480960E-01    4.5161448E+00   -4.5161448E+00
 0.8800    4.5116332E-01    4.3904496E+00   -4.3904496E+00
 0.8900    4.3018581E-01    4.2819930E+00   -4.2819930E+00
 0.9000    4.1152220E-01    4.1887858E+00   -4.1887858E+00
 0.9100    3.9482560E-01    4.1086387E+00   -4.1086387E+00
 0.9200    3.7976245E-01    4.0392203E+00   -4.0392203E+00
 0.9300    3.6601976E-01    3.9781421E+00   -3.9781421E+00
 0.9400    3.5331438E-01    3.9230774E+00   -3.9230774E+00
 0.9500    3.4140306E-01    3.8719031E+00   -3.8719031E+00
 0.9600    3.3009072E-01    3.8228358E+00   -3.8228358E+00
 0.9700    3.1923376E-01    3.7745236E+00   -3.7745236E+00
 0.9800    3.0873695E-01    3.7260666E+00   -3.7260666E+00
 0.9900    2.9854481E-01    3.6769674E+00   -3.6769674E+00
 1.0000    2.8863017E-01    3.6270337E+00   -3.6270337E+00
 1.0100    2.7898311E-01    3.5762718E+00   -3.5762718E+00
 1.0200    2.6960243E-01    3.5247962E+00   -3.5247962E+00
 1.0300    2.6049028E-01    3.4727685E+00   -3.4727685E+00
 1.0400    2.5164917E-01    3.4203618E+00   -3.4203618E+00
 1.0500    2.4308084E-01    3.3677450E+00   -3.3677450E+00
 1.0600    2.3478578E-01    3.3150752E+00   -3.3150752E+00
 1.0700    2.2676325E-01    3.2624968E+00   -3.2624968E+00
 1.0800    2.1901135E-01    3.2101401E+00   -3.2101401E+00
 1.0900    2.1152713E-01    3.1581222E+00   -3.1581222E+00
 1.1000    2.0430666E-01    3.1065457E+00   -3.1065457E+00
 1.1100    1.9734511E-01    3.0554993E+00   -3.0554993E+00
 1.1200    1.9063688E-01    3.0050578E+00   -3.0050578E+00
 1.1300    1.8417569E-01    2.9552828E+00   -2.9552828E+00
 1.1400    1.7795474E-01    2.9062242E+00   -2.9062242E+00
 1.1500    1.7196684E-01    2.8579212E+00   -2.8579212E+00
 1.1600    1.6620454E-01    2.8104038E+00   -2.8104038E+00
 1.1700    1.6066019E-01    2.7636934E+00   -2.7636934E+00
 1.1800    1.5532600E-01    2.7178034E+00   -2.7178034E+00
 1.1900    1.5019411E-01    2.6727398E+00   -2.6727398E+00
 1.2000    1.4525661E-01    2.6285017E+00   -2.6285017E+00
 1.2100    1.4050567E-01    2.5850827E+00   -2.5850827E+00
 1.2200    1.3593353E-01    2.5424717E+00   -2.5424717E+00
 1.2300    1.3153265E-01    2.5006543E+00   -2.5006543E+00
 1.2400    1.2729564E-01    2.4596130E+00   -2.4596130E+00
 1.2500    1.2321535E-01    2.4193278E+00   -2.4193278E+00
 1.2600    1.1928482E-01    2.3797763E+00   -2.3797763E+00
 1.2700    1.1549733E-01    2.3409344E+00   -2.3409344E+00
 1.2800    1.1184641E-01    2.3027769E+00   -2.3027769E+00
 1.2900    1.0832590E-01    2.2652784E+00   -2.2652784E+00
 1.3000    1.0492992E-01    2.2284141E+00   -2.2284141E+00
 1.3100    1.0165290E-01    2.1921600E+00   -2.1921600E+00
 1.3200    9.8489605E-02    2.1564933E+00   -2.1564933E+00
 1.3300    9.5435061E-02    2.1213929E+00   -2.1213929E+00
 1.3400    9.2484572E-02    2.0868381E+00   -2.0868381E+00
 1.3500    8.9633667E-02    2.0528091E+00   -2.0528091E+00
 1.3600    8.6878097E-02    2.0192867E+00   -2.0192867E+00
 1.3700    8.4213845E-02    1.9862527E+00   -1.9862527E+00
 1.3800    8.1637147E-02    1.9536909E+00   -1.9536909E+00
 1.3900    7.9144489E-02    1.9215874E+00   -1.9215874E+00
 1.4000    7.6732587E-02    1.8899302E+00   -1.8899302E+00
 1.4100    7.4398346E-02    1.8587089E+00   -1.8587089E+00
 1.4200    7.2138841E-02    1.8279138E+00   -1.8279138E+00
 1.4300    6.9951303E-02    1.7975366E+00   -1.7975366E+00
 1.4400    6.7833121E-02    1.7675701E+00   -1.7675701E+00
 1.4500    6.5781834E-02    1.7380083E+00   -1.7380083E+00
 1.4600    6.3795111E-02    1.7088462E+00   -1.7088462E+00
 1.4700    6.1870729E-02    1.6800793E+00   -1.6800793E+00
 1.4800    6.0006557E-02    1.6517032E+00   -1.6517032E+00
 1.4900    5.8200544E-02    1.6237137E+00   -1.6237137E+00
 1.5000    5.6450734E-02    1.5961069E+00   -1.5961069E+00
 1.5100    5.4755265E-02    1.5688797E+00   -1.5688797E+00
 1.5200    5.3112377E-02    1.5420298E+00   -1.5420298E+00
 1.5300    5.1520401E-02    1.5155559E+00   -1.5155559E+00
 1.5400    4.9977737E-02    1.4894567E+00   -1.4894567E+00
 1.5500    4.8482835E-02    1.4637310E+00   -1.4637310E+00
 1.5600    4.7034186E-02    1.4383769E+00   -1.4383769E+00
 1.5700    4.5630321E-02    1.4133922E+00   -1.4133922E+00
 1.5800    4.4269806E-02    1.3887743E+00   -1.3887743E+00
 1.5900    4.2951252E-02    1.3645201E+00   -1.3645201E+00
 1.6000    4.1673316E-02    1.3406268E+00   -1.3406268E+00
 1.6100    4.0434702E-02    1.3170913E+00   -1.3170913E+00
 1.6200    3.9234161E-02    1.2939106E+00   -1.2939106E+00
 1.6300    3.8070478E-02    1.2710815E+00   -1.2710815E+00
 1.6400    3.6942467E-02    1.2486004E+00   -1.2486004E+00
 1.6500    3.5848974E-02    1.2264631E+00   -1.2264631E+00
 1.6600    3.4788875E-02    1.2046654E+00   -1.2046654E+00
 1.6700    3.3761087E-02    1.1832029E+00   -1.1832029E+00
 1.6800    3.2764564E-02    1.1620714E+00   -1.1620714E+00
 1.6900    3.1798300E-02    1.1412668E+00   -1.1412668E+00
 1.7000    3.0861316E-02    1.1207846E+00   -1.1207846E+00
 1.7100    2.9952656E-02    1.1006201E+00   -1.1006201E+00
 1.7200    2.9071394E-02    1.0807683E+00   -1.0807683E+00
 1.7300    2.8216633E-02    1.0612245E+00   -1.0612245E+00
 1.7400    2.7387514E-02    1.0419838E+00   -1.0419838E+00
 1.7500    2.6583217E-02    1.0230421E+00   -1.0230421E+00
 1.7600    2.5802953E-02    1.0043952E+00   -1.0043952E+00
 1.7700    2.5045963E-02    9.8603909E-01   -9.8603909E-01
 1.7800    2.4311511E-02    9.6796983E-01   -9.6796983E-01
 1.7900    2.3598886E-02    9.5018336E-01   -9.5018336E-01
 1.8000    2.2907401E-02    9.3267577E-01   -9.3267577E-01
 1.8100    2.2236403E-02    9.1544350E-01   -9.1544350E-01
 1.8200    2.1585264E-02    8.9848329E-01   -8.9848329E-01
 1.8300    2.0953380E-02    8.8179194E-01   -8.8179194E-01
 1.8400    2.0340159E-02    8.6536607E-01   -8.6536607E-01
 1.8500    1.9745022E-02    8.4920188E-01   -8.4920188E-01
 1.8600    1.9167404E-02    8.3329550E-01   -8.3329550E-01
 1.8700    1.8606766E-02    8.1764348E-01   -8.1764348E-01
 1.8800    1.8062607E-02    8.0224312E-01   -8.0224312E-01
 1.8900    1.7534456E-02    7.8709251E-01   -7.8709251E-01
 1.9000    1.7021864E-02    7.7219001E-01   -7.7219001E-01
 1.9100    1.6524390E-02    7.5753382E-01   -7.5753382E-01
 1.9200    1.6041597E-02    7.4312167E-01   -7.4312167E-01
 1.9300    1.5573055E-02    7.2895093E-01   -7.2895093E-01
 1.9400    1.5118343E-02    7.1501890E-01   -7.1501890E-01
 1.9500    1.4677059E-02    7.0132307E-01   -7.0132307E-01
 1.9600    1.4248818E-02    6.8786123E-01   -6.8786123E-01
 1.9700    1.3833249E-02    6.7463134E-01   -6.7463134E-01
 1.9800    1.3429990E-02    6.6163116E-01   -6.6163116E-01
 1.9900    1.3038677E-02    6.4885782E-01   -6.4885782E-01
 2.0000    1.2658941E-02    6.3630776E-01   -6.3630776E-01
 2.0100    1.2290416E-02    6.2397699E-01   -6.2397699E-01
 2.0200    1.1932754E-02    6.1186171E-01   -6.1186171E-01
 2.0300    1.1585626E-02    5.9995881E-01   -5.9995881E-01
 2.0400    1.1248731E-02    5.8826597E-01   -5.8826597E-01
 2.0500    1.0921784E-02    5.7678130E-01   -5.7678130E-01
 2.0600    1.0604507E-02    5.6550284E-01   -5.6550284E-01
 2.0700    1.0296619E-02    5.5442808E-01   -5.5442808E-01
 2.0800    9.9978371E-03    5.4355387E-01   -5.4355387E-01
 2.0900    9.7078769E-03    5.3287666E-01   -5.3287666E-01
 2.1000    9.4264637E-03    5.2239288E-01   -5.2239288E-01
 2.1100    9.1533355E-03    5.1209927E-01   -5.1209927E-01
 2.1200    8.8882441E-03    5.0199288E-01   -5.0199288E-01
 2.1300    8.6309516E-03    4.9207098E-01   -4.9207098E-01
 2.1400    8.3812266E-03    4.8233080E-01   -4.8233080E-01
 2.1500    8.1388408E-03    4.7276937E-01   -4.7276937E-01
 2.1600    7.9035672E-03    4.6338345E-01   -4.6338345E-01
 2.1700    7.6751799E-03    4.5416943E-01   -4.5416943E-01
 2.1800    7.4534559E-03    4.4512351E-01   -4.4512351E-01
 2.1900    7.2381795E-03    4.3624197E-01   -4.3624197E-01
 2.2000    7.0291484E-03    4.2752148E-01   -4.2752148E-01
 2.2100    6.8261758E-03    4.1895934E-01   -4.1895934E-01
 2.2200    6.6290893E-03    4.1055343E-01   -4.1055343E-01
 2.2300    6.4377260E-03    4.0230189E-01   -4.0230189E-01
 2.2400    6.2519280E-03    3.9420295E-01   -3.9420295E-01
 2.2500    6.0715394E-03    3.8625464E-01   -3.8625464E-01
 2.2600    5.8964048E-03    3.7845481E-01   -3.7845481E-01
 2.2700    5.7263691E-03    3.7080101E-01   -3.7080101E-01
 2.2800    5.5612777E-03    3.6329058E-01   -3.6329058E-01
 2.2900    5.4009784E-03    3.5592072E-01   -3.5592072E-01
 2.3000    5.2453244E-03    3.4868871E-01   -3.4868871E-01
 2.3100    5.0941770E-03    3.4159213E-01   -3.4159213E-01
 2.3200    4.9474060E-03    3.3462885E-01   -3.3462885E-01
 2.3300    4.8048885E-03    3.2779703E-01   -3.2779703E-01
 2.3400    4.6665052E-03    3.2109484E-01   -3.2109484E-01
 2.3500    4.5321393E-03    3.1452041E-01   -3.1452041E-01
 2.3600    4.4016768E-03    3.0807185E-01   -3.0807185E-01
 2.3700    4.2750075E-03    3.0174733E-01   -3.0174733E-01
 2.3800    4.1520246E-03    2.9554505E-01   -2.9554505E-01
 2.3900    4.0326228E-03    2.8946314E-01   -2.8946314E-01
 2.4000    3.9166975E-03    2.8349955E-01   -2.8349955E-01
 2.4100    3.8041442E-03    2.7765207E-01   -2.7765207E-01
 2.4200    3.6948611E-03    2.7191847E-01   -2.7191847E-01
 2.4300    3.5887501E-03    2.6629661E-01   -2.6629661E-01
 2.4400    3.4857185E-03    2.6078453E-01   -2.6078453E-01
 2.4500    3.3856785E-03    2.5538051E-01   -2.5538051E-01
 2.4600    3.2885468E-03    2.5008296E-01   -2.5008296E-01
 2.4700    3.1942432E-03    2.4489039E-01   -2.4489039E-01
 2.4800    3.1026882E-03    2.3980120E-01   -2.3980120E-01
 2.4900    3.0138002E-03    2.3481347E-01   -2.3481347E-01
 2.5000    2.9274944E-03    2.2992487E-01   -2.2992487E-01
 2.5100    2.8436847E-03    2.2513279E-01   -2.2513279E-01
 2.5200    2.7622879E-03    2.2043466E-01   -2.2043466E-01
 2.5300    2.6832281E-03    2.1582835E-01   -2.1582835E-01
 2.5400    2.6064384E-03    2.1131230E-01   -2.1131230E-01
 2.5500    2.5318591E-03    2.0688536E-01   -2.0688536E-01
 2.5600    2.4594331E-03    2.0254653E-01   -2.0254653E-01
 2.5700    2.3891025E-03    1.9829460E-01   -1.9829460E-01
 2.5800    2.3208059E-03    1.9412796E-01   -1.9412796E-01
 2.5900    2.2544796E-03    1.9004468E-01   -1.9004468E-01
 2.6000    2.1900603E-03    1.8604270E-01   -1.8604270E-01
 2.6100    2.1274880E-03    1.8212015E-01   -1.8212015E-01
 2.6200    2.0667077E-03    1.7827544E-01   -1.7827544E-01
 2.6300    2.0076680E-03    1.7450717E-01   -1.7450717E-01
 2.6400    1.9503190E-03    1.7081397E-01   -1.7081397E-01
 2.6500    1.8946110E-03    1.6719438E-01   -1.6719438E-01
 2.6600    1.8404948E-03    1.6364688E-01   -1.6364688E-01
 2.6700    1.7879236E-03    1.6017006E-01   -1.6017006E-01
 2.6800    1.7368540E-03    1.5676271E-01   -1.5676271E-01
 2.6900    1.6872453E-03    1.5342377E-01   -1.5342377E-01
 2.7000    1.6390580E-03    1.5015221E-01   -1.5015221E-01
 2.7100    1.5922521E-03    1.4694685E-01   -1.4694685E-01
 2.7200    1.5467871E-03    1.4380640E-01   -1.4380640E-01
 2.7300    1.5026229E-03    1.4072951E-01   -1.4072951E-01
 2.7400    1.4597207E-03    1.3771485E-01   -1.3771485E-01
 2.7500    1.4180439E-03    1.3476122E-01   -1.3476122E-01
 2.7600    1.3775584E-03    1.3186758E-01   -1.3186758E-01
 2.7700    1.3382312E-03    1.2903293E-01   -1.2903293E-01
 2.7800    1.3000303E-03    1.2625626E-01   -1.2625626E-01
 2.7900    1.2629232E-03    1.2353648E-01   -1.2353648E-01
 2.8000    1.2268783E-03    1.2087248E-01   -1.2087248E-01
 2.8100    1.1918652E-03    1.1826320E-01   -1.1826320E-01
 2.8200    1.1578549E-03    1.1570768E-01   -1.1570768E-01
 2.8300    1.1248200E-03    1.1320504E-01   -1.1320504E-01
 2.8400    1.0927337E-03    1.1075437E-01   -1.1075437E-01
 2.8500    1.0615693E-03    1.0835474E-01   -1.0835474E-01
 2.8600    1.0313003E-03    1.0600517E-01   -1.0600517E-01
 2.8700    1.0019004E-03    1.0370464E-01   -1.0370464E-01
 2.8800    9.7334421E-04    1.0145216E-01   -1.0145216E-01
 2.8900    9.4560681E-04    9.9246715E-02   -9.9246715E-02
 2.9000    9.1866375E-04    9.7087304E-02   -9.7087304E-02
 2.9100    8.9249134E-04    9.4972934E-02   -9.4972934E-02
 2.9200    8.6706746E-04    9.2902725E-02   -9.2902725E-02
 2.9300    8.4237227E-04    9.0875993E-02   -9.0875993E-02
 2.9400    8.1838777E-04    8.8892200E-02   -8.8892200E-02
 2.9500    7.9509591E-04    8.6950767E-02   -8.6950767E-02
 2.9600    7.7247658E-04    8.5050840E-02   -8.5050840E-02
 2.9700    7.5050711E-04    8.3191236E-02   -8.3191236E-02
 2.9800    7.2916408E-04    8.1370626E-02   -8.1370626E-02
 2.9900    7.0842599E-04    7.9587841E-02   -7.9587841E-02
 3.0000    6.8827495E-04    7.7842063E-02   -7.7842063E-02
 3.0100    6.6869606E-04    7.6132768E-02   -7.6132768E-02
 3.0200    6.4967525E-04    7.4459493E-02   -7.4459493E-02
 3.0300    6.3119732E-04    7.2821609E-02   -7.2821609E-02
 3.0400    6.1324557E-04    7.1218275E-02   -7.1218275E-02
 3.0500    5.9580288E-04    6.9648560E-02   -6.9648560E-02
 3.0600    5.7885328E-04    6.8111621E-02   -6.8111621E-02
 3.0700    5.6238282E-04    6.6606813E-02   -6.6606813E-02
 3.0800    5.4637922E-04    6.5133658E-02   -6.5133658E-02
 3.0900    5.3083084E-04    6.3691719E-02   -6.3691719E-02
 3.1000    5.1572547E-04    6.2280463E-02   -6.2280463E-02
 3.1100    5.0104976E-04    6.0899188E-02   -6.0899188E-02
 3.1200    4.8678960E-04    5.9547063E-02   -5.9547063E-02
 3.1300    4.7293112E-04    5.8223249E-02   -5.8223249E-02
 3.1400    4.5946171E-04    5.6927024E-02   -5.6927024E-02
 3.1500    4.4637043E-04    5.5657845E-02   -5.5657845E-02
 3.1600    4.3364757E-04    5.4415290E-02   -5.4415290E-02
 3.1700    4.2128380E-04    5.3198961E-02   -5.3198961E-02
 3.1800    4.0926956E-04    5.2008407E-02   -5.2008407E-02
 3.1900    3.9759526E-04    5.0843148E-02   -5.0843148E-02
 3.2000    3.8625195E-04    4.9702759E-02   -4.9702759E-02
 3.2100    3.7523181E-04    4.8586943E-02   -4.8586943E-02
 3.2200    3.6452788E-04    4.7495488E-02   -4.7495488E-02
 3.2300    3.5413299E-04    4.6428141E-02   -4.6428141E-02
 3.2400    3.4403881E-04    4.5384475E-02   -4.5384475E-02
 3.2500    3.3423556E-04    4.4363851E-02   -4.4363851E-02
 3.2600    3.2471270E-04    4.3365498E-02   -4.3365498E-02
 3.2700    3.1546002E-04    4.2388660E-02   -4.2388660E-02
 3.2800    3.0646895E-04    4.1432777E-02   -4.1432777E-02
 3.2900    2.9773347E-04    4.0497603E-02   -4.0497603E-02
 3.3000    2.8924980E-04    3.9583191E-02   -3.9583191E-02
 3.3100    2.8101472E-04    3.8689660E-02   -3.8689660E-02
 3.3200    2.7302321E-04    3.7816871E-02   -3.7816871E-02
 3.3300    2.6526717E-04    3.6964245E-02   -3.6964245E-02
 3.3400    2.5773628E-04    3.6130865E-02   -3.6130865E-02
 3.3500    2.5042020E-04    3.5315782E-02   -3.5315782E-02
 3.3600    2.4331036E-04    3.4518270E-02   -3.4518270E-02
 3.3700    2.3640027E-04    3.3737869E-02   -3.3737869E-02
 3.3800    2.2968461E-04    3.2974267E-02   -3.2974267E-02
 3.3900    2.2315823E-04    3.2227170E-02   -3.2227170E-02
 3.4000    2.1681594E-04    3.1496254E-02   -3.1496254E-02
 3.4100    2.1065263E-04    3.0781198E-02   -3.0781198E-02
 3.4200    2.0466360E-04    3.0081721E-02   -3.0081721E-02
 3.4300    1.9884453E-04    2.9397592E-02   -2.9397592E-02
 3.4400    1.9319131E-04    2.8728591E-02   -2.8728591E-02
 3.4500    1.8769955E-04    2.8074452E-02   -2.8074452E-02
 3.4600    1.8236439E-04    2.7434818E-02   -2.7434818E-02
 3.4700    1.7718045E-04    2.6809247E-02   -2.6809247E-02
 3.4800    1.7214236E-04    2.6197275E-02   -2.6197275E-02
 3.4900    1.6724526E-04    2.5598501E-02   -2.5598501E-02
 3.5000    1.6248518E-04    2.5012649E-02   -2.5012649E-02
 3.5100    1.5785890E-04    2.4439547E-02   -2.4439547E-02
 3.5200    1.5336353E-04    2.3879063E-02   -2.3879063E-02
 3.5300    1.4899602E-04    2.3331032E-02   -2.3331032E-02
 3.5400    1.4475293E-04    2.2795218E-02   -2.2795218E-02
 3.5500    1.4063045E-04    2.2271319E-02   -2.2271319E-02
 3.5600    1.3662460E-04    2.1758992E-02   -2.1758992E-02
 3.5700    1.3273152E-04    2.1257901E-02   -2.1257901E-02
 3.5800    1.2894777E-04    2.0767764E-02   -2.0767764E-02
 3.5900    1.2527055E-04    2.0288397E-02   -2.0288397E-02
 3.6000    1.2169765E-04    1.9819700E-02   -1.9819700E-02
 3.6100    1.1822708E-04    1.9361600E-02   -1.9361600E-02
 3.6200    1.1485649E-04    1.8913963E-02   -1.8913963E-02
 3.6300    1.1158293E-04    1.8476550E-02   -1.8476550E-02
 3.6400    1.0840306E-04    1.8049043E-02   -1.8049043E-02
 3.6500    1.0531378E-04    1.7631157E-02   -1.7631157E-02
 3.6600    1.0231293E-04    1.7222752E-02   -1.7222752E-02
 3.6700    9.9399389E-05    1.6823862E-02   -1.6823862E-02
 3.6800    9.6572418E-05    1.6434580E-02   -1.6434580E-02
 3.6900    9.3830249E-05    1.6054821E-02   -1.6054821E-02
 3.7000    9.1168965E-05    1.5684127E-02   -1.5684127E-02
 3.7100    8.8582645E-05    1.5321678E-02   -1.5321678E-02
 3.7200    8.6065125E-05    1.4966593E-02   -1.4966593E-02
 3.7300    8.3612356E-05    1.4618338E-02   -1.4618338E-02
 3.7400    8.1223603E-05    1.4276946E-02   -1.4276946E-02
 3.7500    7.8900547E-05    1.3942877E-02   -1.3942877E-02
 3.7600    7.6645079E-05    1.3616636E-02   -1.3616636E-02
 3.7700    7.4457487E-05    1.3298447E-02   -1.3298447E-02
 3.7800    7.2336070E-05    1.2988182E-02   -1.2988182E-02
 3.7900    7.0277899E-05    1.2685484E-02   -1.2685484E-02
 3.8000    6.8279771E-05    1.2389937E-02   -1.2389937E-02
 3.8100    6.6338744E-05    1.2101162E-02   -1.2101162E-02
 3.8200    6.4452289E-05    1.1818842E-02   -1.1818842E-02
 3.8300    6.2618410E-05    1.1542754E-02   -1.1542754E-02
 3.8400    6.0835809E-05    1.1272795E-02   -1.1272795E-02
 3.8500    5.9103891E-05    1.1008988E-02   -1.1008988E-02
 3.8600    5.7422373E-05    1.0751414E-02   -1.0751414E-02
 3.8700    5.5790603E-05    1.0500086E-02   -1.0500086E-02
 3.8800    5.4207040E-05    1.0254843E-02   -1.0254843E-02
 3.8900    5.2669263E-05    1.0015354E-02   -1.0015354E-02
 3.9000    5.1174558E-05    9.7812235E-03   -9.7812235E-03
 3.9100    4.9720648E-05    9.5521285E-03   -9.5521285E-03
 3.9200    4.8306086E-05    9.3278992E-03   -9.3278992E-03
 3.9300    4.6930165E-05    9.1085039E-03   -9.1085039E-03
 3.9400    4.5592595E-05    8.8939896E-03   -8.8939896E-03
 3.9500    4.4293256E-05    8.6844368E-03   -8.6844368E-03
 3.9600    4.3032096E-05    8.4799391E-03   -8.4799391E-03
 3.9700    4.1808931E-05    8.2805644E-03   -8.2805644E-03
 3.9800    4.0623061E-05    8.0862776E-03   -8.0862776E-03
 3.9900    3.9472915E-05    7.8968676E-03   -7.8968676E-03
 4.0000    3.8356142E-05    7.7119599E-03   -7.7119599E-03
 4.0100    3.7270224E-05    7.5311381E-03   -7.5311381E-03
 4.0200    3.6213214E-05    7.3540917E-03   -7.3540917E-03
 4.0300    3.5184036E-05    7.1806807E-03   -7.1806807E-03
 4.0400    3.4182236E-05    7.0108885E-03   -7.0108885E-03
 4.0500    3.3207554E-05    6.8447375E-03   -6.8447375E-03
 4.0600    3.2259737E-05    6.6822505E-03   -6.6822505E-03
 4.0700    3.1338542E-05    6.5234521E-03   -6.5234521E-03
 4.0800    3.0443682E-05    6.3683566E-03   -6.3683566E-03
 4.0900    2.9574621E-05    6.2169257E-03   -6.2169257E-03
 4.1000    2.8730488E-05    6.0690481E-03   -6.0690481E-03
 4.1100    2.7910292E-05    5.9245843E-03   -5.9245843E-03
 4.1200    2.7113298E-05    5.7834455E-03   -5.7834455E-03
 4.1300    2.6339222E-05    5.6456365E-03   -5.6456365E-03
 4.1400    2.5588068E-05    5.5112238E-03   -5.5112238E-03
 4.1500    2.4859784E-05    5.3802619E-03   -5.3802619E-03
 4.1600    2.4154012E-05    5.2527388E-03   -5.2527388E-03
 4.1700    2.3470092E-05    5.1285756E-03   -5.1285756E-03
 4.1800    2.2807213E-05    5.0076577E-03   -5.0076577E-03
 4.1900    2.2164463E-05    4.8898454E-03   -4.8898454E-03
 4.2000    2.1540708E-05    4.7749456E-03   -4.7749456E-03
 4.2100    2.0934529E-05    4.6626977E-03   -4.6626977E-03
 4.2200    2.0344509E-05    4.5528358E-03   -4.5528358E-03
 4.2300    1.9769736E-05    4.4452016E-03   -4.4452016E-03
 4.2400    1.9210053E-05    4.3398043E-03   -4.3398043E-03
 4.2500    1.8665774E-05    4.2367586E-03   -4.2367586E-03
 4.2600    1.8137102E-05    4.1361565E-03   -4.1361565E-03
 4.2700    1.7623749E-05    4.0379776E-03   -4.0379776E-03
 4.2800    1.7124939E-05    3.9420891E-03   -3.9420891E-03
 4.2900    1.6639677E-05    3.8483037E-03   -3.8483037E-03
 4.3000    1.6167076E-05    3.7564555E-03   -3.7564555E-03
 4.3100    1.5706679E-05    3.6664753E-03   -3.6664753E-03
 4.3200    1.5258714E-05    3.5784529E-03   -3.5784529E-03
 4.3300    1.4824114E-05    3.4926447E-03   -3.4926447E-03
 4.3400    1.4404096E-05    3.4093793E-03   -3.4093793E-03
 4.3500    1.3999320E-05    3.3288584E-03   -3.3288584E-03
 4.3600    1.3609075E-05    3.2509586E-03   -3.2509586E-03
 4.3700    1.3231169E-05    3.1751989E-03   -3.1751989E-03
 4.3800    1.2862831E-05    3.1009492E-03   -3.1009492E-03
 4.3900    1.2502032E-05    3.0277465E-03   -3.0277465E-03
 4.4000    1.2148215E-05    2.9554776E-03   -2.9554776E-03
 4.4100    1.1801998E-05    2.8843143E-03   -2.8843143E-03
 4.4200    1.1464356E-05    2.8145182E-03   -2.8145182E-03
 4.4300    1.1136046E-05    2.7463024E-03   -2.7463024E-03
 4.4400    1.0817510E-05    2.6798045E-03   -2.6798045E-03
 4.4500    1.0508893E-05    2.6150913E-03   -2.6150913E-03
 4.4600    1.0209939E-05    2.5521296E-03   -2.5521296E-03
 4.4700    9.9199246E-06    2.4907680E-03   -2.4907680E-03
 4.4800    9.6379222E-06    2.4308004E-03   -2.4308004E-03
 4.4900    9.3633040E-06    2.3720928E-03   -2.3720928E-03
 4.5000    9.0960766E-06    2.3146696E-03   -2.3146696E-03
 4.5100    8.8367426E-06    2.2586823E-03   -2.2586823E-03
 4.5200    8.5858445E-06    2.2042952E-03   -2.2042952E-03
 4.5300    8.3435970E-06    2.1515903E-03   -2.1515903E-03
 4.5400    8.1098341E-06    2.1005525E-03   -2.1005525E-03
 4.5500    7.8841415E-06    2.0511011E-03   -2.0511011E-03
 4.5600    7.6659412E-06    2.0031111E-03   -2.0031111E-03
 4.5700    7.4544961E-06    1.9564131E-03   -1.9564131E-03
 4.5800    7.2489952E-06    1.9108150E-03   -1.9108150E-03
 4.5900    7.0487990E-06    1.8661664E-03   -1.8661664E-03
 4.6000    6.8536924E-06    1.8224270E-03   -1.8224270E-03
 4.6100    6.6639009E-06    1.7796731E-03   -1.7796731E-03
 4.6200    6.4797987E-06    1.7380222E-03   -1.7380222E-03
 4.6300    6.3014997E-06    1.6975234E-03   -1.6975234E-03
 4.6400    6.1286283E-06    1.6580938E-03   -1.6580938E-03
 4.6500    5.9604234E-06    1.6195445E-03   -1.6195445E-03
 4.6600    5.7960907E-06    1.5816736E-03   -1.5816736E-03
 4.6700    5.6351593E-06    1.5443645E-03   -1.5443645E-03
 4.6800    5.4776225E-06    1.5076262E-03   -1.5076262E-03
 4.6900    5.3238026E-06    1.4715584E-03   -1.4715584E-03
 4.7000    5.1740738E-06    1.4362770E-03   -1.4362770E-03
 4.7100    5.0286629E-06    1.4018586E-03   -1.4018586E-03
 4.7200    4.8876509E-06    1.3683400E-03   -1.3683400E-03
 4.7300    4.7511140E-06    1.3357574E-03   -1.3357574E-03
 4.7400    4.6192455E-06    1.3041802E-03   -1.3041802E-03
 4.7500    4.4923344E-06    1.2737059E-03   -1.2737059E-03
 4.7600    4.3705560E-06    1.2444013E-03   -1.2444013E-03
 4.7700    4.2536299E-06    1.2162037E-03   -1.2162037E-03
 4.7800    4.1405830E-06    1.1888502E-03   -1.1888502E-03
 4.7900    4.0299631E-06    1.1619354E-03   -1.1619354E-03
 4.8000    3.9205975E-06    1.1351274E-03   -1.1351274E-03
 4.8100    3.8124348E-06    1.1084151E-03   -1.1084151E-03
 4.8200    3.7067589E-06    1.0821770E-03   -1.0821770E-03
 4.8300    3.6055021E-06    1.0569876E-03   -1.0569876E-03
 4.8400    3.5101462E-06    1.0332985E-03   -1.0332985E-03
 4.8500    3.4209859E-06    1.0112176E-03   -1.0112176E-03
 4.8600    3.3370840E-06    9.9048874E-04   -9.9048874E-04
 4.8700    3.2566407E-06    9.7059406E-04   -9.7059406E-04
 4.8800    3.1774256E-06    9.5087821E-04   -9.5087821E-04
 4.8900    3.0972933E-06    9.3070044E-04   -9.3070044E-04
 4.9000    3.0149254E-06    9.0965893E-04   -9.0965893E-04
 4.9100    2.9305028E-06    8.8779968E-04   -8.8779968E-04
 4.9200    2.8456651E-06    8.6561319E-04   -8.6561319E-04
 4.9300    2.7625633E-06    8.4375419E-04   -8.4375419E-04
 4.9400    2.6827141E-06    8.2269366E-04   -8.2269366E-04
 4.9500    2.6066083E-06    8.0259424E-04   -8.0259424E-04
 4.9600    2.5342319E-06    7.8346493E-04   -7.8346493E-04
 4.9700    2.4657161E-06    7.6535990E-04   -7.6535990E-04
 4.9800    2.4013014E-06    7.4836801E-04   -7.4836801E-04
 4.9900    2.3406743E-06    7.3240607E-04   -7.3240607E-04
 5.0000    2.2825256E-06    7.1707657E-04   -7.1707657E-04
 5.0100    2.2250064E-06    7.0180519E-04   -7.0180519E-04
 5.0200    2.1668320E-06    6.8618710E-04   -6.8618710E-04
 5.0300    2.1081190E-06    6.7025637E-04   -6.7025637E-04
 5.0400    2.0502913E-06    6.5446511E-04   -6.5446511E-04
 5.0500    1.9951964E-06    6.3940831E-04   -6.3940831E-04
 5.0600    1.9440706E-06    6.2549369E-04   -6.2549369E-04
 5.0700    1.8968952E-06    6.1272996E-04   -6.1272996E-04
 5.0800    1.8523412E-06    6.0070088E-04   -6.0070088E-04
 5.0900    1.8082843E-06    5.8872455E-04   -5.8872455E-04
 5.1000    1.7627540E-06    5.7615843E-04   -5.7615843E-04
 5.1100    1.7149818E-06    5.6274439E-04   -5.6274439E-04
 5.1200    1.6659962E-06    5.4881224E-04   -5.4881224E-04
 5.1300    1.6182811E-06    5.3517837E-04   -5.3517837E-04
 5.1400    1.5745493E-06    5.2274798E-04   -5.2274798E-04
 5.1500    1.5363413E-06    5.1204960E-04   -5.1204960E-04
 5.1600    1.5033232E-06    5.0299264E-04   -5.0299264E-04
 5.1700    1.4736116E-06    4.9496440E-04   -4.9496440E-04
 5.1800    1.4447202E-06    4.8713925E-04   -4.8713925E-04
 5.1900    1.4144805E-06    4.7878611E-04   -4.7878611E-04
 5.2000    1.3815929E-06    4.6945790E-04   -4.6945790E-04
 5.2100    1.3458250E-06    4.5906470E-04   -4.5906470E-04
 5.2200    1.3079348E-06    4.4785453E-04   -4.4785453E-04
 5.2300    1.2693228E-06    4.3630011E-04   -4.3630011E-04
 5.2400    1.2314848E-06    4.2491444E-04   -4.2491444E-04
 5.2500    1.1955175E-06    4.1408014E-04   -4.1408014E-04
 5.2600    1.1619396E-06    4.0398469E-04   -4.0398469E-04
 5.2700    1.1308337E-06    3.9466610E-04   -3.9466610E-04
 5.2800    1.1020403E-06    3.8607810E-04   -3.8607810E-04
 5.2900    1.0751714E-06    3.7809324E-04   -3.7809324E-04
 5.3000    1.0495210E-06    3.7046973E-04   -3.7046973E-04
 5.3100    1.0241594E-06    3.6288285E-04   -3.6288285E-04
 5.3200    9.9832656E-07    3.5506327E-04   -3.5506327E-04
 5.3300    9.7186311E-07    3.4695199E-04   -3.4695199E-04
 5.3400    9.4529122E-07    3.3873339E-04   -3.3873339E-04
 5.3500    9.1944999E-07    3.3070864E-04   -3.3070864E-04
 5.3600    8.9498255E-07    3.2311269E-04   -3.2311269E-04
 5.3700    8.7206050E-07    3.1601307E-04   -3.1601307E-04
 5.3800    8.5047196E-07    3.0933881E-04   -3.0933881E-04
 5.3900    8.2990445E-07    3.0298107E-04   -3.0298107E-04
 5.4000    8.1018968E-07    2.9688215E-04   -2.9688215E-04
 5.4100    7.9140268E-07    2.9107299E-04   -2.9107299E-04
 5.4200    7.7381152E-07    2.8565618E-04   -2.8565618E-04
 5.4300    7.5769103E-07    2.8073830E-04   -2.8073830E-04
 5.4400    7.4306836E-07    2.7633534E-04   -2.7633534E-04
 5.4500    7.2958017E-07    2.7231771E-04   -2.7231771E-04
 5.4600    7.1660535E-07    2.6845728E-04   -2.6845728E-04
 5.4700    7.0360927E-07    2.6455506E-04   -2.6455506E-04
 5.4800    6.9042376E-07    2.6054738E-04   -2.6054738E-04
 5.4900    6.7725157E-07    2.5651016E-04   -2.5651016E-04
 5.5000    6.6445712E-07    2.5258189E-04   -2.5258189E-04
 5.5100    6.5237554E-07    2.4889188E-04   -2.4889188E-04
 5.5200    6.4127754E-07    2.4554667E-04   -2.4554667E-04
 5.5300    6.3141928E-07    2.4264870E-04   -2.4264870E-04
 5.5400    6.2302912E-07    2.4029113E-04   -2.4029113E-04
 5.5500    6.1618556E-07    2.3851041E-04   -2.3851041E-04
 5.5600    6.1067505E-07    2.3723001E-04   -2.3723001E-04
 5.5700    6.0594861E-07    2.3624142E-04   -2.3624142E-04
 5.5800    6.0122986E-07    2.3524413E-04   -2.3524413E-04
 5.5900    5.9574149E-07    2.3393291E-04   -2.3393291E-04
 5.6000    5.8894223E-07    2.3209117E-04   -2.3209117E-04
 5.6100    5.8062264E-07    2.2963049E-04   -2.2963049E-04
 5.6200    5.7077746E-07    2.2654230E-04   -2.2654230E-04
 5.6300    5.5938054E-07    2.2280966E-04   -2.2280966E-04
 5.6400    5.4633330E-07    2.1838648E-04   -2.1838648E-04
 5.6500    5.3170207E-07    2.1329227E-04   -2.1329227E-04
 5.6600    5.1602664E-07    2.0773747E-04   -2.0773747E-04
 5.6700    5.0037357E-07    2.0214842E-04   -2.0214842E-04
 5.6800    4.8605305E-07    1.9705625E-04   -1.9705625E-04
 5.6900    4.7420299E-07    1.9292952E-04   -1.9292952E-04
 5.7000    4.6549755E-07    1.9005398E-04   -1.9005398E-04
 5.7100    4.6013426E-07    1.8852400E-04   -1.8852400E-04
 5.7200    4.5810663E-07    1.8835125E-04   -1.8835125E-04
 5.7300    4.5952231E-07    1.8959449E-04   -1.8959449E-04
 5.7400    4.6449373E-07    1.9231515E-04   -1.9231515E-04
 5.7500    4.7233877E-07    1.9624525E-04   -1.9624525E-04
 5.7600    4.8063163E-07    2.0038591E-04   -2.0038591E-04
 5.7700    4.8531401E-07    2.0304127E-04   -2.0304127E-04
 5.7800    4.8256021E-07    2.0258955E-04   -2.0258955E-04
 5.7900    4.7141340E-07    1.9859528E-04   -1.9859528E-04
 5.8000    4.5499051E-07    1.9233937E-04   -1.9233937E-04
 5.8100    4.3889486E-07    1.8617554E-04   -1.8617554E-04
 5.8200    4.2785827E-07    1.8211921E-04   -1.8211921E-04
 5.8300    4.2317769E-07    1.8074643E-04   -1.8074643E-04
 5.8400    4.2267836E-07    1.8115302E-04   -1.8115302E-04
 5.8500    4.2274840E-07    1.8180406E-04   -1.8180406E-04
 5.8600    4.2062249E-07    1.8150876E-04   -1.8150876E-04
 5.8700    4.1544830E-07    1.7988836E-04   -1.7988836E-04
 5.8800    4.0792929E-07    1.7723497E-04   -1.7723497E-04
 5.8900    3.9930592E-07    1.7407893E-04   -1.7407893E-04
 5.9000    3.9057177E-07    1.7084990E-04   -1.7084990E-04
 5.9100    3.8228798E-07    1.6779363E-04   -1.6779363E-04
 5.9200    3.7476430E-07    1.6504846E-04   -1.6504846E-04
 5.9300    3.6823392E-07    1.6272079E-04   -1.6272079E-04
