# total charge: 3.000000 
# r(A)     rho (e/A^3)     4*pi*r^2*rho(e/A)  dip  
 0.0000    3.9306398E-02    0.0000000E+00    2.3936537E+01
 0.0100    3.9564191E-02    4.9717829E-05    2.3817103E+01
 0.0200    3.9889872E-02    2.0050837E-04    2.3462361E+01
 0.0300    4.0297102E-02    4.5574948E-04    2.2882813E+01
 0.0400    4.0800416E-02    8.2034105E-04    2.2095388E+01
 0.0500    4.1415782E-02    1.3011152E-03    2.1122618E+01
 0.0600    4.2160908E-02    1.9073145E-03    1.9991569E+01
 0.0700    4.3053775E-02    2.6510455E-03    1.8732585E+01
 0.0800    4.4109083E-02    3.5474629E-03    1.7377946E+01
 0.0900    4.5334661E-02    4.6145064E-03    1.5960500E+01
 0.1000    4.6730397E-02    5.8723149E-03    1.4512371E+01
 0.1100    4.8290224E-02    7.3426775E-03    1.3063788E+01
 0.1200    5.0005514E-02    9.0487847E-03    1.1642115E+01
 0.1300    5.1867871E-02    1.1015266E-02    1.0271100E+01
 0.1400    5.3870350E-02    1.3268314E-02    8.9703796E+00
 0.1500    5.6007308E-02    1.5835693E-02    7.7552200E+00
 0.1600    5.8273584E-02    1.8746559E-02    6.6365035E+00
 0.1700    6.0663743E-02    2.2031137E-02    5.6209135E+00
 0.1800    6.3171889E-02    2.5720460E-02    4.7112890E+00
 0.1900    6.5792093E-02    2.9846318E-02    3.9071026E+00
 0.2000    6.8519010E-02    3.4441411E-02    3.2050166E+00
 0.2100    7.1348123E-02    3.9539485E-02    2.5994763E+00
 0.2200    7.4275409E-02    4.5175220E-02    2.0833004E+00
 0.2300    7.7296711E-02    5.1383839E-02    1.6482384E+00
 0.2400    8.0407251E-02    5.8200614E-02    1.2854712E+00
 0.2500    8.3601497E-02    6.5660462E-02    9.8603757E-01
 0.2600    8.6873313E-02    7.3797720E-02    7.4118043E-01
 0.2700    9.0216231E-02    8.2646045E-02    5.4261004E-01
 0.2800    9.3623731E-02    9.2238423E-02    3.8268867E-01
 0.2900    9.7089440E-02    1.0260720E-01    2.5454474E-01
 0.3000    1.0060720E-01    1.1378407E-01    1.5212684E-01
 0.3100    1.0417098E-01    1.2579982E-01    7.0209323E-02
 0.3200    1.0777469E-01    1.3868408E-01    4.3612112E-03
 0.3300    1.1141207E-01    1.5246494E-01   -4.9110804E-02
 0.3400    1.1507669E-01    1.6716874E-01   -9.3235587E-02
 0.3500    1.1876204E-01    1.8281996E-01   -1.3045900E-01
 0.3600    1.2246161E-01    1.9944118E-01   -1.6272707E-01
 0.3700    1.2616895E-01    2.1705300E-01   -1.9156619E-01
 0.3800    1.2987766E-01    2.3567391E-01   -2.1815709E-01
 0.3900    1.3358138E-01    2.5532009E-01   -2.4340077E-01
 0.4000    1.3727378E-01    2.7600532E-01   -2.6797551E-01
 0.4100    1.4094858E-01    2.9774076E-01   -2.9238506E-01
 0.4200    1.4459954E-01    3.2053493E-01   -3.1699835E-01
 0.4300    1.4822051E-01    3.4439361E-01   -3.4208150E-01
 0.4400    1.5180545E-01    3.6931978E-01   -3.6782323E-01
 0.4500    1.5534841E-01    3.9531356E-01   -3.9435453E-01
 0.4600    1.5884360E-01    4.2237213E-01   -4.2176368E-01
 0.4700    1.6228532E-01    4.5048965E-01   -4.5010746E-01
 0.4800    1.6566800E-01    4.7965721E-01   -4.7941953E-01
 0.4900    1.6898619E-01    5.0986270E-01   -5.0971636E-01
 0.5000    1.7223454E-01    5.4109078E-01   -5.4100158E-01
 0.5100    1.7540787E-01    5.7332291E-01   -5.7326907E-01
 0.5200    1.7850116E-01    6.0653742E-01   -6.0650526E-01
 0.5300    1.8150963E-01    6.4070967E-01   -6.4069064E-01
 0.5400    1.8442869E-01    6.7581193E-01   -6.7580078E-01
 0.5500    1.8725391E-01    7.1181335E-01   -7.1180688E-01
 0.5600    1.8998101E-01    7.4867981E-01   -7.4867610E-01
 0.5700    1.9260589E-01    7.8637400E-01   -7.8637189E-01
 0.5800    1.9512460E-01    8.2485552E-01   -8.2485434E-01
 0.5900    1.9753343E-01    8.6408106E-01   -8.6408040E-01
 0.6000    1.9982886E-01    9.0400446E-01   -9.0400409E-01
 0.6100    2.0200761E-01    9.4457676E-01   -9.4457656E-01
 0.6200    2.0406657E-01    9.8574621E-01   -9.8574610E-01
 0.6300    2.0600288E-01    1.0274584E+00   -1.0274583E+00
 0.6400    2.0781384E-01    1.0696564E+00   -1.0696564E+00
 0.6500    2.0949705E-01    1.1122809E+00   -1.1122809E+00
 0.6600    2.1105030E-01    1.1552705E+00   -1.1552705E+00
 0.6700    2.1247164E-01    1.1985618E+00   -1.1985618E+00
 0.6800    2.1375935E-01    1.2420893E+00   -1.2420893E+00
 0.6900    2.1491195E-01    1.2857858E+00   -1.2857858E+00
 0.7000    2.1592817E-01    1.3295824E+00   -1.3295824E+00
 0.7100    2.1680700E-01    1.3734089E+00   -1.3734089E+00
 0.7200    2.1754770E-01    1.4171941E+00   -1.4171941E+00
 0.7300    2.1814975E-01    1.4608657E+00   -1.4608657E+00
 0.7400    2.1861291E-01    1.5043508E+00   -1.5043508E+00
 0.7500    2.1893717E-01    1.5475757E+00   -1.5475757E+00
 0.7600    2.1912276E-01    1.5904666E+00   -1.5904666E+00
 0.7700    2.1917013E-01    1.6329492E+00   -1.6329492E+00
 0.7800    2.1907996E-01    1.6749495E+00   -1.6749495E+00
 0.7900    2.1885318E-01    1.7163937E+00   -1.7163937E+00
 0.8000    2.1849091E-01    1.7572082E+00   -1.7572082E+00
 0.8100    2.1799451E-01    1.7973202E+00   -1.7973202E+00
 0.8200    2.1736556E-01    1.8366581E+00   -1.8366581E+00
 0.8300    2.1660589E-01    1.8751513E+00   -1.8751513E+00
 0.8400    2.1571752E-01    1.9127309E+00   -1.9127309E+00
 0.8500    2.1470271E-01    1.9493295E+00   -1.9493295E+00
 0.8600    2.1356390E-01    1.9848816E+00   -1.9848816E+00
 0.8700    2.1230374E-01    2.0193240E+00   -2.0193240E+00
 0.8800    2.1092513E-01    2.0525963E+00   -2.0525963E+00
 0.8900    2.0943118E-01    2.0846407E+00   -2.0846407E+00
 0.9000    2.0782515E-01    2.1154024E+00   -2.1154024E+00
 0.9100    2.0611049E-01    2.1448294E+00   -2.1448294E+00
 0.9200    2.0429073E-01    2.1728722E+00   -2.1728722E+00
 0.9300    2.0236953E-01    2.1994844E+00   -2.1994844E+00
 0.9400    2.0035072E-01    2.2246233E+00   -2.2246233E+00
 0.9500    1.9823826E-01    2.2482497E+00   -2.2482497E+00
 0.9600    1.9603627E-01    2.2703288E+00   -2.2703288E+00
 0.9700    1.9374905E-01    2.2908302E+00   -2.2908302E+00
 0.9800    1.9138097E-01    2.3097276E+00   -2.3097276E+00
 0.9900    1.8893652E-01    2.3269988E+00   -2.3269988E+00
 1.0000    1.8642022E-01    2.3426256E+00   -2.3426256E+00
 1.0100    1.8383667E-01    2.3565939E+00   -2.3565939E+00
 1.0200    1.8119052E-01    2.3688943E+00   -2.3688943E+00
 1.0300    1.7848652E-01    2.3795221E+00   -2.3795221E+00
 1.0400    1.7572947E-01    2.3884774E+00   -2.3884774E+00
 1.0500    1.7292421E-01    2.3957653E+00   -2.3957653E+00
 1.0600    1.7007561E-01    2.4013952E+00   -2.4013952E+00
 1.0700    1.6718855E-01    2.4053814E+00   -2.4053814E+00
 1.0800    1.6426789E-01    2.4077425E+00   -2.4077425E+00
 1.0900    1.6131850E-01    2.4085021E+00   -2.4085021E+00
 1.1000    1.5834525E-01    2.4076883E+00   -2.4076883E+00
 1.1100    1.5535298E-01    2.4053341E+00   -2.4053341E+00
 1.1200    1.5234655E-01    2.4014775E+00   -2.4014775E+00
 1.1300    1.4933076E-01    2.3961611E+00   -2.3961611E+00
 1.1400    1.4631039E-01    2.3894324E+00   -2.3894324E+00
 1.1500    1.4329017E-01    2.3813430E+00   -2.3813430E+00
 1.1600    1.4027476E-01    2.3719491E+00   -2.3719491E+00
 1.1700    1.3726873E-01    2.3613111E+00   -2.3613111E+00
 1.1800    1.3427663E-01    2.3494939E+00   -2.3494939E+00
 1.1900    1.3130292E-01    2.3365666E+00   -2.3365666E+00
 1.2000    1.2835198E-01    2.3226027E+00   -2.3226027E+00
 1.2100    1.2542813E-01    2.3076797E+00   -2.3076797E+00
 1.2200    1.2253555E-01    2.2918788E+00   -2.2918788E+00
 1.2300    1.1967833E-01    2.2752839E+00   -2.2752839E+00
 1.2400    1.1686033E-01    2.2579814E+00   -2.2579814E+00
 1.2500    1.1408519E-01    2.2400575E+00   -2.2400575E+00
 1.2600    1.1135617E-01    2.2215967E+00   -2.2215967E+00
 1.2700    1.0867602E-01    2.2026781E+00   -2.2026781E+00
 1.2800    1.0604691E-01    2.1833724E+00   -2.1833724E+00
 1.2900    1.0347030E-01    2.1637396E+00   -2.1637396E+00
 1.3000    1.0094697E-01    2.1438276E+00   -2.1438276E+00
 1.3100    9.8477061E-02    2.1236725E+00   -2.1236725E+00
 1.3200    9.6060247E-02    2.1033010E+00   -2.1033010E+00
 1.3300    9.3695871E-02    2.0827330E+00   -2.0827330E+00
 1.3400    9.1383097E-02    2.0619842E+00   -2.0619842E+00
 1.3500    8.9121010E-02    2.0410681E+00   -2.0410681E+00
 1.3600    8.6908682E-02    2.0199976E+00   -2.0199976E+00
 1.3700    8.4745185E-02    1.9987848E+00   -1.9987848E+00
 1.3800    8.2629598E-02    1.9774416E+00   -1.9774416E+00
 1.3900    8.0561009E-02    1.9559798E+00   -1.9559798E+00
 1.4000    7.8538532E-02    1.9344108E+00   -1.9344108E+00
 1.4100    7.6561321E-02    1.9127469E+00   -1.9127469E+00
 1.4200    7.4628585E-02    1.8910010E+00   -1.8910010E+00
 1.4300    7.2739579E-02    1.8691869E+00   -1.8691869E+00
 1.4400    7.0893570E-02    1.8473181E+00   -1.8473181E+00
 1.4500    6.9089815E-02    1.8254078E+00   -1.8254078E+00
 1.4600    6.7327549E-02    1.8034678E+00   -1.8034678E+00
 1.4700    6.5606002E-02    1.7815094E+00   -1.7815094E+00
 1.4800    6.3924417E-02    1.7595437E+00   -1.7595437E+00
 1.4900    6.2282066E-02    1.7375824E+00   -1.7375824E+00
 1.5000    6.0678251E-02    1.7156371E+00   -1.7156371E+00
 1.5100    5.9112288E-02    1.6937197E+00   -1.6937197E+00
 1.5200    5.7583504E-02    1.6718416E+00   -1.6718416E+00
 1.5300    5.6091226E-02    1.6500141E+00   -1.6500141E+00
 1.5400    5.4634790E-02    1.6282481E+00   -1.6282481E+00
 1.5500    5.3213543E-02    1.6065544E+00   -1.6065544E+00
 1.5600    5.1826844E-02    1.5849436E+00   -1.5849436E+00
 1.5700    5.0474063E-02    1.5634264E+00   -1.5634264E+00
 1.5800    4.9154571E-02    1.5420127E+00   -1.5420127E+00
 1.5900    4.7867737E-02    1.5207121E+00   -1.5207121E+00
 1.6000    4.6612925E-02    1.4995335E+00   -1.4995335E+00
 1.6100    4.5389499E-02    1.4784853E+00   -1.4784853E+00
 1.6200    4.4196830E-02    1.4575754E+00   -1.4575754E+00
 1.6300    4.3034297E-02    1.4368115E+00   -1.4368115E+00
 1.6400    4.1901287E-02    1.4162011E+00   -1.4162011E+00
 1.6500    4.0797193E-02    1.3957513E+00   -1.3957513E+00
 1.6600    3.9721410E-02    1.3754687E+00   -1.3754687E+00
 1.6700    3.8673334E-02    1.3553592E+00   -1.3553592E+00
 1.6800    3.7652357E-02    1.3354284E+00   -1.3354284E+00
 1.6900    3.6657871E-02    1.3156807E+00   -1.3156807E+00
 1.7000    3.5689277E-02    1.2961207E+00   -1.2961207E+00
 1.7100    3.4745987E-02    1.2767525E+00   -1.2767525E+00
 1.7200    3.3827420E-02    1.2575800E+00   -1.2575800E+00
 1.7300    3.2933001E-02    1.2386066E+00   -1.2386066E+00
 1.7400    3.2062150E-02    1.2198347E+00   -1.2198347E+00
 1.7500    3.1214279E-02    1.2012662E+00   -1.2012662E+00
 1.7600    3.0388803E-02    1.1829021E+00   -1.1829021E+00
 1.7700    2.9585150E-02    1.1647432E+00   -1.1647432E+00
 1.7800    2.8802774E-02    1.1467907E+00   -1.1467907E+00
 1.7900    2.8041152E-02    1.1290464E+00   -1.1290464E+00
 1.8000    2.7299777E-02    1.1115115E+00   -1.1115115E+00
 1.8100    2.6578139E-02    1.0941871E+00   -1.0941871E+00
 1.8200    2.5875713E-02    1.0770726E+00   -1.0770726E+00
 1.8300    2.5191978E-02    1.0601671E+00   -1.0601671E+00
 1.8400    2.4526435E-02    1.0434699E+00   -1.0434699E+00
 1.8500    2.3878626E-02    1.0269816E+00   -1.0269816E+00
 1.8600    2.3248124E-02    1.0107032E+00   -1.0107032E+00
 1.8700    2.2634504E-02    9.9463574E-01   -9.9463574E-01
 1.8800    2.2037325E-02    9.7877855E-01   -9.7877855E-01
 1.8900    2.1456127E-02    9.6312975E-01   -9.6312975E-01
 1.9000    2.0890452E-02    9.4768697E-01   -9.4768697E-01
 1.9100    2.0339872E-02    9.3244839E-01   -9.3244839E-01
 1.9200    1.9803985E-02    9.1741304E-01   -9.1741304E-01
 1.9300    1.9282413E-02    9.0258033E-01   -9.0258033E-01
 1.9400    1.8774782E-02    8.8794943E-01   -8.8794943E-01
 1.9500    1.8280716E-02    8.7351887E-01   -8.7351887E-01
 1.9600    1.7799840E-02    8.5928674E-01   -8.5928674E-01
 1.9700    1.7331791E-02    8.4525113E-01   -8.4525113E-01
 1.9800    1.6876229E-02    8.3141081E-01   -8.3141081E-01
 1.9900    1.6432846E-02    8.1776554E-01   -8.1776554E-01
 2.0000    1.6001360E-02    8.0431609E-01   -8.0431609E-01
 2.0100    1.5581504E-02    7.9106349E-01   -7.9106349E-01
 2.0200    1.5173003E-02    7.7800815E-01   -7.7800815E-01
 2.0300    1.4775567E-02    7.6514915E-01   -7.6514915E-01
 2.0400    1.4388888E-02    7.5248429E-01   -7.5248429E-01
 2.0500    1.4012652E-02    7.4001059E-01   -7.4001059E-01
 2.0600    1.3646559E-02    7.2772527E-01   -7.2772527E-01
 2.0700    1.3290330E-02    7.1562635E-01   -7.1562635E-01
 2.0800    1.2943713E-02    7.0371272E-01   -7.0371272E-01
 2.0900    1.2606467E-02    6.9198366E-01   -6.9198366E-01
 2.1000    1.2278352E-02    6.8043796E-01   -6.8043796E-01
 2.1100    1.1959116E-02    6.6907356E-01   -6.6907356E-01
 2.1200    1.1648503E-02    6.5788760E-01   -6.5788760E-01
 2.1300    1.1346258E-02    6.4687700E-01   -6.4687700E-01
 2.1400    1.1052139E-02    6.3603901E-01   -6.3603901E-01
 2.1500    1.0765926E-02    6.2537162E-01   -6.2537162E-01
 2.1600    1.0487417E-02    6.1487369E-01   -6.1487369E-01
 2.1700    1.0216433E-02    6.0454500E-01   -6.0454500E-01
 2.1800    9.9528075E-03    5.9438584E-01   -5.9438584E-01
 2.1900    9.6963724E-03    5.8439620E-01   -5.8439620E-01
 2.2000    9.4469443E-03    5.7457481E-01   -5.7457481E-01
 2.2100    9.2043159E-03    5.6491867E-01   -5.6491867E-01
 2.2200    8.9682630E-03    5.5542337E-01   -5.5542337E-01
 2.2300    8.7385602E-03    5.4608402E-01   -5.4608402E-01
 2.2400    8.5149972E-03    5.3689630E-01   -5.3689630E-01
 2.2500    8.2973861E-03    5.2785689E-01   -5.2785689E-01
 2.2600    8.0855578E-03    5.1896340E-01   -5.1896340E-01
 2.2700    7.8793551E-03    5.1021386E-01   -5.1021386E-01
 2.2800    7.6786270E-03    5.0160647E-01   -5.0160647E-01
 2.2900    7.4832282E-03    4.9313953E-01   -4.9313953E-01
 2.3000    7.2930216E-03    4.8481163E-01   -4.8481163E-01
 2.3100    7.1078782E-03    4.7662169E-01   -4.7662169E-01
 2.3200    6.9276748E-03    4.6856876E-01   -4.6856876E-01
 2.3300    6.7522897E-03    4.6065180E-01   -4.6065180E-01
 2.3400    6.5815998E-03    4.5286948E-01   -4.5286948E-01
 2.3500    6.4154768E-03    4.4521986E-01   -4.4521986E-01
 2.3600    6.2537838E-03    4.3770019E-01   -4.3770019E-01
 2.3700    6.0963761E-03    4.3030689E-01   -4.3030689E-01
 2.3800    5.9431092E-03    4.2303616E-01   -4.2303616E-01
 2.3900    5.7938521E-03    4.1588482E-01   -4.1588482E-01
 2.4000    5.6484949E-03    4.0885102E-01   -4.0885102E-01
 2.4100    5.5069474E-03    4.0193412E-01   -4.0193412E-01
 2.4200    5.3691285E-03    3.9513399E-01   -3.9513399E-01
 2.4300    5.2349542E-03    3.8845015E-01   -3.8845015E-01
 2.4400    5.1043320E-03    3.8188133E-01   -3.8188133E-01
 2.4500    4.9771624E-03    3.7542556E-01   -3.7542556E-01
 2.4600    4.8533429E-03    3.6908046E-01   -3.6908046E-01
 2.4700    4.7327716E-03    3.6284347E-01   -3.6284347E-01
 2.4800    4.6153492E-03    3.5671206E-01   -3.5671206E-01
 2.4900    4.5009837E-03    3.5068403E-01   -3.5068403E-01
 2.5000    4.3895936E-03    3.4475787E-01   -3.4475787E-01
 2.5100    4.2811104E-03    3.3893291E-01   -3.3893291E-01
 2.5200    4.1754740E-03    3.3320900E-01   -3.3320900E-01
 2.5300    4.0726236E-03    3.2758589E-01   -3.2758589E-01
 2.5400    3.9724896E-03    3.2206243E-01   -3.2206243E-01
 2.5500    3.8749899E-03    3.1663637E-01   -3.1663637E-01
 2.5600    3.7800353E-03    3.1130468E-01   -3.1130468E-01
 2.5700    3.6875403E-03    3.0606445E-01   -3.0606445E-01
 2.5800    3.5974333E-03    3.0091374E-01   -3.0091374E-01
 2.5900    3.5096588E-03    2.9585185E-01   -2.9585185E-01
 2.6000    3.4241693E-03    2.9087861E-01   -2.9087861E-01
 2.6100    3.3409131E-03    2.8599343E-01   -2.8599343E-01
 2.6200    3.2598295E-03    2.8119483E-01   -2.8119483E-01
 2.6300    3.1808547E-03    2.7648093E-01   -2.7648093E-01
 2.6400    3.1039332E-03    2.7185047E-01   -2.7185047E-01
 2.6500    3.0290225E-03    2.6730317E-01   -2.6730317E-01
 2.6600    2.9560824E-03    2.6283892E-01   -2.6283892E-01
 2.6700    2.8850587E-03    2.5845625E-01   -2.5845625E-01
 2.6800    2.8158754E-03    2.5415162E-01   -2.5415162E-01
 2.6900    2.7484443E-03    2.4992020E-01   -2.4992020E-01
 2.7000    2.6826844E-03    2.4575761E-01   -2.4575761E-01
 2.7100    2.6185378E-03    2.4166140E-01   -2.4166140E-01
 2.7200    2.5559704E-03    2.3763121E-01   -2.3763121E-01
 2.7300    2.4949599E-03    2.3366773E-01   -2.3366773E-01
 2.7400    2.4354816E-03    2.2977133E-01   -2.2977133E-01
 2.7500    2.3775007E-03    2.2594145E-01   -2.2594145E-01
 2.7600    2.3209773E-03    2.2217691E-01   -2.2217691E-01
 2.7700    2.2658738E-03    2.1847670E-01   -2.1847670E-01
 2.7800    2.2121590E-03    2.1484033E-01   -2.1484033E-01
 2.7900    2.1598035E-03    2.1126741E-01   -2.1126741E-01
 2.8000    2.1087719E-03    2.0775694E-01   -2.0775694E-01
 2.8100    2.0590191E-03    2.0430682E-01   -2.0430682E-01
 2.8200    2.0104924E-03    2.0091415E-01   -2.0091415E-01
 2.8300    1.9631396E-03    1.9757587E-01   -1.9757587E-01
 2.8400    1.9169171E-03    1.9428975E-01   -1.9428975E-01
 2.8500    1.8717978E-03    1.9105504E-01   -1.9105504E-01
 2.8600    1.8277727E-03    1.8787289E-01   -1.8787289E-01
 2.8700    1.7848475E-03    1.8474588E-01   -1.8474588E-01
 2.8800    1.7430300E-03    1.8167689E-01   -1.8167689E-01
 2.8900    1.7023131E-03    1.7866726E-01   -1.7866726E-01
 2.9000    1.6626619E-03    1.7571540E-01   -1.7571540E-01
 2.9100    1.6240166E-03    1.7281694E-01   -1.7281694E-01
 2.9200    1.5863123E-03    1.6996687E-01   -1.6996687E-01
 2.9300    1.5495059E-03    1.6716230E-01   -1.6716230E-01
 2.9400    1.5135885E-03    1.6440399E-01   -1.6440399E-01
 2.9500    1.4785752E-03    1.6169527E-01   -1.6169527E-01
 2.9600    1.4444766E-03    1.5903906E-01   -1.5903906E-01
 2.9700    1.4112743E-03    1.5643510E-01   -1.5643510E-01
 2.9800    1.3789181E-03    1.5387953E-01   -1.5387953E-01
 2.9900    1.3473461E-03    1.5136708E-01   -1.5136708E-01
 3.0000    1.3165116E-03    1.4889395E-01   -1.4889395E-01
 3.0100    1.2863943E-03    1.4645930E-01   -1.4645930E-01
 3.0200    1.2569918E-03    1.4406424E-01   -1.4406424E-01
 3.0300    1.2283005E-03    1.4170975E-01   -1.4170975E-01
 3.0400    1.2003042E-03    1.3939538E-01   -1.3939538E-01
 3.0500    1.1729775E-03    1.3711950E-01   -1.3711950E-01
 3.0600    1.1462970E-03    1.3488072E-01   -1.3488072E-01
 3.0700    1.1202494E-03    1.3267874E-01   -1.3267874E-01
 3.0800    1.0948283E-03    1.3051406E-01   -1.3051406E-01
 3.0900    1.0700241E-03    1.2838680E-01   -1.2838680E-01
 3.1000    1.0458175E-03    1.2629587E-01   -1.2629587E-01
 3.1100    1.0221814E-03    1.2423919E-01   -1.2423919E-01
 3.1200    9.9909097E-04    1.2221488E-01   -1.2221488E-01
 3.1300    9.7653251E-04    1.2022236E-01   -1.2022236E-01
 3.1400    9.5450467E-04    1.1826254E-01   -1.1826254E-01
 3.1500    9.3301133E-04    1.1633701E-01   -1.1633701E-01
 3.1600    9.1205194E-04    1.1444679E-01   -1.1444679E-01
 3.1700    8.9161477E-04    1.1259151E-01   -1.1259151E-01
 3.1800    8.7167615E-04    1.1076926E-01   -1.1076926E-01
 3.1900    8.5220515E-04    1.0897714E-01   -1.0897714E-01
 3.2000    8.3317188E-04    1.0721225E-01   -1.0721225E-01
 3.2100    8.1455563E-04    1.0547285E-01   -1.0547285E-01
 3.2200    7.9634866E-04    1.0375878E-01   -1.0375878E-01
 3.2300    7.7855338E-04    1.0207122E-01   -1.0207122E-01
 3.2400    7.6117455E-04    1.0041166E-01   -1.0041166E-01
 3.2500    7.4421087E-04    9.8780813E-02   -9.8780813E-02
 3.2600    7.2765024E-04    9.7177952E-02   -9.7177952E-02
 3.2700    7.1147197E-04    9.5601160E-02   -9.5601160E-02
 3.2800    6.9565618E-04    9.4048570E-02   -9.4048570E-02
 3.2900    6.8019542E-04    9.2519944E-02   -9.2519944E-02
 3.3000    6.6509931E-04    9.1017361E-02   -9.1017361E-02
 3.3100    6.5038593E-04    8.9544103E-02   -8.9544103E-02
 3.3200    6.3606422E-04    8.8102249E-02   -8.8102249E-02
 3.3300    6.2212039E-04    8.6690751E-02   -8.6690751E-02
 3.3400    6.0851968E-04    8.5305577E-02   -8.5305577E-02
 3.3500    5.9522249E-04    8.3941903E-02   -8.3941903E-02
 3.3600    5.8220247E-04    8.2596656E-02   -8.2596656E-02
 3.3700    5.6945286E-04    8.1269474E-02   -8.1269474E-02
 3.3800    5.5697818E-04    7.9961595E-02   -7.9961595E-02
 3.3900    5.4478085E-04    7.8673975E-02   -7.8673975E-02
 3.4000    5.3285525E-04    7.7406414E-02   -7.7406414E-02
 3.4100    5.2119282E-04    7.6158266E-02   -7.6158266E-02
 3.4200    5.0979078E-04    7.4929710E-02   -7.4929710E-02
 3.4300    4.9865439E-04    7.3722109E-02   -7.3722109E-02
 3.4400    4.8779008E-04    7.2537021E-02   -7.2537021E-02
 3.4500    4.7719618E-04    7.1374817E-02   -7.1374817E-02
 3.4600    4.6686013E-04    7.0234234E-02   -7.0234234E-02
 3.4700    4.5676439E-04    6.9113209E-02   -6.9113209E-02
 3.4800    4.4689478E-04    6.8010135E-02   -6.8010135E-02
 3.4900    4.3724412E-04    6.6924433E-02   -6.6924433E-02
 3.5000    4.2780950E-04    6.5856156E-02   -6.5856156E-02
 3.5100    4.1858661E-04    6.4805136E-02   -6.4805136E-02
 3.5200    4.0956559E-04    6.3770328E-02   -6.3770328E-02
 3.5300    4.0073067E-04    6.2749730E-02   -6.2749730E-02
 3.5400    3.9206455E-04    6.1741043E-02   -6.1741043E-02
 3.5500    3.8355615E-04    6.0742900E-02   -6.0742900E-02
 3.5600    3.7520798E-04    5.9756056E-02   -5.9756056E-02
 3.5700    3.6703707E-04    5.8783607E-02   -5.8783607E-02
 3.5800    3.5906702E-04    5.7829766E-02   -5.7829766E-02
 3.5900    3.5131474E-04    5.6897756E-02   -5.6897756E-02
 3.6000    3.4378083E-04    5.5988202E-02   -5.5988202E-02
 3.6100    3.3644955E-04    5.5099064E-02   -5.5099064E-02
 3.6200    3.2929707E-04    5.4226911E-02   -5.4226911E-02
 3.6300    3.2230078E-04    5.3368435E-02   -5.3368435E-02
 3.6400    3.1544384E-04    5.2521205E-02   -5.2521205E-02
 3.6500    3.0871412E-04    5.1683521E-02   -5.1683521E-02
 3.6600    3.0210107E-04    5.0853905E-02   -5.0853905E-02
 3.6700    2.9559511E-04    5.0031006E-02   -5.0031006E-02
 3.6800    2.8919196E-04    4.9214346E-02   -4.9214346E-02
 3.6900    2.8289995E-04    4.8405584E-02   -4.8405584E-02
 3.7000    2.7674356E-04    4.7609195E-02   -4.7609195E-02
 3.7100    2.7075681E-04    4.6831393E-02   -4.6831393E-02
 3.7200    2.6496623E-04    4.6077221E-02   -4.6077221E-02
 3.7300    2.5937341E-04    4.5347461E-02   -4.5347461E-02
 3.7400    2.5395035E-04    4.4637709E-02   -4.4637709E-02
 3.7500    2.4865297E-04    4.3940606E-02   -4.3940606E-02
 3.7600    2.4344343E-04    4.3249751E-02   -4.3249751E-02
 3.7700    2.3830603E-04    4.2562545E-02   -4.2562545E-02
 3.7800    2.3324733E-04    4.1880335E-02   -4.1880335E-02
 3.7900    2.2828454E-04    4.1206411E-02   -4.1206411E-02
 3.8000    2.2343275E-04    4.0543748E-02   -4.0543748E-02
 3.8100    2.1869918E-04    3.9893943E-02   -3.9893943E-02
 3.8200    2.1408419E-04    3.9257369E-02   -3.9257369E-02
 3.8300    2.0958390E-04    3.8633613E-02   -3.8633613E-02
 3.8400    2.0519059E-04    3.8021544E-02   -3.8021544E-02
 3.8500    2.0089229E-04    3.7419207E-02   -3.7419207E-02
 3.8600    1.9667485E-04    3.6824199E-02   -3.6824199E-02
 3.8700    1.9252757E-04    3.6234705E-02   -3.6234705E-02
 3.8800    1.8844879E-04    3.5650586E-02   -3.5650586E-02
 3.8900    1.8444672E-04    3.5073572E-02   -3.5073572E-02
 3.9000    1.8053389E-04    3.4506255E-02   -3.4506255E-02
 3.9100    1.7671895E-04    3.3950525E-02   -3.3950525E-02
 3.9200    1.7300176E-04    3.3406619E-02   -3.3406619E-02
 3.9300    1.6937492E-04    3.2873357E-02   -3.2873357E-02
 3.9400    1.6582843E-04    3.2349032E-02   -3.2349032E-02
 3.9500    1.6235276E-04    3.1831986E-02   -3.1831986E-02
 3.9600    1.5893852E-04    3.1320551E-02   -3.1320551E-02
 3.9700    1.5557550E-04    3.0812865E-02   -3.0812865E-02
 3.9800    1.5225452E-04    3.0307226E-02   -3.0307226E-02
 3.9900    1.4897144E-04    2.9802909E-02   -2.9802909E-02
 4.0000    1.4572998E-04    2.9300750E-02   -2.9300750E-02
 4.0100    1.4254056E-04    2.8802956E-02   -2.8802956E-02
 4.0200    1.3941649E-04    2.8312363E-02   -2.8312363E-02
 4.0300    1.3637066E-04    2.7831775E-02   -2.7831775E-02
 4.0400    1.3341369E-04    2.7363586E-02   -2.7363586E-02
 4.0500    1.3055205E-04    2.6909374E-02   -2.6909374E-02
 4.0600    1.2778546E-04    2.6469357E-02   -2.6469357E-02
 4.0700    1.2510632E-04    2.6042216E-02   -2.6042216E-02
 4.0800    1.2250310E-04    2.5625790E-02   -2.5625790E-02
 4.0900    1.1996600E-04    2.5218233E-02   -2.5218233E-02
 4.1000    1.1748974E-04    2.4818613E-02   -2.4818613E-02
 4.1100    1.1507134E-04    2.4426468E-02   -2.4426468E-02
 4.1200    1.1270579E-04    2.4040890E-02   -2.4040890E-02
 4.1300    1.1038442E-04    2.3660163E-02   -2.3660163E-02
 4.1400    1.0809741E-04    2.3282297E-02   -2.3282297E-02
 4.1500    1.0583810E-04    2.2905939E-02   -2.2905939E-02
 4.1600    1.0360505E-04    2.2530844E-02   -2.2530844E-02
 4.1700    1.0140062E-04    2.2157594E-02   -2.2157594E-02
 4.1800    9.9228002E-05    2.1786962E-02   -2.1786962E-02
 4.1900    9.7090468E-05    2.1419755E-02   -2.1419755E-02
 4.2000    9.4993581E-05    2.1057301E-02   -2.1057301E-02
 4.2100    9.2946677E-05    2.0701791E-02   -2.0701791E-02
 4.2200    9.0959628E-05    2.0355578E-02   -2.0355578E-02
 4.2300    8.9036507E-05    2.0019753E-02   -2.0019753E-02
 4.2400    8.7172483E-05    1.9693413E-02   -1.9693413E-02
 4.2500    8.5357484E-05    1.9374448E-02   -1.9374448E-02
 4.2600    8.3583035E-05    1.9061067E-02   -1.9061067E-02
 4.2700    8.1846191E-05    1.8752712E-02   -1.8752712E-02
 4.2800    8.0148691E-05    1.8449892E-02   -1.8449892E-02
 4.2900    7.8493924E-05    1.8153505E-02   -1.8153505E-02
 4.3000    7.6884050E-05    1.7864178E-02   -1.7864178E-02
 4.3100    7.5317293E-05    1.7581629E-02   -1.7581629E-02
 4.3200    7.3785289E-05    1.7304025E-02   -1.7304025E-02
 4.3300    7.2272484E-05    1.7027804E-02   -1.7027804E-02
 4.3400    7.0760625E-05    1.6748695E-02   -1.6748695E-02
 4.3500    6.9238532E-05    1.6464033E-02   -1.6464033E-02
 4.3600    6.7711626E-05    1.6175067E-02   -1.6175067E-02
 4.3700    6.6202570E-05    1.5887208E-02   -1.5887208E-02
 4.3800    6.4739760E-05    1.5607350E-02   -1.5607350E-02
 4.3900    6.3341354E-05    1.5340031E-02   -1.5340031E-02
 4.4000    6.2007630E-05    1.5085522E-02   -1.5085522E-02
 4.4100    6.0726675E-05    1.4841116E-02   -1.4841116E-02
 4.4200    5.9485784E-05    1.4603858E-02   -1.4603858E-02
 4.4300    5.8277585E-05    1.4372055E-02   -1.4372055E-02
 4.4400    5.7098234E-05    1.4144854E-02   -1.4144854E-02
 4.4500    5.5943741E-05    1.3921351E-02   -1.3921351E-02
 4.4600    5.4810105E-05    1.3700620E-02   -1.3700620E-02
 4.4700    5.3696038E-05    1.3482398E-02   -1.3482398E-02
 4.4800    5.2603396E-05    1.3267212E-02   -1.3267212E-02
 4.4900    5.1533770E-05    1.3055529E-02   -1.3055529E-02
 4.5000    5.0484917E-05    1.2846847E-02   -1.2846847E-02
 4.5100    4.9451086E-05    1.2639759E-02   -1.2639759E-02
 4.5200    4.8426760E-05    1.2432892E-02   -1.2432892E-02
 4.5300    4.7409835E-05    1.2225728E-02   -1.2225728E-02
 4.5400    4.6401547E-05    1.2018604E-02   -1.2018604E-02
 4.5500    4.5404349E-05    1.1812182E-02   -1.1812182E-02
 4.5600    4.4420529E-05    1.1607088E-02   -1.1607088E-02
 4.5700    4.3452519E-05    1.1404000E-02   -1.1404000E-02
 4.5800    4.2503407E-05    1.1203780E-02   -1.1203780E-02
 4.5900    4.1576042E-05    1.1007239E-02   -1.1007239E-02
 4.6000    4.0671189E-05    1.0814648E-02   -1.0814648E-02
 4.6100    3.9786787E-05    1.0625530E-02   -1.0625530E-02
 4.6200    3.8919693E-05    1.0439104E-02   -1.0439104E-02
 4.6300    3.8068884E-05    1.0255149E-02   -1.0255149E-02
 4.6400    3.7237463E-05    1.0074556E-02   -1.0074556E-02
 4.6500    3.6431584E-05    9.8990571E-03   -9.8990571E-03
 4.6600    3.5656901E-05    9.7302789E-03   -9.7302789E-03
 4.6700    3.4915098E-05    9.5687871E-03   -9.5687871E-03
 4.6800    3.4202892E-05    9.4137877E-03   -9.4137877E-03
 4.6900    3.3513921E-05    9.2636212E-03   -9.2636212E-03
 4.7000    3.2841879E-05    9.1166143E-03   -9.1166143E-03
 4.7100    3.2182524E-05    8.9716389E-03   -8.9716389E-03
 4.7200    3.1533383E-05    8.8280427E-03   -8.8280427E-03
 4.7300    3.0892001E-05    8.6851674E-03   -8.6851674E-03
 4.7400    3.0254560E-05    8.5419572E-03   -8.5419572E-03
 4.7500    2.9616194E-05    8.3970422E-03   -8.3970422E-03
 4.7600    2.8973394E-05    8.2494148E-03   -8.2494148E-03
 4.7700    2.8327685E-05    8.0994906E-03   -8.0994906E-03
 4.7800    2.7688035E-05    7.9498292E-03   -7.9498292E-03
 4.7900    2.7068521E-05    7.8045060E-03   -7.8045060E-03
 4.8000    2.6480496E-05    7.6668764E-03   -7.6668764E-03
 4.8100    2.5923982E-05    7.5370557E-03   -7.5370557E-03
 4.8200    2.5385357E-05    7.4111774E-03   -7.4111774E-03
 4.8300    2.4843930E-05    7.2832367E-03   -7.2832367E-03
 4.8400    2.4282537E-05    7.1481662E-03   -7.1481662E-03
 4.8500    2.3694864E-05    7.0040231E-03   -7.0040231E-03
 4.8600    2.3086840E-05    6.8524662E-03   -6.8524662E-03
 4.8700    2.2474854E-05    6.6983011E-03   -6.6983011E-03
 4.8800    2.1883202E-05    6.5487795E-03   -6.5487795E-03
 4.8900    2.1338756E-05    6.4120468E-03   -6.4120468E-03
 4.9000    2.0860732E-05    6.2940699E-03   -6.2940699E-03
 4.9100    2.0450041E-05    6.1953668E-03   -6.1953668E-03
 4.9200    2.0087468E-05    6.1103385E-03   -6.1103385E-03
 4.9300    1.9744002E-05    6.0302996E-03   -6.0302996E-03
 4.9400    1.9395061E-05    5.9477801E-03   -5.9477801E-03
 4.9500    1.9026882E-05    5.8585195E-03   -5.8585195E-03
 4.9600    1.8632720E-05    5.7603581E-03   -5.7603581E-03
 4.9700    1.8207896E-05    5.6517429E-03   -5.6517429E-03
 4.9800    1.7752812E-05    5.5326818E-03   -5.5326818E-03
 4.9900    1.7281717E-05    5.4075165E-03   -5.4075165E-03
 5.0000    1.6825179E-05    5.2857860E-03   -5.2857860E-03
 5.0100    1.6418039E-05    5.1785311E-03   -5.1785311E-03
 5.0200    1.6079237E-05    5.0919336E-03   -5.0919336E-03
 5.0300    1.5799594E-05    5.0233306E-03   -5.0233306E-03
 5.0400    1.5547482E-05    4.9628484E-03   -4.9628484E-03
 5.0500    1.5287166E-05    4.8991371E-03   -4.8991371E-03
 5.0600    1.4996193E-05    4.8249399E-03   -4.8249399E-03
 5.0700    1.4672633E-05    4.7395141E-03   -4.7395141E-03
 5.0800    1.4331997E-05    4.6477634E-03   -4.6477634E-03
 5.0900    1.3998245E-05    4.5574196E-03   -4.5574196E-03
 5.1000    1.3692771E-05    4.4754999E-03   -4.4754999E-03
 5.1100    1.3424515E-05    4.4050443E-03   -4.4050443E-03
 5.1200    1.3185063E-05    4.3434217E-03   -4.3434217E-03
 5.1300    1.2952159E-05    4.2833814E-03   -4.2833814E-03
 5.1400    1.2700943E-05    4.2166937E-03   -4.2166937E-03
 5.1500    1.2416714E-05    4.1383859E-03   -4.1383859E-03
 5.1600    1.2101521E-05    4.0490136E-03   -4.0490136E-03
 5.1700    1.1771533E-05    3.9538845E-03   -3.9538845E-03
 5.1800    1.1448570E-05    3.8602961E-03   -3.8602961E-03
 5.1900    1.1151637E-05    3.7747065E-03   -3.7747065E-03
 5.2000    1.0891784E-05    3.7009700E-03   -3.7009700E-03
 5.2100    1.0670374E-05    3.6396947E-03   -3.6396947E-03
 5.2200    1.0479956E-05    3.5884784E-03   -3.5884784E-03
 5.2300    1.0307461E-05    3.5429495E-03   -3.5429495E-03
 5.2400    1.0139019E-05    3.4983911E-03   -3.4983911E-03
 5.2500    9.9643821E-06    3.4512693E-03   -3.4512693E-03
 5.2600    9.7788552E-06    3.3999252E-03   -3.3999252E-03
 5.2700    9.5825055E-06    3.3443381E-03   -3.3443381E-03
 5.2800    9.3784808E-06    3.2855661E-03   -3.2855661E-03
 5.2900    9.1720685E-06    3.2254365E-03   -3.2254365E-03
 5.3000    8.9701526E-06    3.1663683E-03   -3.1663683E-03
 5.3100    8.7795607E-06    3.1107971E-03   -3.1107971E-03
 5.3200    8.6040945E-06    3.0601189E-03   -3.0601189E-03
 5.3300    8.4422577E-06    3.0138587E-03   -3.0138587E-03
 5.3400    8.2879422E-06    2.9698813E-03   -2.9698813E-03
 5.3500    8.1339690E-06    2.9256336E-03   -2.9256336E-03
 5.3600    7.9758938E-06    2.8795114E-03   -2.8795114E-03
 5.3700    7.8134653E-06    2.8314058E-03   -2.8314058E-03
 5.3800    7.6493199E-06    2.7822570E-03   -2.7822570E-03
 5.3900    7.4864845E-06    2.7331617E-03   -2.7331617E-03
 5.4000    7.3263992E-06    2.6846518E-03   -2.6846518E-03
 5.4100    7.1681567E-06    2.6364035E-03   -2.6364035E-03
 5.4200    7.0090016E-06    2.5874061E-03   -2.5874061E-03
 5.4300    6.8460255E-06    2.5365769E-03   -2.5365769E-03
 5.4400    6.6784198E-06    2.4835984E-03   -2.4835984E-03
 5.4500    6.5087094E-06    2.4293928E-03   -2.4293928E-03
 5.4600    6.3416515E-06    2.3757324E-03   -2.3757324E-03
 5.4700    6.1814160E-06    2.3241946E-03   -2.3241946E-03
 5.4800    6.0293048E-06    2.2752977E-03   -2.2752977E-03
 5.4900    5.8836671E-06    2.2284487E-03   -2.2284487E-03
 5.5000    5.7415228E-06    2.1825406E-03   -2.1825406E-03
 5.5100    5.6000980E-06    2.1365285E-03   -2.1365285E-03
 5.5200    5.4571864E-06    2.0895695E-03   -2.0895695E-03
 5.5300    5.3108137E-06    2.0408975E-03   -2.0408975E-03
 5.5400    5.1593244E-06    1.9898586E-03   -1.9898586E-03
 5.5500    5.0022916E-06    1.9362652E-03   -1.9362652E-03
 5.5600    4.8415964E-06    1.8808234E-03   -1.8808234E-03
 5.5700    4.6816679E-06    1.8252437E-03   -1.8252437E-03
 5.5800    4.5283858E-06    1.7718285E-03   -1.7718285E-03
 5.5900    4.3870228E-06    1.7226751E-03   -1.7226751E-03
 5.6000    4.2603669E-06    1.6789313E-03   -1.6789313E-03
 5.6100    4.1483326E-06    1.6406244E-03   -1.6406244E-03
 5.6200    4.0494710E-06    1.6072402E-03   -1.6072402E-03
 5.6300    3.9630814E-06    1.5785548E-03   -1.5785548E-03
 5.6400    3.8897677E-06    1.5548616E-03   -1.5548616E-03
 5.6500    3.8296481E-06    1.5362632E-03   -1.5362632E-03
 5.6600    3.7798854E-06    1.5216731E-03   -1.5216731E-03
 5.6700    3.7339629E-06    1.5085023E-03   -1.5085023E-03
 5.6800    3.6834132E-06    1.4933341E-03   -1.4933341E-03
 5.6900    3.6206655E-06    1.4730680E-03   -1.4730680E-03
 5.7000    3.5411953E-06    1.4458041E-03   -1.4458041E-03
 5.7100    3.4438564E-06    1.4110003E-03   -1.4110003E-03
 5.7200    3.3293130E-06    1.3688522E-03   -1.3688522E-03
 5.7300    3.1979953E-06    1.3194621E-03   -1.3194621E-03
 5.7400    3.0503102E-06    1.2629253E-03   -1.2629253E-03
 5.7500    2.8906678E-06    1.2010020E-03   -1.2010020E-03
 5.7600    2.7324939E-06    1.1392369E-03   -1.1392369E-03
 5.7700    2.5977245E-06    1.0868124E-03   -1.0868124E-03
 5.7800    2.5069815E-06    1.0524868E-03   -1.0524868E-03
 5.7900    2.4655709E-06    1.0386865E-03   -1.0386865E-03
 5.8000    2.4569965E-06    1.0386528E-03   -1.0386528E-03
 5.8100    2.4512390E-06    1.0397951E-03   -1.0397951E-03
 5.8200    2.4224409E-06    1.0311195E-03   -1.0311195E-03
 5.8300    2.3625215E-06    1.0090734E-03   -1.0090734E-03
 5.8400    2.2816906E-06    9.7789518E-04   -9.7789518E-04
 5.8500    2.1982415E-06    9.4535951E-04   -9.4535951E-04
 5.8600    2.1269490E-06    9.1782985E-04   -9.1782985E-04
 5.8700    2.0733883E-06    8.9777334E-04   -8.9777334E-04
 5.8800    2.0350918E-06    8.8419597E-04   -8.8419597E-04
 5.8900    2.0058260E-06    8.7444744E-04   -8.7444744E-04
 5.9000    1.9788756E-06    8.6563014E-04   -8.6563014E-04
 5.9100    1.9480920E-06    8.5505549E-04   -8.5505549E-04
 5.9200    1.9085561E-06    8.4053966E-04   -8.4053966E-04
 5.9300    1.8587672E-06    8.2138022E-04   -8.2138022E-04
 5.9400    1.8031539E-06    7.9949465E-04   -7.9949465E-04
 5.9500    1.7514352E-06    7.7918012E-04   -7.7918012E-04
 5.9600    1.7135496E-06    7.6489014E-04   -7.6489014E-04
 5.9700    1.6935695E-06    7.5851044E-04   -7.5851044E-04
 5.9800    1.6876171E-06    7.5837872E-04   -7.5837872E-04
 5.9900    1.6871410E-06    7.6070257E-04   -7.6070257E-04
 6.0000    1.6840793E-06    7.6185953E-04   -7.6185953E-04
 6.0100    1.6736051E-06    7.5964695E-04   -7.5964695E-04
 6.0200    1.6534578E-06    7.5300170E-04   -7.5300170E-04
 6.0300    1.6220758E-06    7.4116626E-04   -7.4116626E-04
 6.0400    1.5778674E-06    7.2335959E-04   -7.2335959E-04
 6.0500    1.5199255E-06    6.9910582E-04   -6.9910582E-04
 6.0600    1.4489749E-06    6.6867637E-04   -6.6867637E-04
 6.0700    1.3676478E-06    6.3323007E-04   -6.3323007E-04
 6.0800    1.2804768E-06    5.9482435E-04   -5.9482435E-04
 6.0900    1.1943553E-06    5.5664461E-04   -5.5664461E-04
 6.1000    1.1188516E-06    5.2316903E-04   -5.2316903E-04
 6.1100    1.0644826E-06    4.9937965E-04   -4.9937965E-04
 6.1200    1.0384118E-06    4.8874501E-04   -4.8874501E-04
 6.1300    1.0402775E-06    4.9122450E-04   -4.9122450E-04
 6.1400    1.0619339E-06    5.0308818E-04   -5.0308818E-04
 6.1500    1.0917537E-06    5.1890132E-04   -5.1890132E-04
 6.1600    1.1200316E-06    5.3407415E-04   -5.3407415E-04
 6.1700    1.1415590E-06    5.4610804E-04   -5.4610804E-04
 6.1800    1.1547358E-06    5.5420375E-04   -5.5420375E-04
 6.1900    1.1595452E-06    5.5831440E-04   -5.5831440E-04
 6.2000    1.1564251E-06    5.5861262E-04   -5.5861262E-04
 6.2100    1.1459721E-06    5.5535043E-04   -5.5535043E-04
 6.2200    1.1285773E-06    5.4868355E-04   -5.4868355E-04
 6.2300    1.1040702E-06    5.3849619E-04   -5.3849619E-04
 6.2400    1.0722104E-06    5.2463719E-04   -5.2463719E-04
 6.2500    1.0340792E-06    5.0760244E-04   -5.0760244E-04
 6.2600    9.9311614E-07    4.8905598E-04   -4.8905598E-04
 6.2700    9.5449400E-07    4.7153958E-04   -4.7153958E-04
 6.2800    9.2294949E-07    4.5741151E-04   -4.5741151E-04
 6.2900    9.0062855E-07    4.4777193E-04   -4.4777193E-04
 6.3000    8.8650011E-07    4.4215013E-04   -4.4215013E-04
 6.3100    8.7748626E-07    4.3904487E-04   -4.3904487E-04
 6.3200    8.7008254E-07    4.3672140E-04   -4.3672140E-04
 6.3300    8.6124211E-07    4.3365318E-04   -4.3365318E-04
 6.3400    8.4847331E-07    4.2857473E-04   -4.2857473E-04
 6.3500    8.2996997E-07    4.2055199E-04   -4.2055199E-04
 6.3600    8.0523682E-07    4.0930563E-04   -4.0930563E-04
 6.3700    7.7576952E-07    3.9556826E-04   -3.9556826E-04
 6.3800    7.4505614E-07    3.8110111E-04   -3.8110111E-04
 6.3900    7.1764198E-07    3.6823021E-04   -3.6823021E-04
 6.4000    6.9760673E-07    3.5907112E-04   -3.5907112E-04
 6.4100    6.8712894E-07    3.5478411E-04   -3.5478411E-04
 6.4200    6.8581508E-07    3.5521145E-04   -3.5521145E-04
 6.4300    6.9109696E-07    3.5906312E-04   -3.5906312E-04
 6.4400    6.9935302E-07    3.6448365E-04   -3.6448365E-04
 6.4500    7.0699406E-07    3.6961114E-04   -3.6961114E-04
 6.4600    7.1100427E-07    3.7286113E-04   -3.7286113E-04
 6.4700    7.0908062E-07    3.7300447E-04   -3.7300447E-04
 6.4800    6.9986262E-07    3.6929436E-04   -3.6929436E-04
 6.4900    6.8345268E-07    3.6174931E-04   -3.6174931E-04
 6.5000    6.6185241E-07    3.5139674E-04   -3.5139674E-04
 6.5100    6.3872612E-07    3.4016257E-04   -3.4016257E-04
 6.5200    6.1831343E-07    3.3030393E-04   -3.3030393E-04
 6.5300    6.0395285E-07    3.2362291E-04   -3.2362291E-04
 6.5400    5.9692355E-07    3.2083672E-04   -3.2083672E-04
 6.5500    5.9603982E-07    3.2134218E-04   -3.2134218E-04
 6.5600    5.9807553E-07    3.2342499E-04   -3.2342499E-04
 6.5700    5.9892695E-07    3.2487363E-04   -3.2487363E-04
 6.5800    5.9520891E-07    3.2384044E-04   -3.2384044E-04
 6.5900    5.8559875E-07    3.1958091E-04   -3.1958091E-04
 6.6000    5.7115021E-07    3.1264254E-04   -3.1264254E-04
 6.6100    5.5439968E-07    3.0439377E-04   -3.0439377E-04
 6.6200    5.3793623E-07    2.9624882E-04   -2.9624882E-04
 6.6300    5.2335261E-07    2.8908883E-04   -2.8908883E-04
 6.6400    5.1097538E-07    2.8310399E-04   -2.8310399E-04
 6.6500    5.0015262E-07    2.7794298E-04   -2.7794298E-04
 6.6600    4.8972083E-07    2.7296496E-04   -2.7296496E-04
 6.6700    4.7846619E-07    2.6749323E-04   -2.6749323E-04
 6.6800    4.6555350E-07    2.6105522E-04   -2.6105522E-04
 6.6900    4.5087673E-07    2.5358288E-04   -2.5358288E-04
 6.7000    4.3520026E-07    2.4549837E-04   -2.4549837E-04
 6.7100    4.1994498E-07    2.3760047E-04   -2.3760047E-04
 6.7200    4.0660935E-07    2.3074153E-04   -2.3074153E-04
 6.7300    3.9606698E-07    2.2542840E-04   -2.2542840E-04
 6.7400    3.8815001E-07    2.2157934E-04   -2.2157934E-04
 6.7500    3.8179901E-07    2.1860103E-04   -2.1860103E-04
 6.7600    3.7568549E-07    2.1573851E-04   -2.1573851E-04
 6.7700    3.6890373E-07    2.1247129E-04   -2.1247129E-04
 6.7800    3.6133081E-07    2.0872489E-04   -2.0872489E-04
 6.7900    3.5351762E-07    2.0481439E-04   -2.0481439E-04
 6.8000    3.4626037E-07    2.0120116E-04   -2.0120116E-04
 6.8100    3.4013494E-07    1.9822359E-04   -1.9822359E-04
 6.8200    3.3523373E-07    1.9594145E-04   -1.9594145E-04
 6.8300    3.3119940E-07    1.9415153E-04   -1.9415153E-04
 6.8400    3.2749274E-07    1.9254123E-04   -1.9254123E-04
 6.8500    3.2372300E-07    1.9088182E-04   -1.9088182E-04
 6.8600    3.1984585E-07    1.8914672E-04   -1.8914672E-04
 6.8700    3.1611290E-07    1.8748458E-04   -1.8748458E-04
 6.8800    3.1281566E-07    1.8606951E-04   -1.8606951E-04
 6.8900    3.1000696E-07    1.8493527E-04   -1.8493527E-04
 6.9000    3.0739041E-07    1.8390704E-04   -1.8390704E-04
 6.9100    3.0442743E-07    1.8266265E-04   -1.8266265E-04
 6.9200    3.0054768E-07    1.8085704E-04   -1.8085704E-04
 6.9300    2.9531559E-07    1.7822257E-04   -1.7822257E-04
 6.9400    2.8852104E-07    1.7462495E-04   -1.7462495E-04
 6.9500    2.8026610E-07    1.7011791E-04   -1.7011791E-04
 6.9600    2.7106720E-07    1.6500812E-04   -1.6500812E-04
 6.9700    2.6184469E-07    1.5985241E-04   -1.5985241E-04
 6.9800    2.5365326E-07    1.5529631E-04   -1.5529631E-04
 6.9900    2.4722486E-07    1.5179461E-04   -1.5179461E-04
 7.0000    2.4266177E-07    1.4941951E-04   -1.4941951E-04
 7.0100    2.3959144E-07    1.4795076E-04   -1.4795076E-04
 7.0200    2.3768397E-07    1.4719192E-04   -1.4719192E-04
 7.0300    2.3700658E-07    1.4719088E-04   -1.4719088E-04
 7.0400    2.3776022E-07    1.4807931E-04   -1.4807931E-04
 7.0500    2.3956168E-07    1.4962544E-04   -1.4962544E-04
 7.0600    2.4101362E-07    1.5095964E-04   -1.5095964E-04
 7.0700    2.4017816E-07    1.5086281E-04   -1.5086281E-04
 7.0800    2.3575028E-07    1.4850073E-04   -1.4850073E-04
 7.0900    2.2800008E-07    1.4402482E-04   -1.4402482E-04
 7.1000    2.1867774E-07    1.3852595E-04   -1.3852595E-04
 7.1100    2.0995144E-07    1.3337300E-04   -1.3337300E-04
 7.1200    2.0322713E-07    1.2946475E-04   -1.2946475E-04
 7.1300    1.9868646E-07    1.2692793E-04   -1.2692793E-04
 7.1400    1.9569110E-07    1.2536531E-04   -1.2536531E-04
 7.1500    1.9353358E-07    1.2433067E-04   -1.2433067E-04
 7.1600    1.9191019E-07    1.2363287E-04   -1.2363287E-04
 7.1700    1.9088765E-07    1.2331787E-04   -1.2331787E-04
 7.1800    1.9055990E-07    1.2344976E-04   -1.2344976E-04
 7.1900    1.9072285E-07    1.2389973E-04   -1.2389973E-04
 7.2000    1.9078705E-07    1.2428644E-04   -1.2428644E-04
 7.2100    1.8997544E-07    1.2410173E-04   -1.2410173E-04
 7.2200    1.8768375E-07    1.2294502E-04   -1.2294502E-04
 7.2300    1.8376958E-07    1.2071468E-04   -1.2071468E-04
 7.2400    1.7859130E-07    1.1763791E-04   -1.1763791E-04
 7.2500    1.7282585E-07    1.1415490E-04   -1.1415490E-04
 7.2600    1.6723883E-07    1.1076951E-04   -1.1076951E-04
 7.2700    1.6250878E-07    1.0793331E-04   -1.0793331E-04
 7.2800    1.5906232E-07    1.0593511E-04   -1.0593511E-04
 7.2900    1.5689674E-07    1.0478011E-04   -1.0478011E-04
 7.3000    1.5552404E-07    1.0414853E-04   -1.0414853E-04
 7.3100    1.5419586E-07    1.0354218E-04   -1.0354218E-04
 7.3200    1.5234489E-07    1.0257934E-04   -1.0257934E-04
 7.3300    1.4993766E-07    1.0123450E-04   -1.0123450E-04
 7.3400    1.4746327E-07    9.9835692E-05   -9.9835692E-05
 7.3500    1.4557342E-07    9.8824953E-05   -9.8824953E-05
 7.3600    1.4465773E-07    9.8470725E-05   -9.8470725E-05
 7.3700    1.4465141E-07    9.8734178E-05   -9.8734178E-05
 7.3800    1.4515371E-07    9.9346077E-05   -9.9346077E-05
 7.3900    1.4570338E-07    9.9992719E-05   -9.9992719E-05
 7.4000    1.4600080E-07    1.0046818E-04   -1.0046818E-04
 7.4100    1.4597821E-07    1.0072431E-04   -1.0072431E-04
 7.4200    1.4574395E-07    1.0083428E-04   -1.0083428E-04
 7.4300    1.4545616E-07    1.0090661E-04   -1.0090661E-04
 7.4400    1.4517097E-07    1.0098003E-04   -1.0098003E-04
 7.4500    1.4474062E-07    1.0095152E-04   -1.0095152E-04
 7.4600    1.4386056E-07    1.0060724E-04   -1.0060724E-04
 7.4700    1.4227878E-07    9.9767983E-05   -9.9767983E-05
 7.4800    1.4002620E-07    9.8451505E-05   -9.8451505E-05
 7.4900    1.3748194E-07    9.6921283E-05   -9.6921283E-05
 7.5000    1.3522704E-07    9.5586360E-05   -9.5586360E-05
 7.5100    1.3380606E-07    9.4834314E-05   -9.4834314E-05
 7.5200    1.3352739E-07    9.4889010E-05   -9.4889010E-05
 7.5300    1.3434110E-07    9.5721328E-05   -9.5721328E-05
 7.5400    1.3581643E-07    9.7029738E-05   -9.7029738E-05
 7.5500    1.3728864E-07    9.8341852E-05   -9.8341852E-05
 7.5600    1.3817266E-07    9.9237446E-05   -9.9237446E-05
 7.5700    1.3825178E-07    9.9557124E-05   -9.9557124E-05
 7.5800    1.3770660E-07    9.9426700E-05   -9.9426700E-05
 7.5900    1.3687931E-07    9.9090316E-05   -9.9090316E-05
 7.6000    1.3601894E-07    9.8727116E-05   -9.8727116E-05
 7.6100    1.3522241E-07    9.8407419E-05   -9.8407419E-05
 7.6200    1.3452995E-07    9.8160955E-05   -9.8160955E-05
 7.6300    1.3397341E-07    9.8011620E-05   -9.8011620E-05
 7.6400    1.3348352E-07    9.7909364E-05   -9.7909364E-05
 7.6500    1.3278940E-07    9.7655372E-05   -9.7655372E-05
 7.6600    1.3150930E-07    9.6966981E-05   -9.6966981E-05
 7.6700    1.2943526E-07    9.5687056E-05   -9.5687056E-05
 7.6800    1.2676661E-07    9.3958743E-05   -9.3958743E-05
 7.6900    1.2404887E-07    9.2183960E-05   -9.2183960E-05
 7.7000    1.2185469E-07    9.0789070E-05   -9.0789070E-05
 7.7100    1.2049515E-07    9.0009467E-05   -9.0009467E-05
 7.7200    1.1998808E-07    8.9863344E-05   -8.9863344E-05
 7.7300    1.2021840E-07    9.0269245E-05   -9.0269245E-05
 7.7400    1.2104867E-07    9.1127997E-05   -9.1127997E-05
 7.7500    1.2227122E-07    9.2286357E-05   -9.2286357E-05
 7.7600    1.2354852E-07    9.3491228E-05   -9.3491228E-05
 7.7700    1.2453087E-07    9.4477619E-05   -9.4477619E-05
 7.7800    1.2511091E-07    9.5162152E-05   -9.5162152E-05
 7.7900    1.2556470E-07    9.5752987E-05   -9.5752987E-05
 7.8000    1.2639659E-07    9.6634997E-05   -9.6634997E-05
 7.8100    1.2796566E-07    9.8085626E-05   -9.8085626E-05
 7.8200    1.3014859E-07    1.0001447E-04   -1.0001447E-04
 7.8300    1.3226624E-07    1.0190193E-04   -1.0190193E-04
 7.8400    1.3334783E-07    1.0299780E-04   -1.0299780E-04
 7.8500    1.3262671E-07    1.0270230E-04   -1.0270230E-04
 7.8600    1.3001056E-07    1.0093310E-04   -1.0093310E-04
 7.8700    1.2624094E-07    9.8256107E-05   -9.8256107E-05
 7.8800    1.2262465E-07    9.5684171E-05   -9.5684171E-05
 7.8900    1.2048107E-07    9.4250288E-05   -9.4250288E-05
 7.9000    1.2059759E-07    9.4580731E-05   -9.4580731E-05
 7.9100    1.2294359E-07    9.6664881E-05   -9.6664881E-05
 7.9200    1.2674520E-07    9.9906038E-05   -9.9906038E-05
 7.9300    1.3085289E-07    1.0340453E-04   -1.0340453E-04
 7.9400    1.3418818E-07    1.0630780E-04   -1.0630780E-04
 7.9500    1.3603132E-07    1.0803961E-04   -1.0803961E-04
 7.9600    1.3607364E-07    1.0834528E-04   -1.0834528E-04
 7.9700    1.3436124E-07    1.0725079E-04   -1.0725079E-04
 7.9800    1.3126159E-07    1.0503966E-04   -1.0503966E-04
 7.9900    1.2740528E-07    1.0220940E-04   -1.0220940E-04
 8.0000    1.2348821E-07    9.9315114E-05   -9.9315114E-05
 8.0100    1.2000838E-07    9.6757909E-05   -9.6757909E-05
 8.0200    1.1717311E-07    9.4707974E-05   -9.4707974E-05
 8.0300    1.1504800E-07    9.3222344E-05   -9.3222344E-05
 8.0400    1.1372428E-07    9.2379404E-05   -9.2379404E-05
 8.0500    1.1329147E-07    9.2256897E-05   -9.2256897E-05
 8.0600    1.1370398E-07    9.2823002E-05   -9.2823002E-05
 8.0700    1.1477758E-07    9.3932094E-05   -9.3932094E-05
 8.0800    1.1635836E-07    9.5461926E-05   -9.5461926E-05
 8.0900    1.1848026E-07    9.7443510E-05   -9.7443510E-05
 8.1000    1.2134958E-07    1.0005025E-04   -1.0005025E-04
 8.1100    1.2516108E-07    1.0344770E-04   -1.0344770E-04
 8.1200    1.2984465E-07    1.0758357E-04   -1.0758357E-04
 8.1300    1.3486120E-07    1.1201547E-04   -1.1201547E-04
 8.1400    1.3919985E-07    1.1590374E-04   -1.1590374E-04
 8.1500    1.4170382E-07    1.1827872E-04   -1.1827872E-04
 8.1600    1.4164253E-07    1.1851788E-04   -1.1851788E-04
 8.1700    1.3917940E-07    1.1674248E-04   -1.1674248E-04
 8.1800    1.3538630E-07    1.1383903E-04   -1.1383903E-04
 8.1900    1.3180019E-07    1.1109480E-04   -1.1109480E-04
 8.2000    1.2984654E-07    1.0971549E-04   -1.0971549E-04
 8.2100    1.3043981E-07    1.1048577E-04   -1.1048577E-04
 8.2200    1.3383099E-07    1.1363450E-04   -1.1363450E-04
 8.2300    1.3963447E-07    1.1885082E-04   -1.1885082E-04
 8.2400    1.4698903E-07    1.2541492E-04   -1.2541492E-04
 8.2500    1.5480957E-07    1.3240840E-04   -1.3240840E-04
 8.2600    1.6202394E-07    1.3891500E-04   -1.3891500E-04
 8.2700    1.6769579E-07    1.4412624E-04   -1.4412624E-04
 8.2800    1.7104349E-07    1.4735914E-04   -1.4735914E-04
 8.2900    1.7145939E-07    1.4807447E-04   -1.4807447E-04
 8.3000    1.6862686E-07    1.4597982E-04   -1.4597982E-04
 8.3100    1.6275111E-07    1.4123290E-04   -1.4123290E-04
 8.3200    1.5481157E-07    1.3466661E-04   -1.3466661E-04
 8.3300    1.4665015E-07    1.2787404E-04   -1.2787404E-04
 8.3400    1.4069006E-07    1.2297176E-04   -1.2297176E-04
 8.3500    1.3920857E-07    1.2196881E-04   -1.2196881E-04
 8.3600    1.4338213E-07    1.2592659E-04   -1.2592659E-04
 8.3700    1.5263002E-07    1.3436951E-04   -1.3436951E-04
 8.3800    1.6477230E-07    1.4540593E-04   -1.4540593E-04
 8.3900    1.7702142E-07    1.5658840E-04   -1.5658840E-04
 8.4000    1.8719962E-07    1.6598674E-04   -1.6598674E-04
 8.4100    1.9442305E-07    1.7280234E-04   -1.7280234E-04
 8.4200    1.9895423E-07    1.7725040E-04   -1.7725040E-04
 8.4300    2.0152017E-07    1.7996313E-04   -1.7996313E-04
 8.4400    2.0264653E-07    1.8139860E-04   -1.8139860E-04
 8.4500    2.0242700E-07    1.8163173E-04   -1.8163173E-04
 8.4600    2.0081333E-07    1.8061055E-04   -1.8061055E-04
 8.4700    1.9813074E-07    1.7861937E-04   -1.7861937E-04
 8.4800    1.9530916E-07    1.7649166E-04   -1.7649166E-04
 8.4900    1.9352362E-07    1.7529084E-04   -1.7529084E-04
 8.5000    1.9348461E-07    1.7566860E-04   -1.7566860E-04
 8.5100    1.9499683E-07    1.7745839E-04   -1.7745839E-04
 8.5200    1.9718163E-07    1.7986866E-04   -1.7986866E-04
 8.5300    1.9915304E-07    1.8209368E-04   -1.8209368E-04
 8.5400    2.0058399E-07    1.8383232E-04   -1.8383232E-04
 8.5500    2.0178838E-07    1.8536948E-04   -1.8536948E-04
 8.5600    2.0336337E-07    1.8725357E-04   -1.8725357E-04
 8.5700    2.0568916E-07    1.8983790E-04   -1.8983790E-04
 8.5800    2.0860819E-07    1.9298155E-04   -1.9298155E-04
 8.5900    2.1149172E-07    1.9610541E-04   -1.9610541E-04
 8.6000    2.1365538E-07    1.9857319E-04   -1.9857319E-04
 8.6100    2.1479254E-07    2.0009460E-04   -2.0009460E-04
 8.6200    2.1504969E-07    2.0079977E-04   -2.0079977E-04
 8.6300    2.1471233E-07    2.0095020E-04   -2.0095020E-04
 8.6400    2.1387352E-07    2.0062930E-04   -2.0062930E-04
 8.6500    2.1244822E-07    1.9975386E-04   -1.9975386E-04
 8.6600    2.1047505E-07    1.9835643E-04   -1.9835643E-04
 8.6700    2.0831343E-07    1.9677292E-04   -1.9677292E-04
 8.6800    2.0648586E-07    1.9549679E-04   -1.9549679E-04
 8.6900    2.0533543E-07    1.9485579E-04   -1.9485579E-04
 8.7000    2.0484697E-07    1.9483991E-04   -1.9483991E-04
 8.7100    2.0474841E-07    1.9519411E-04   -1.9519411E-04
 8.7200    2.0472701E-07    1.9562212E-04   -1.9562212E-04
