# total charge: 4.000000 
# r(A)     rho (e/A^3)     4*pi*r^2*rho(e/A)  dip  
 0.0000   -5.4382500E-02   -0.0000000E+00    3.1915382E+01
 0.0100   -5.3689505E-02   -6.7468221E-05    3.1756271E+01
 0.0200   -5.2814182E-02   -2.6547303E-04    3.1283681E+01
 0.0300   -5.1720036E-02   -5.8493982E-04    3.0511610E+01
 0.0400   -5.0368417E-02   -1.0127171E-03    2.9462624E+01
 0.0500   -4.8717098E-02   -1.5304928E-03    2.8166757E+01
 0.0600   -4.6719453E-02   -2.1135383E-03    2.6660082E+01
 0.0700   -4.4328382E-02   -2.7295297E-03    2.4983044E+01
 0.0800   -4.1505798E-02   -3.3380944E-03    2.3178662E+01
 0.0900   -3.8232223E-02   -3.8915663E-03    2.1290712E+01
 0.1000   -3.4509652E-02   -4.3366108E-03    1.9361995E+01
 0.1100   -3.0356220E-02   -4.6157569E-03    1.7432790E+01
 0.1200   -2.5797072E-02   -4.6681282E-03    1.5539553E+01
 0.1300   -2.0856876E-02   -4.4294095E-03    1.3713917E+01
 0.1400   -1.5556515E-02   -3.8315831E-03    1.1982029E+01
 0.1500   -9.9134360E-03   -2.8029580E-03    1.0364211E+01
 0.1600   -3.9437668E-03   -1.2687062E-03    8.8749355E+00
 0.1700    2.3357478E-03    8.4826911E-04    7.5230779E+00
 0.1800    8.9072506E-03    3.6265907E-03    6.3123861E+00
 0.1900    1.5752826E-02    7.1462061E-03    5.2421190E+00
 0.2000    2.2856020E-02    1.1488689E-02    4.3077886E+00
 0.2100    3.0202436E-02    1.6737494E-02    3.5019502E+00
 0.2200    3.7778899E-02    2.2977593E-02    2.8149898E+00
 0.2300    4.5571897E-02    3.0294420E-02    2.2358686E+00
 0.2400    5.3566411E-02    3.8772597E-02    1.7527898E+00
 0.2500    6.1745663E-02    4.8494930E-02    1.3537691E+00
 0.2600    7.0091591E-02    5.9541871E-02    1.0270957E+00
 0.2700    7.8585564E-02    7.1991325E-02    7.6168346E-01
 0.2800    8.7209013E-02    8.5918621E-02    5.4731751E-01
 0.2900    9.5943810E-02    1.0139647E-01    3.7480613E-01
 0.3000    1.0477232E-01    1.1849470E-01    2.3605317E-01
 0.3100    1.1367718E-01    1.3727977E-01    1.2406575E-01
 0.3200    1.2264099E-01    1.5781398E-01    3.2913078E-02
 0.3300    1.3164613E-01    1.8015480E-01   -4.2349283E-02
 0.3400    1.4067480E-01    2.0435441E-01   -1.0577687E-01
 0.3500    1.4970924E-01    2.3045946E-01   -1.6064485E-01
 0.3600    1.5873186E-01    2.5851097E-01   -2.0955882E-01
 0.3700    1.6772543E-01    2.8854412E-01   -2.5456170E-01
 0.3800    1.7667300E-01    3.2058799E-01   -2.9723224E-01
 0.3900    1.8555791E-01    3.5466517E-01   -3.3877274E-01
 0.4000    1.9436367E-01    3.9079134E-01   -3.8008492E-01
 0.4100    2.0307400E-01    4.2897491E-01   -4.2183398E-01
 0.4200    2.1167288E-01    4.6921692E-01   -4.6450147E-01
 0.4300    2.2014468E-01    5.1151098E-01   -5.0842817E-01
 0.4400    2.2847424E-01    5.5584341E-01   -5.5384801E-01
 0.4500    2.3664696E-01    6.0219315E-01   -6.0091446E-01
 0.4600    2.4464874E-01    6.5053178E-01   -6.4972051E-01
 0.4700    2.5246604E-01    7.0082331E-01   -7.0031373E-01
 0.4800    2.6008575E-01    7.5302415E-01   -7.5270724E-01
 0.4900    2.6749531E-01    8.0708298E-01   -8.0688787E-01
 0.5000    2.7468259E-01    8.6294082E-01   -8.6282188E-01
 0.5100    2.8163608E-01    9.2053118E-01   -9.2045940E-01
 0.5200    2.8834489E-01    9.7978053E-01   -9.7973765E-01
 0.5300    2.9479891E-01    1.0406088E+00   -1.0405834E+00
 0.5400    3.0098875E-01    1.1029292E+00   -1.1029144E+00
 0.5500    3.0690565E-01    1.1666488E+00   -1.1666402E+00
 0.5600    3.1254145E-01    1.2316677E+00   -1.2316627E+00
 0.5700    3.1788859E-01    1.2978799E+00   -1.2978771E+00
 0.5800    3.2294027E-01    1.3651741E+00   -1.3651725E+00
 0.5900    3.2769043E-01    1.4334338E+00   -1.4334329E+00
 0.6000    3.3213383E-01    1.5025380E+00   -1.5025376E+00
 0.6100    3.3626591E-01    1.5723614E+00   -1.5723611E+00
 0.6200    3.4008280E-01    1.6427743E+00   -1.6427742E+00
 0.6300    3.4358132E-01    1.7136436E+00   -1.7136435E+00
 0.6400    3.4675903E-01    1.7848330E+00   -1.7848330E+00
 0.6500    3.4961424E-01    1.8562040E+00   -1.8562039E+00
 0.6600    3.5214602E-01    1.9276160E+00   -1.9276160E+00
 0.6700    3.5435417E-01    1.9989274E+00   -1.9989274E+00
 0.6800    3.5623918E-01    2.0699953E+00   -2.0699953E+00
 0.6900    3.5780223E-01    2.1406767E+00   -2.1406767E+00
 0.7000    3.5904518E-01    2.2108285E+00   -2.2108285E+00
 0.7100    3.5997056E-01    2.2803082E+00   -2.2803082E+00
 0.7200    3.6058152E-01    2.3489746E+00   -2.3489746E+00
 0.7300    3.6088190E-01    2.4166886E+00   -2.4166886E+00
 0.7400    3.6087616E-01    2.4833132E+00   -2.4833132E+00
 0.7500    3.6056931E-01    2.5487143E+00   -2.5487143E+00
 0.7600    3.5996692E-01    2.6127607E+00   -2.6127607E+00
 0.7700    3.5907499E-01    2.6753245E+00   -2.6753245E+00
 0.7800    3.5789995E-01    2.7362811E+00   -2.7362811E+00
 0.7900    3.5644866E-01    2.7955099E+00   -2.7955099E+00
 0.8000    3.5472839E-01    2.8528950E+00   -2.8528950E+00
 0.8100    3.5274687E-01    2.9083259E+00   -2.9083259E+00
 0.8200    3.5051227E-01    2.9616982E+00   -2.9616982E+00
 0.8300    3.4803316E-01    3.0129136E+00   -3.0129136E+00
 0.8400    3.4531838E-01    3.0618797E+00   -3.0618797E+00
 0.8500    3.4237701E-01    3.1085103E+00   -3.1085103E+00
 0.8600    3.3921837E-01    3.1527252E+00   -3.1527252E+00
 0.8700    3.3585206E-01    3.1944522E+00   -3.1944522E+00
 0.8800    3.3228800E-01    3.2336266E+00   -3.2336266E+00
 0.8900    3.2853632E-01    3.2701921E+00   -3.2701921E+00
 0.9000    3.2460734E-01    3.3041002E+00   -3.3041002E+00
 0.9100    3.2051139E-01    3.3353093E+00   -3.3353093E+00
 0.9200    3.1625889E-01    3.3637852E+00   -3.3637852E+00
 0.9300    3.1186028E-01    3.3895015E+00   -3.3895015E+00
 0.9400    3.0732612E-01    3.4124401E+00   -3.4124401E+00
 0.9500    3.0266707E-01    3.4325925E+00   -3.4325925E+00
 0.9600    2.9789394E-01    3.4499595E+00   -3.4499595E+00
 0.9700    2.9301757E-01    3.4645513E+00   -3.4645513E+00
 0.9800    2.8804884E-01    3.4763873E+00   -3.4763873E+00
 0.9900    2.8299857E-01    3.4854953E+00   -3.4854953E+00
 1.0000    2.7787751E-01    3.4919118E+00   -3.4919118E+00
 1.0100    2.7269631E-01    3.4956816E+00   -3.4956816E+00
 1.0200    2.6746555E-01    3.4968585E+00   -3.4968585E+00
 1.0300    2.6219573E-01    3.4955050E+00   -3.4955050E+00
 1.0400    2.5689727E-01    3.4916928E+00   -3.4916928E+00
 1.0500    2.5158048E-01    3.4855026E+00   -3.4855026E+00
 1.0600    2.4625559E-01    3.4770240E+00   -3.4770240E+00
 1.0700    2.4093269E-01    3.4663559E+00   -3.4663559E+00
 1.0800    2.3562175E-01    3.4536057E+00   -3.4536057E+00
 1.0900    2.3033255E-01    3.4388892E+00   -3.4388892E+00
 1.1000    2.2507467E-01    3.4223297E+00   -3.4223297E+00
 1.1100    2.1985742E-01    3.4040579E+00   -3.4040579E+00
 1.1200    2.1468982E-01    3.3842105E+00   -3.3842105E+00
 1.1300    2.0958049E-01    3.3629283E+00   -3.3629283E+00
 1.1400    2.0453747E-01    3.3403536E+00   -3.3403536E+00
 1.1500    1.9956797E-01    3.3166251E+00   -3.3166251E+00
 1.1600    1.9467812E-01    3.2918723E+00   -3.2918723E+00
 1.1700    1.8987273E-01    3.2662105E+00   -3.2662105E+00
 1.1800    1.8515515E-01    3.2397365E+00   -3.2397365E+00
 1.1900    1.8052738E-01    3.2125275E+00   -3.2125275E+00
 1.2000    1.7599019E-01    3.1846435E+00   -3.1846435E+00
 1.2100    1.7154355E-01    3.1561309E+00   -3.1561309E+00
 1.2200    1.6718687E-01    3.1270275E+00   -3.1270275E+00
 1.2300    1.6291930E-01    3.0973667E+00   -3.0973667E+00
 1.2400    1.5873987E-01    3.0671800E+00   -3.0671800E+00
 1.2500    1.5464758E-01    3.0364981E+00   -3.0364981E+00
 1.2600    1.5064139E-01    3.0053515E+00   -3.0053515E+00
 1.2700    1.4672028E-01    2.9737705E+00   -2.9737705E+00
 1.2800    1.4288321E-01    2.9417855E+00   -2.9417855E+00
 1.2900    1.3912919E-01    2.9094275E+00   -2.9094275E+00
 1.3000    1.3545724E-01    2.8767279E+00   -2.8767279E+00
 1.3100    1.3186641E-01    2.8437188E+00   -2.8437188E+00
 1.3200    1.2835575E-01    2.8104319E+00   -2.8104319E+00
 1.3300    1.2492430E-01    2.7768989E+00   -2.7768989E+00
 1.3400    1.2157105E-01    2.7431505E+00   -2.7431505E+00
 1.3500    1.1829500E-01    2.7092170E+00   -2.7092170E+00
 1.3600    1.1509510E-01    2.6751277E+00   -2.6751277E+00
 1.3700    1.1197031E-01    2.6409117E+00   -2.6409117E+00
 1.3800    1.0891960E-01    2.6065980E+00   -2.6065980E+00
 1.3900    1.0594195E-01    2.5722159E+00   -2.5722159E+00
 1.4000    1.0303635E-01    2.5377942E+00   -2.5377942E+00
 1.4100    1.0020177E-01    2.5033611E+00   -2.5033611E+00
 1.4200    9.7437151E-02    2.4689434E+00   -2.4689434E+00
 1.4300    9.4741391E-02    2.4345668E+00   -2.4345668E+00
 1.4400    9.2113385E-02    2.4002561E+00   -2.4002561E+00
 1.4500    8.9552014E-02    2.3660353E+00   -2.3660353E+00
 1.4600    8.7056154E-02    2.3319275E+00   -2.3319275E+00
 1.4700    8.4624663E-02    2.2979548E+00   -2.2979548E+00
 1.4800    8.2256377E-02    2.2641379E+00   -2.2641379E+00
 1.4900    7.9950102E-02    2.2304959E+00   -2.2304959E+00
 1.5000    7.7704609E-02    2.1970461E+00   -2.1970461E+00
 1.5100    7.5518648E-02    2.1638042E+00   -2.1638042E+00
 1.5200    7.3390962E-02    2.1307850E+00   -2.1307850E+00
 1.5300    7.1320305E-02    2.0980021E+00   -2.0980021E+00
 1.5400    6.9305443E-02    2.0654688E+00   -2.0654688E+00
 1.5500    6.7345141E-02    2.0331973E+00   -2.0331973E+00
 1.5600    6.5438156E-02    2.0011982E+00   -2.0011982E+00
 1.5700    6.3583242E-02    1.9694812E+00   -1.9694812E+00
 1.5800    6.1779161E-02    1.9380547E+00   -1.9380547E+00
 1.5900    6.0024694E-02    1.9069270E+00   -1.9069270E+00
 1.6000    5.8318641E-02    1.8761054E+00   -1.8761054E+00
 1.6100    5.6659813E-02    1.8455965E+00   -1.8455965E+00
 1.6200    5.5047027E-02    1.8154060E+00   -1.8154060E+00
 1.6300    5.3479105E-02    1.7855385E+00   -1.7855385E+00
 1.6400    5.1954885E-02    1.7559977E+00   -1.7559977E+00
 1.6500    5.0473218E-02    1.7267869E+00   -1.7267869E+00
 1.6600    4.9032981E-02    1.6979087E+00   -1.6979087E+00
 1.6700    4.7633072E-02    1.6693654E+00   -1.6693654E+00
 1.6800    4.6272417E-02    1.6411588E+00   -1.6411588E+00
 1.6900    4.4949959E-02    1.6132905E+00   -1.6132905E+00
 1.7000    4.3664669E-02    1.5857615E+00   -1.5857615E+00
 1.7100    4.2415544E-02    1.5585729E+00   -1.5585729E+00
 1.7200    4.1201609E-02    1.5317255E+00   -1.5317255E+00
 1.7300    4.0021913E-02    1.5052198E+00   -1.5052198E+00
 1.7400    3.8875528E-02    1.4790561E+00   -1.4790561E+00
 1.7500    3.7761544E-02    1.4532345E+00   -1.4532345E+00
 1.7600    3.6679075E-02    1.4277546E+00   -1.4277546E+00
 1.7700    3.5627258E-02    1.4026160E+00   -1.4026160E+00
 1.7800    3.4605261E-02    1.3778184E+00   -1.3778184E+00
 1.7900    3.3612280E-02    1.3533617E+00   -1.3533617E+00
 1.8000    3.2647535E-02    1.3292457E+00   -1.3292457E+00
 1.8100    3.1710264E-02    1.3054699E+00   -1.3054699E+00
 1.8200    3.0799719E-02    1.2820336E+00   -1.2820336E+00
 1.8300    2.9915172E-02    1.2589357E+00   -1.2589357E+00
 1.8400    2.9055916E-02    1.2361754E+00   -1.2361754E+00
 1.8500    2.8221275E-02    1.2137520E+00   -1.2137520E+00
 1.8600    2.7410592E-02    1.1916649E+00   -1.1916649E+00
 1.8700    2.6623228E-02    1.1699136E+00   -1.1699136E+00
 1.8800    2.5858547E-02    1.1484965E+00   -1.1484965E+00
 1.8900    2.5115924E-02    1.1274120E+00   -1.1274120E+00
 1.9000    2.4394746E-02    1.1066578E+00   -1.1066578E+00
 1.9100    2.3694420E-02    1.0862322E+00   -1.0862322E+00
 1.9200    2.3014376E-02    1.0661333E+00   -1.0661333E+00
 1.9300    2.2354055E-02    1.0463592E+00   -1.0463592E+00
 1.9400    2.1712911E-02    1.0269076E+00   -1.0269076E+00
 1.9500    2.1090404E-02    1.0077759E+00   -1.0077759E+00
 1.9600    2.0486007E-02    9.8896136E-01   -9.8896136E-01
 1.9700    1.9899209E-02    9.7046108E-01   -9.7046108E-01
 1.9800    1.9329513E-02    9.5227229E-01   -9.5227229E-01
 1.9900    1.8776438E-02    9.3439225E-01   -9.3439225E-01
 2.0000    1.8239517E-02    9.1681810E-01   -9.1681810E-01
 2.0100    1.7718289E-02    8.9954678E-01   -8.9954678E-01
 2.0200    1.7212303E-02    8.8257491E-01   -8.8257491E-01
 2.0300    1.6721114E-02    8.6589884E-01   -8.6589884E-01
 2.0400    1.6244289E-02    8.4951471E-01   -8.4951471E-01
 2.0500    1.5781402E-02    8.3341856E-01   -8.3341856E-01
 2.0600    1.5332041E-02    8.1760640E-01   -8.1760640E-01
 2.0700    1.4895806E-02    8.0207421E-01   -8.0207421E-01
 2.0800    1.4472305E-02    7.8681792E-01   -7.8681792E-01
 2.0900    1.4061158E-02    7.7183333E-01   -7.7183333E-01
 2.1000    1.3661992E-02    7.5711607E-01   -7.5711607E-01
 2.1100    1.3274441E-02    7.4266170E-01   -7.4266170E-01
 2.1200    1.2898154E-02    7.2846575E-01   -7.2846575E-01
 2.1300    1.2532788E-02    7.1452389E-01   -7.1452389E-01
 2.1400    1.2178015E-02    7.0083197E-01   -7.0083197E-01
 2.1500    1.1833521E-02    6.8738613E-01   -6.8738613E-01
 2.1600    1.1499005E-02    6.7418276E-01   -6.7418276E-01
 2.1700    1.1174181E-02    6.6121855E-01   -6.6121855E-01
 2.1800    1.0858771E-02    6.4849038E-01   -6.4849038E-01
 2.1900    1.0552506E-02    6.3599502E-01   -6.3599502E-01
 2.2000    1.0255118E-02    6.2372894E-01   -6.2372894E-01
 2.2100    9.9663385E-03    6.1168812E-01   -6.1168812E-01
 2.2200    9.6859009E-03    5.9986819E-01   -5.9986819E-01
 2.2300    9.4135471E-03    5.8826484E-01   -5.8826484E-01
 2.2400    9.1490311E-03    5.7687405E-01   -5.7687405E-01
 2.2500    8.8921209E-03    5.6569229E-01   -5.6569229E-01
 2.2600    8.6425972E-03    5.5471641E-01   -5.5471641E-01
 2.2700    8.4002497E-03    5.4394348E-01   -5.4394348E-01
 2.2800    8.1648738E-03    5.3337055E-01   -5.3337055E-01
 2.2900    7.9362704E-03    5.2299469E-01   -5.2299469E-01
 2.3000    7.7142459E-03    5.1281299E-01   -5.1281299E-01
 2.3100    7.4986132E-03    5.0282258E-01   -5.0282258E-01
 2.3200    7.2891913E-03    4.9302073E-01   -4.9302073E-01
 2.3300    7.0858050E-03    4.8340473E-01   -4.8340473E-01
 2.3400    6.8882835E-03    4.7397190E-01   -4.7397190E-01
 2.3500    6.6964591E-03    4.6471941E-01   -4.6471941E-01
 2.3600    6.5101654E-03    4.5564425E-01   -4.5564425E-01
 2.3700    6.3292370E-03    4.4674317E-01   -4.4674317E-01
 2.3800    6.1535120E-03    4.3801283E-01   -4.3801283E-01
 2.3900    5.9828350E-03    4.2945009E-01   -4.2945009E-01
 2.4000    5.8170595E-03    4.2105212E-01   -4.2105212E-01
 2.4100    5.6560473E-03    4.1281644E-01   -4.1281644E-01
 2.4200    5.4996653E-03    4.0474068E-01   -4.0474068E-01
 2.4300    5.3477821E-03    3.9682234E-01   -3.9682234E-01
 2.4400    5.2002666E-03    3.8905869E-01   -3.8905869E-01
 2.4500    5.0569886E-03    3.8144683E-01   -3.8144683E-01
 2.4600    4.9178200E-03    3.7398373E-01   -3.7398373E-01
 2.4700    4.7826359E-03    3.6666638E-01   -3.6666638E-01
 2.4800    4.6513149E-03    3.5949179E-01   -3.5949179E-01
 2.4900    4.5237403E-03    3.5245707E-01   -3.5245707E-01
 2.5000    4.3998006E-03    3.4555953E-01   -3.4555953E-01
 2.5100    4.2793898E-03    3.3879669E-01   -3.3879669E-01
 2.5200    4.1624070E-03    3.3216624E-01   -3.3216624E-01
 2.5300    4.0487534E-03    3.2566586E-01   -3.2566586E-01
 2.5400    3.9383306E-03    3.1929305E-01   -3.1929305E-01
 2.5500    3.8310395E-03    3.1304506E-01   -3.1304506E-01
 2.5600    3.7267817E-03    3.0691898E-01   -3.0691898E-01
 2.5700    3.6254620E-03    3.0091198E-01   -3.0091198E-01
 2.5800    3.5269911E-03    2.9502148E-01   -2.9502148E-01
 2.5900    3.4312855E-03    2.8924526E-01   -2.8924526E-01
 2.6000    3.3382664E-03    2.8358127E-01   -2.8358127E-01
 2.6100    3.2478562E-03    2.7802745E-01   -2.7802745E-01
 2.6200    3.1599778E-03    2.7258157E-01   -2.7258157E-01
 2.6300    3.0745556E-03    2.6724139E-01   -2.6724139E-01
 2.6400    2.9915183E-03    2.6200488E-01   -2.6200488E-01
 2.6500    2.9107997E-03    2.5687032E-01   -2.5687032E-01
 2.6600    2.8323362E-03    2.5183607E-01   -2.5183607E-01
 2.6700    2.7560627E-03    2.4690022E-01   -2.4690022E-01
 2.6800    2.6819106E-03    2.4206040E-01   -2.4206040E-01
 2.6900    2.6098098E-03    2.3731396E-01   -2.3731396E-01
 2.7000    2.5396937E-03    2.3265839E-01   -2.3265839E-01
 2.7100    2.4715026E-03    2.2809172E-01   -2.2809172E-01
 2.7200    2.4051847E-03    2.2361251E-01   -2.2361251E-01
 2.7300    2.3406919E-03    2.1921962E-01   -2.1921962E-01
 2.7400    2.2779772E-03    2.1491185E-01   -2.1491185E-01
 2.7500    2.2169919E-03    2.1068779E-01   -2.1068779E-01
 2.7600    2.1576880E-03    2.0654595E-01   -2.0654595E-01
 2.7700    2.1000194E-03    2.0248493E-01   -2.0248493E-01
 2.7800    2.0439427E-03    1.9850350E-01   -1.9850350E-01
 2.7900    1.9894158E-03    1.9460045E-01   -1.9460045E-01
 2.8000    1.9363960E-03    1.9077440E-01   -1.9077440E-01
 2.8100    1.8848383E-03    1.8702368E-01   -1.8702368E-01
 2.8200    1.8346971E-03    1.8334643E-01   -1.8334643E-01
 2.8300    1.7859279E-03    1.7974079E-01   -1.7974079E-01
 2.8400    1.7384891E-03    1.7620511E-01   -1.7620511E-01
 2.8500    1.6923441E-03    1.7273815E-01   -1.7273815E-01
 2.8600    1.6474618E-03    1.6933911E-01   -1.6933911E-01
 2.8700    1.6038152E-03    1.6600760E-01   -1.6600760E-01
 2.8800    1.5613786E-03    1.6274328E-01   -1.6274328E-01
 2.8900    1.5201234E-03    1.5954544E-01   -1.5954544E-01
 2.9000    1.4800143E-03    1.5641261E-01   -1.5641261E-01
 2.9100    1.4410102E-03    1.5334263E-01   -1.5334263E-01
 2.9200    1.4030693E-03    1.5033312E-01   -1.5033312E-01
 2.9300    1.3661553E-03    1.4738225E-01   -1.4738225E-01
 2.9400    1.3302413E-03    1.4448905E-01   -1.4448905E-01
 2.9500    1.2953072E-03    1.4165330E-01   -1.4165330E-01
 2.9600    1.2613335E-03    1.3887472E-01   -1.3887472E-01
 2.9700    1.2282941E-03    1.3615235E-01   -1.3615235E-01
 2.9800    1.1961563E-03    1.3348434E-01   -1.3348434E-01
 2.9900    1.1648845E-03    1.3086850E-01   -1.3086850E-01
 3.0000    1.1344472E-03    1.2830296E-01   -1.2830296E-01
 3.0100    1.1048196E-03    1.2578656E-01   -1.2578656E-01
 3.0200    1.0759820E-03    1.2331864E-01   -1.2331864E-01
 3.0300    1.0479152E-03    1.2089859E-01   -1.2089859E-01
 3.0400    1.0205979E-03    1.1852547E-01   -1.1852547E-01
 3.0500    9.9400722E-04    1.1619811E-01   -1.1619811E-01
 3.0600    9.6812128E-04    1.1391541E-01   -1.1391541E-01
 3.0700    9.4292113E-04    1.1167655E-01   -1.1167655E-01
 3.0800    9.1838999E-04    1.0948092E-01   -1.0948092E-01
 3.0900    8.9451086E-04    1.0732785E-01   -1.0732785E-01
 3.1000    8.7126475E-04    1.0521639E-01   -1.0521639E-01
 3.1100    8.4863115E-04    1.0314534E-01   -1.0314534E-01
 3.1200    8.2659053E-04    1.0111358E-01   -1.0111358E-01
 3.1300    8.0512663E-04    9.9120328E-02   -9.9120328E-02
 3.1400    7.8422689E-04    9.7165232E-02   -9.7165232E-02
 3.1500    7.6388069E-04    9.5248139E-02   -9.5248139E-02
 3.1600    7.4407684E-04    9.3368808E-02   -9.3368808E-02
 3.1700    7.2480182E-04    9.1526670E-02   -9.1526670E-02
 3.1800    7.0603939E-04    8.9720779E-02   -8.9720779E-02
 3.1900    6.8777173E-04    8.7949940E-02   -8.7949940E-02
 3.2000    6.6998132E-04    8.6212951E-02   -8.6212951E-02
 3.2100    6.5265308E-04    8.4508874E-02   -8.4508874E-02
 3.2200    6.3577535E-04    8.2837178E-02   -8.2837178E-02
 3.2300    6.1933935E-04    8.1197673E-02   -8.1197673E-02
 3.2400    6.0333719E-04    7.9590271E-02   -7.9590271E-02
 3.2500    5.8775974E-04    7.8014696E-02   -7.8014696E-02
 3.2600    5.7259539E-04    7.6470320E-02   -7.6470320E-02
 3.2700    5.5783052E-04    7.4956214E-02   -7.4956214E-02
 3.2800    5.4345193E-04    7.3471463E-02   -7.3471463E-02
 3.2900    5.2944966E-04    7.2015558E-02   -7.2015558E-02
 3.3000    5.1581815E-04    7.0588567E-02   -7.0588567E-02
 3.3100    5.0255421E-04    6.9190866E-02   -6.9190866E-02
 3.3200    4.8965263E-04    6.7822551E-02   -6.7822551E-02
 3.3300    4.7710280E-04    6.6482952E-02   -6.6482952E-02
 3.3400    4.6488906E-04    6.5170660E-02   -6.5170660E-02
 3.3500    4.5299453E-04    6.3884049E-02   -6.3884049E-02
 3.3600    4.4140556E-04    6.2621897E-02   -6.2621897E-02
 3.3700    4.3011336E-04    6.1383634E-02   -6.1383634E-02
 3.3800    4.1911205E-04    6.0169085E-02   -6.0169085E-02
 3.3900    4.0839558E-04    5.8978034E-02   -5.8978034E-02
 3.4000    3.9795632E-04    5.7810018E-02   -5.7810018E-02
 3.4100    3.8778633E-04    5.6664508E-02   -5.6664508E-02
 3.4200    3.7787938E-04    5.5541202E-02   -5.5541202E-02
 3.4300    3.6823136E-04    5.4440096E-02   -5.4440096E-02
 3.4400    3.5883850E-04    5.3361224E-02   -5.3361224E-02
 3.4500    3.4969500E-04    5.2304310E-02   -5.2304310E-02
 3.4600    3.4079236E-04    5.1268654E-02   -5.1268654E-02
 3.4700    3.3212090E-04    5.0253350E-02   -5.0253350E-02
 3.4800    3.2367191E-04    4.9257613E-02   -4.9257613E-02
 3.4900    3.1543868E-04    4.8280935E-02   -4.8280935E-02
 3.5000    3.0741589E-04    4.7323000E-02   -4.7323000E-02
 3.5100    2.9959813E-04    4.6383465E-02   -4.6383465E-02
 3.5200    2.9197882E-04    4.5461791E-02   -4.5461791E-02
 3.5300    2.8455008E-04    4.4557210E-02   -4.4557210E-02
 3.5400    2.7730376E-04    4.3668890E-02   -4.3668890E-02
 3.5500    2.7023340E-04    4.2796238E-02   -4.2796238E-02
 3.5600    2.6333596E-04    4.1939190E-02   -4.1939190E-02
 3.5700    2.5661212E-04    4.1098262E-02   -4.1098262E-02
 3.5800    2.5006427E-04    4.0274259E-02   -4.0274259E-02
 3.5900    2.4369340E-04    3.9467765E-02   -3.9467765E-02
 3.6000    2.3749666E-04    3.8678744E-02   -3.8678744E-02
 3.6100    2.3146725E-04    3.7906512E-02   -3.7906512E-02
 3.6200    2.2559635E-04    3.7150022E-02   -3.7150022E-02
 3.6300    2.1987533E-04    3.6408234E-02   -3.6408234E-02
 3.6400    2.1429698E-04    3.5680316E-02   -3.5680316E-02
 3.6500    2.0885540E-04    3.4965626E-02   -3.4965626E-02
 3.6600    2.0354527E-04    3.4263604E-02   -3.4263604E-02
 3.6700    1.9836169E-04    3.3573746E-02   -3.3573746E-02
 3.6800    1.9330123E-04    3.2895775E-02   -3.2895775E-02
 3.6900    1.8836364E-04    3.2229953E-02   -3.2229953E-02
 3.7000    1.8355271E-04    3.1577235E-02   -3.1577235E-02
 3.7100    1.7887459E-04    3.0939004E-02   -3.0939004E-02
 3.7200    1.7433351E-04    3.0316329E-02   -3.0316329E-02
 3.7300    1.6992742E-04    2.9709203E-02   -2.9709203E-02
 3.7400    1.6564693E-04    2.9116319E-02   -2.9116319E-02
 3.7500    1.6147869E-04    2.8535640E-02   -2.8535640E-02
 3.7600    1.5741103E-04    2.7965380E-02   -2.7965380E-02
 3.7700    1.5343789E-04    2.7404708E-02   -2.7404708E-02
 3.7800    1.4955882E-04    2.6853784E-02   -2.6853784E-02
 3.7900    1.4577605E-04    2.6313248E-02   -2.6313248E-02
 3.8000    1.4209129E-04    2.5783657E-02   -2.5783657E-02
 3.8100    1.3850423E-04    2.5265206E-02   -2.5265206E-02
 3.8200    1.3501283E-04    2.4757775E-02   -2.4757775E-02
 3.8300    1.3161406E-04    2.4261057E-02   -2.4261057E-02
 3.8400    1.2830416E-04    2.3774590E-02   -2.3774590E-02
 3.8500    1.2507848E-04    2.3297746E-02   -2.3297746E-02
 3.8600    1.2193199E-04    2.2829801E-02   -2.2829801E-02
 3.8700    1.1886049E-04    2.2370172E-02   -2.2370172E-02
 3.8800    1.1586194E-04    2.1918666E-02   -2.1918666E-02
 3.8900    1.1293669E-04    2.1475542E-02   -2.1475542E-02
 3.9000    1.1008624E-04    2.1041277E-02   -2.1041277E-02
 3.9100    1.0731117E-04    2.0616185E-02   -2.0616185E-02
 3.9200    1.0461002E-04    2.0200182E-02   -2.0200182E-02
 3.9300    1.0197950E-04    1.9792828E-02   -1.9792828E-02
 3.9400    9.9415718E-05    1.9393552E-02   -1.9393552E-02
 3.9500    9.6914919E-05    1.9001798E-02   -1.9001798E-02
 3.9600    9.4473515E-05    1.8617026E-02   -1.8617026E-02
 3.9700    9.2087880E-05    1.8238678E-02   -1.8238678E-02
 3.9800    8.9754750E-05    1.7866252E-02   -1.7866252E-02
 3.9900    8.7472140E-05    1.7499491E-02   -1.7499491E-02
 4.0000    8.5239958E-05    1.7138510E-02   -1.7138510E-02
 4.0100    8.3059698E-05    1.6783748E-02   -1.6783748E-02
 4.0200    8.0933546E-05    1.6435788E-02   -1.6435788E-02
 4.0300    7.8863602E-05    1.6095207E-02   -1.6095207E-02
 4.0400    7.6851448E-05    1.5762484E-02   -1.5762484E-02
 4.0500    7.4897669E-05    1.5437900E-02   -1.5437900E-02
 4.0600    7.3001232E-05    1.5121404E-02   -1.5121404E-02
 4.0700    7.1159366E-05    1.4812582E-02   -1.4812582E-02
 4.0800    6.9368448E-05    1.4510827E-02   -1.4510827E-02
 4.0900    6.7625361E-05    1.4215629E-02   -1.4215629E-02
 4.1000    6.5928125E-05    1.3926703E-02   -1.3926703E-02
 4.1100    6.4275302E-05    1.3643872E-02   -1.3643872E-02
 4.1200    6.2664950E-05    1.3366848E-02   -1.3366848E-02
 4.1300    6.1094277E-05    1.3095151E-02   -1.3095151E-02
 4.1400    5.9560299E-05    1.2828250E-02   -1.2828250E-02
 4.1500    5.8060836E-05    1.2565777E-02   -1.2565777E-02
 4.1600    5.6594937E-05    1.2307621E-02   -1.2307621E-02
 4.1700    5.5162471E-05    1.2053847E-02   -1.2053847E-02
 4.1800    5.3763426E-05    1.1804548E-02   -1.1804548E-02
 4.1900    5.2397768E-05    1.1559810E-02   -1.1559810E-02
 4.2000    5.1066006E-05    1.1319841E-02   -1.1319841E-02
 4.2100    4.9769560E-05    1.1085055E-02   -1.1085055E-02
 4.2200    4.8509999E-05    1.0855905E-02   -1.0855905E-02
 4.2300    4.7287561E-05    1.0632552E-02   -1.0632552E-02
 4.2400    4.6100435E-05    1.0414696E-02   -1.0414696E-02
 4.2500    4.4945634E-05    1.0201763E-02   -1.0201763E-02
 4.2600    4.3820608E-05    9.9932664E-03   -9.9932664E-03
 4.2700    4.2724169E-05    9.7890204E-03   -9.7890204E-03
 4.2800    4.1656263E-05    9.5890969E-03   -9.5890969E-03
 4.2900    4.0617207E-05    9.3936528E-03   -9.3936528E-03
 4.3000    3.9606955E-05    9.2027628E-03   -9.2027628E-03
 4.3100    3.8624464E-05    9.0162691E-03   -9.0162691E-03
 4.3200    3.7667143E-05    8.8336471E-03   -8.8336471E-03
 4.3300    3.6730813E-05    8.6539863E-03   -8.6539863E-03
 4.3400    3.5810791E-05    8.4762399E-03   -8.4762399E-03
 4.3500    3.4904135E-05    8.2997547E-03   -8.2997547E-03
 4.3600    3.4011779E-05    8.1247908E-03   -8.1247908E-03
 4.3700    3.3138623E-05    7.9525644E-03   -7.9525644E-03
 4.3800    3.2290840E-05    7.7846201E-03   -7.7846201E-03
 4.3900    3.1472160E-05    7.6219389E-03   -7.6219389E-03
 4.4000    3.0682102E-05    7.4644932E-03   -7.4644932E-03
 4.4100    2.9917306E-05    7.3115512E-03   -7.3115512E-03
 4.4200    2.9174259E-05    7.1623286E-03   -7.1623286E-03
 4.4300    2.8450816E-05    7.0163628E-03   -7.0163628E-03
 4.4400    2.7745824E-05    6.8734286E-03   -6.8734286E-03
 4.4500    2.7058222E-05    6.7333183E-03   -6.7333183E-03
 4.4600    2.6386955E-05    6.5958208E-03   -6.5958208E-03
 4.4700    2.5731512E-05    6.4608584E-03   -6.4608584E-03
 4.4800    2.5092043E-05    6.3285165E-03   -6.3285165E-03
 4.4900    2.4468634E-05    6.1988662E-03   -6.1988662E-03
 4.5000    2.3860542E-05    6.0717684E-03   -6.0717684E-03
 4.5100    2.3266261E-05    5.9468851E-03   -5.9468851E-03
 4.5200    2.2684330E-05    5.8238836E-03   -5.8238836E-03
 4.5300    2.2114027E-05    5.7026156E-03   -5.7026156E-03
 4.5400    2.1555374E-05    5.5831223E-03   -5.5831223E-03
 4.5500    2.1008691E-05    5.4655220E-03   -5.4655220E-03
 4.5600    2.0474290E-05    5.3499336E-03   -5.3499336E-03
 4.5700    1.9952527E-05    5.2364887E-03   -5.2364887E-03
 4.5800    1.9443881E-05    5.1253530E-03   -5.1253530E-03
 4.5900    1.8948742E-05    5.0166708E-03   -5.0166708E-03
 4.6000    1.8467012E-05    4.9104597E-03   -4.9104597E-03
 4.6100    1.7997977E-05    4.8065716E-03   -4.8065716E-03
 4.6200    1.7540707E-05    4.7047973E-03   -4.7047973E-03
 4.6300    1.7094757E-05    4.6050545E-03   -4.6050545E-03
 4.6400    1.6660579E-05    4.5075019E-03   -4.5075019E-03
 4.6500    1.6239274E-05    4.4124764E-03   -4.4124764E-03
 4.6600    1.5831827E-05    4.3202884E-03   -4.3202884E-03
 4.6700    1.5438385E-05    4.2310242E-03   -4.2310242E-03
 4.6800    1.5058061E-05    4.1444854E-03   -4.1444854E-03
 4.6900    1.4689318E-05    4.0602911E-03   -4.0602911E-03
 4.7000    1.4330615E-05    3.9780516E-03   -3.9780516E-03
 4.7100    1.3980816E-05    3.8974826E-03   -3.8974826E-03
 4.7200    1.3639133E-05    3.8183929E-03   -3.8183929E-03
 4.7300    1.3304791E-05    3.7405908E-03   -3.7405908E-03
 4.7400    1.2976770E-05    3.6638118E-03   -3.6638118E-03
 4.7500    1.2653892E-05    3.5877420E-03   -3.5877420E-03
 4.7600    1.2335306E-05    3.5121551E-03   -3.5121551E-03
 4.7700    1.2021205E-05    3.4371195E-03   -3.4371195E-03
 4.7800    1.1713285E-05    3.3631356E-03   -3.3631356E-03
 4.7900    1.1414265E-05    3.2910071E-03   -3.2910071E-03
 4.8000    1.1126316E-05    3.2213932E-03   -3.2213932E-03
 4.8100    1.0849326E-05    3.1542984E-03   -3.1542984E-03
 4.8200    1.0580402E-05    3.0889161E-03   -3.0889161E-03
 4.8300    1.0315172E-05    3.0239916E-03   -3.0239916E-03
 4.8400    1.0049915E-05    2.9584414E-03   -2.9584414E-03
 4.8500    9.7830794E-06    2.8918044E-03   -2.8918044E-03
 4.8600    9.5156531E-06    2.8243662E-03   -2.8243662E-03
 4.8700    9.2509447E-06    2.7571086E-03   -2.7571086E-03
 4.8800    8.9941635E-06    2.6915986E-03   -2.6915986E-03
 4.8900    8.7512692E-06    2.6296541E-03   -2.6296541E-03
 4.9000    8.5266164E-06    2.5726384E-03   -2.5726384E-03
 4.9100    8.3204639E-06    2.5206955E-03   -2.5206955E-03
 4.9200    8.1284722E-06    2.4725723E-03   -2.4725723E-03
 4.9300    7.9439859E-06    2.4262870E-03   -2.4262870E-03
 4.9400    7.7612710E-06    2.3801077E-03   -2.3801077E-03
 4.9500    7.5770529E-06    2.3330314E-03   -2.3330314E-03
 4.9600    7.3897584E-06    2.2845647E-03   -2.2845647E-03
 4.9700    7.1984075E-06    2.2343905E-03   -2.2343905E-03
 4.9800    7.0031872E-06    2.1825504E-03   -2.1825504E-03
 4.9900    6.8072789E-06    2.1300240E-03   -2.1300240E-03
 5.0000    6.6173599E-06    2.0789049E-03   -2.0789049E-03
 5.0100    6.4409818E-06    2.0315962E-03   -2.0315962E-03
 5.0200    6.2821936E-06    1.9894298E-03   -1.9894298E-03
 5.0300    6.1389047E-06    1.9518064E-03   -1.9518064E-03
 5.0400    6.0041519E-06    1.9165608E-03   -1.9165608E-03
 5.0500    5.8701145E-06    1.8812183E-03   -1.8812183E-03
 5.0600    5.7318871E-06    1.8442022E-03   -1.8442022E-03
 5.0700    5.5889962E-06    1.8053425E-03   -1.8053425E-03
 5.0800    5.4446657E-06    1.7656658E-03   -1.7656658E-03
 5.0900    5.3038450E-06    1.7267770E-03   -1.7267770E-03
 5.1000    5.1708816E-06    1.6901094E-03   -1.6901094E-03
 5.1100    5.0474968E-06    1.6562570E-03   -1.6562570E-03
 5.1200    4.9318409E-06    1.6246464E-03   -1.6246464E-03
 5.1300    4.8192907E-06    1.5937776E-03   -1.5937776E-03
 5.1400    4.7047978E-06    1.5619857E-03   -1.5619857E-03
 5.1500    4.5854783E-06    1.5283012E-03   -1.5283012E-03
 5.1600    4.4618735E-06    1.4928856E-03   -1.4928856E-03
 5.1700    4.3373048E-06    1.4568368E-03   -1.4568368E-03
 5.1800    4.2160874E-06    1.4216051E-03   -1.4216051E-03
 5.1900    4.1018315E-06    1.3884249E-03   -1.3884249E-03
 5.2000    3.9964956E-06    1.3579879E-03   -1.3579879E-03
 5.2100    3.9001459E-06    1.3303508E-03   -1.3303508E-03
 5.2200    3.8111945E-06    1.3050044E-03   -1.3050044E-03
 5.2300    3.7270335E-06    1.2810809E-03   -1.2810809E-03
 5.2400    3.6449399E-06    1.2576587E-03   -1.2576587E-03
 5.2500    3.5628926E-06    1.2340456E-03   -1.2340456E-03
 5.2600    3.4799237E-06    1.2099045E-03   -1.2099045E-03
 5.2700    3.3959796E-06    1.1852123E-03   -1.1852123E-03
 5.2800    3.3116320E-06    1.1601651E-03   -1.1601651E-03
 5.2900    3.2279242E-06    1.1351272E-03   -1.1351272E-03
 5.3000    3.1462545E-06    1.1105943E-03   -1.1105943E-03
 5.3100    3.0680074E-06    1.0870645E-03   -1.0870645E-03
 5.3200    2.9939269E-06    1.0648154E-03   -1.0648154E-03
 5.3300    2.9236583E-06    1.0437366E-03   -1.0437366E-03
 5.3400    2.8559091E-06    1.0233796E-03   -1.0233796E-03
 5.3500    2.7891831E-06    1.0032160E-03   -1.0032160E-03
 5.3600    2.7225552E-06    9.8291540E-04   -9.8291540E-04
 5.3700    2.6559623E-06    9.6245478E-04   -9.6245478E-04
 5.3800    2.5899368E-06    9.4202752E-04   -9.4202752E-04
 5.3900    2.5251053E-06    9.2186408E-04   -9.2186408E-04
 5.4000    2.4617881E-06    9.0208623E-04   -9.0208623E-04
 5.4100    2.3998354E-06    8.8264458E-04   -8.8264458E-04
 5.4200    2.3387100E-06    8.6334587E-04   -8.6334587E-04
 5.4300    2.2778132E-06    8.4397121E-04   -8.4397121E-04
 5.4400    2.2169345E-06    8.2444278E-04   -8.2444278E-04
 5.4500    2.1565060E-06    8.0492152E-04   -8.0492152E-04
 5.4600    2.0973940E-06    7.8573331E-04   -7.8573331E-04
 5.4700    2.0403482E-06    7.6716506E-04   -7.6716506E-04
 5.4800    1.9855663E-06    7.4929940E-04   -7.4929940E-04
 5.4900    1.9327020E-06    7.3201411E-04   -7.3201411E-04
 5.5000    1.8812036E-06    7.1510701E-04   -7.1510701E-04
 5.5100    1.8306039E-06    6.9840516E-04   -6.9840516E-04
 5.5200    1.7805425E-06    6.8177389E-04   -6.8177389E-04
 5.5300    1.7306459E-06    6.6507153E-04   -6.6507153E-04
 5.5400    1.6805283E-06    6.4814954E-04   -6.4814954E-04
 5.5500    1.6300031E-06    6.3093447E-04   -6.3093447E-04
 5.5600    1.5793454E-06    6.1353108E-04   -6.1353108E-04
 5.5700    1.5293627E-06    5.9625323E-04   -5.9625323E-04
 5.5800    1.4811683E-06    5.7953901E-04   -5.7953901E-04
 5.5900    1.4357592E-06    5.6378703E-04   -5.6378703E-04
 5.6000    1.3936465E-06    5.4921014E-04   -5.4921014E-04
 5.6100    1.3547916E-06    5.3580661E-04   -5.3580661E-04
 5.6200    1.3189043E-06    5.2347479E-04   -5.2347479E-04
 5.6300    1.2858446E-06    5.1217117E-04   -5.1217117E-04
 5.6400    1.2557227E-06    5.0195157E-04   -5.0195157E-04
 5.6500    1.2285594E-06    4.9283658E-04   -4.9283658E-04
 5.6600    1.2038193E-06    4.8462299E-04   -4.8462299E-04
 5.6700    1.1802687E-06    4.7682264E-04   -4.7682264E-04
 5.6800    1.1562936E-06    4.6878603E-04   -4.6878603E-04
 5.6900    1.1304315E-06    4.5991612E-04   -4.5991612E-04
 5.7000    1.1017814E-06    4.4983684E-04   -4.4983684E-04
 5.7100    1.0700880E-06    4.3843133E-04   -4.3843133E-04
 5.7200    1.0354832E-06    4.2574053E-04   -4.2574053E-04
 5.7300    9.9813204E-07    4.1181969E-04   -4.1181969E-04
 5.7400    9.5824390E-07    3.9674340E-04   -3.9674340E-04
 5.7500    9.1672110E-07    3.8087527E-04   -3.8087527E-04
 5.7600    8.7598508E-07    3.6521747E-04   -3.6521747E-04
 5.7700    8.3990687E-07    3.5139261E-04   -3.5139261E-04
 5.7800    8.1221668E-07    3.4098670E-04   -3.4098670E-04
 5.7900    7.9427030E-07    3.3460722E-04   -3.3460722E-04
 5.8000    7.8408545E-07    3.3145856E-04   -3.3145856E-04
 5.8100    7.7762106E-07    3.2986037E-04   -3.2986037E-04
 5.8200    7.7115143E-07    3.2824302E-04   -3.2824302E-04
 5.8300    7.6279322E-07    3.2580204E-04   -3.2580204E-04
 5.8400    7.5248389E-07    3.2250226E-04   -3.2250226E-04
