# total charge: 5.000000 
# r(A)     rho (e/A^3)     4*pi*r^2*rho(e/A)  dip  
 0.0000   -2.7927484E-01   -0.0000000E+00    3.9894228E+01
 0.0100   -2.7766286E-01   -3.4892144E-04    3.9695604E+01
 0.0200   -2.7562692E-01   -1.3854520E-03    3.9105655E+01
 0.0300   -2.7308238E-01   -3.0884889E-03    3.8141870E+01
 0.0400   -2.6993975E-01   -5.4274607E-03    3.6832441E+01
 0.0500   -2.6610152E-01   -8.3598258E-03    3.5214893E+01
 0.0600   -2.6146024E-01   -1.1828183E-02    3.3334288E+01
 0.0700   -2.5590766E-01   -1.5757570E-02    3.1241151E+01
 0.0800   -2.4935674E-01   -2.0054459E-02    2.8989210E+01
 0.0900   -2.4176396E-01   -2.4608574E-02    2.6633134E+01
 0.1000   -2.3313597E-01   -2.9296730E-02    2.4226369E+01
 0.1100   -2.2351725E-01   -3.3986488E-02    2.1819204E+01
 0.1200   -2.1296891E-01   -3.8537945E-02    1.9457143E+01
 0.1300   -2.0155122E-01   -4.2803767E-02    1.7179663E+01
 0.1400   -1.8931592E-01   -4.6628675E-02    1.5019375E+01
 0.1500   -1.7630691E-01   -4.9849604E-02    1.3001609E+01
 0.1600   -1.6256497E-01   -5.2297003E-02    1.1144380E+01
 0.1700   -1.4813227E-01   -5.3796917E-02    9.4587047E+00
 0.1800   -1.3305357E-01   -5.4172814E-02    7.9491886E+00
 0.1900   -1.1737401E-01   -5.3246249E-02    6.6148277E+00
 0.2000   -1.0113584E-01   -5.0836420E-02    5.4499331E+00
 0.2100   -8.4377058E-02   -4.6759820E-02    4.4451194E+00
 0.2200   -6.7133174E-02   -4.0831225E-02    3.5882905E+00
 0.2300   -4.9440568E-02   -3.2866162E-02    2.8655699E+00
 0.2400   -3.1338925E-02   -2.2683833E-02    2.2621369E+00
 0.2500   -1.2871675E-02   -1.0109390E-02    1.7629394E+00
 0.2600    5.9150861E-03    5.0247867E-03    1.3532721E+00
 0.2700    2.4974101E-02    2.2878484E-02    1.0192150E+00
 0.2800    4.4258169E-02    4.3603301E-02    7.4794186E-01
 0.2900    6.3720845E-02    6.7342213E-02    5.2791103E-01
 0.3000    8.3316598E-02    9.4228852E-02    3.4895599E-01
 0.3100    1.0300058E-01    1.2438641E-01    2.0229550E-01
 0.3200    1.2272826E-01    1.5792628E-01    8.0482541E-02
 0.3300    1.4245520E-01    1.9494677E-01   -2.2689872E-02
 0.3400    1.6213707E-01    2.3553206E-01   -1.1231014E-01
 0.3500    1.8173001E-01    2.7975162E-01   -1.9248335E-01
 0.3600    2.0119094E-01    3.2765989E-01   -2.6646969E-01
 0.3700    2.2047792E-01    3.7929613E-01   -3.3681811E-01
 0.3800    2.3955029E-01    4.3468410E-01   -4.0548941E-01
 0.3900    2.5836847E-01    4.9383128E-01   -4.7396573E-01
 0.4000    2.7689379E-01    5.5672800E-01   -5.4334498E-01
 0.4100    2.9508838E-01    6.2334672E-01   -6.1442056E-01
 0.4200    3.1291543E-01    6.9364206E-01   -6.8774776E-01
 0.4300    3.3033964E-01    7.6755139E-01   -7.6369787E-01
 0.4400    3.4732759E-01    8.4499570E-01   -8.4250145E-01
 0.4500    3.6384795E-01    9.2588026E-01   -9.2428189E-01
 0.4600    3.7987142E-01    1.0100948E+00   -1.0090807E+00
 0.4700    3.9537059E-01    1.0975137E+00   -1.0968767E+00
 0.4800    4.1031976E-01    1.1879954E+00   -1.1875993E+00
 0.4900    4.2469485E-01    1.2813832E+00   -1.2811393E+00
 0.5000    4.3847339E-01    1.3775048E+00   -1.3773561E+00
 0.5100    4.5163476E-01    1.4761741E+00   -1.4760844E+00
 0.5200    4.6416062E-01    1.5771930E+00   -1.5771394E+00
 0.5300    4.7603505E-01    1.6803530E+00   -1.6803213E+00
 0.5400    4.8724438E-01    1.7854357E+00   -1.7854171E+00
 0.5500    4.9777684E-01    1.8922126E+00   -1.8922018E+00
 0.5600    5.0762233E-01    2.0004451E+00   -2.0004389E+00
 0.5700    5.1677247E-01    2.1098858E+00   -2.1098822E+00
 0.5800    5.2522083E-01    2.2202803E+00   -2.2202783E+00
 0.5900    5.3296317E-01    2.3313694E+00   -2.3313683E+00
 0.6000    5.3999730E-01    2.4428902E+00   -2.4428896E+00
 0.6100    5.4632294E-01    2.5545768E+00   -2.5545765E+00
 0.6200    5.5194148E-01    2.6661604E+00   -2.6661602E+00
 0.6300    5.5685594E-01    2.7773705E+00   -2.7773704E+00
 0.6400    5.6107103E-01    2.8879366E+00   -2.8879366E+00
 0.6500    5.6459319E-01    2.9975899E+00   -2.9975899E+00
 0.6600    5.6743060E-01    3.1060646E+00   -3.1060646E+00
 0.6700    5.6959298E-01    3.2130989E+00   -3.2130989E+00
 0.6800    5.7109152E-01    3.3184357E+00   -3.3184357E+00
 0.6900    5.7193869E-01    3.4218228E+00   -3.4218228E+00
 0.7000    5.7214817E-01    3.5230147E+00   -3.5230147E+00
 0.7100    5.7173486E-01    3.6217730E+00   -3.6217730E+00
 0.7200    5.7071481E-01    3.7178683E+00   -3.7178683E+00
 0.7300    5.6910520E-01    3.8110807E+00   -3.8110807E+00
 0.7400    5.6692421E-01    3.9012008E+00   -3.9012008E+00
 0.7500    5.6419087E-01    3.9880303E+00   -3.9880303E+00
 0.7600    5.6092499E-01    4.0713819E+00   -4.0713819E+00
 0.7700    5.5714706E-01    4.1510805E+00   -4.1510805E+00
 0.7800    5.5287818E-01    4.2269637E+00   -4.2269637E+00
 0.7900    5.4813998E-01    4.2988821E+00   -4.2988821E+00
 0.8000    5.4295462E-01    4.3667002E+00   -4.3667002E+00
 0.8100    5.3734469E-01    4.4302972E+00   -4.4302972E+00
 0.8200    5.3133322E-01    4.4895678E+00   -4.4895678E+00
 0.8300    5.2494364E-01    4.5444228E+00   -4.5444228E+00
 0.8400    5.1819961E-01    4.5947884E+00   -4.5947884E+00
 0.8500    5.1112497E-01    4.6406072E+00   -4.6406072E+00
 0.8600    5.0374364E-01    4.6818376E+00   -4.6818376E+00
 0.8700    4.9607969E-01    4.7184550E+00   -4.7184550E+00
 0.8800    4.8815730E-01    4.7504526E+00   -4.7504526E+00
 0.8900    4.8000072E-01    4.7778418E+00   -4.7778418E+00
 0.9000    4.7163421E-01    4.8006515E+00   -4.8006515E+00
 0.9100    4.6308189E-01    4.8189281E+00   -4.8189281E+00
 0.9200    4.5436773E-01    4.8327352E+00   -4.8327352E+00
 0.9300    4.4551549E-01    4.8421537E+00   -4.8421537E+00
 0.9400    4.3654872E-01    4.8472821E+00   -4.8472821E+00
 0.9500    4.2749071E-01    4.8482360E+00   -4.8482360E+00
 0.9600    4.1836447E-01    4.8451488E+00   -4.8451488E+00
 0.9700    4.0919271E-01    4.8381710E+00   -4.8381710E+00
 0.9800    3.9999780E-01    4.8274704E+00   -4.8274704E+00
 0.9900    3.9080175E-01    4.8132316E+00   -4.8132316E+00
 1.0000    3.8162611E-01    4.7956552E+00   -4.7956552E+00
 1.0100    3.7249188E-01    4.7749565E+00   -4.7749565E+00
 1.0200    3.6341933E-01    4.7513632E+00   -4.7513632E+00
 1.0300    3.5442778E-01    4.7251115E+00   -4.7251115E+00
 1.0400    3.4553516E-01    4.6964401E+00   -4.6964401E+00
 1.0500    3.3675755E-01    4.6655818E+00   -4.6655818E+00
 1.0600    3.2810865E-01    4.6327543E+00   -4.6327543E+00
 1.0700    3.1959934E-01    4.5981516E+00   -4.5981516E+00
 1.0800    3.1123757E-01    4.5619382E+00   -4.5619382E+00
 1.0900    3.0302856E-01    4.5242482E+00   -4.5242482E+00
 1.1000    2.9497521E-01    4.4851891E+00   -4.4851891E+00
 1.1100    2.8707876E-01    4.4448476E+00   -4.4448476E+00
 1.1200    2.7933930E-01    4.4032967E+00   -4.4032967E+00
 1.1300    2.7175630E-01    4.3606013E+00   -4.3606013E+00
 1.1400    2.6432889E-01    4.3168225E+00   -4.3168225E+00
 1.1500    2.5705603E-01    4.2720206E+00   -4.2720206E+00
 1.1600    2.4993669E-01    4.2262566E+00   -4.2262566E+00
 1.1700    2.4296984E-01    4.1795926E+00   -4.1795926E+00
 1.1800    2.3615442E-01    4.1320918E+00   -4.1320918E+00
 1.1900    2.2948934E-01    4.0838174E+00   -4.0838174E+00
 1.2000    2.2297342E-01    4.0348320E+00   -4.0348320E+00
 1.2100    2.1660540E-01    3.9851979E+00   -3.9851979E+00
 1.2200    2.1038396E-01    3.9349766E+00   -3.9349766E+00
 1.2300    2.0430775E-01    3.8842299E+00   -3.8842299E+00
 1.2400    1.9837537E-01    3.8330191E+00   -3.8330191E+00
 1.2500    1.9258539E-01    3.7814052E+00   -3.7814052E+00
 1.2600    1.8693630E-01    3.7294483E+00   -3.7294483E+00
 1.2700    1.8142654E-01    3.6772074E+00   -3.6772074E+00
 1.2800    1.7605452E-01    3.6247410E+00   -3.6247410E+00
 1.2900    1.7081858E-01    3.5721065E+00   -3.5721065E+00
 1.3000    1.6571703E-01    3.5193602E+00   -3.5193602E+00
 1.3100    1.6074808E-01    3.4665562E+00   -3.4665562E+00
 1.3200    1.5590985E-01    3.4137465E+00   -3.4137465E+00
 1.3300    1.5120037E-01    3.3609805E+00   -3.3609805E+00
 1.3400    1.4661761E-01    3.3083054E+00   -3.3083054E+00
 1.3500    1.4215948E-01    3.2557664E+00   -3.2557664E+00
 1.3600    1.3782384E-01    3.2034064E+00   -3.2034064E+00
 1.3700    1.3360849E-01    3.1512659E+00   -3.1512659E+00
 1.3800    1.2951115E-01    3.0993826E+00   -3.0993826E+00
 1.3900    1.2552954E-01    3.0477924E+00   -3.0477924E+00
 1.4000    1.2166132E-01    2.9965288E+00   -2.9965288E+00
 1.4100    1.1790415E-01    2.9456232E+00   -2.9456232E+00
 1.4200    1.1425564E-01    2.8951041E+00   -2.8951041E+00
 1.4300    1.1071334E-01    2.8449974E+00   -2.8449974E+00
 1.4400    1.0727477E-01    2.7953258E+00   -2.7953258E+00
 1.4500    1.0393745E-01    2.7461099E+00   -2.7461099E+00
 1.4600    1.0069889E-01    2.6973684E+00   -2.6973684E+00
 1.4700    9.7556650E-02    2.6491187E+00   -2.6491187E+00
 1.4800    9.4508276E-02    2.6013760E+00   -2.6013760E+00
 1.4900    9.1551341E-02    2.5541542E+00   -2.5541542E+00
 1.5000    8.8683428E-02    2.5074648E+00   -2.5074648E+00
 1.5100    8.5902143E-02    2.4613182E+00   -2.4613182E+00
 1.5200    8.3205119E-02    2.4157227E+00   -2.4157227E+00
 1.5300    8.0590014E-02    2.3706856E+00   -2.3706856E+00
 1.5400    7.8054506E-02    2.3262120E+00   -2.3262120E+00
 1.5500    7.5596308E-02    2.2823059E+00   -2.2823059E+00
 1.5600    7.3213185E-02    2.2389704E+00   -2.2389704E+00
 1.5700    7.0902973E-02    2.1962087E+00   -2.1962087E+00
 1.5800    6.8663584E-02    2.1540239E+00   -2.1540239E+00
 1.5900    6.6492990E-02    2.1124185E+00   -2.1124185E+00
 1.6000    6.4389205E-02    2.0713949E+00   -2.0713949E+00
 1.6100    6.2350284E-02    2.0309538E+00   -2.0309538E+00
 1.6200    6.0374319E-02    1.9910957E+00   -1.9910957E+00
 1.6300    5.8459450E-02    1.9518201E+00   -1.9518201E+00
 1.6400    5.6603862E-02    1.9131262E+00   -1.9131262E+00
 1.6500    5.4805797E-02    1.8750129E+00   -1.8750129E+00
 1.6600    5.3063551E-02    1.8374789E+00   -1.8374789E+00
 1.6700    5.1375482E-02    1.8005232E+00   -1.8005232E+00
 1.6800    4.9740004E-02    1.7641448E+00   -1.7641448E+00
 1.6900    4.8155582E-02    1.7283429E+00   -1.7283429E+00
 1.7000    4.6620726E-02    1.6931161E+00   -1.6931161E+00
 1.7100    4.5133985E-02    1.6584629E+00   -1.6584629E+00
 1.7200    4.3693943E-02    1.6243814E+00   -1.6243814E+00
 1.7300    4.2299225E-02    1.5908692E+00   -1.5908692E+00
 1.7400    4.0948492E-02    1.5579240E+00   -1.5579240E+00
 1.7500    3.9640445E-02    1.5255431E+00   -1.5255431E+00
 1.7600    3.8373823E-02    1.4937237E+00   -1.4937237E+00
 1.7700    3.7147402E-02    1.4624628E+00   -1.4624628E+00
 1.7800    3.5959995E-02    1.4317576E+00   -1.4317576E+00
 1.7900    3.4810448E-02    1.4016047E+00   -1.4016047E+00
 1.8000    3.3697635E-02    1.3720006E+00   -1.3720006E+00
 1.8100    3.2620454E-02    1.3429413E+00   -1.3429413E+00
 1.8200    3.1577827E-02    1.3144222E+00   -1.3144222E+00
 1.8300    3.0568695E-02    1.2864383E+00   -1.2864383E+00
 1.8400    2.9592027E-02    1.2589840E+00   -1.2589840E+00
 1.8500    2.8646813E-02    1.2320537E+00   -1.2320537E+00
 1.8600    2.7732075E-02    1.2056413E+00   -1.2056413E+00
 1.8700    2.6846865E-02    1.1797410E+00   -1.1797410E+00
 1.8800    2.5990262E-02    1.1543466E+00   -1.1543466E+00
 1.8900    2.5161371E-02    1.1294520E+00   -1.1294520E+00
 1.9000    2.4359317E-02    1.1050506E+00   -1.1050506E+00
 1.9100    2.3583244E-02    1.0811355E+00   -1.0811355E+00
 1.9200    2.2832313E-02    1.0576993E+00   -1.0576993E+00
 1.9300    2.2105708E-02    1.0347345E+00   -1.0347345E+00
 1.9400    2.1402637E-02    1.0122333E+00   -1.0122333E+00
 1.9500    2.0722330E-02    9.9018801E-01   -9.9018801E-01
 1.9600    2.0064039E-02    9.6859089E-01   -9.6859089E-01
 1.9700    1.9427043E-02    9.4743410E-01   -9.4743410E-01
 1.9800    1.8810638E-02    9.2670984E-01   -9.2670984E-01
 1.9900    1.8214147E-02    9.0641034E-01   -9.0641034E-01
 2.0000    1.7636913E-02    8.8652796E-01   -8.8652796E-01
 2.0100    1.7078302E-02    8.6705505E-01   -8.6705505E-01
 2.0200    1.6537698E-02    8.4798402E-01   -8.4798402E-01
 2.0300    1.6014505E-02    8.2930725E-01   -8.2930725E-01
 2.0400    1.5508145E-02    8.1101716E-01   -8.1101716E-01
 2.0500    1.5018058E-02    7.9310624E-01   -7.9310624E-01
 2.0600    1.4543706E-02    7.7556713E-01   -7.7556713E-01
 2.0700    1.4084569E-02    7.5839263E-01   -7.5839263E-01
 2.0800    1.3640147E-02    7.4157584E-01   -7.4157584E-01
 2.0900    1.3209960E-02    7.2511005E-01   -7.2511005E-01
 2.1000    1.2793546E-02    7.0898882E-01   -7.0898882E-01
 2.1100    1.2390459E-02    6.9320579E-01   -6.9320579E-01
 2.1200    1.2000268E-02    6.7775472E-01   -6.7775472E-01
 2.1300    1.1622556E-02    6.6262941E-01   -6.6262941E-01
 2.1400    1.1256919E-02    6.4782386E-01   -6.4782386E-01
 2.1500    1.0902971E-02    6.3333230E-01   -6.3333230E-01
 2.1600    1.0560343E-02    6.1914932E-01   -6.1914932E-01
 2.1700    1.0228682E-02    6.0526979E-01   -6.0526979E-01
 2.1800    9.9076465E-03    5.9168881E-01   -5.9168881E-01
 2.1900    9.5969068E-03    5.7840145E-01   -5.7840145E-01
 2.2000    9.2961389E-03    5.6540264E-01   -5.6540264E-01
 2.2100    9.0050236E-03    5.5268702E-01   -5.5268702E-01
 2.2200    8.7232468E-03    5.4024900E-01   -5.4024900E-01
 2.2300    8.4505021E-03    5.2808290E-01   -5.2808290E-01
 2.2400    8.1864941E-03    5.1618318E-01   -5.1618318E-01
 2.2500    7.9309411E-03    5.0454467E-01   -5.0454467E-01
 2.2600    7.6835757E-03    4.9316258E-01   -4.9316258E-01
 2.2700    7.4441424E-03    4.8203242E-01   -4.8203242E-01
 2.2800    7.2123943E-03    4.7114981E-01   -4.7114981E-01
 2.2900    6.9880897E-03    4.6051025E-01   -4.6051025E-01
 2.3000    6.7709902E-03    4.5010903E-01   -4.5010903E-01
 2.3100    6.5608602E-03    4.3994117E-01   -4.3994117E-01
 2.3200    6.3574683E-03    4.3000157E-01   -4.3000157E-01
 2.3300    6.1605891E-03    4.2028506E-01   -4.2028506E-01
 2.3400    5.9700057E-03    4.1078666E-01   -4.1078666E-01
 2.3500    5.7855104E-03    4.0150159E-01   -4.0150159E-01
 2.3600    5.6069035E-03    3.9242525E-01   -3.9242525E-01
 2.3700    5.4339916E-03    3.8355312E-01   -3.8355312E-01
 2.3800    5.2665865E-03    3.7488063E-01   -3.7488063E-01
 2.3900    5.1045044E-03    3.6640319E-01   -3.6640319E-01
 2.4000    4.9475673E-03    3.5811628E-01   -3.5811628E-01
 2.4100    4.7956032E-03    3.5001543E-01   -3.5001543E-01
 2.4200    4.6484455E-03    3.4209627E-01   -3.4209627E-01
 2.4300    4.5059332E-03    3.3435449E-01   -3.3435449E-01
 2.4400    4.3679103E-03    3.2678584E-01   -3.2678584E-01
 2.4500    4.2342263E-03    3.1938616E-01   -3.1938616E-01
 2.4600    4.1047366E-03    3.1215146E-01   -3.1215146E-01
 2.4700    3.9793018E-03    3.0507783E-01   -3.0507783E-01
 2.4800    3.8577878E-03    2.9816150E-01   -2.9816150E-01
 2.4900    3.7400652E-03    2.9139878E-01   -2.9139878E-01
 2.5000    3.6260094E-03    2.8478611E-01   -2.8478611E-01
 2.5100    3.5155013E-03    2.7832010E-01   -2.7832010E-01
 2.5200    3.4084265E-03    2.7199748E-01   -2.7199748E-01
 2.5300    3.3046748E-03    2.6581509E-01   -2.6581509E-01
 2.5400    3.2041394E-03    2.5976982E-01   -2.5976982E-01
 2.5500    3.1067167E-03    2.5385860E-01   -2.5385860E-01
 2.5600    3.0123069E-03    2.4807843E-01   -2.4807843E-01
 2.5700    2.9208142E-03    2.4242647E-01   -2.4242647E-01
 2.5800    2.8321474E-03    2.3690003E-01   -2.3690003E-01
 2.5900    2.7462194E-03    2.3149660E-01   -2.3149660E-01
 2.6000    2.6629467E-03    2.2621377E-01   -2.2621377E-01
 2.6100    2.5822482E-03    2.2104916E-01   -2.2104916E-01
 2.6200    2.5040446E-03    2.1600038E-01   -2.1600038E-01
 2.6300    2.4282590E-03    2.1106507E-01   -2.1106507E-01
 2.6400    2.3548169E-03    2.0624093E-01   -2.0624093E-01
 2.6500    2.2836470E-03    2.0152577E-01   -2.0152577E-01
 2.6600    2.2146799E-03    1.9691741E-01   -1.9691741E-01
 2.6700    2.1478482E-03    1.9241369E-01   -1.9241369E-01
 2.6800    2.0830849E-03    1.8801237E-01   -1.8801237E-01
 2.6900    2.0203249E-03    1.8371121E-01   -1.8371121E-01
 2.7000    1.9595051E-03    1.7950799E-01   -1.7950799E-01
 2.7100    1.9005648E-03    1.7540062E-01   -1.7540062E-01
 2.7200    1.8434461E-03    1.7138710E-01   -1.7138710E-01
 2.7300    1.7880927E-03    1.6746544E-01   -1.6746544E-01
 2.7400    1.7344495E-03    1.6363366E-01   -1.6363366E-01
 2.7500    1.6824626E-03    1.5988976E-01   -1.5988976E-01
 2.7600    1.6320793E-03    1.5623175E-01   -1.5623175E-01
 2.7700    1.5832489E-03    1.5265766E-01   -1.5265766E-01
 2.7800    1.5359221E-03    1.4916559E-01   -1.4916559E-01
 2.7900    1.4900513E-03    1.4575366E-01   -1.4575366E-01
 2.8000    1.4455896E-03    1.4241998E-01   -1.4241998E-01
 2.8100    1.4024912E-03    1.3916263E-01   -1.3916263E-01
 2.8200    1.3607111E-03    1.3597968E-01   -1.3597968E-01
 2.8300    1.3202058E-03    1.3286921E-01   -1.3286921E-01
 2.8400    1.2809331E-03    1.2982938E-01   -1.2982938E-01
 2.8500    1.2428530E-03    1.2685843E-01   -1.2685843E-01
 2.8600    1.2059269E-03    1.2395468E-01   -1.2395468E-01
 2.8700    1.1701184E-03    1.2111654E-01   -1.2111654E-01
 2.8800    1.1353922E-03    1.1834250E-01   -1.1834250E-01
 2.8900    1.1017140E-03    1.1563104E-01   -1.1563104E-01
 2.9000    1.0690499E-03    1.1298059E-01   -1.1298059E-01
 2.9100    1.0373662E-03    1.1038955E-01   -1.1038955E-01
 2.9200    1.0066305E-03    1.0785633E-01   -1.0785633E-01
 2.9300    9.7681215E-04    1.0537951E-01   -1.0537951E-01
 2.9400    9.4788362E-04    1.0295787E-01   -1.0295787E-01
 2.9500    9.1981927E-04    1.0059037E-01   -1.0059037E-01
 2.9600    8.9259428E-04    9.8275981E-02   -9.8275981E-02
 2.9700    8.6618329E-04    9.6013558E-02   -9.6013558E-02
 2.9800    8.4056017E-04    9.3801806E-02   -9.3801806E-02
 2.9900    8.1569897E-04    9.1639383E-02   -9.1639383E-02
 3.0000    7.9157529E-04    8.9525056E-02   -8.9525056E-02
 3.0100    7.6816692E-04    8.7457781E-02   -8.7457781E-02
 3.0200    7.4545343E-04    8.5436661E-02   -8.5436661E-02
 3.0300    7.2341514E-04    8.3460833E-02   -8.3460833E-02
 3.0400    7.0203245E-04    8.1529395E-02   -8.1529395E-02
 3.0500    6.8128593E-04    7.9641414E-02   -7.9641414E-02
 3.0600    6.6115685E-04    7.7795991E-02   -7.7795991E-02
 3.0700    6.4162753E-04    7.5992302E-02   -7.5992302E-02
 3.0800    6.2268120E-04    7.4229588E-02   -7.4229588E-02
 3.0900    6.0430142E-04    7.2507084E-02   -7.2507084E-02
 3.1000    5.8647172E-04    7.0823979E-02   -7.0823979E-02
 3.1100    5.6917563E-04    6.9179424E-02   -6.9179424E-02
 3.1200    5.5239722E-04    6.7572586E-02   -6.7572586E-02
 3.1300    5.3612151E-04    6.6002710E-02   -6.6002710E-02
 3.1400    5.2033450E-04    6.4469125E-02   -6.4469125E-02
 3.1500    5.0502274E-04    6.2971190E-02   -6.2971190E-02
 3.1600    4.9017274E-04    6.1508223E-02   -6.1508223E-02
 3.1700    4.7577059E-04    6.0079454E-02   -6.0079454E-02
 3.1800    4.6180196E-04    5.8684023E-02   -5.8684023E-02
 3.1900    4.4825247E-04    5.7321022E-02   -5.7321022E-02
 3.2000    4.3510818E-04    5.5989562E-02   -5.5989562E-02
 3.2100    4.2235600E-04    5.4688825E-02   -5.4688825E-02
 3.2200    4.0998390E-04    5.3418096E-02   -5.3418096E-02
 3.2300    3.9798073E-04    5.2176741E-02   -5.2176741E-02
 3.2400    3.8633578E-04    5.0964154E-02   -5.0964154E-02
 3.2500    3.7503831E-04    4.9779694E-02   -4.9779694E-02
 3.2600    3.6407723E-04    4.8622645E-02   -4.8622645E-02
 3.2700    3.5344122E-04    4.7492230E-02   -4.7492230E-02
 3.2800    3.4311932E-04    4.6387687E-02   -4.6387687E-02
 3.2900    3.3310159E-04    4.5308363E-02   -4.5308363E-02
 3.3000    3.2337936E-04    4.4253747E-02   -4.4253747E-02
 3.3100    3.1394465E-04    4.3223401E-02   -4.3223401E-02
 3.3200    3.0478915E-04    4.2216822E-02   -4.2216822E-02
 3.3300    2.9590365E-04    4.1233352E-02   -4.1233352E-02
 3.3400    2.8727826E-04    4.0272218E-02   -4.0272218E-02
 3.3500    2.7890344E-04    3.9332663E-02   -3.9332663E-02
 3.3600    2.7077086E-04    3.8414071E-02   -3.8414071E-02
 3.3700    2.6287345E-04    3.7515988E-02   -3.7515988E-02
 3.3800    2.5520482E-04    3.6638032E-02   -3.6638032E-02
 3.3900    2.4775848E-04    3.5779790E-02   -3.5779790E-02
 3.4000    2.4052761E-04    3.4940783E-02   -3.4940783E-02
 3.4100    2.3350546E-04    3.4120521E-02   -3.4120521E-02
 3.4200    2.2668591E-04    3.3318589E-02   -3.3318589E-02
 3.4300    2.2006365E-04    3.2534671E-02   -3.2534671E-02
 3.4400    2.1363385E-04    3.1768507E-02   -3.1768507E-02
 3.4500    2.0739156E-04    3.1019809E-02   -3.1019809E-02
 3.4600    2.0133149E-04    3.0288221E-02   -3.0288221E-02
 3.4700    1.9544817E-04    2.9573344E-02   -2.9573344E-02
 3.4800    1.8973632E-04    2.8874789E-02   -2.8874789E-02
 3.4900    1.8419104E-04    2.8192216E-02   -2.8192216E-02
 3.5000    1.7880782E-04    2.7525325E-02   -2.7525325E-02
 3.5100    1.7358230E-04    2.6873828E-02   -2.6873828E-02
 3.5200    1.6851008E-04    2.6237418E-02   -2.6237418E-02
 3.5300    1.6358662E-04    2.5615749E-02   -2.5615749E-02
 3.5400    1.5880730E-04    2.5008454E-02   -2.5008454E-02
 3.5500    1.5416775E-04    2.4415191E-02   -2.4415191E-02
 3.5600    1.4966426E-04    2.3835703E-02   -2.3835703E-02
 3.5700    1.4529381E-04    2.3269840E-02   -2.3269840E-02
 3.5800    1.4105379E-04    2.2717507E-02   -2.2717507E-02
 3.5900    1.3694140E-04    2.2178569E-02   -2.2178569E-02
 3.6000    1.3295321E-04    2.1652782E-02   -2.1652782E-02
 3.6100    1.2908516E-04    2.1139787E-02   -2.1139787E-02
 3.6200    1.2533292E-04    2.0639167E-02   -2.0639167E-02
 3.6300    1.2169226E-04    2.0150511E-02   -2.0150511E-02
 3.6400    1.1815924E-04    1.9673441E-02   -1.9673441E-02
 3.6500    1.1473014E-04    1.9207601E-02   -1.9207601E-02
 3.6600    1.1140127E-04    1.8752629E-02   -1.8752629E-02
 3.6700    1.0816900E-04    1.8308165E-02   -1.8308165E-02
 3.6800    1.0503005E-04    1.7873890E-02   -1.7873890E-02
 3.6900    1.0198182E-04    1.7449596E-02   -1.7449596E-02
 3.7000    9.9022678E-05    1.7035229E-02   -1.7035229E-02
 3.7100    9.6151589E-05    1.6630839E-02   -1.6630839E-02
 3.7200    9.3367296E-05    1.6236429E-02   -1.6236429E-02
 3.7300    9.0667410E-05    1.5851806E-02   -1.5851806E-02
 3.7400    8.8048172E-05    1.5476524E-02   -1.5476524E-02
 3.7500    8.5505106E-05    1.5109999E-02   -1.5109999E-02
 3.7600    8.3034105E-05    1.4751700E-02   -1.4751700E-02
 3.7700    8.0632181E-05    1.4401276E-02   -1.4401276E-02
 3.7800    7.8297482E-05    1.4058574E-02   -1.4058574E-02
 3.7900    7.6028756E-05    1.3723541E-02   -1.3723541E-02
 3.8000    7.3824778E-05    1.3396125E-02   -1.3396125E-02
 3.8100    7.1684066E-05    1.3076227E-02   -1.3076227E-02
 3.8200    6.9604908E-05    1.2763696E-02   -1.2763696E-02
 3.8300    6.7585461E-05    1.2458355E-02   -1.2458355E-02
 3.8400    6.5623787E-05    1.2160001E-02   -1.2160001E-02
 3.8500    6.3717853E-05    1.1868408E-02   -1.1868408E-02
 3.8600    6.1865638E-05    1.1583344E-02   -1.1583344E-02
 3.8700    6.0065363E-05    1.1304618E-02   -1.1304618E-02
 3.8800    5.8315712E-05    1.1032118E-02   -1.1032118E-02
 3.8900    5.6615845E-05    1.0765819E-02   -1.0765819E-02
 3.9000    5.4965147E-05    1.0505736E-02   -1.0505736E-02
 3.9100    5.3362858E-05    1.0251855E-02   -1.0251855E-02
 3.9200    5.1807855E-05    1.0004090E-02   -1.0004090E-02
 3.9300    5.0298686E-05    9.7622877E-03   -9.7622877E-03
 3.9400    4.8833753E-05    9.5262595E-03   -9.5262595E-03
 3.9500    4.7411463E-05    9.2958136E-03   -9.2958136E-03
 3.9600    4.6030264E-05    9.0707606E-03   -9.0707606E-03
 3.9700    4.4688653E-05    8.8509144E-03   -8.8509144E-03
 3.9800    4.3385224E-05    8.6361039E-03   -8.6361039E-03
 3.9900    4.2118797E-05    8.4261970E-03   -8.4261970E-03
 4.0000    4.0888504E-05    8.2211216E-03   -8.2211216E-03
 4.0100    3.9693790E-05    8.0208645E-03   -8.0208645E-03
 4.0200    3.8534294E-05    7.8254510E-03   -7.8254510E-03
 4.0300    3.7409706E-05    7.6349157E-03   -7.6349157E-03
 4.0400    3.6319631E-05    7.4492751E-03   -7.4492751E-03
 4.0500    3.5263454E-05    7.2684993E-03   -7.2684993E-03
 4.0600    3.4240233E-05    7.0924884E-03   -7.0924884E-03
 4.0700    3.3248710E-05    6.9210738E-03   -6.9210738E-03
 4.0800    3.2287490E-05    6.7540532E-03   -6.7540532E-03
 4.0900    3.1355263E-05    6.5912370E-03   -6.5912370E-03
 4.1000    3.0450890E-05    6.4324670E-03   -6.4324670E-03
 4.1100    2.9573306E-05    6.2775964E-03   -6.2775964E-03
 4.1200    2.8721397E-05    6.1264636E-03   -6.1264636E-03
 4.1300    2.7894009E-05    5.9788948E-03   -5.9788948E-03
 4.1400    2.7090096E-05    5.8347344E-03   -5.8347344E-03
 4.1500    2.6308842E-05    5.6938731E-03   -5.6938731E-03
 4.1600    2.5549650E-05    5.5562462E-03   -5.5562462E-03
 4.1700    2.4812009E-05    5.4218051E-03   -5.4218051E-03
 4.1800    2.4095345E-05    5.2904860E-03   -5.2904860E-03
 4.1900    2.3399006E-05    5.1622058E-03   -5.1622058E-03
 4.2000    2.2722375E-05    5.0368864E-03   -5.0368864E-03
 4.2100    2.2064979E-05    4.9144800E-03   -4.9144800E-03
 4.2200    2.1426449E-05    4.7949597E-03   -4.7949597E-03
 4.2300    2.0806348E-05    4.6782827E-03   -4.6782827E-03
 4.2400    2.0204070E-05    4.5643657E-03   -4.5643657E-03
 4.2500    1.9618900E-05    4.4530994E-03   -4.4530994E-03
 4.2600    1.9050188E-05    4.3443853E-03   -4.3443853E-03
 4.2700    1.8497445E-05    4.2381602E-03   -4.2381602E-03
 4.2800    1.7960329E-05    4.1343923E-03   -4.1343923E-03
 4.2900    1.7438548E-05    4.0330609E-03   -4.0330609E-03
 4.3000    1.6931765E-05    3.9341326E-03   -3.9341326E-03
 4.3100    1.6439501E-05    3.8375410E-03   -3.8375410E-03
 4.3200    1.5961091E-05    3.7431732E-03   -3.7431732E-03
 4.3300    1.5495716E-05    3.6508780E-03   -3.6508780E-03
 4.3400    1.5042574E-05    3.5605041E-03   -3.5605041E-03
 4.3500    1.4601149E-05    3.4719657E-03   -3.4719657E-03
 4.3600    1.4171447E-05    3.3852991E-03   -3.3852991E-03
 4.3700    1.3753963E-05    3.3006586E-03   -3.3006586E-03
 4.3800    1.3349320E-05    3.2182311E-03   -3.2182311E-03
 4.3900    1.2957774E-05    3.1381182E-03   -3.1381182E-03
 4.4000    1.2578979E-05    3.0602761E-03   -3.0602761E-03
 4.4100    1.2212163E-05    2.9845554E-03   -2.9845554E-03
 4.4200    1.1856521E-05    2.9107953E-03   -2.9107953E-03
 4.4300    1.1511472E-05    2.8388875E-03   -2.8388875E-03
 4.4400    1.1176650E-05    2.7687736E-03   -2.7687736E-03
 4.4500    1.0851758E-05    2.7004117E-03   -2.7004117E-03
 4.4600    1.0536498E-05    2.6337580E-03   -2.6337580E-03
 4.4700    1.0230593E-05    2.5687729E-03   -2.5687729E-03
 4.4800    9.9338114E-06    2.5054273E-03   -2.5054273E-03
 4.4900    9.6459247E-06    2.4436917E-03   -2.4436917E-03
 4.5000    9.3666351E-06    2.3835183E-03   -2.3835183E-03
 4.5100    9.0955677E-06    2.3248383E-03   -2.3248383E-03
 4.5200    8.8323352E-06    2.2675782E-03   -2.2675782E-03
 4.5300    8.5766129E-06    2.2116789E-03   -2.2116789E-03
 4.5400    8.3281656E-06    2.1571032E-03   -2.1571032E-03
 4.5500    8.0868282E-06    2.1038311E-03   -2.1038311E-03
 4.5600    7.8524769E-06    2.0518529E-03   -2.0518529E-03
 4.5700    7.6250057E-06    2.0011629E-03   -2.0011629E-03
 4.5800    7.4042914E-06    1.9517506E-03   -1.9517506E-03
 4.5900    7.1901500E-06    1.9035890E-03   -1.9035890E-03
 4.6000    6.9823141E-06    1.8566281E-03   -1.8566281E-03
 4.6100    6.7804686E-06    1.8108039E-03   -1.8108039E-03
 4.6200    6.5843283E-06    1.7660593E-03   -1.7660593E-03
 4.6300    6.3937021E-06    1.7223613E-03   -1.7223613E-03
 4.6400    6.2084937E-06    1.6797013E-03   -1.6797013E-03
 4.6500    6.0286471E-06    1.6380820E-03   -1.6380820E-03
 4.6600    5.8540892E-06    1.5975006E-03   -1.5975006E-03
 4.6700    5.6846998E-06    1.5579415E-03   -1.5579415E-03
 4.6800    5.5203046E-06    1.5193737E-03   -1.5193737E-03
 4.6900    5.3606731E-06    1.4817498E-03   -1.4817498E-03
 4.7000    5.2055222E-06    1.4450068E-03   -1.4450068E-03
 4.7100    5.0545406E-06    1.4090726E-03   -1.4090726E-03
 4.7200    4.9074350E-06    1.3738788E-03   -1.3738788E-03
 4.7300    4.7639850E-06    1.3393760E-03   -1.3393760E-03
 4.7400    4.6240873E-06    1.3055472E-03   -1.3055472E-03
 4.7500    4.4877619E-06    1.2724095E-03   -1.2724095E-03
 4.7600    4.3551038E-06    1.2400017E-03   -1.2400017E-03
 4.7700    4.2261979E-06    1.2083603E-03   -1.2083603E-03
 4.7800    4.1010528E-06    1.1775003E-03   -1.1775003E-03
 4.7900    3.9795956E-06    1.1474132E-03   -1.1474132E-03
 4.8000    3.8617133E-06    1.1180787E-03   -1.1180787E-03
 4.8100    3.7472858E-06    1.0894739E-03   -1.0894739E-03
 4.8200    3.6361813E-06    1.0615720E-03   -1.0615720E-03
 4.8300    3.5282304E-06    1.0343346E-03   -1.0343346E-03
 4.8400    3.4232148E-06    1.0077081E-03   -1.0077081E-03
 4.8500    3.3209006E-06    9.8163315E-04   -9.8163315E-04
 4.8600    3.2211337E-06    9.5607321E-04   -9.5607321E-04
 4.8700    3.1239809E-06    9.3105675E-04   -9.3105675E-04
 4.8800    3.0298244E-06    9.0670700E-04   -9.0670700E-04
 4.8900    2.9392730E-06    8.8321716E-04   -8.8321716E-04
 4.9000    2.8528484E-06    8.6075730E-04   -8.6075730E-04
 4.9100    2.7706207E-06    8.3936320E-04   -8.3936320E-04
 4.9200    2.6920780E-06    8.1889403E-04   -8.1889403E-04
 4.9300    2.6163522E-06    7.9909775E-04   -7.9909775E-04
 4.9400    2.5426120E-06    7.7972931E-04   -7.7972931E-04
 4.9500    2.4703080E-06    7.6062635E-04   -7.6062635E-04
 4.9600    2.3991553E-06    7.4170563E-04   -7.4170563E-04
 4.9700    2.3290289E-06    7.2293211E-04   -7.2293211E-04
 4.9800    2.2599927E-06    7.0432903E-04   -7.0432903E-04
 4.9900    2.1924494E-06    6.8602592E-04   -6.8602592E-04
 5.0000    2.1271592E-06    6.6826676E-04   -6.6826676E-04
 5.0100    2.0649378E-06    6.5131681E-04   -6.5131681E-04
 5.0200    2.0061730E-06    6.3530997E-04   -6.3530997E-04
 5.0300    1.9505406E-06    6.2015583E-04   -6.2015583E-04
 5.0400    1.8971652E-06    6.0558638E-04   -6.0558638E-04
 5.0500    1.8450917E-06    5.9130368E-04   -5.9130368E-04
 5.0600    1.7937148E-06    5.7711756E-04   -5.7711756E-04
 5.0700    1.7429200E-06    5.6299333E-04   -5.6299333E-04
 5.0800    1.6929440E-06    5.4900952E-04   -5.4900952E-04
 5.0900    1.6441141E-06    5.3527552E-04   -5.3527552E-04
 5.1000    1.5966302E-06    5.2186066E-04   -5.2186066E-04
 5.1100    1.5504818E-06    5.0876631E-04   -5.0876631E-04
 5.1200    1.5055161E-06    4.9594692E-04   -4.9594692E-04
 5.1300    1.4615902E-06    4.8335944E-04   -4.8335944E-04
 5.1400    1.4186909E-06    4.7100323E-04   -4.7100323E-04
 5.1500    1.3769391E-06    4.5892220E-04   -4.5892220E-04
 5.1600    1.3364902E-06    4.4717245E-04   -4.4717245E-04
 5.1700    1.2974243E-06    4.3578570E-04   -4.3578570E-04
 5.1800    1.2597085E-06    4.2475591E-04   -4.2475591E-04
 5.1900    1.2232398E-06    4.1405324E-04   -4.1405324E-04
 5.2000    1.1879161E-06    4.0364756E-04   -4.0364756E-04
 5.2100    1.1536743E-06    3.9352157E-04   -3.9352157E-04
 5.2200    1.1204742E-06    3.8366547E-04   -3.8366547E-04
 5.2300    1.0882517E-06    3.7406113E-04   -3.7406113E-04
 5.2400    1.0568874E-06    3.6467093E-04   -3.6467093E-04
 5.2500    1.0262217E-06    3.5544277E-04   -3.5544277E-04
 5.2600    9.9611780E-07    3.4633155E-04   -3.4633155E-04
 5.2700    9.6654280E-07    3.3732784E-04   -3.3732784E-04
 5.2800    9.3762225E-07    3.2847749E-04   -3.2847749E-04
 5.2900    9.0961670E-07    3.1987451E-04   -3.1987451E-04
 5.3000    8.8280265E-07    3.1161993E-04   -3.1161993E-04
 5.3100    8.5730850E-07    3.0376381E-04   -3.0376381E-04
 5.3200    8.3301629E-07    2.9626928E-04   -2.9626928E-04
 5.3300    8.0961664E-07    2.8903052E-04   -2.8903052E-04
 5.3400    7.8678969E-07    2.8193633E-04   -2.8193633E-04
 5.3500    7.6437659E-07    2.7493169E-04   -2.7493169E-04
 5.3600    7.4241928E-07    2.6803326E-04   -2.6803326E-04
 5.3700    7.2107025E-07    2.6129796E-04   -2.6129796E-04
 5.3800    7.0047491E-07    2.5478098E-04   -2.5478098E-04
 5.3900    6.8070929E-07    2.4851298E-04   -2.4851298E-04
 5.4000    6.6177234E-07    2.4249679E-04   -2.4249679E-04
 5.4100    6.4360069E-07    2.3671234E-04   -2.3671234E-04
 5.4200    6.2610110E-07    2.3112818E-04   -2.3112818E-04
 5.4300    6.0920002E-07    2.2571968E-04   -2.2571968E-04
 5.4400    5.9287424E-07    2.2048053E-04   -2.2048053E-04
 5.4500    5.7712705E-07    2.1541419E-04   -2.1541419E-04
 5.4600    5.6193328E-07    2.1051348E-04   -2.1051348E-04
 5.4700    5.4721359E-07    2.0575073E-04   -2.0575073E-04
 5.4800    5.3285910E-07    2.0108671E-04   -2.0108671E-04
 5.4900    5.1877089E-07    1.9648534E-04   -1.9648534E-04
 5.5000    5.0487945E-07    1.9192119E-04   -1.9192119E-04
 5.5100    4.9114896E-07    1.8738132E-04   -1.8738132E-04
 5.5200    4.7758382E-07    1.8286796E-04   -1.8286796E-04
 5.5300    4.6423336E-07    1.7840067E-04   -1.7840067E-04
 5.5400    4.5117891E-07    1.7401159E-04   -1.7401159E-04
 5.5500    4.3850636E-07    1.6973513E-04   -1.6973513E-04
 5.5600    4.2628477E-07    1.6559959E-04   -1.6559959E-04
 5.5700    4.1456142E-07    1.6162522E-04   -1.6162522E-04
 5.5800    4.0336027E-07    1.5782339E-04   -1.5782339E-04
 5.5900    3.9266783E-07    1.5419092E-04   -1.5419092E-04
 5.6000    3.8241517E-07    1.5070270E-04   -1.5070270E-04
 5.6100    3.7248662E-07    1.4731476E-04   -1.4731476E-04
 5.6200    3.6277375E-07    1.4398536E-04   -1.4398536E-04
 5.6300    3.5325004E-07    1.4070479E-04   -1.4070479E-04
 5.6400    3.4400782E-07    1.3751067E-04   -1.3751067E-04
 5.6500    3.3521241E-07    1.3447045E-04   -1.3447045E-04
 5.6600    3.2698990E-07    1.3163672E-04   -1.3163672E-04
 5.6700    3.1932683E-07    1.2900644E-04   -1.2900644E-04
 5.6800    3.1206110E-07    1.2651621E-04   -1.2651621E-04
 5.6900    3.0497069E-07    1.2407735E-04   -1.2407735E-04
 5.7000    2.9788369E-07    1.2162036E-04   -1.2162036E-04
 5.7100    2.9072384E-07    1.1911398E-04   -1.1911398E-04
 5.7200    2.8347716E-07    1.1655207E-04   -1.1655207E-04
 5.7300    2.7613747E-07    1.1393167E-04   -1.1393167E-04
 5.7400    2.6869325E-07    1.1124754E-04   -1.1124754E-04
 5.7500    2.6116988E-07    1.0850972E-04   -1.0850972E-04
 5.7600    2.5369543E-07    1.0577121E-04   -1.0577121E-04
 5.7700    2.4653718E-07    1.0314399E-04   -1.0314399E-04
 5.7800    2.4006319E-07    1.0078389E-04   -1.0078389E-04
 5.7900    2.3462158E-07    9.8840501E-05   -9.8840501E-05
 5.8000    2.3038195E-07    9.7389987E-05   -9.7389987E-05
 5.8100    2.2721156E-07    9.6381248E-05   -9.6381248E-05
 5.8200    2.2465228E-07    9.5623948E-05   -9.5623948E-05
 5.8300    2.2203845E-07    9.4836423E-05   -9.4836423E-05
 5.8400    2.1874043E-07    9.3748562E-05   -9.3748562E-05
 5.8500    2.1443244E-07    9.2217234E-05   -9.2217234E-05
 5.8600    2.0922979E-07    9.0287704E-05   -9.0287704E-05
 5.8700    2.0360409E-07    8.8160199E-05   -8.8160199E-05
 5.8800    1.9813783E-07    8.6085877E-05   -8.6085877E-05
 5.8900    1.9328345E-07    8.4262652E-05   -8.4262652E-05
 5.9000    1.8925713E-07    8.2787763E-05   -8.2787763E-05
 5.9100    1.8607328E-07    8.1671180E-05   -8.1671180E-05
 5.9200    1.8363739E-07    8.0875018E-05   -8.0875018E-05
 5.9300    1.8182097E-07    8.0345810E-05   -8.0345810E-05
 5.9400    1.8049723E-07    8.0030087E-05   -8.0030087E-05
