# total charge: 7.000000 
# r(A)     rho (e/A^3)     4*pi*r^2*rho(e/A)  dip  
 0.0000   -5.9438958E-01   -0.0000000E+00    5.5851919E+01
 0.0100   -5.9011848E-01   -7.4156476E-04    5.5574098E+01
 0.0200   -5.8472558E-01   -2.9391513E-03    5.4748916E+01
 0.0300   -5.7798865E-01   -6.5368977E-03    5.3400831E+01
 0.0400   -5.6967453E-01   -1.1453986E-02    5.1569274E+01
 0.0500   -5.5953116E-01   -1.7578190E-02    4.9306724E+01
 0.0600   -5.4728287E-01   -2.4758494E-02    4.6676203E+01
 0.0700   -5.3265426E-01   -3.2798301E-02    4.3748349E+01
 0.0800   -5.1542799E-01   -4.1453179E-02    4.0598271E+01
 0.0900   -4.9550340E-01   -5.0436103E-02    3.7302371E+01
 0.1000   -4.7291400E-01   -5.9428126E-02    3.3935330E+01
 0.1100   -4.4779470E-01   -6.8088566E-02    3.0567393E+01
 0.1200   -4.2032575E-01   -7.6060356E-02    2.7262108E+01
 0.1300   -3.9068663E-01   -8.2970770E-02    2.4074574E+01
 0.1400   -3.5903539E-01   -8.8430727E-02    2.1050276E+01
 0.1500   -3.2550990E-01   -9.2035755E-02    1.8224499E+01
 0.1600   -2.9023947E-01   -9.3369774E-02    1.5622287E+01
 0.1700   -2.5335583E-01   -9.2010760E-02    1.3258882E+01
 0.1800   -2.1499649E-01   -8.7535909E-02    1.1140558E+01
 0.1900   -1.7530010E-01   -7.9524184E-02    9.2657383E+00
 0.2000   -1.3439914E-01   -6.7556377E-02    7.6262917E+00
 0.2100   -9.2416903E-02   -5.1215317E-02    6.2089188E+00
 0.2200   -4.9471132E-02   -3.0088953E-02    4.9965320E+00
 0.2300   -5.6810837E-03   -3.7765629E-03    3.9695618E+00
 0.2400    3.8827535E-02    2.8104261E-02    3.1071300E+00
 0.2500    8.3922154E-02    6.5912306E-02    2.3880498E+00
 0.2600    1.2946612E-01    1.0997974E-01    1.7916360E+00
 0.2700    1.7532197E-01    1.6061042E-01    1.2983205E+00
 0.2800    2.2135360E-01    2.1807833E-01    8.9008489E-01
 0.2900    2.6742725E-01    2.8262562E-01    5.5072892E-01
 0.3000    3.1341190E-01    3.5446051E-01    2.6599827E-01
 0.3100    3.5917950E-01    4.3375530E-01    2.3599366E-02
 0.3200    4.0460525E-01    5.2064456E-01   -1.8687221E-01
 0.3300    4.4956766E-01    6.1522335E-01   -3.7406369E-01
 0.3400    4.9394851E-01    7.1754539E-01   -5.4503471E-01
 0.3500    5.3763295E-01    8.2762163E-01   -7.0544605E-01
 0.3600    5.8051027E-01    9.4541997E-01   -8.5975370E-01
 0.3700    6.2247498E-01    1.0708662E+00   -1.0113970E+00
 0.3800    6.6342747E-01    1.2038448E+00   -1.1629722E+00
 0.3900    7.0327353E-01    1.3441983E+00   -1.3163866E+00
 0.4000    7.4192318E-01    1.4917251E+00   -1.4729888E+00
 0.4100    7.7929007E-01    1.6461777E+00   -1.6336811E+00
 0.4200    8.1529213E-01    1.8072644E+00   -1.7990124E+00
 0.4300    8.4985325E-01    1.9746527E+00   -1.9692577E+00
 0.4400    8.8290476E-01    2.1479743E+00   -2.1444823E+00
 0.4500    9.1438584E-01    2.3268286E+00   -2.3245908E+00
 0.4600    9.4424299E-01    2.5107837E+00   -2.5093640E+00
 0.4700    9.7242919E-01    2.6993771E+00   -2.6984854E+00
 0.4800    9.9890322E-01    2.8921163E+00   -2.8915617E+00
 0.4900    1.0236294E+00    3.0884798E+00   -3.0881384E+00
 0.5000    1.0465776E+00    3.2879206E+00   -3.2877125E+00
 0.5100    1.0677241E+00    3.4898702E+00   -3.4897446E+00
 0.5200    1.0870521E+00    3.6937450E+00   -3.6936699E+00
 0.5300    1.1045521E+00    3.8989514E+00   -3.8989070E+00
 0.5400    1.1202216E+00    4.1048881E+00   -4.1048621E+00
 0.5500    1.1340631E+00    4.3109449E+00   -4.3109298E+00
 0.5600    1.1460839E+00    4.5165034E+00   -4.5164947E+00
 0.5700    1.1562956E+00    4.7209398E+00   -4.7209348E+00
 0.5800    1.1647150E+00    4.9236312E+00   -4.9236285E+00
 0.5900    1.1713645E+00    5.1239626E+00   -5.1239611E+00
 0.6000    1.1762724E+00    5.3213309E+00   -5.3213301E+00
 0.6100    1.1794716E+00    5.5151463E+00   -5.5151458E+00
 0.6200    1.1809994E+00    5.7048326E+00   -5.7048323E+00
 0.6300    1.1808961E+00    5.8898287E+00   -5.8898286E+00
 0.6400    1.1792062E+00    6.0695927E+00   -6.0695927E+00
 0.6500    1.1759773E+00    6.2436061E+00   -6.2436061E+00
 0.6600    1.1712608E+00    6.4113773E+00   -6.4113773E+00
 0.6700    1.1651111E+00    6.5724428E+00   -6.5724428E+00
 0.6800    1.1575850E+00    6.7263671E+00   -6.7263671E+00
 0.6900    1.1487409E+00    6.8727433E+00   -6.8727433E+00
 0.7000    1.1386391E+00    7.0111952E+00   -7.0111952E+00
 0.7100    1.1273418E+00    7.1413805E+00   -7.1413805E+00
 0.7200    1.1149127E+00    7.2629946E+00   -7.2629946E+00
 0.7300    1.1014173E+00    7.3757722E+00   -7.3757722E+00
 0.7400    1.0869223E+00    7.4794871E+00   -7.4794871E+00
 0.7500    1.0714948E+00    7.5739505E+00   -7.5739505E+00
 0.7600    1.0552017E+00    7.6590081E+00   -7.6590081E+00
 0.7700    1.0381095E+00    7.7345400E+00   -7.7345400E+00
 0.7800    1.0202843E+00    7.8004612E+00   -7.8004612E+00
 0.7900    1.0017917E+00    7.8567236E+00   -7.8567236E+00
 0.8000    9.8269701E-01    7.9033183E+00   -7.9033183E+00
 0.8100    9.6306531E-01    7.9402768E+00   -7.9402768E+00
 0.8200    9.4296118E-01    7.9676709E+00   -7.9676709E+00
 0.8300    9.2244844E-01    7.9856110E+00   -7.9856110E+00
 0.8400    9.0158981E-01    7.9942446E+00   -7.9942446E+00
 0.8500    8.8044668E-01    7.9937539E+00   -7.9937539E+00
 0.8600    8.5907900E-01    7.9843555E+00   -7.9843555E+00
 0.8700    8.3754522E-01    7.9662996E+00   -7.9662996E+00
 0.8800    8.1590224E-01    7.9398689E+00   -7.9398689E+00
 0.8900    7.9420525E-01    7.9053778E+00   -7.9053778E+00
 0.9000    7.7250766E-01    7.8631702E+00   -7.8631702E+00
 0.9100    7.5086105E-01    7.8136189E+00   -7.8136189E+00
 0.9200    7.2931535E-01    7.7571265E+00   -7.7571265E+00
 0.9300    7.0791904E-01    7.6941271E+00   -7.6941271E+00
 0.9400    6.8671933E-01    7.6250878E+00   -7.6250878E+00
 0.9500    6.6576195E-01    7.5505058E+00   -7.5505058E+00
 0.9600    6.4509063E-01    7.4709024E+00   -7.4709024E+00
 0.9700    6.2474658E-01    7.3868150E+00   -7.3868150E+00
 0.9800    6.0476803E-01    7.2987896E+00   -7.2987896E+00
 0.9900    5.8518985E-01    7.2073737E+00   -7.2073737E+00
 1.0000    5.6604302E-01    7.1131064E+00   -7.1131064E+00
 1.0100    5.4735368E-01    7.0165020E+00   -7.0165020E+00
 1.0200    5.2914206E-01    6.9180309E+00   -6.9180309E+00
 1.0300    5.1142163E-01    6.8181006E+00   -6.8181006E+00
 1.0400    4.9419900E-01    6.7170472E+00   -6.7170472E+00
 1.0500    4.7747467E-01    6.6151363E+00   -6.6151363E+00
 1.0600    4.6124440E-01    6.5125745E+00   -6.5125745E+00
 1.0700    4.4550076E-01    6.4095253E+00   -6.4095253E+00
 1.0800    4.3023443E-01    6.3061245E+00   -6.3061245E+00
 1.0900    4.1543516E-01    6.2024905E+00   -6.2024905E+00
 1.1000    4.0109222E-01    6.0987309E+00   -6.0987309E+00
 1.1100    3.8719466E-01    5.9949447E+00   -5.9949447E+00
 1.1200    3.7373141E-01    5.8912237E+00   -5.8912237E+00
 1.1300    3.6069136E-01    5.7876531E+00   -5.7876531E+00
 1.1400    3.4806348E-01    5.6843136E+00   -5.6843136E+00
 1.1500    3.3583694E-01    5.5812825E+00   -5.5812825E+00
 1.1600    3.2400114E-01    5.4786351E+00   -5.4786351E+00
 1.1700    3.1254573E-01    5.3764444E+00   -5.3764444E+00
 1.1800    3.0146059E-01    5.2747808E+00   -5.2747808E+00
 1.1900    2.9073572E-01    5.1737111E+00   -5.1737111E+00
 1.2000    2.8036127E-01    5.0732981E+00   -5.0732981E+00
 1.2100    2.7032759E-01    4.9736014E+00   -4.9736014E+00
 1.2200    2.6062522E-01    4.8746784E+00   -4.8746784E+00
 1.2300    2.5124500E-01    4.7765850E+00   -4.7765850E+00
 1.2400    2.4217797E-01    4.6793752E+00   -4.6793752E+00
 1.2500    2.3341539E-01    4.5831004E+00   -4.5831004E+00
 1.2600    2.2494867E-01    4.4878091E+00   -4.4878091E+00
 1.2700    2.1676939E-01    4.3935469E+00   -4.3935469E+00
 1.2800    2.0886936E-01    4.3003573E+00   -4.3003573E+00
 1.2900    2.0124059E-01    4.2082824E+00   -4.2082824E+00
 1.3000    1.9387530E-01    4.1173619E+00   -4.1173619E+00
 1.3100    1.8676586E-01    4.0276335E+00   -4.0276335E+00
 1.3200    1.7990479E-01    3.9391312E+00   -3.9391312E+00
 1.3300    1.7328472E-01    3.8518859E+00   -3.8518859E+00
 1.3400    1.6689840E-01    3.7659248E+00   -3.7659248E+00
 1.3500    1.6073870E-01    3.6812714E+00   -3.6812714E+00
 1.3600    1.5479859E-01    3.5979464E+00   -3.5979464E+00
 1.3700    1.4907125E-01    3.5159679E+00   -3.5159679E+00
 1.3800    1.4355002E-01    3.4353524E+00   -3.4353524E+00
 1.3900    1.3822842E-01    3.3561147E+00   -3.3561147E+00
 1.4000    1.3310012E-01    3.2782674E+00   -3.2782674E+00
 1.4100    1.2815889E-01    3.2018194E+00   -3.2018194E+00
 1.4200    1.2339859E-01    3.1267759E+00   -3.1267759E+00
 1.4300    1.1881315E-01    3.0531382E+00   -3.0531382E+00
 1.4400    1.1439664E-01    2.9809049E+00   -2.9809049E+00
 1.4500    1.1014326E-01    2.9100724E+00   -2.9100724E+00
 1.4600    1.0604739E-01    2.8406358E+00   -2.8406358E+00
 1.4700    1.0210355E-01    2.7725883E+00   -2.7725883E+00
 1.4800    9.8306427E-02    2.7059216E+00   -2.7059216E+00
 1.4900    9.4650802E-02    2.6406248E+00   -2.6406248E+00
 1.5000    9.1131592E-02    2.5766851E+00   -2.5766851E+00
 1.5100    8.7743844E-02    2.5140876E+00   -2.5140876E+00
 1.5200    8.4482759E-02    2.4528169E+00   -2.4528169E+00
 1.5300    8.1343694E-02    2.3928563E+00   -2.3928563E+00
 1.5400    7.8322159E-02    2.3341887E+00   -2.3341887E+00
 1.5500    7.5413798E-02    2.2767958E+00   -2.2767958E+00
 1.5600    7.2614393E-02    2.2206585E+00   -2.2206585E+00
 1.5700    6.9919856E-02    2.1657568E+00   -2.1657568E+00
 1.5800    6.7326227E-02    2.1120700E+00   -2.1120700E+00
 1.5900    6.4829675E-02    2.0595766E+00   -2.0595766E+00
 1.6000    6.2426501E-02    2.0082548E+00   -2.0082548E+00
 1.6100    6.0113151E-02    1.9580831E+00   -1.9580831E+00
 1.6200    5.7886226E-02    1.9090404E+00   -1.9090404E+00
 1.6300    5.5742470E-02    1.8611067E+00   -1.8611067E+00
 1.6400    5.3678758E-02    1.8142621E+00   -1.8142621E+00
 1.6500    5.1692079E-02    1.7684865E+00   -1.7684865E+00
 1.6600    4.9779536E-02    1.7237604E+00   -1.7237604E+00
 1.6700    4.7938344E-02    1.6800640E+00   -1.6800640E+00
 1.6800    4.6165828E-02    1.6373784E+00   -1.6373784E+00
 1.6900    4.4459420E-02    1.5956847E+00   -1.5956847E+00
 1.7000    4.2816653E-02    1.5549643E+00   -1.5549643E+00
 1.7100    4.1235155E-02    1.5151991E+00   -1.5151991E+00
 1.7200    3.9712648E-02    1.4763713E+00   -1.4763713E+00
 1.7300    3.8246942E-02    1.4384633E+00   -1.4384633E+00
 1.7400    3.6835932E-02    1.4014578E+00   -1.4014578E+00
 1.7500    3.5477593E-02    1.3653378E+00   -1.3653378E+00
 1.7600    3.4169980E-02    1.3300866E+00   -1.3300866E+00
 1.7700    3.2911224E-02    1.2956880E+00   -1.2956880E+00
 1.7800    3.1699532E-02    1.2621260E+00   -1.2621260E+00
 1.7900    3.0533176E-02    1.2293850E+00   -1.2293850E+00
 1.8000    2.9410489E-02    1.1974492E+00   -1.1974492E+00
 1.8100    2.8329859E-02    1.1663031E+00   -1.1663031E+00
 1.8200    2.7289730E-02    1.1359308E+00   -1.1359308E+00
 1.8300    2.6288597E-02    1.1063167E+00   -1.1063167E+00
 1.8400    2.5325008E-02    1.0774450E+00   -1.0774450E+00
 1.8500    2.4397557E-02    1.0493000E+00   -1.0493000E+00
 1.8600    2.3504886E-02    1.0218659E+00   -1.0218659E+00
 1.8700    2.2645690E-02    9.9512729E-01   -9.9512729E-01
 1.8800    2.1818715E-02    9.6906906E-01   -9.6906906E-01
 1.8900    2.1022753E-02    9.4367631E-01   -9.4367631E-01
 1.9000    2.0256639E-02    9.1893427E-01   -9.1893427E-01
 1.9100    1.9519246E-02    8.9482814E-01   -8.9482814E-01
 1.9200    1.8809481E-02    8.7134298E-01   -8.7134298E-01
 1.9300    1.8126287E-02    8.4846381E-01   -8.4846381E-01
 1.9400    1.7468640E-02    8.2617568E-01   -8.2617568E-01
 1.9500    1.6835554E-02    8.0446380E-01   -8.0446380E-01
 1.9600    1.6226081E-02    7.8331356E-01   -7.8331356E-01
 1.9700    1.5639306E-02    7.6271061E-01   -7.6271061E-01
 1.9800    1.5074349E-02    7.4264083E-01   -7.4264083E-01
 1.9900    1.4530367E-02    7.2309041E-01   -7.2309041E-01
 2.0000    1.4006547E-02    7.0404583E-01   -7.0404583E-01
 2.0100    1.3502108E-02    6.8549386E-01   -6.8549386E-01
 2.0200    1.3016302E-02    6.6742153E-01   -6.6742153E-01
 2.0300    1.2548405E-02    6.4981611E-01   -6.4981611E-01
 2.0400    1.2097725E-02    6.3266512E-01   -6.3266512E-01
 2.0500    1.1663593E-02    6.1595637E-01   -6.1595637E-01
 2.0600    1.1245373E-02    5.9967805E-01   -5.9967805E-01
 2.0700    1.0842450E-02    5.8381869E-01   -5.8381869E-01
 2.0800    1.0454241E-02    5.6836723E-01   -5.6836723E-01
 2.0900    1.0080183E-02    5.5331296E-01   -5.5331296E-01
 2.1000    9.7197400E-03    5.3864558E-01   -5.3864558E-01
 2.1100    9.3723999E-03    5.2435521E-01   -5.2435521E-01
 2.1200    9.0376728E-03    5.1043236E-01   -5.1043236E-01
 2.1300    8.7150903E-03    4.9686792E-01   -4.9686792E-01
 2.1400    8.4042033E-03    4.8365308E-01   -4.8365308E-01
 2.1500    8.1045808E-03    4.7077928E-01   -4.7077928E-01
 2.1600    7.8158096E-03    4.5823825E-01   -4.5823825E-01
 2.1700    7.5374942E-03    4.4602204E-01   -4.4602204E-01
 2.1800    7.2692560E-03    4.3412302E-01   -4.3412302E-01
 2.1900    7.0107309E-03    4.2253374E-01   -4.2253374E-01
 2.2000    6.7615679E-03    4.1124690E-01   -4.1124690E-01
 2.2100    6.5214263E-03    4.0025522E-01   -4.0025522E-01
 2.2200    6.2899764E-03    3.8955145E-01   -3.8955145E-01
 2.2300    6.0668994E-03    3.7912846E-01   -3.7912846E-01
 2.2400    5.8518896E-03    3.6897932E-01   -3.6897932E-01
 2.2500    5.6446551E-03    3.5909744E-01   -3.5909744E-01
 2.2600    5.4449170E-03    3.4947653E-01   -3.4947653E-01
 2.2700    5.2524079E-03    3.4011048E-01   -3.4011048E-01
 2.2800    5.0668689E-03    3.3099331E-01   -3.3099331E-01
 2.2900    4.8880489E-03    3.2211902E-01   -3.2211902E-01
 2.3000    4.7157035E-03    3.1348158E-01   -3.1348158E-01
 2.3100    4.5495951E-03    3.0507497E-01   -3.0507497E-01
 2.3200    4.3894935E-03    2.9689319E-01   -2.9689319E-01
 2.3300    4.2351760E-03    2.8893036E-01   -2.8893036E-01
 2.3400    4.0864285E-03    2.8118069E-01   -2.8118069E-01
 2.3500    3.9430448E-03    2.7363856E-01   -2.7363856E-01
 2.3600    3.8048264E-03    2.6629850E-01   -2.6629850E-01
 2.3700    3.6715819E-03    2.5915511E-01   -2.5915511E-01
 2.3800    3.5431261E-03    2.5220308E-01   -2.5220308E-01
 2.3900    3.4192797E-03    2.4543715E-01   -2.4543715E-01
 2.4000    3.2998695E-03    2.3885213E-01   -2.3885213E-01
 2.4100    3.1847285E-03    2.3244294E-01   -2.3244294E-01
 2.4200    3.0736955E-03    2.2620460E-01   -2.2620460E-01
 2.4300    2.9666155E-03    2.2013225E-01   -2.2013225E-01
 2.4400    2.8633391E-03    2.1422113E-01   -2.1422113E-01
 2.4500    2.7637230E-03    2.0846663E-01   -2.0846663E-01
 2.4600    2.6676303E-03    2.0286435E-01   -2.0286435E-01
 2.4700    2.5749297E-03    1.9741000E-01   -1.9741000E-01
 2.4800    2.4854952E-03    1.9209946E-01   -1.9209946E-01
 2.4900    2.3992061E-03    1.8692875E-01   -1.8692875E-01
 2.5000    2.3159467E-03    1.8189403E-01   -1.8189403E-01
 2.5100    2.2356065E-03    1.7699160E-01   -1.7699160E-01
 2.5200    2.1580791E-03    1.7221791E-01   -1.7221791E-01
 2.5300    2.0832622E-03    1.6756945E-01   -1.6756945E-01
 2.5400    2.0110569E-03    1.6304281E-01   -1.6304281E-01
 2.5500    1.9413682E-03    1.5863468E-01   -1.5863468E-01
 2.5600    1.8741058E-03    1.5434192E-01   -1.5434192E-01
 2.5700    1.8091838E-03    1.5016157E-01   -1.5016157E-01
 2.5800    1.7465205E-03    1.4609083E-01   -1.4609083E-01
 2.5900    1.6860381E-03    1.4212706E-01   -1.4212706E-01
 2.6000    1.6276617E-03    1.3826769E-01   -1.3826769E-01
 2.6100    1.5713191E-03    1.3451022E-01   -1.3451022E-01
 2.6200    1.5169404E-03    1.3085218E-01   -1.3085218E-01
 2.6300    1.4644582E-03    1.2729119E-01   -1.2729119E-01
 2.6400    1.4138074E-03    1.2382490E-01   -1.2382490E-01
 2.6500    1.3649251E-03    1.2045101E-01   -1.2045101E-01
 2.6600    1.3177508E-03    1.1716730E-01   -1.1716730E-01
 2.6700    1.2722260E-03    1.1397160E-01   -1.1397160E-01
 2.6800    1.2282941E-03    1.1086177E-01   -1.1086177E-01
 2.6900    1.1859008E-03    1.0783575E-01   -1.0783575E-01
 2.7000    1.1449934E-03    1.0489152E-01   -1.0489152E-01
 2.7100    1.1055211E-03    1.0202708E-01   -1.0202708E-01
 2.7200    1.0674344E-03    9.9240478E-02   -9.9240478E-02
 2.7300    1.0306851E-03    9.6529742E-02   -9.6529742E-02
 2.7400    9.9522629E-04    9.3892916E-02   -9.3892916E-02
 2.7500    9.6101239E-04    9.1328061E-02   -9.1328061E-02
 2.7600    9.2799929E-04    8.8833275E-02   -8.8833275E-02
 2.7700    8.9614447E-04    8.6406703E-02   -8.6406703E-02
 2.7800    8.6540691E-04    8.4046535E-02   -8.4046535E-02
 2.7900    8.3574696E-04    8.1751000E-02   -8.1751000E-02
 2.8000    8.0712619E-04    7.9518351E-02   -7.9518351E-02
 2.8100    7.7950725E-04    7.7346856E-02   -7.7346856E-02
 2.8200    7.5285372E-04    7.5234784E-02   -7.5234784E-02
 2.8300    7.2712999E-04    7.3180402E-02   -7.3180402E-02
 2.8400    7.0230134E-04    7.1181977E-02   -7.1181977E-02
 2.8500    6.7833404E-04    6.9237790E-02   -6.9237790E-02
 2.8600    6.5519567E-04    6.7346177E-02   -6.7346177E-02
 2.8700    6.3285541E-04    6.5505559E-02   -6.5505559E-02
 2.8800    6.1128415E-04    6.3714456E-02   -6.3714456E-02
 2.8900    5.9045426E-04    6.1971472E-02   -6.1971472E-02
 2.9000    5.7033916E-04    6.0275254E-02   -6.0275254E-02
 2.9100    5.5091296E-04    5.8624457E-02   -5.8624457E-02
 2.9200    5.3215056E-04    5.7017752E-02   -5.7017752E-02
 2.9300    5.1402788E-04    5.5453859E-02   -5.5453859E-02
 2.9400    4.9652217E-04    5.3931583E-02   -5.3931583E-02
 2.9500    4.7961204E-04    5.2449816E-02   -5.2449816E-02
 2.9600    4.6327706E-04    5.1007506E-02   -5.1007506E-02
 2.9700    4.4749747E-04    4.9603617E-02   -4.9603617E-02
 2.9800    4.3225386E-04    4.8237109E-02   -4.8237109E-02
 2.9900    4.1752729E-04    4.6906940E-02   -4.6906940E-02
 3.0000    4.0329960E-04    4.5612110E-02   -4.5612110E-02
 3.0100    3.8955366E-04    4.4351688E-02   -4.4351688E-02
 3.0200    3.7627337E-04    4.3124814E-02   -4.3124814E-02
 3.0300    3.6344344E-04    4.1930685E-02   -4.1930685E-02
 3.0400    3.5104920E-04    4.0768527E-02   -4.0768527E-02
 3.0500    3.3907650E-04    3.9637589E-02   -3.9637589E-02
 3.0600    3.2751175E-04    3.8537151E-02   -3.8537151E-02
 3.0700    3.1634195E-04    3.7466524E-02   -3.7466524E-02
 3.0800    3.0555451E-04    3.6425037E-02   -3.6425037E-02
 3.0900    2.9513711E-04    3.5412015E-02   -3.5412015E-02
 3.1000    2.8507754E-04    3.4426768E-02   -3.4426768E-02
 3.1100    2.7536386E-04    3.3468602E-02   -3.3468602E-02
 3.1200    2.6598458E-04    3.2536850E-02   -3.2536850E-02
 3.1300    2.5692884E-04    3.1630889E-02   -3.1630889E-02
 3.1400    2.4818630E-04    3.0750131E-02   -3.0750131E-02
 3.1500    2.3974697E-04    2.9894005E-02   -2.9894005E-02
 3.1600    2.3160091E-04    2.9061919E-02   -2.9061919E-02
 3.1700    2.2373814E-04    2.8253249E-02   -2.8253249E-02
 3.1800    2.1614867E-04    2.7467345E-02   -2.7467345E-02
 3.1900    2.0882262E-04    2.6703536E-02   -2.6703536E-02
 3.2000    2.0175034E-04    2.5961160E-02   -2.5961160E-02
 3.2100    1.9492251E-04    2.5239568E-02   -2.5239568E-02
 3.2200    1.8833029E-04    2.4538148E-02   -2.4538148E-02
 3.2300    1.8196537E-04    2.3856332E-02   -2.3856332E-02
 3.2400    1.7581994E-04    2.3193592E-02   -2.3193592E-02
 3.2500    1.6988648E-04    2.2549421E-02   -2.2549421E-02
 3.2600    1.6415753E-04    2.1923297E-02   -2.1923297E-02
 3.2700    1.5862553E-04    2.1314663E-02   -2.1314663E-02
 3.2800    1.5328297E-04    2.0722944E-02   -2.0722944E-02
 3.2900    1.4812264E-04    2.0147590E-02   -2.0147590E-02
 3.3000    1.4313788E-04    1.9588100E-02   -1.9588100E-02
 3.3100    1.3832242E-04    1.9044012E-02   -1.9044012E-02
 3.3200    1.3367017E-04    1.8514864E-02   -1.8514864E-02
 3.3300    1.2917499E-04    1.8000177E-02   -1.8000177E-02
 3.3400    1.2483085E-04    1.7499463E-02   -1.7499463E-02
 3.3500    1.2063211E-04    1.7012276E-02   -1.7012276E-02
 3.3600    1.1657373E-04    1.6538234E-02   -1.6538234E-02
 3.3700    1.1265106E-04    1.6076998E-02   -1.6076998E-02
 3.3800    1.0885955E-04    1.5628231E-02   -1.5628231E-02
 3.3900    1.0519449E-04    1.5191556E-02   -1.5191556E-02
 3.4000    1.0165107E-04    1.4766571E-02   -1.4766571E-02
 3.4100    9.8224763E-05    1.4352898E-02   -1.4352898E-02
 3.4200    9.4911593E-05    1.3950229E-02   -1.3950229E-02
 3.4300    9.1708241E-05    1.3558338E-02   -1.3558338E-02
 3.4400    8.8611738E-05    1.3177044E-02   -1.3177044E-02
 3.4500    8.5619059E-05    1.2806148E-02   -1.2806148E-02
 3.4600    8.2726896E-05    1.2445398E-02   -1.2445398E-02
 3.4700    7.9931740E-05    1.2094505E-02   -1.2094505E-02
 3.4800    7.7230127E-05    1.1753172E-02   -1.1753172E-02
 3.4900    7.4618851E-05    1.1421135E-02   -1.1421135E-02
 3.5000    7.2095029E-05    1.1098167E-02   -1.1098167E-02
 3.5100    6.9656035E-05    1.0784074E-02   -1.0784074E-02
 3.5200    6.7299398E-05    1.0478675E-02   -1.0478675E-02
 3.5300    6.5022684E-05    1.0181791E-02   -1.0181791E-02
 3.5400    6.2823437E-05    9.8932295E-03   -9.8932295E-03
 3.5500    6.0699195E-05    9.6127910E-03   -9.6127910E-03
 3.5600    5.8647571E-05    9.3402798E-03   -9.3402798E-03
 3.5700    5.6666317E-05    9.0755151E-03   -9.0755151E-03
 3.5800    5.4753298E-05    8.8183270E-03   -8.8183270E-03
 3.5900    5.2906392E-05    8.5685415E-03   -8.5685415E-03
 3.6000    5.1123424E-05    8.3259692E-03   -8.3259692E-03
 3.6100    4.9402198E-05    8.0904102E-03   -8.0904102E-03
 3.6200    4.7740601E-05    7.8616713E-03   -7.8616713E-03
 3.6300    4.6136665E-05    7.6395769E-03   -7.6395769E-03
 3.6400    4.4588514E-05    7.4239601E-03   -7.4239601E-03
 3.6500    4.3094173E-05    7.2146313E-03   -7.2146313E-03
 3.6600    4.1651363E-05    7.0113436E-03   -7.0113436E-03
 3.6700    4.0257480E-05    6.8137874E-03   -6.8137874E-03
 3.6800    3.8909921E-05    6.6216444E-03   -6.6216444E-03
 3.6900    3.7606691E-05    6.4346914E-03   -6.4346914E-03
 3.7000    3.6346900E-05    6.2528885E-03   -6.2528885E-03
 3.7100    3.5130654E-05    6.0763660E-03   -6.0763660E-03
 3.7200    3.3958203E-05    5.9052792E-03   -5.9052792E-03
 3.7300    3.2828831E-05    5.7396174E-03   -5.7396174E-03
 3.7400    3.1740351E-05    5.5791083E-03   -5.5791083E-03
 3.7500    3.0689571E-05    5.4232948E-03   -5.4232948E-03
 3.7600    2.9673326E-05    5.2717133E-03   -5.2717133E-03
 3.7700    2.8689287E-05    5.1240377E-03   -5.1240377E-03
 3.7800    2.7736098E-05    4.9801087E-03   -4.9801087E-03
 3.7900    2.6813027E-05    4.8398749E-03   -4.8398749E-03
 3.8000    2.5919539E-05    4.7033179E-03   -4.7033179E-03
 3.8100    2.5055046E-05    4.5704086E-03   -4.5704086E-03
 3.8200    2.4218831E-05    4.4410920E-03   -4.4410920E-03
 3.8300    2.3410026E-05    4.3152832E-03   -4.3152832E-03
 3.8400    2.2627598E-05    4.1928640E-03   -4.1928640E-03
 3.8500    2.1870398E-05    4.0736902E-03   -4.0736902E-03
 3.8600    2.1137290E-05    3.9576171E-03   -3.9576171E-03
 3.8700    2.0427355E-05    3.8445359E-03   -3.8445359E-03
 3.8800    1.9740009E-05    3.7343985E-03   -3.7343985E-03
 3.8900    1.9074957E-05    3.6272094E-03   -3.6272094E-03
 3.9000    1.8431997E-05    3.5229904E-03   -3.5229904E-03
 3.9100    1.7810815E-05    3.4217413E-03   -3.4217413E-03
 3.9200    1.7210886E-05    3.3234200E-03   -3.3234200E-03
 3.9300    1.6631492E-05    3.2279454E-03   -3.2279454E-03
 3.9400    1.6071785E-05    3.1352085E-03   -3.1352085E-03
 3.9500    1.5530858E-05    3.0450856E-03   -3.0450856E-03
 3.9600    1.5007820E-05    2.9574529E-03   -2.9574529E-03
 3.9700    1.4501916E-05    2.8722105E-03   -2.8722105E-03
 3.9800    1.4012647E-05    2.7893062E-03   -2.7893062E-03
 3.9900    1.3539802E-05    2.7087440E-03   -2.7087440E-03
 4.0000    1.3083345E-05    2.6305625E-03   -2.6305625E-03
 4.0100    1.2643190E-05    2.5547904E-03   -2.5547904E-03
 4.0200    1.2218996E-05    2.4814041E-03   -2.4814041E-03
 4.0300    1.1810123E-05    2.4103181E-03   -2.4103181E-03
 4.0400    1.1415766E-05    2.3414109E-03   -2.3414109E-03
 4.0500    1.1035150E-05    2.2745639E-03   -2.2745639E-03
 4.0600    1.0667638E-05    2.2096842E-03   -2.2096842E-03
 4.0700    1.0312727E-05    2.1467042E-03   -2.1467042E-03
 4.0800    9.9699974E-06    2.0855722E-03   -2.0855722E-03
 4.0900    9.6390825E-06    2.0262460E-03   -2.0262460E-03
 4.1000    9.3196434E-06    1.9686879E-03   -1.9686879E-03
 4.1100    9.0113249E-06    1.9128555E-03   -1.9128555E-03
 4.1200    8.7137086E-06    1.8586916E-03   -1.8586916E-03
 4.1300    8.4263088E-06    1.8061231E-03   -1.8061231E-03
 4.1400    8.1486254E-06    1.7550718E-03   -1.7550718E-03
 4.1500    7.8802083E-06    1.7054687E-03   -1.7054687E-03
 4.1600    7.6206854E-06    1.6572597E-03   -1.6572597E-03
 4.1700    7.3697392E-06    1.6104012E-03   -1.6104012E-03
 4.1800    7.1270641E-06    1.5648514E-03   -1.5648514E-03
 4.1900    6.8923433E-06    1.5205644E-03   -1.5205644E-03
 4.2000    6.6652634E-06    1.4774941E-03   -1.4774941E-03
 4.2100    6.4455393E-06    1.4355996E-03   -1.4355996E-03
 4.2200    6.2329174E-06    1.3948456E-03   -1.3948456E-03
 4.2300    6.0271504E-06    1.3551976E-03   -1.3551976E-03
 4.2400    5.8279740E-06    1.3166162E-03   -1.3166162E-03
 4.2500    5.6351167E-06    1.2790592E-03   -1.2790592E-03
 4.2600    5.4483359E-06    1.2424901E-03   -1.2424901E-03
 4.2700    5.2674492E-06    1.2068852E-03   -1.2068852E-03
 4.2800    5.0923336E-06    1.1722338E-03   -1.1722338E-03
 4.2900    4.9228888E-06    1.1385300E-03   -1.1385300E-03
 4.3000    4.7589875E-06    1.1057612E-03   -1.1057612E-03
 4.3100    4.6004411E-06    1.0739001E-03   -1.0739001E-03
 4.3200    4.4470013E-06    1.0429047E-03   -1.0429047E-03
 4.3300    4.2983915E-06    1.0127252E-03   -1.0127252E-03
 4.3400    4.1543555E-06    9.8331572E-04   -9.8331572E-04
 4.3500    4.0147116E-06    9.5464682E-04   -9.5464682E-04
 4.3600    3.8793980E-06    9.2671711E-04   -9.2671711E-04
 4.3700    3.7484815E-06    8.9955580E-04   -8.9955580E-04
 4.3800    3.6220994E-06    8.7320948E-04   -8.7320948E-04
 4.3900    3.5003486E-06    8.4771566E-04   -8.4771566E-04
 4.4000    3.3831825E-06    8.2307733E-04   -8.2307733E-04
 4.4100    3.2703739E-06    7.9925332E-04   -7.9925332E-04
 4.4200    3.1615643E-06    7.7616923E-04   -7.7616923E-04
 4.4300    3.0563715E-06    7.5374329E-04   -7.5374329E-04
 4.4400    2.9545098E-06    7.3191600E-04   -7.3191600E-04
 4.4500    2.8558659E-06    7.1066954E-04   -7.1066954E-04
 4.4600    2.7604894E-06    6.9002634E-04   -6.9002634E-04
 4.4700    2.6685004E-06    6.7002681E-04   -6.7002681E-04
 4.4800    2.5799713E-06    6.5069994E-04   -6.5069994E-04
 4.4900    2.4948529E-06    6.3204425E-04   -6.3204425E-04
 4.5000    2.4129756E-06    6.1402749E-04   -6.1402749E-04
 4.5100    2.3341039E-06    5.9659983E-04   -5.9659983E-04
 4.5200    2.2579980E-06    5.7970932E-04   -5.7970932E-04
 4.5300    2.1844537E-06    5.6331214E-04   -5.6331214E-04
 4.5400    2.1133214E-06    5.4737774E-04   -5.4737774E-04
 4.5500    2.0445169E-06    5.3189187E-04   -5.3189187E-04
 4.5600    1.9780241E-06    5.1685787E-04   -5.1685787E-04
 4.5700    1.9138744E-06    5.0229134E-04   -5.0229134E-04
 4.5800    1.8520903E-06    4.8820584E-04   -4.8820584E-04
 4.5900    1.7926233E-06    4.7459621E-04   -4.7459621E-04
 4.6000    1.7353299E-06    4.6143187E-04   -4.6143187E-04
 4.6100    1.6800087E-06    4.4866608E-04   -4.4866608E-04
 4.6200    1.6264651E-06    4.3625314E-04   -4.3625314E-04
 4.6300    1.5745565E-06    4.2416038E-04   -4.2416038E-04
 4.6400    1.5241951E-06    4.1236936E-04   -4.1236936E-04
 4.6500    1.4753312E-06    4.0087160E-04   -4.0087160E-04
 4.6600    1.4279400E-06    3.8966523E-04   -3.8966523E-04
 4.6700    1.3820128E-06    3.7875266E-04   -3.7875266E-04
 4.6800    1.3375404E-06    3.6813615E-04   -3.6813615E-04
 4.6900    1.2944886E-06    3.5781106E-04   -3.5781106E-04
 4.7000    1.2527846E-06    3.4776189E-04   -3.4776189E-04
 4.7100    1.2123277E-06    3.3796498E-04   -3.3796498E-04
 4.7200    1.1730192E-06    3.2839686E-04   -3.2839686E-04
 4.7300    1.1347954E-06    3.1904337E-04   -3.1904337E-04
 4.7400    1.0976438E-06    3.0990458E-04   -3.0990458E-04
 4.7500    1.0615964E-06    3.0099307E-04   -3.0099307E-04
 4.7600    1.0267006E-06    2.9232610E-04   -2.9232610E-04
 4.7700    9.9298479E-07    2.8391558E-04   -2.8391558E-04
 4.7800    9.6043674E-07    2.7576200E-04   -2.7576200E-04
 4.7900    9.2900885E-07    2.6785561E-04   -2.6785561E-04
 4.8000    8.9864054E-07    2.6018266E-04   -2.6018266E-04
 4.8100    8.6927956E-07    2.5273157E-04   -2.5273157E-04
 4.8200    8.4089190E-07    2.4549582E-04   -2.4549582E-04
 4.8300    8.1346390E-07    2.3847475E-04   -2.3847475E-04
 4.8400    7.8700200E-07    2.3167353E-04   -2.3167353E-04
 4.8500    7.6152778E-07    2.2510186E-04   -2.2510186E-04
 4.8600    7.3706336E-07    2.1876973E-04   -2.1876973E-04
 4.8700    7.1360963E-07    2.1268090E-04   -2.1268090E-04
 4.8800    6.9112918E-07    2.0682772E-04   -2.0682772E-04
 4.8900    6.6954673E-07    2.0119096E-04   -2.0119096E-04
 4.9000    6.4876834E-07    1.9574545E-04   -1.9574545E-04
 4.9100    6.2870892E-07    1.9046820E-04   -1.9046820E-04
 4.9200    6.0931711E-07    1.8534610E-04   -1.8534610E-04
 4.9300    5.9059489E-07    1.8038208E-04   -1.8038208E-04
 4.9400    5.7260968E-07    1.7559916E-04   -1.7559916E-04
 4.9500    5.5548674E-07    1.7103853E-04   -1.7103853E-04
 4.9600    5.3936339E-07    1.6674572E-04   -1.6674572E-04
 4.9700    5.2430076E-07    1.6274330E-04   -1.6274330E-04
 4.9800    5.1018412E-07    1.5899940E-04   -1.5899940E-04
 4.9900    4.9668104E-07    1.5541343E-04   -1.5541343E-04
 5.0000    4.8332607E-07    1.5184136E-04   -1.5184136E-04
 5.0100    4.6972523E-07    1.4815940E-04   -1.4815940E-04
 5.0200    4.5576012E-07    1.4432901E-04   -1.4432901E-04
 5.0300    4.4163694E-07    1.4041426E-04   -1.4041426E-04
 5.0400    4.2773813E-07    1.3653654E-04   -1.3653654E-04
 5.0500    4.1439787E-07    1.3280369E-04   -1.3280369E-04
 5.0600    4.0176725E-07    1.2926633E-04   -1.2926633E-04
 5.0700    3.8982822E-07    1.2592126E-04   -1.2592126E-04
 5.0800    3.7848538E-07    1.2274008E-04   -1.2274008E-04
 5.0900    3.6763755E-07    1.1969204E-04   -1.1969204E-04
 5.1000    3.5719532E-07    1.1674975E-04   -1.1674975E-04
 5.1100    3.4707551E-07    1.1388739E-04   -1.1388739E-04
 5.1200    3.3721006E-07    1.1108369E-04   -1.1108369E-04
 5.1300    3.2757107E-07    1.0833035E-04   -1.0833035E-04
 5.1400    3.1818342E-07    1.0563641E-04   -1.0563641E-04
 5.1500    3.0910281E-07    1.0302136E-04   -1.0302136E-04
 5.1600    3.0037118E-07    1.0050034E-04   -1.0050034E-04
 5.1700    2.9198605E-07    9.8073811E-05   -9.8073811E-05
 5.1800    2.8390767E-07    9.5729660E-05   -9.5729660E-05
 5.1900    2.7609334E-07    9.3454561E-05   -9.3454561E-05
 5.2000    2.6852705E-07    9.1244059E-05   -9.1244059E-05
 5.2100    2.6122338E-07    8.9104031E-05   -8.9104031E-05
 5.2200    2.5420871E-07    8.7044492E-05   -8.7044492E-05
 5.2300    2.4749856E-07    8.5071857E-05   -8.5071857E-05
 5.2400    2.4108478E-07    8.3184467E-05   -8.3184467E-05
 5.2500    2.3493330E-07    8.1371635E-05   -8.1371635E-05
 5.2600    2.2898671E-07    7.9614401E-05   -7.9614401E-05
 5.2700    2.2317387E-07    7.7888696E-05   -7.7888696E-05
 5.2800    2.1743467E-07    7.6173954E-05   -7.6173954E-05
 5.2900    2.1175654E-07    7.4466004E-05   -7.4466004E-05
 5.3000    2.0619510E-07    7.2784675E-05   -7.2784675E-05
 5.3100    2.0085020E-07    7.1165773E-05   -7.1165773E-05
 5.3200    1.9580539E-07    6.9639840E-05   -6.9639840E-05
 5.3300    1.9107858E-07    6.8214436E-05   -6.8214436E-05
 5.3400    1.8662453E-07    6.6874586E-05   -6.6874586E-05
 5.3500    1.8237957E-07    6.5598456E-05   -6.5598456E-05
 5.3600    1.7830320E-07    6.4372235E-05   -6.4372235E-05
 5.3700    1.7438644E-07    6.3193317E-05   -6.3193317E-05
 5.3800    1.7063565E-07    6.2064631E-05   -6.2064631E-05
 5.3900    1.6705602E-07    6.0988721E-05   -6.0988721E-05
 5.4000    1.6364568E-07    5.9965565E-05   -5.9965565E-05
 5.4100    1.6039744E-07    5.8993182E-05   -5.8993182E-05
 5.4200    1.5730398E-07    5.8069510E-05   -5.8069510E-05
 5.4300    1.5436239E-07    5.7194074E-05   -5.7194074E-05
 5.4400    1.5157162E-07    5.6367083E-05   -5.6367083E-05
 5.4500    1.4892224E-07    5.5585616E-05   -5.5585616E-05
 5.4600    1.4638910E-07    5.4840815E-05   -5.4840815E-05
 5.4700    1.4393722E-07    5.4119979E-05   -5.4119979E-05
 5.4800    1.4153573E-07    5.3411781E-05   -5.3411781E-05
 5.4900    1.3916572E-07    5.2709249E-05   -5.2709249E-05
 5.5000    1.3681708E-07    5.2008648E-05   -5.2008648E-05
 5.5100    1.3448370E-07    5.1307718E-05   -5.1307718E-05
 5.5200    1.3216524E-07    5.0606380E-05   -5.0606380E-05
 5.5300    1.2987112E-07    4.9908292E-05   -4.9908292E-05
 5.5400    1.2761714E-07    4.9219636E-05   -4.9219636E-05
 5.5500    1.2541525E-07    4.8545188E-05   -4.8545188E-05
 5.5600    1.2326760E-07    4.7885982E-05   -4.7885982E-05
 5.5700    1.2117357E-07    4.7241987E-05   -4.7241987E-05
 5.5800    1.1914351E-07    4.6617465E-05   -4.6617465E-05
 5.5900    1.1720268E-07    4.6022586E-05   -4.6022586E-05
 5.6000    1.1537710E-07    4.5467967E-05   -4.5467967E-05
 5.6100    1.1367375E-07    4.4956840E-05   -4.4956840E-05
 5.6200    1.1207673E-07    4.4483399E-05   -4.4483399E-05
 5.6300    1.1056595E-07    4.4040075E-05   -4.4040075E-05
 5.6400    1.0913988E-07    4.3626617E-05   -4.3626617E-05
 5.6500    1.0781771E-07    4.3251071E-05   -4.3251071E-05
 5.6600    1.0661669E-07    4.2920810E-05   -4.2920810E-05
 5.6700    1.0552644E-07    4.2632152E-05   -4.2632152E-05
 5.6800    1.0450581E-07    4.2368878E-05   -4.2368878E-05
 5.6900    1.0350541E-07    4.2111184E-05   -4.2111184E-05
 5.7000    1.0249347E-07    4.1846174E-05   -4.1846174E-05
 5.7100    1.0145915E-07    4.1569354E-05   -4.1569354E-05
 5.7200    1.0039035E-07    4.1275645E-05   -4.1275645E-05
 5.7300    9.9250946E-08    4.0949986E-05   -4.0949986E-05
 5.7400    9.7989682E-08    4.0570840E-05   -4.0570840E-05
 5.7500    9.6587969E-08    4.0129947E-05   -4.0129947E-05
 5.7600    9.5113924E-08    3.9655089E-05   -3.9655089E-05
 5.7700    9.3729553E-08    3.9213719E-05   -3.9213719E-05
 5.7800    9.2625072E-08    3.8886074E-05   -3.8886074E-05
 5.7900    9.1915119E-08    3.8721658E-05   -3.8721658E-05
 5.8000    9.1570605E-08    3.8709890E-05   -3.8709890E-05
 5.8100    9.1434609E-08    3.8785799E-05   -3.8785799E-05
 5.8200    9.1304675E-08    3.8864121E-05   -3.8864121E-05
 5.8300    9.1022408E-08    3.8877228E-05   -3.8877228E-05
 5.8400    9.0523910E-08    3.8797064E-05   -3.8797064E-05
 5.8500    8.9841792E-08    3.8636698E-05   -3.8636698E-05
 5.8600    8.9073188E-08    3.8437231E-05   -3.8437231E-05
 5.8700    8.8333519E-08    3.8248253E-05   -3.8248253E-05
 5.8800    8.7714575E-08    3.8109766E-05   -3.8109766E-05
 5.8900    8.7259899E-08    3.8041283E-05   -3.8041283E-05
 5.9000    8.6960175E-08    3.8039456E-05   -3.8039456E-05
 5.9100    8.6764389E-08    3.8082578E-05   -3.8082578E-05
 5.9200    8.6602751E-08    3.8140376E-05   -3.8140376E-05
 5.9300    8.6415969E-08    3.8186799E-05   -3.8186799E-05
 5.9400    8.6177572E-08    3.8209997E-05   -3.8209997E-05
 5.9500    8.5894256E-08    3.8212717E-05   -3.8212717E-05
 5.9600    8.5584869E-08    3.8203167E-05   -3.8203167E-05
 5.9700    8.5258671E-08    3.8185377E-05   -3.8185377E-05
 5.9800    8.4913388E-08    3.8158246E-05   -3.8158246E-05
 5.9900    8.4550466E-08    3.8122337E-05   -3.8122337E-05
 6.0000    8.4185912E-08    3.8084809E-05   -3.8084809E-05
 6.0100    8.3842890E-08    3.8056167E-05   -3.8056167E-05
 6.0200    8.3535456E-08    3.8042907E-05   -3.8042907E-05
 6.0300    8.3261639E-08    3.8044287E-05   -3.8044287E-05
 6.0400    8.3010289E-08    3.8055345E-05   -3.8055345E-05
 6.0500    8.2770663E-08    3.8071242E-05   -3.8071242E-05
 6.0600    8.2536232E-08    3.8089016E-05   -3.8089016E-05
 6.0700    8.2307356E-08    3.8108855E-05   -3.8108855E-05
 6.0800    8.2099528E-08    3.8137980E-05   -3.8137980E-05
 6.0900    8.1949426E-08    3.8193580E-05   -3.8193580E-05
 6.1000    8.1901616E-08    3.8296758E-05   -3.8296758E-05
 6.1100    8.1975461E-08    3.8457066E-05   -3.8457066E-05
 6.1200    8.2140196E-08    3.8660587E-05   -3.8660587E-05
 6.1300    8.2327093E-08    3.8875286E-05   -3.8875286E-05
 6.1400    8.2471199E-08    3.9070495E-05   -3.9070495E-05
 6.1500    8.2542666E-08    3.9231832E-05   -3.9231832E-05
 6.1600    8.2540589E-08    3.9358528E-05   -3.9358528E-05
 6.1700    8.2465242E-08    3.9450374E-05   -3.9450374E-05
 6.1800    8.2305445E-08    3.9501663E-05   -3.9501663E-05
 6.1900    8.2054699E-08    3.9508871E-05   -3.9508871E-05
 6.2000    8.1734526E-08    3.9481968E-05   -3.9481968E-05
 6.2100    8.1397338E-08    3.9446027E-05   -3.9446027E-05
 6.2200    8.1105718E-08    3.9431392E-05   -3.9431392E-05
 6.2300    8.0907354E-08    3.9461533E-05   -3.9461533E-05
 6.2400    8.0821819E-08    3.9546465E-05   -3.9546465E-05
 6.2500    8.0838796E-08    3.9681651E-05   -3.9681651E-05
 6.2600    8.0921504E-08    3.9849463E-05   -3.9849463E-05
 6.2700    8.1016440E-08    4.0023780E-05   -4.0023780E-05
 6.2800    8.1072835E-08    4.0179498E-05   -4.0179498E-05
 6.2900    8.1064440E-08    4.0303387E-05   -4.0303387E-05
 6.3000    8.0997911E-08    4.0398457E-05   -4.0398457E-05
 6.3100    8.0901641E-08    4.0478640E-05   -4.0478640E-05
 6.3200    8.0807310E-08    4.0559694E-05   -4.0559694E-05
 6.3300    8.0740631E-08    4.0654575E-05   -4.0654575E-05
 6.3400    8.0723101E-08    4.0774272E-05   -4.0774272E-05
 6.3500    8.0772814E-08    4.0928189E-05   -4.0928189E-05
 6.3600    8.0896525E-08    4.1120081E-05   -4.1120081E-05
 6.3700    8.1079326E-08    4.1342702E-05   -4.1342702E-05
 6.3800    8.1283835E-08    4.1577216E-05   -4.1577216E-05
 6.3900    8.1462708E-08    4.1799436E-05   -4.1799436E-05
 6.4000    8.1576457E-08    4.1988915E-05   -4.1988915E-05
 6.4100    8.1603561E-08    4.2134227E-05   -4.2134227E-05
 6.4200    8.1535296E-08    4.2230437E-05   -4.2230437E-05
 6.4300    8.1360890E-08    4.2271485E-05   -4.2271485E-05
 6.4400    8.1059857E-08    4.2246179E-05   -4.2246179E-05
 6.4500    8.0615513E-08    4.2145180E-05   -4.2145180E-05
 6.4600    8.0044679E-08    4.1976610E-05   -4.1976610E-05
 6.4700    7.9419056E-08    4.1777567E-05   -4.1777567E-05
 6.4800    7.8853550E-08    4.1608410E-05   -4.1608410E-05
 6.4900    7.8459178E-08    4.1528191E-05   -4.1528191E-05
 6.5000    7.8285138E-08    4.1563863E-05   -4.1563863E-05
 6.5100    7.8283817E-08    4.1691146E-05   -4.1691146E-05
 6.5200    7.8318919E-08    4.1838079E-05   -4.1838079E-05
 6.5300    7.8215694E-08    4.1911203E-05   -4.1911203E-05
 6.5400    7.7837833E-08    4.1836573E-05   -4.1836573E-05
 6.5500    7.7164317E-08    4.1601499E-05   -4.1601499E-05
 6.5600    7.6326090E-08    4.1275330E-05   -4.1275330E-05
 6.5700    7.5564871E-08    4.0988361E-05   -4.0988361E-05
 6.5800    7.5118070E-08    4.0870135E-05   -4.0870135E-05
 6.5900    7.5094931E-08    4.0981827E-05   -4.0981827E-05
 6.6000    7.5427861E-08    4.1288540E-05   -4.1288540E-05
 6.6100    7.5928261E-08    4.1688497E-05   -4.1688497E-05
 6.6200    7.6396987E-08    4.2072864E-05   -4.2072864E-05
 6.6300    7.6711957E-08    4.2374051E-05   -4.2374051E-05
 6.6400    7.6853977E-08    4.2580658E-05   -4.2580658E-05
 6.6500    7.6883721E-08    4.2725539E-05   -4.2725539E-05
 6.6600    7.6900984E-08    4.2863756E-05   -4.2863756E-05
 6.6700    7.7005271E-08    4.3050875E-05   -4.3050875E-05
 6.6800    7.7262263E-08    4.3324166E-05   -4.3324166E-05
 6.6900    7.7678130E-08    4.3687869E-05   -4.3687869E-05
 6.7000    7.8189680E-08    4.4107141E-05   -4.4107141E-05
 6.7100    7.8682136E-08    4.4517528E-05   -4.4517528E-05
 6.7200    7.9036779E-08    4.4851570E-05   -4.4851570E-05
 6.7300    7.9188368E-08    4.5071435E-05   -4.5071435E-05
 6.7400    7.9157088E-08    4.5187620E-05   -4.5187620E-05
 6.7500    7.9032186E-08    4.5250294E-05   -4.5250294E-05
 6.7600    7.8917911E-08    4.5318846E-05   -4.5318846E-05
 6.7700    7.8877553E-08    4.5429779E-05   -4.5429779E-05
 6.7800    7.8908082E-08    4.5581723E-05   -4.5581723E-05
 6.7900    7.8954021E-08    4.5742897E-05   -4.5742897E-05
 6.8000    7.8945892E-08    4.5873008E-05   -4.5873008E-05
 6.8100    7.8839224E-08    4.5945865E-05   -4.5945865E-05
 6.8200    7.8634789E-08    4.5961409E-05   -4.5961409E-05
 6.8300    7.8372986E-08    4.5942822E-05   -4.5942822E-05
 6.8400    7.8107941E-08    4.5921626E-05   -4.5921626E-05
 6.8500    7.7875429E-08    4.5918898E-05   -4.5918898E-05
 6.8600    7.7672134E-08    4.5932844E-05   -4.5932844E-05
 6.8700    7.7459718E-08    4.5940873E-05   -4.5940873E-05
 6.8800    7.7193747E-08    4.5916509E-05   -4.5916509E-05
 6.8900    7.6860095E-08    4.5851044E-05   -4.5851044E-05
 6.9000    7.6494018E-08    4.5765216E-05   -4.5765216E-05
 6.9100    7.6169293E-08    4.5703124E-05   -4.5703124E-05
 6.9200    7.5967869E-08    4.5714292E-05   -4.5714292E-05
 6.9300    7.5951823E-08    4.5836826E-05   -4.5836826E-05
 6.9400    7.6147997E-08    4.6087939E-05   -4.6087939E-05
 6.9500    7.6538152E-08    4.6457672E-05   -4.6457672E-05
 6.9600    7.7049059E-08    4.6902467E-05   -4.6902467E-05
 6.9700    7.7556039E-08    4.7346845E-05   -4.7346845E-05
 6.9800    7.7919502E-08    4.7705327E-05   -4.7705327E-05
 6.9900    7.8046412E-08    4.7920038E-05   -4.7920038E-05
 7.0000    7.7930836E-08    4.7986081E-05   -4.7986081E-05
 7.0100    7.7630061E-08    4.7937549E-05   -4.7937549E-05
 7.0200    7.7190590E-08    4.7802262E-05   -4.7802262E-05
 7.0300    7.6599091E-08    4.7571203E-05   -4.7571203E-05
 7.0400    7.5822949E-08    4.7223248E-05   -4.7223248E-05
 7.0500    7.4915905E-08    4.6790979E-05   -4.6790979E-05
 7.0600    7.4080568E-08    4.6400597E-05   -4.6400597E-05
 7.0700    7.3598209E-08    4.6229153E-05   -4.6229153E-05
 7.0800    7.3655953E-08    4.6396395E-05   -4.6396395E-05
 7.0900    7.4208454E-08    4.6876559E-05   -4.6876559E-05
 7.1000    7.4993150E-08    4.7505967E-05   -4.7505967E-05
 7.1100    7.5688865E-08    4.8081838E-05   -4.8081838E-05
 7.1200    7.6091741E-08    4.8473834E-05   -4.8473834E-05
 7.1300    7.6183511E-08    4.8668718E-05   -4.8668718E-05
 7.1400    7.6069126E-08    4.8732054E-05   -4.8732054E-05
 7.1500    7.5861251E-08    4.8735110E-05   -4.8735110E-05
 7.1600    7.5606286E-08    4.8707273E-05   -4.8707273E-05
 7.1700    7.5288312E-08    4.8638003E-05   -4.8638003E-05
 7.1800    7.4883036E-08    4.8511220E-05   -4.8511220E-05
 7.1900    7.4411822E-08    4.8340327E-05   -4.8340327E-05
 7.2000    7.3959780E-08    4.8180407E-05   -4.8180407E-05
 7.2100    7.3647217E-08    4.8110153E-05   -4.8110153E-05
 7.2200    7.3571165E-08    4.8193880E-05   -4.8193880E-05
 7.2300    7.3753966E-08    4.8447552E-05   -4.8447552E-05
 7.2400    7.4130745E-08    4.8829847E-05   -4.8829847E-05
 7.2500    7.4577265E-08    4.9259764E-05   -4.9259764E-05
 7.2600    7.4954655E-08    4.9645709E-05   -4.9645709E-05
 7.2700    7.5151037E-08    4.9912999E-05   -4.9912999E-05
 7.2800    7.5115991E-08    5.0027065E-05   -5.0027065E-05
 7.2900    7.4882908E-08    5.0008937E-05   -5.0008937E-05
 7.3000    7.4560614E-08    4.9930402E-05   -4.9930402E-05
 7.3100    7.4281465E-08    4.9879843E-05   -4.9879843E-05
 7.3200    7.4127496E-08    4.9912734E-05   -4.9912734E-05
 7.3300    7.4084154E-08    5.0019937E-05   -5.0019937E-05
 7.3400    7.4056597E-08    5.0137854E-05   -5.0137854E-05
 7.3500    7.3935662E-08    5.0192463E-05   -5.0192463E-05
 7.3600    7.3663998E-08    5.0144208E-05   -5.0144208E-05
 7.3700    7.3258830E-08    5.0004008E-05   -5.0004008E-05
 7.3800    7.2786269E-08    4.9816367E-05   -4.9816367E-05
 7.3900    7.2316171E-08    4.9628845E-05   -4.9628845E-05
 7.4000    7.1889824E-08    4.9469865E-05   -4.9469865E-05
 7.4100    7.1512147E-08    4.9343062E-05   -4.9343062E-05
 7.4200    7.1162439E-08    4.9234383E-05   -4.9234383E-05
 7.4300    7.0815974E-08    4.9126828E-05   -4.9126828E-05
 7.4400    7.0470075E-08    4.9018551E-05   -4.9018551E-05
 7.4500    7.0160816E-08    4.8934712E-05   -4.8934712E-05
 7.4600    6.9951959E-08    4.8920107E-05   -4.8920107E-05
 7.4700    6.9894456E-08    4.9011026E-05   -4.9011026E-05
 7.4800    6.9983307E-08    4.9204806E-05   -4.9204806E-05
 7.4900    7.0146351E-08    4.9451399E-05   -4.9451399E-05
 7.5000    7.0273672E-08    4.9673532E-05   -4.9673532E-05
 7.5100    7.0264919E-08    4.9799879E-05   -4.9799879E-05
 7.5200    7.0067752E-08    4.9792477E-05   -4.9792477E-05
 7.5300    6.9696652E-08    4.9660574E-05   -4.9660574E-05
 7.5400    6.9227943E-08    4.9457708E-05   -4.9457708E-05
 7.5500    6.8764919E-08    4.9257311E-05   -4.9257311E-05
 7.5600    6.8383317E-08    4.9113809E-05   -4.9113809E-05
 7.5700    6.8095164E-08    4.9036323E-05   -4.9036323E-05
 7.5800    6.7863503E-08    4.8998699E-05   -4.8998699E-05
 7.5900    6.7651973E-08    4.8974937E-05   -4.8974937E-05
 7.6000    6.7456738E-08    4.8962365E-05   -4.8962365E-05
 7.6100    6.7291242E-08    4.8970859E-05   -4.8970859E-05
 7.6200    6.7149747E-08    4.8996402E-05   -4.8996402E-05
 7.6300    6.6998569E-08    4.9014487E-05   -4.9014487E-05
 7.6400    6.6810505E-08    4.9005106E-05   -4.9005106E-05
 7.6500    6.6605998E-08    4.8983078E-05   -4.8983078E-05
 7.6600    6.6450748E-08    4.8996750E-05   -4.8996750E-05
 7.6700    6.6402063E-08    4.9088772E-05   -4.9088772E-05
 7.6800    6.6452763E-08    4.9254436E-05   -4.9254436E-05
 7.6900    6.6528004E-08    4.9438699E-05   -4.9438699E-05
 7.7000    6.6536319E-08    4.9573557E-05   -4.9573557E-05
 7.7100    6.6424323E-08    4.9618743E-05   -4.9618743E-05
 7.7200    6.6192826E-08    4.9574163E-05   -4.9574163E-05
 7.7300    6.5877655E-08    4.9466022E-05   -4.9466022E-05
