# total charge: 8.000000 
# r(A)     rho (e/A^3)     4*pi*r^2*rho(e/A)  dip  
 0.0000   -1.6156052E-01   -0.0000000E+00    6.3830765E+01
 0.0100   -1.5710557E-01   -1.9742468E-04    6.3512605E+01
 0.0200   -1.5148068E-01   -7.6142493E-04    6.2567592E+01
 0.0300   -1.4445428E-01   -1.6337394E-03    6.1023684E+01
 0.0400   -1.3578359E-01   -2.7300910E-03    5.8925953E+01
 0.0500   -1.2520639E-01   -3.9334749E-03    5.6334386E+01
 0.0600   -1.1243619E-01   -5.0864935E-03    5.3321023E+01
 0.0700   -9.7187098E-02   -5.9843165E-03    4.9966614E+01
 0.0800   -7.9234112E-02   -6.3723854E-03    4.6357021E+01
 0.0900   -5.8474270E-02   -5.9519557E-03    4.2579592E+01
 0.1000   -3.4944887E-02   -4.3913040E-03    3.8719707E+01
 0.1100   -8.7894120E-03   -1.3364572E-03    3.4857685E+01
 0.1200    1.9801011E-02    3.5831065E-03    3.1066186E+01
 0.1300    5.0635595E-02    1.0753566E-02    2.7408221E+01
 0.1400    8.3545535E-02    2.0577337E-02    2.3935817E+01
 0.1500    1.1838285E-01    3.3471961E-02    2.0689343E+01
 0.1600    1.5500844E-01    4.9866075E-02    1.7697467E+01
 0.1700    1.9328087E-01    7.0193447E-02    1.4977659E+01
 0.1800    2.3305264E-01    9.4887478E-02    1.2537138E+01
 0.1900    2.7417482E-01    1.2437830E-01    1.0374152E+01
 0.2000    3.1650423E-01    1.5909238E-01    8.4794623E+00
 0.2100    3.5990659E-01    1.9945193E-01    6.8379234E+00
 0.2200    4.0425279E-01    2.4587154E-01    5.4300633E+00
 0.2300    4.4941207E-01    2.9875162E-01    4.2335744E+00
 0.2400    4.9524716E-01    3.5847126E-01    3.2246536E+00
 0.2500    5.4161407E-01    4.2538269E-01    2.3791454E+00
 0.2600    5.8836481E-01    4.9980805E-01    1.6734670E+00
 0.2700    6.3535050E-01    5.8203724E-01    1.0853123E+00
 0.2800    6.8242329E-01    6.7232579E-01    5.9414647E-01
 0.2900    7.2943722E-01    7.7089243E-01    1.8151276E-01
 0.3000    7.7624884E-01    8.7791676E-01   -1.6882101E-01
 0.3100    8.2271787E-01    9.9353732E-01   -4.7084627E-01
 0.3200    8.6870782E-01    1.1178501E+00   -7.3639595E-01
 0.3300    9.1408619E-01    1.2509066E+00   -9.7529559E-01
 0.3400    9.5872423E-01    1.3927123E+00   -1.1955572E+00
 0.3500    1.0024969E+00    1.5432241E+00   -1.4035949E+00
 0.3600    1.0452835E+00    1.7023504E+00   -1.6044461E+00
 0.3700    1.0869685E+00    1.8699511E+00   -1.8019863E+00
 0.3800    1.1274424E+00    2.0458389E+00   -1.9991274E+00
 0.3900    1.1666014E+00    2.2297778E+00   -2.1979929E+00
 0.4000    1.2043463E+00    2.4214819E+00   -2.4000691E+00
 0.4100    1.2405823E+00    2.6206145E+00   -2.6063327E+00
 0.4200    1.2752195E+00    2.8267889E+00   -2.8173580E+00
 0.4300    1.3081747E+00    3.0395725E+00   -3.0334069E+00
 0.4400    1.3393724E+00    3.2584912E+00   -3.2545004E+00
 0.4500    1.3687452E+00    3.4830323E+00   -3.4804749E+00
 0.4600    1.3962337E+00    3.7126470E+00   -3.7110245E+00
 0.4700    1.4217858E+00    3.9467513E+00   -3.9457321E+00
 0.4800    1.4453558E+00    4.1847269E+00   -4.1840931E+00
 0.4900    1.4669045E+00    4.4259231E+00   -4.4255328E+00
 0.5000    1.4863984E+00    4.6696583E+00   -4.6694205E+00
 0.5100    1.5038108E+00    4.9152252E+00   -4.9150816E+00
 0.5200    1.5191220E+00    5.1618956E+00   -5.1618098E+00
 0.5300    1.5323203E+00    5.4089273E+00   -5.4088766E+00
 0.5400    1.5434009E+00    5.6555669E+00   -5.6555371E+00
 0.5500    1.5523660E+00    5.9010511E+00   -5.9010339E+00
 0.5600    1.5592235E+00    6.1446094E+00   -6.1445996E+00
 0.5700    1.5639871E+00    6.3854680E+00   -6.3854624E+00
 0.5800    1.5666769E+00    6.6228558E+00   -6.6228526E+00
 0.5900    1.5673195E+00    6.8560099E+00   -6.8560082E+00
 0.6000    1.5659475E+00    7.0841794E+00   -7.0841784E+00
 0.6100    1.5625985E+00    7.3066271E+00   -7.3066265E+00
 0.6200    1.5573153E+00    7.5226318E+00   -7.5226315E+00
 0.6300    1.5501452E+00    7.7314928E+00   -7.7314926E+00
 0.6400    1.5411404E+00    7.9325354E+00   -7.9325353E+00
 0.6500    1.5303580E+00    8.1251168E+00   -8.1251168E+00
 0.6600    1.5178600E+00    8.3086304E+00   -8.3086303E+00
 0.6700    1.5037123E+00    8.4825071E+00   -8.4825070E+00
 0.6800    1.4879847E+00    8.6462175E+00   -8.6462175E+00
 0.6900    1.4707498E+00    8.7992738E+00   -8.7992738E+00
 0.7000    1.4520830E+00    8.9412324E+00   -8.9412324E+00
 0.7100    1.4320625E+00    9.0716971E+00   -9.0716971E+00
 0.7200    1.4107689E+00    9.1903220E+00   -9.1903220E+00
 0.7300    1.3882849E+00    9.2968151E+00   -9.2968151E+00
 0.7400    1.3646955E+00    9.3909401E+00   -9.3909401E+00
 0.7500    1.3400872E+00    9.4725180E+00   -9.4725180E+00
 0.7600    1.3145474E+00    9.5414265E+00   -9.5414265E+00
 0.7700    1.2881644E+00    9.5975995E+00   -9.5975995E+00
 0.7800    1.2610264E+00    9.6410257E+00   -9.6410257E+00
 0.7900    1.2332212E+00    9.6717493E+00   -9.6717493E+00
 0.8000    1.2048366E+00    9.6898706E+00   -9.6898706E+00
 0.8100    1.1759597E+00    9.6955478E+00   -9.6955478E+00
 0.8200    1.1466775E+00    9.6889982E+00   -9.6889982E+00
 0.8300    1.1170762E+00    9.6704983E+00   -9.6704983E+00
 0.8400    1.0872410E+00    9.6403825E+00   -9.6403825E+00
 0.8500    1.0572557E+00    9.5990390E+00   -9.5990390E+00
 0.8600    1.0272021E+00    9.5469065E+00   -9.5469065E+00
 0.8700    9.9715974E-01    9.4844708E+00   -9.4844708E+00
 0.8800    9.6720567E-01    9.4122628E+00   -9.4122628E+00
 0.8900    9.3741456E-01    9.3308578E+00   -9.3308578E+00
 0.9000    9.0785860E-01    9.2408750E+00   -9.2408750E+00
 0.9100    8.7860742E-01    9.1429746E+00   -9.1429746E+00
 0.9200    8.4972761E-01    9.0378525E+00   -9.0378525E+00
 0.9300    8.2128214E-01    8.9262314E+00   -8.9262314E+00
 0.9400    7.9332944E-01    8.8088486E+00   -8.8088486E+00
 0.9500    7.6592237E-01    8.6864401E+00   -8.6864401E+00
 0.9600    7.3910706E-01    8.5597224E+00   -8.5597224E+00
 0.9700    7.1292186E-01    8.4293729E+00   -8.4293729E+00
 0.9800    6.8739663E-01    8.2960128E+00   -8.2960128E+00
 0.9900    6.6255250E-01    8.1601953E+00   -8.1601953E+00
 1.0000    6.3840237E-01    8.0224008E+00   -8.0224008E+00
 1.0100    6.1495199E-01    7.8830416E+00   -7.8830416E+00
 1.0200    5.9220156E-01    7.7424740E+00   -7.7424740E+00
 1.0300    5.7014745E-01    7.6010135E+00   -7.6010135E+00
 1.0400    5.4878348E-01    7.4589479E+00   -7.4589479E+00
 1.0500    5.2810176E-01    7.3165455E+00   -7.3165455E+00
 1.0600    5.0809307E-01    7.1740577E+00   -7.1740577E+00
 1.0700    4.8874708E-01    7.0317204E+00   -7.0317204E+00
 1.0800    4.7005252E-01    6.8897548E+00   -6.8897548E+00
 1.0900    4.5199732E-01    6.7483675E+00   -6.7483675E+00
 1.1000    4.3456862E-01    6.6077499E+00   -6.6077499E+00
 1.1100    4.1775281E-01    6.4680772E+00   -6.4680772E+00
 1.1200    4.0153559E-01    6.3295079E+00   -6.3295079E+00
 1.1300    3.8590210E-01    6.1921845E+00   -6.1921845E+00
 1.1400    3.7083707E-01    6.0562348E+00   -6.0562348E+00
 1.1500    3.5632498E-01    5.9217738E+00   -5.9217738E+00
 1.1600    3.4235018E-01    5.7889048E+00   -5.7889048E+00
 1.1700    3.2889697E-01    5.6577201E+00   -5.6577201E+00
 1.1800    3.1594960E-01    5.5283010E+00   -5.5283010E+00
 1.1900    3.0349228E-01    5.4007172E+00   -5.4007172E+00
 1.2000    2.9150927E-01    5.2750275E+00   -5.2750275E+00
 1.2100    2.7998490E-01    5.1512806E+00   -5.1512806E+00
 1.2200    2.6890364E-01    5.0295161E+00   -5.0295161E+00
 1.2300    2.5825019E-01    4.9097654E+00   -4.9097654E+00
 1.2400    2.4800948E-01    4.7920520E+00   -4.7920520E+00
 1.2500    2.3816669E-01    4.6763919E+00   -4.6763919E+00
 1.2600    2.2870726E-01    4.5627945E+00   -4.5627945E+00
 1.2700    2.1961704E-01    4.4512638E+00   -4.4512638E+00
 1.2800    2.1088228E-01    4.3418008E+00   -4.3418008E+00
 1.2900    2.0248974E-01    4.2344042E+00   -4.2344042E+00
 1.3000    1.9442658E-01    4.1290696E+00   -4.1290696E+00
 1.3100    1.8668035E-01    4.0257895E+00   -4.0257895E+00
 1.3200    1.7923894E-01    3.9245521E+00   -3.9245521E+00
 1.3300    1.7209061E-01    3.8253424E+00   -3.8253424E+00
 1.3400    1.6522395E-01    3.7281422E+00   -3.7281422E+00
 1.3500    1.5862800E-01    3.6329319E+00   -3.6329319E+00
 1.3600    1.5229218E-01    3.5396905E+00   -3.5396905E+00
 1.3700    1.4620633E-01    3.4483964E+00   -3.4483964E+00
 1.3800    1.4036075E-01    3.3590287E+00   -3.3590287E+00
 1.3900    1.3474614E-01    3.2715670E+00   -3.2715670E+00
 1.4000    1.2935367E-01    3.1859920E+00   -3.1859920E+00
 1.4100    1.2417482E-01    3.1022844E+00   -3.1022844E+00
 1.4200    1.1920139E-01    3.0204238E+00   -3.0204238E+00
 1.4300    1.1442546E-01    2.9403878E+00   -2.9403878E+00
 1.4400    1.0983934E-01    2.8621525E+00   -2.8621525E+00
 1.4500    1.0543566E-01    2.7856939E+00   -2.7856939E+00
 1.4600    1.0120736E-01    2.7109884E+00   -2.7109884E+00
 1.4700    9.7147682E-02    2.6380133E+00   -2.6380133E+00
 1.4800    9.3250177E-02    2.5667464E+00   -2.5667464E+00
 1.4900    8.9508628E-02    2.4971653E+00   -2.4971653E+00
 1.5000    8.5917040E-02    2.4292471E+00   -2.4292471E+00
 1.5100    8.2469638E-02    2.3629680E+00   -2.3629680E+00
 1.5200    7.9160874E-02    2.2983048E+00   -2.2983048E+00
 1.5300    7.5985423E-02    2.2352341E+00   -2.2352341E+00
 1.5400    7.2938163E-02    2.1737326E+00   -2.1737326E+00
 1.5500    7.0014134E-02    2.1137761E+00   -2.1137761E+00
 1.5600    6.7208519E-02    2.0553386E+00   -2.0553386E+00
 1.5700    6.4516646E-02    1.9983932E+00   -1.9983932E+00
 1.5800    6.1934007E-02    1.9429124E+00   -1.9429124E+00
 1.5900    5.9456268E-02    1.8888687E+00   -1.8888687E+00
 1.6000    5.7079272E-02    1.8362350E+00   -1.8362350E+00
 1.6100    5.4799019E-02    1.7849843E+00   -1.7849843E+00
 1.6200    5.2611653E-02    1.7350893E+00   -1.7350893E+00
 1.6300    5.0513443E-02    1.6865221E+00   -1.6865221E+00
 1.6400    4.8500778E-02    1.6392540E+00   -1.6392540E+00
 1.6500    4.6570166E-02    1.5932559E+00   -1.5932559E+00
 1.6600    4.4718239E-02    1.5484983E+00   -1.5484983E+00
 1.6700    4.2941752E-02    1.5049517E+00   -1.5049517E+00
 1.6800    4.1237587E-02    1.4625869E+00   -1.4625869E+00
 1.6900    3.9602743E-02    1.4213746E+00   -1.4213746E+00
 1.7000    3.8034340E-02    1.3812860E+00   -1.3812860E+00
 1.7100    3.6529613E-02    1.3422925E+00   -1.3422925E+00
 1.7200    3.5085904E-02    1.3043659E+00   -1.3043659E+00
 1.7300    3.3700662E-02    1.2674782E+00   -1.2674782E+00
 1.7400    3.2371433E-02    1.2316017E+00   -1.2316017E+00
 1.7500    3.1095860E-02    1.1967089E+00   -1.1967089E+00
 1.7600    2.9871683E-02    1.1627729E+00   -1.1627729E+00
 1.7700    2.8696741E-02    1.1297672E+00   -1.1297672E+00
 1.7800    2.7568975E-02    1.0976667E+00   -1.0976667E+00
 1.7900    2.6486419E-02    1.0664468E+00   -1.0664468E+00
 1.8000    2.5447201E-02    1.0360838E+00   -1.0360838E+00
 1.8100    2.4449523E-02    1.0065548E+00   -1.0065548E+00
 1.8200    2.3491666E-02    9.7783699E-01   -9.7783699E-01
 1.8300    2.2571978E-02    9.4990827E-01   -9.4990827E-01
 1.8400    2.1688881E-02    9.2274705E-01   -9.2274705E-01
 1.8500    2.0840872E-02    8.9633262E-01   -8.9633262E-01
 1.8600    2.0026520E-02    8.7064528E-01   -8.7064528E-01
 1.8700    1.9244465E-02    8.4566608E-01   -8.4566608E-01
 1.8800    1.8493402E-02    8.2137668E-01   -8.2137668E-01
 1.8900    1.7772083E-02    7.9775915E-01   -7.9775915E-01
 1.9000    1.7079311E-02    7.7479609E-01   -7.7479609E-01
 1.9100    1.6413948E-02    7.5247079E-01   -7.5247079E-01
 1.9200    1.5774905E-02    7.3076726E-01   -7.3076726E-01
 1.9300    1.5161146E-02    7.0967010E-01   -7.0967010E-01
 1.9400    1.4571671E-02    6.8916417E-01   -6.8916417E-01
 1.9500    1.4005521E-02    6.6923456E-01   -6.6923456E-01
 1.9600    1.3461771E-02    6.4986657E-01   -6.4986657E-01
 1.9700    1.2939535E-02    6.3104593E-01   -6.3104593E-01
 1.9800    1.2437967E-02    6.1275890E-01   -6.1275890E-01
 1.9900    1.1956257E-02    5.9499219E-01   -5.9499219E-01
 2.0000    1.1493629E-02    5.7773283E-01   -5.7773283E-01
 2.0100    1.1049333E-02    5.6096796E-01   -5.6096796E-01
 2.0200    1.0622644E-02    5.4468476E-01   -5.4468476E-01
 2.0300    1.0212858E-02    5.2887039E-01   -5.2887039E-01
 2.0400    9.8193000E-03    5.1351215E-01   -5.1351215E-01
 2.0500    9.4413163E-03    4.9859754E-01   -4.9859754E-01
 2.0600    9.0782810E-03    4.8411432E-01   -4.8411432E-01
 2.0700    8.7295933E-03    4.7005055E-01   -4.7005055E-01
 2.0800    8.3946761E-03    4.5639458E-01   -4.5639458E-01
 2.0900    8.0729757E-03    4.4313503E-01   -4.4313503E-01
 2.1000    7.7639594E-03    4.3026073E-01   -4.3026073E-01
 2.1100    7.4671147E-03    4.1776071E-01   -4.1776071E-01
 2.1200    7.1819485E-03    4.0562421E-01   -4.0562421E-01
 2.1300    6.9079857E-03    3.9384061E-01   -3.9384061E-01
 2.1400    6.6447679E-03    3.8239942E-01   -3.8239942E-01
 2.1500    6.3918520E-03    3.7129021E-01   -3.7129021E-01
 2.1600    6.1488098E-03    3.6050262E-01   -3.6050262E-01
 2.1700    5.9152293E-03    3.5002649E-01   -3.5002649E-01
 2.1800    5.6907161E-03    3.3985195E-01   -3.3985195E-01
 2.1900    5.4748948E-03    3.2996955E-01   -3.2996955E-01
 2.2000    5.2674089E-03    3.2037031E-01   -3.2037031E-01
 2.2100    5.0679196E-03    3.1104565E-01   -3.1104565E-01
 2.2200    4.8761043E-03    3.0198739E-01   -3.0198739E-01
 2.2300    4.6916551E-03    2.9318764E-01   -2.9318764E-01
 2.2400    4.5142770E-03    2.8463880E-01   -2.8463880E-01
 2.2500    4.3436873E-03    2.7633345E-01   -2.7633345E-01
 2.2600    4.1796141E-03    2.6826433E-01   -2.6826433E-01
 2.2700    4.0217968E-03    2.6042442E-01   -2.6042442E-01
 2.2800    3.8699859E-03    2.5280691E-01   -2.5280691E-01
 2.2900    3.7239440E-03    2.4540532E-01   -2.4540532E-01
 2.3000    3.5834455E-03    2.3821348E-01   -2.3821348E-01
 2.3100    3.4482763E-03    2.3122558E-01   -2.3122558E-01
 2.3200    3.3182331E-03    2.2443610E-01   -2.2443610E-01
 2.3300    3.1931219E-03    2.1783979E-01   -2.1783979E-01
 2.3400    3.0727570E-03    2.1143155E-01   -2.1143155E-01
 2.3500    2.9569592E-03    2.0520641E-01   -2.0520641E-01
 2.3600    2.8455561E-03    1.9915950E-01   -1.9915950E-01
 2.3700    2.7383821E-03    1.9328609E-01   -1.9328609E-01
 2.3800    2.6352785E-03    1.8758163E-01   -1.8758163E-01
 2.3900    2.5360937E-03    1.8204173E-01   -1.8204173E-01
 2.4000    2.4406822E-03    1.7666218E-01   -1.7666218E-01
 2.4100    2.3489037E-03    1.7143882E-01   -1.7143882E-01
 2.4200    2.2606233E-03    1.6636762E-01   -1.6636762E-01
 2.4300    2.1757110E-03    1.6144464E-01   -1.6144464E-01
 2.4400    2.0940418E-03    1.5666604E-01   -1.5666604E-01
 2.4500    2.0154946E-03    1.5202804E-01   -1.5202804E-01
 2.4600    1.9399521E-03    1.4752686E-01   -1.4752686E-01
 2.4700    1.8673002E-03    1.4315876E-01   -1.4315876E-01
 2.4800    1.7974288E-03    1.3892004E-01   -1.3892004E-01
 2.4900    1.7302313E-03    1.3480708E-01   -1.3480708E-01
 2.5000    1.6656050E-03    1.3081631E-01   -1.3081631E-01
 2.5100    1.6034506E-03    1.2694421E-01   -1.2694421E-01
 2.5200    1.5436720E-03    1.2318731E-01   -1.2318731E-01
 2.5300    1.4861764E-03    1.1954221E-01   -1.1954221E-01
 2.5400    1.4308745E-03    1.1600557E-01   -1.1600557E-01
 2.5500    1.3776802E-03    1.1257414E-01   -1.1257414E-01
 2.5600    1.3265101E-03    1.0924469E-01   -1.0924469E-01
 2.5700    1.2772836E-03    1.0601406E-01   -1.0601406E-01
 2.5800    1.2299229E-03    1.0287910E-01   -1.0287910E-01
 2.5900    1.1843527E-03    9.9836750E-02   -9.9836750E-02
 2.6000    1.1405005E-03    9.6883998E-02   -9.6883998E-02
 2.6100    1.0982972E-03    9.4017946E-02   -9.4017946E-02
 2.6200    1.0576765E-03    9.1235802E-02   -9.1235802E-02
 2.6300    1.0185750E-03    8.8534877E-02   -8.8534877E-02
 2.6400    9.8093242E-04    8.5912589E-02   -8.5912589E-02
 2.6500    9.4469089E-04    8.3366456E-02   -8.3366456E-02
 2.6600    9.0979527E-04    8.0894094E-02   -8.0894094E-02
 2.6700    8.7619280E-04    7.8493206E-02   -7.8493206E-02
 2.6800    8.4383295E-04    7.6161577E-02   -7.6161577E-02
 2.6900    8.1266726E-04    7.3897065E-02   -7.3897065E-02
 2.7000    7.8264938E-04    7.1697603E-02   -7.1697603E-02
 2.7100    7.5373511E-04    6.9561220E-02   -6.9561220E-02
 2.7200    7.2588266E-04    6.7486063E-02   -6.7486063E-02
 2.7300    6.9905263E-04    6.5470406E-02   -6.5470406E-02
 2.7400    6.7320783E-04    6.3512638E-02   -6.3512638E-02
 2.7500    6.4831273E-04    6.1611219E-02   -6.1611219E-02
 2.7600    6.2433305E-04    5.9764646E-02   -5.9764646E-02
 2.7700    6.0123563E-04    5.7971444E-02   -5.7971444E-02
 2.7800    5.7898853E-04    5.6230172E-02   -5.6230172E-02
 2.7900    5.5756112E-04    5.4539450E-02   -5.4539450E-02
 2.8000    5.3692413E-04    5.2897951E-02   -5.2897951E-02
 2.8100    5.1704945E-04    5.1304397E-02   -5.1304397E-02
 2.8200    4.9791008E-04    4.9757551E-02   -4.9757551E-02
 2.8300    4.7948012E-04    4.8256225E-02   -4.8256225E-02
 2.8400    4.6173487E-04    4.6799285E-02   -4.6799285E-02
 2.8500    4.4465082E-04    4.5385663E-02   -4.5385663E-02
 2.8600    4.2820554E-04    4.4014342E-02   -4.4014342E-02
 2.8700    4.1237735E-04    4.2684329E-02   -4.2684329E-02
 2.8800    3.9714493E-04    4.1394616E-02   -4.1394616E-02
 2.8900    3.8248710E-04    4.0144157E-02   -4.0144157E-02
 2.9000    3.6838275E-04    3.8931860E-02   -3.8931860E-02
 2.9100    3.5481103E-04    3.7756606E-02   -3.7756606E-02
 2.9200    3.4175160E-04    3.6617284E-02   -3.6617284E-02
 2.9300    3.2918488E-04    3.5512806E-02   -3.5512806E-02
 2.9400    3.1709205E-04    3.4442120E-02   -3.4442120E-02
 2.9500    3.0545496E-04    3.3404201E-02   -3.3404201E-02
 2.9600    2.9425614E-04    3.2398047E-02   -3.2398047E-02
 2.9700    2.8347868E-04    3.1422676E-02   -3.1422676E-02
 2.9800    2.7310626E-04    3.0477129E-02   -3.0477129E-02
 2.9900    2.6312312E-04    2.9560464E-02   -2.9560464E-02
 3.0000    2.5351399E-04    2.8671757E-02   -2.8671757E-02
 3.0100    2.4426400E-04    2.7810086E-02   -2.7810086E-02
 3.0200    2.3535873E-04    2.6974540E-02   -2.6974540E-02
 3.0300    2.2678420E-04    2.6164227E-02   -2.6164227E-02
 3.0400    2.1852702E-04    2.5378279E-02   -2.5378279E-02
 3.0500    2.1057430E-04    2.4615854E-02   -2.4615854E-02
 3.0600    2.0291366E-04    2.3876134E-02   -2.3876134E-02
 3.0700    1.9553325E-04    2.3158330E-02   -2.3158330E-02
 3.0800    1.8842183E-04    2.2461694E-02   -2.2461694E-02
 3.0900    1.8156879E-04    2.1785524E-02   -2.1785524E-02
 3.1000    1.7496414E-04    2.1129163E-02   -2.1129163E-02
 3.1100    1.6859834E-04    2.0491980E-02   -2.0491980E-02
 3.1200    1.6246216E-04    1.9873359E-02   -1.9873359E-02
 3.1300    1.5654658E-04    1.9272681E-02   -1.9272681E-02
 3.1400    1.5084289E-04    1.8689341E-02   -1.8689341E-02
 3.1500    1.4534284E-04    1.8122771E-02   -1.8122771E-02
 3.1600    1.4003888E-04    1.7572463E-02   -1.7572463E-02
 3.1700    1.3492413E-04    1.7037977E-02   -1.7037977E-02
 3.1800    1.2999232E-04    1.6518925E-02   -1.6518925E-02
 3.1900    1.2523747E-04    1.6014947E-02   -1.6014947E-02
 3.2000    1.2065379E-04    1.5525686E-02   -1.5525686E-02
 3.2100    1.1623561E-04    1.5050784E-02   -1.5050784E-02
 3.2200    1.1197735E-04    1.4589882E-02   -1.4589882E-02
 3.2300    1.0787355E-04    1.4142621E-02   -1.4142621E-02
 3.2400    1.0391893E-04    1.3708645E-02   -1.3708645E-02
 3.2500    1.0010837E-04    1.3287614E-02   -1.3287614E-02
 3.2600    9.6437080E-05    1.2879207E-02   -1.2879207E-02
 3.2700    9.2900492E-05    1.2483127E-02   -1.2483127E-02
 3.2800    8.9494232E-05    1.2099087E-02   -1.2099087E-02
 3.2900    8.6213972E-05    1.1726795E-02   -1.1726795E-02
 3.3000    8.3055414E-05    1.1365949E-02   -1.1365949E-02
 3.3100    8.0014395E-05    1.1016255E-02   -1.1016255E-02
 3.3200    7.7087000E-05    1.0677441E-02   -1.0677441E-02
 3.3300    7.4269531E-05    1.0349253E-02   -1.0349253E-02
 3.3400    7.1558303E-05    1.0031430E-02   -1.0031430E-02
 3.3500    6.8949467E-05    9.7236740E-03   -9.7236740E-03
 3.3600    6.6439000E-05    9.4256543E-03   -9.4256543E-03
 3.3700    6.4022891E-05    9.1370279E-03   -9.1370279E-03
 3.3800    6.1697351E-05    8.8574719E-03   -8.8574719E-03
 3.3900    5.9458925E-05    8.5867005E-03   -8.5867005E-03
 3.4000    5.7304451E-05    8.3244596E-03   -8.3244596E-03
 3.4100    5.5230931E-05    8.0705101E-03   -8.0705101E-03
 3.4200    5.3235411E-05    7.8246098E-03   -7.8246098E-03
 3.4300    5.1314916E-05    7.5865047E-03   -7.5865047E-03
 3.4400    4.9466439E-05    7.3559267E-03   -7.3559267E-03
 3.4500    4.7686953E-05    7.1325960E-03   -7.1325960E-03
 3.4600    4.5973439E-05    6.9162240E-03   -6.9162240E-03
 3.4700    4.4322939E-05    6.7065221E-03   -6.7065221E-03
 3.4800    4.2732637E-05    6.5032140E-03   -6.5032140E-03
 3.4900    4.1199918E-05    6.3060450E-03   -6.3060450E-03
 3.5000    3.9722357E-05    6.1147818E-03   -6.1147818E-03
 3.5100    3.8297661E-05    5.9292033E-03   -5.9292033E-03
 3.5200    3.6923615E-05    5.7490939E-03   -5.7490939E-03
 3.5300    3.5598104E-05    5.5742461E-03   -5.5742461E-03
 3.5400    3.4319165E-05    5.4044698E-03   -5.4044698E-03
 3.5500    3.3085014E-05    5.2395971E-03   -5.2395971E-03
 3.5600    3.1894014E-05    5.0794776E-03   -5.0794776E-03
 3.5700    3.0744612E-05    4.9239691E-03   -4.9239691E-03
 3.5800    2.9635315E-05    4.7729345E-03   -4.7729345E-03
 3.5900    2.8564705E-05    4.6262437E-03   -4.6262437E-03
 3.6000    2.7531443E-05    4.4837753E-03   -4.4837753E-03
 3.6100    2.6534233E-05    4.3454105E-03   -4.3454105E-03
 3.6200    2.5571784E-05    4.2110270E-03   -4.2110270E-03
 3.6300    2.4642817E-05    4.0805007E-03   -4.0805007E-03
 3.6400    2.3746147E-05    3.9537188E-03   -3.9537188E-03
 3.6500    2.2880759E-05    3.8305930E-03   -3.8305930E-03
 3.6600    2.2045830E-05    3.7110645E-03   -3.7110645E-03
 3.6700    2.1240685E-05    3.5950961E-03   -3.5950961E-03
 3.6800    2.0464688E-05    3.4826564E-03   -3.4826564E-03
 3.6900    1.9717131E-05    3.3736990E-03   -3.3736990E-03
 3.7000    1.8997136E-05    3.2681460E-03   -3.2681460E-03
 3.7100    1.8303656E-05    3.1658878E-03   -3.1658878E-03
 3.7200    1.7635593E-05    3.0668025E-03   -3.0668025E-03
 3.7300    1.6991969E-05    2.9707851E-03   -2.9707851E-03
 3.7400    1.6372022E-05    2.8777655E-03   -2.8777655E-03
 3.7500    1.5775169E-05    2.7877025E-03   -2.7877025E-03
 3.7600    1.5200873E-05    2.7005615E-03   -2.7005615E-03
 3.7700    1.4648529E-05    2.6162943E-03   -2.6162943E-03
 3.7800    1.4117434E-05    2.5348323E-03   -2.5348323E-03
 3.7900    1.3606802E-05    2.4560904E-03   -2.4560904E-03
 3.8000    1.3115803E-05    2.3799725E-03   -2.3799725E-03
 3.8100    1.2643588E-05    2.3063762E-03   -2.3063762E-03
 3.8200    1.2189324E-05    2.2351991E-03   -2.2351991E-03
 3.8300    1.1752252E-05    2.1663494E-03   -2.1663494E-03
 3.8400    1.1331727E-05    2.0997540E-03   -2.0997540E-03
 3.8500    1.0927215E-05    2.0353580E-03   -2.0353580E-03
 3.8600    1.0538203E-05    1.9731088E-03   -1.9731088E-03
 3.8700    1.0164096E-05    1.9129366E-03   -1.9129366E-03
 3.8800    9.8041628E-06    1.8547434E-03   -1.8547434E-03
 3.8900    9.4575780E-06    1.7984112E-03   -1.7984112E-03
 3.9000    9.1235364E-06    1.7438225E-03   -1.7438225E-03
 3.9100    8.8013448E-06    1.6908786E-03   -1.6908786E-03
 3.9200    8.4904450E-06    1.6395039E-03   -1.6395039E-03
 3.9300    8.1903803E-06    1.5896409E-03   -1.5896409E-03
 3.9400    7.9007558E-06    1.5412424E-03   -1.5412424E-03
 3.9500    7.6212180E-06    1.4942678E-03   -1.4942678E-03
 3.9600    7.3514436E-06    1.4486813E-03   -1.4486813E-03
 3.9700    7.0911174E-06    1.4044477E-03   -1.4044477E-03
 3.9800    6.8399005E-06    1.3615255E-03   -1.3615255E-03
 3.9900    6.5974108E-06    1.3198640E-03   -1.3198640E-03
 4.0000    6.3632358E-06    1.2794045E-03   -1.2794045E-03
 4.0100    6.1369749E-06    1.2400893E-03   -1.2400893E-03
 4.0200    5.9182889E-06    1.2018718E-03   -1.2018718E-03
 4.0300    5.7069176E-06    1.1647201E-03   -1.1647201E-03
 4.0400    5.5026504E-06    1.1286116E-03   -1.1286116E-03
 4.0500    5.3052736E-06    1.0935224E-03   -1.0935224E-03
 4.0600    5.1145429E-06    1.0594214E-03   -1.0594214E-03
 4.0700    4.9302008E-06    1.0262739E-03   -1.0262739E-03
 4.0800    4.7520156E-06    9.9404959E-04   -9.9404959E-04
 4.0900    4.5798034E-06    9.6272737E-04   -9.6272737E-04
 4.1000    4.4134268E-06    9.3229532E-04   -9.3229532E-04
 4.1100    4.2527875E-06    9.0274936E-04   -9.0274936E-04
 4.1200    4.0978212E-06    8.7409232E-04   -8.7409232E-04
 4.1300    3.9484844E-06    8.4633129E-04   -8.4633129E-04
 4.1400    3.8047254E-06    8.1947152E-04   -8.1947152E-04
 4.1500    3.6664515E-06    7.9350927E-04   -7.9350927E-04
 4.1600    3.5335143E-06    7.6842834E-04   -7.6842834E-04
 4.1700    3.4057254E-06    7.4420332E-04   -7.4420332E-04
 4.1800    3.2828914E-06    7.2080692E-04   -7.2080692E-04
 4.1900    3.1648351E-06    6.9821472E-04   -6.9821472E-04
 4.2000    3.0513876E-06    6.7640346E-04   -6.7640346E-04
 4.2100    2.9423674E-06    6.5534645E-04   -6.5534645E-04
 4.2200    2.8375792E-06    6.3501322E-04   -6.3501322E-04
 4.2300    2.7368356E-06    6.1537423E-04   -6.1537423E-04
 4.2400    2.6399742E-06    5.9640497E-04   -5.9640497E-04
 4.2500    2.5468521E-06    5.7808467E-04   -5.7808467E-04
 4.2600    2.4573290E-06    5.6039257E-04   -5.6039257E-04
 4.2700    2.3712609E-06    5.4330657E-04   -5.4330657E-04
 4.2800    2.2885052E-06    5.2680430E-04   -5.2680430E-04
 4.2900    2.2089221E-06    5.1086346E-04   -5.1086346E-04
 4.3000    2.1323726E-06    4.9546146E-04   -4.9546146E-04
 4.3100    2.0587286E-06    4.8057757E-04   -4.8057757E-04
 4.3200    1.9878973E-06    4.6619896E-04   -4.6619896E-04
 4.3300    1.9198404E-06    4.5232520E-04   -4.5232520E-04
 4.3400    1.8545525E-06    4.3896355E-04   -4.3896355E-04
 4.3500    1.7919902E-06    4.2611225E-04   -4.2611225E-04
 4.3600    1.7319925E-06    4.1374128E-04   -4.1374128E-04
 4.3700    1.6742632E-06    4.0178754E-04   -4.0178754E-04
 4.3800    1.6184502E-06    3.9017319E-04   -3.9017319E-04
 4.3900    1.5642686E-06    3.7883512E-04   -3.7883512E-04
 4.4000    1.5115716E-06    3.6774259E-04   -3.6774259E-04
 4.4100    1.4603264E-06    3.5689213E-04   -3.5689213E-04
 4.4200    1.4105437E-06    3.4629079E-04   -3.4629079E-04
 4.4300    1.3622320E-06    3.3594515E-04   -3.3594515E-04
 4.4400    1.3153908E-06    3.2585967E-04   -3.2585967E-04
 4.4500    1.2700089E-06    3.1603606E-04   -3.1603606E-04
 4.4600    1.2260459E-06    3.0646882E-04   -3.0646882E-04
 4.4700    1.1834241E-06    2.9714287E-04   -2.9714287E-04
 4.4800    1.1420577E-06    2.8804077E-04   -2.8804077E-04
 4.4900    1.1019060E-06    2.7915608E-04   -2.7915608E-04
 4.5000    1.0630010E-06    2.7050080E-04   -2.7050080E-04
 4.5100    1.0254207E-06    2.6209879E-04   -2.6209879E-04
 4.5200    9.8923025E-07    2.5397100E-04   -2.5397100E-04
 4.5300    9.5444256E-07    2.4612519E-04   -2.4612519E-04
 4.5400    9.2102357E-07    2.3855708E-04   -2.3855708E-04
 4.5500    8.8892112E-07    2.3125753E-04   -2.3125753E-04
 4.5600    8.5808222E-07    2.2421696E-04   -2.2421696E-04
 4.5700    8.2844989E-07    2.1742451E-04   -2.1742451E-04
 4.5800    7.9995939E-07    2.1086707E-04   -2.1086707E-04
 4.5900    7.7255141E-07    2.0453264E-04   -2.0453264E-04
 4.6000    7.4619369E-07    1.9841619E-04   -1.9841619E-04
 4.6100    7.2088714E-07    1.9252139E-04   -1.9252139E-04
 4.6200    6.9664333E-07    1.8685482E-04   -1.8685482E-04
 4.6300    6.7344657E-07    1.8141575E-04   -1.8141575E-04
 4.6400    6.5122836E-07    1.7618914E-04   -1.7618914E-04
 4.6500    6.2987593E-07    1.7114759E-04   -1.7114759E-04
 4.6600    6.0927260E-07    1.6626213E-04   -1.6626213E-04
 4.6700    5.8934482E-07    1.6151509E-04   -1.6151509E-04
 4.6800    5.7008471E-07    1.5690651E-04   -1.5690651E-04
 4.6900    5.5153409E-07    1.5245017E-04   -1.5245017E-04
 4.7000    5.3374330E-07    1.4816241E-04   -1.4816241E-04
 4.7100    5.1673619E-07    1.4405242E-04   -1.4405242E-04
 4.7200    5.0050374E-07    1.4012034E-04   -1.4012034E-04
 4.7300    4.8502410E-07    1.3636266E-04   -1.3636266E-04
 4.7400    4.7028787E-07    1.3277929E-04   -1.3277929E-04
 4.7500    4.5630498E-07    1.2937557E-04   -1.2937557E-04
 4.7600    4.4307683E-07    1.2615452E-04   -1.2615452E-04
 4.7700    4.3053927E-07    1.2310038E-04   -1.2310038E-04
 4.7800    4.1851945E-07    1.2016592E-04   -1.2016592E-04
 4.7900    4.0677019E-07    1.1728163E-04   -1.1728163E-04
 4.8000    3.9509607E-07    1.1439184E-04   -1.1439184E-04
 4.8100    3.8348977E-07    1.1149459E-04   -1.1149459E-04
 4.8200    3.7215778E-07    1.0865033E-04   -1.0865033E-04
 4.8300    3.6139678E-07    1.0594694E-04   -1.0594694E-04
 4.8400    3.5141189E-07    1.0344679E-04   -1.0344679E-04
 4.8500    3.4221065E-07    1.0115489E-04   -1.0115489E-04
 4.8600    3.3362289E-07    9.9023492E-05   -9.9023492E-05
 4.8700    3.2538707E-07    9.6976851E-05   -9.6976851E-05
 4.8800    3.1722685E-07    9.4933489E-05   -9.4933489E-05
 4.8900    3.0890801E-07    9.2823247E-05   -9.2823247E-05
 4.9000    3.0030558E-07    9.0607767E-05   -9.0607767E-05
 4.9100    2.9146347E-07    8.8299244E-05   -8.8299244E-05
 4.9200    2.8257939E-07    8.5956863E-05   -8.5956863E-05
 4.9300    2.7389632E-07    8.3654614E-05   -8.3654614E-05
 4.9400    2.6558878E-07    8.1446697E-05   -8.1446697E-05
 4.9500    2.5775100E-07    7.9363466E-05   -7.9363466E-05
 4.9600    2.5047786E-07    7.7435938E-05   -7.7435938E-05
 4.9700    2.4390669E-07    7.5708798E-05   -7.5708798E-05
 4.9800    2.3811552E-07    7.4208945E-05   -7.4208945E-05
 4.9900    2.3294363E-07    7.2888965E-05   -7.2888965E-05
 5.0000    2.2793353E-07    7.1607431E-05   -7.1607431E-05
 5.0100    2.2252266E-07    7.0187464E-05   -7.0187464E-05
 5.0200    2.1638043E-07    6.8522828E-05   -6.8522828E-05
 5.0300    2.0963176E-07    6.6650423E-05   -6.6650423E-05
 5.0400    2.0279772E-07    6.4734234E-05   -6.4734234E-05
 5.0500    1.9652150E-07    6.2980005E-05   -6.2980005E-05
 5.0600    1.9128895E-07    6.1546136E-05   -6.1546136E-05
 5.0700    1.8729860E-07    6.0500688E-05   -6.0500688E-05
 5.0800    1.8449165E-07    5.9829312E-05   -5.9829312E-05
 5.0900    1.8266167E-07    5.9469303E-05   -5.9469303E-05
 5.1000    1.8156152E-07    5.9343619E-05   -5.9343619E-05
 5.1100    1.8096891E-07    5.9382112E-05   -5.9382112E-05
