# total charge: 7.000000 
# r(A)     rho (e/A^3)     4*pi*r^2*rho(e/A)  dip  
 0.0000    1.7310461E+00    0.0000000E+00    5.5851919E+01
 0.0100    1.7306787E+00    2.1748350E-03    5.5571182E+01
 0.0200    1.7302141E+00    8.6970047E-03    5.4737280E+01
 0.0300    1.7296321E+00    1.9561678E-02    5.3374732E+01
 0.0400    1.7289107E+00    3.4761812E-02    5.1523058E+01
 0.0500    1.7280249E+00    5.4287502E-02    4.9234858E+01
 0.0600    1.7269461E+00    7.8125203E-02    4.6573319E+01
 0.0700    1.7256446E+00    1.0625694E-01    4.3609294E+01
 0.0800    1.7240938E+00    1.3865985E-01    4.0418158E+01
 0.0900    1.7222768E+00    1.7530643E-01    3.7076629E+01
 0.1000    1.7201870E+00    2.1616508E-01    3.3659736E+01
 0.1100    1.7178262E+00    2.6120078E-01    3.0238104E+01
 0.1200    1.7151995E+00    3.1037519E-01    2.6875673E+01
 0.1300    1.7123112E+00    3.6364638E-01    2.3627957E+01
 0.1400    1.7091631E+00    4.2096836E-01    2.0540877E+01
 0.1500    1.7057545E+00    4.8229073E-01    1.7650173E+01
 0.1600    1.7020836E+00    5.4755875E-01    1.4981358E+01
 0.1700    1.6981488E+00    6.1671350E-01    1.2550157E+01
 0.1800    1.6939489E+00    6.8969199E-01    1.0363330E+01
 0.1900    1.6894822E+00    7.6642683E-01    8.4197872E+00
 0.2000    1.6847453E+00    8.4684536E-01    6.7118899E+00
 0.2100    1.6797324E+00    9.3086899E-01    5.2268345E+00
 0.2200    1.6744363E+00    1.0184128E+00    3.9480302E+00
 0.2300    1.6688494E+00    1.1093860E+00    2.8563993E+00
 0.2400    1.6629650E+00    1.2036922E+00    1.9315420E+00
 0.2500    1.6567776E+00    1.3012301E+00    1.1527320E+00
 0.2600    1.6502832E+00    1.4018936E+00    4.9972213E-01
 0.2700    1.6434791E+00    1.5055722E+00   -4.6641279E-02
 0.2800    1.6363627E+00    1.6121502E+00   -5.0398697E-01
 0.2900    1.6289311E+00    1.7215062E+00   -8.8815163E-01
 0.3000    1.6211804E+00    1.8335119E+00   -1.2130531E+00
 0.3100    1.6131060E+00    1.9480323E+00   -1.4906776E+00
 0.3200    1.6047031E+00    2.0649261E+00   -1.7311537E+00
 0.3300    1.5959676E+00    2.1840462E+00   -1.9428866E+00
 0.3400    1.5868963E+00    2.3052405E+00   -2.1327298E+00
 0.3500    1.5774862E+00    2.4283513E+00   -2.3061757E+00
 0.3600    1.5677348E+00    2.5532154E+00   -2.4675491E+00
 0.3700    1.5576402E+00    2.6796647E+00   -2.6201955E+00
 0.3800    1.5472010E+00    2.8075260E+00   -2.7666534E+00
 0.3900    1.5364161E+00    2.9366212E+00   -2.9088095E+00
 0.4000    1.5252847E+00    3.0667668E+00   -3.0480306E+00
 0.4100    1.5138056E+00    3.1977735E+00   -3.1852768E+00
 0.4200    1.5019782E+00    3.3294468E+00   -3.3211948E+00
 0.4300    1.4898022E+00    3.4615882E+00   -3.4561932E+00
 0.4400    1.4772783E+00    3.5939956E+00   -3.5905037E+00
 0.4500    1.4644081E+00    3.7264647E+00   -3.7242269E+00
 0.4600    1.4511938E+00    3.8587883E+00   -3.8573686E+00
 0.4700    1.4376385E+00    3.9907570E+00   -3.9898652E+00
 0.4800    1.4237456E+00    4.1221591E+00   -4.1216045E+00
 0.4900    1.4095191E+00    4.2527808E+00   -4.2524393E+00
 0.5000    1.3949633E+00    4.3824064E+00   -4.3821983E+00
 0.5100    1.3800829E+00    4.5108189E+00   -4.5106933E+00
 0.5200    1.3648833E+00    4.6378006E+00   -4.6377255E+00
 0.5300    1.3493707E+00    4.7631347E+00   -4.7630903E+00
 0.5400    1.3335519E+00    4.8866057E+00   -4.8865797E+00
 0.5500    1.3174344E+00    5.0079990E+00   -5.0079839E+00
 0.5600    1.3010259E+00    5.1271007E+00   -5.1270920E+00
 0.5700    1.2843343E+00    5.2436978E+00   -5.2436929E+00
 0.5800    1.2673681E+00    5.3575795E+00   -5.3575768E+00
 0.5900    1.2501363E+00    5.4685382E+00   -5.4685367E+00
 0.6000    1.2326483E+00    5.5763695E+00   -5.5763687E+00
 0.6100    1.2149140E+00    5.6808728E+00   -5.6808724E+00
 0.6200    1.1969438E+00    5.7818523E+00   -5.7818521E+00
 0.6300    1.1787488E+00    5.8791185E+00   -5.8791184E+00
 0.6400    1.1603409E+00    5.9724897E+00   -5.9724896E+00
 0.6500    1.1417329E+00    6.0617931E+00   -6.0617931E+00
 0.6600    1.1229384E+00    6.1468649E+00   -6.1468649E+00
 0.6700    1.1039710E+00    6.2275489E+00   -6.2275489E+00
 0.6800    1.0848447E+00    6.3036962E+00   -6.3036962E+00
 0.6900    1.0655734E+00    6.3751649E+00   -6.3751649E+00
 0.7000    1.0461710E+00    6.4418206E+00   -6.4418206E+00
 0.7100    1.0266516E+00    6.5035376E+00   -6.5035376E+00
 0.7200    1.0070296E+00    6.5602002E+00   -6.5602002E+00
 0.7300    9.8731962E-01    6.6117032E+00   -6.6117032E+00
 0.7400    9.6753665E-01    6.6579531E+00   -6.6579531E+00
 0.7500    9.4769591E-01    6.6988677E+00   -6.6988677E+00
 0.7600    9.2781285E-01    6.7343771E+00   -6.7343771E+00
 0.7700    9.0790303E-01    6.7644234E+00   -6.7644234E+00
 0.7800    8.8798204E-01    6.7889600E+00   -6.7889600E+00
 0.7900    8.6806537E-01    6.8079519E+00   -6.8079519E+00
 0.8000    8.4816845E-01    6.8213754E+00   -6.8213754E+00
 0.8100    8.2830658E-01    6.8292186E+00   -6.8292186E+00
 0.8200    8.0849507E-01    6.8314823E+00   -6.8314823E+00
 0.8300    7.8874921E-01    6.8281804E+00   -6.8281804E+00
 0.8400    7.6908427E-01    6.8193403E+00   -6.8193403E+00
 0.8500    7.4951544E-01    6.8050027E+00   -6.8050027E+00
 0.8600    7.3005764E-01    6.7852198E+00   -6.7852198E+00
 0.8700    7.1072542E-01    6.7600549E+00   -6.7600549E+00
 0.8800    6.9153295E-01    6.7295820E+00   -6.7295820E+00
 0.8900    6.7249409E-01    6.6938866E+00   -6.6938866E+00
 0.9000    6.5362250E-01    6.6530667E+00   -6.6530667E+00
 0.9100    6.3493163E-01    6.6072328E+00   -6.6072328E+00
 0.9200    6.1643463E-01    6.5565073E+00   -6.5565073E+00
 0.9300    5.9814435E-01    6.5010240E+00   -6.5010240E+00
 0.9400    5.8007326E-01    6.4409276E+00   -6.4409276E+00
 0.9500    5.6223336E-01    6.3763725E+00   -6.3763725E+00
 0.9600    5.4463615E-01    6.3075223E+00   -6.3075223E+00
 0.9700    5.2729258E-01    6.2345483E+00   -6.2345483E+00
 0.9800    5.1021307E-01    6.1576300E+00   -6.1576300E+00
 0.9900    4.9340756E-01    6.0769554E+00   -6.0769554E+00
 1.0000    4.7688557E-01    5.9927208E+00   -5.9927208E+00
 1.0100    4.6065616E-01    5.9051304E+00   -5.9051304E+00
 1.0200    4.4472786E-01    5.8143952E+00   -5.8143952E+00
 1.0300    4.2910859E-01    5.7207309E+00   -5.7207309E+00
 1.0400    4.1380559E-01    5.6243572E+00   -5.6243572E+00
 1.0500    3.9882544E-01    5.5254966E+00   -5.5254966E+00
 1.0600    3.8417411E-01    5.4243747E+00   -5.4243747E+00
 1.0700    3.6985697E-01    5.3212202E+00   -5.3212202E+00
 1.0800    3.5587892E-01    5.2162650E+00   -5.2162650E+00
 1.0900    3.4224436E-01    5.1097441E+00   -5.1097441E+00
 1.1000    3.2895710E-01    5.0018942E+00   -5.0018942E+00
 1.1100    3.1602038E-01    4.8929515E+00   -4.8929515E+00
 1.1200    3.0343671E-01    4.7831504E+00   -4.7831504E+00
 1.1300    2.9120794E-01    4.6727222E+00   -4.6727222E+00
 1.1400    2.7933524E-01    4.5618951E+00   -4.5618951E+00
 1.1500    2.6781923E-01    4.4508945E+00   -4.4508945E+00
 1.1600    2.5666001E-01    4.3399432E+00   -4.3399432E+00
 1.1700    2.4585717E-01    4.2292608E+00   -4.2292608E+00
 1.1800    2.3540978E-01    4.1190624E+00   -4.1190624E+00
 1.1900    2.2531626E-01    4.0095563E+00   -4.0095563E+00
 1.2000    2.1557446E-01    3.9009435E+00   -3.9009435E+00
 1.2100    2.0618160E-01    3.7934164E+00   -3.7934164E+00
 1.2200    1.9713440E-01    3.6871597E+00   -3.6871597E+00
 1.2300    1.8842905E-01    3.5823494E+00   -3.5823494E+00
 1.2400    1.8006124E-01    3.4791524E+00   -3.4791524E+00
 1.2500    1.7202617E-01    3.3777259E+00   -3.3777259E+00
 1.2600    1.6431857E-01    3.2782162E+00   -3.2782162E+00
 1.2700    1.5693271E-01    3.1807592E+00   -3.1807592E+00
 1.2800    1.4986250E-01    3.0854803E+00   -3.0854803E+00
 1.2900    1.4310144E-01    2.9924941E+00   -2.9924941E+00
 1.3000    1.3664268E-01    2.9019034E+00   -2.9019034E+00
 1.3100    1.3047898E-01    2.8137985E+00   -2.8137985E+00
 1.3200    1.2460270E-01    2.7282563E+00   -2.7282563E+00
 1.3300    1.1900588E-01    2.6453404E+00   -2.6453404E+00
 1.3400    1.1368022E-01    2.5651004E+00   -2.5651004E+00
 1.3500    1.0861709E-01    2.4875715E+00   -2.4875715E+00
 1.3600    1.0380758E-01    2.4127746E+00   -2.4127746E+00
 1.3700    9.9242528E-02    2.3407165E+00   -2.3407165E+00
 1.3800    9.4912594E-02    2.2713909E+00   -2.2713909E+00
 1.3900    9.0808319E-02    2.2047792E+00   -2.2047792E+00
 1.4000    8.6920133E-02    2.1408504E+00   -2.1408504E+00
 1.4100    8.3238333E-02    2.0795600E+00   -2.0795600E+00
 1.4200    7.9753068E-02    2.0208494E+00   -2.0208494E+00
 1.4300    7.6454352E-02    1.9646453E+00   -1.9646453E+00
 1.4400    7.3332108E-02    1.9108607E+00   -1.9108607E+00
 1.4500    7.0376235E-02    1.8593960E+00   -1.8593960E+00
 1.4600    6.7576653E-02    1.8101404E+00   -1.8101404E+00
 1.4700    6.4923323E-02    1.7629714E+00   -1.7629714E+00
 1.4800    6.2406270E-02    1.7177562E+00   -1.7177562E+00
 1.4900    6.0015631E-02    1.6743520E+00   -1.6743520E+00
 1.5000    5.7741788E-02    1.6326106E+00   -1.6326106E+00
 1.5100    5.5575580E-02    1.5923838E+00   -1.5923838E+00
 1.5200    5.3508558E-02    1.5535323E+00   -1.5535323E+00
 1.5300    5.1533230E-02    1.5159333E+00   -1.5159333E+00
 1.5400    4.9643206E-02    1.4794869E+00   -1.4794869E+00
 1.5500    4.7833206E-02    1.4441182E+00   -1.4441182E+00
 1.5600    4.6098932E-02    1.4097754E+00   -1.4097754E+00
 1.5700    4.4436858E-02    1.3764249E+00   -1.3764249E+00
 1.5800    4.2843989E-02    1.3440454E+00   -1.3440454E+00
 1.5900    4.1317674E-02    1.3126229E+00   -1.3126229E+00
 1.6000    3.9855466E-02    1.2821467E+00   -1.2821467E+00
 1.6100    3.8455036E-02    1.2526070E+00   -1.2526070E+00
 1.6200    3.7114128E-02    1.2239936E+00   -1.2239936E+00
 1.6300    3.5830523E-02    1.1962948E+00   -1.1962948E+00
 1.6400    3.4602027E-02    1.1694970E+00   -1.1694970E+00
 1.6500    3.3426479E-02    1.1435848E+00   -1.1435848E+00
 1.6600    3.2301755E-02    1.1185416E+00   -1.1185416E+00
 1.6700    3.1225786E-02    1.0943498E+00   -1.0943498E+00
 1.6800    3.0196563E-02    1.0709913E+00   -1.0709913E+00
 1.6900    2.9212135E-02    1.0484472E+00   -1.0484472E+00
 1.7000    2.8270600E-02    1.0266980E+00   -1.0266980E+00
 1.7100    2.7370095E-02    1.0057230E+00   -1.0057230E+00
 1.7200    2.6508805E-02    9.8550064E-01   -9.8550064E-01
 1.7300    2.5684970E-02    9.6600892E-01   -9.6600892E-01
 1.7400    2.4896902E-02    9.4722611E-01   -9.4722611E-01
 1.7500    2.4142987E-02    9.2913102E-01   -9.2913102E-01
 1.7600    2.3421684E-02    9.1170288E-01   -9.1170288E-01
 1.7700    2.2731507E-02    8.9492086E-01   -8.9492086E-01
 1.7800    2.2071006E-02    8.7876348E-01   -8.7876348E-01
 1.7900    2.1438768E-02    8.6320858E-01   -8.6320858E-01
 1.8000    2.0833433E-02    8.4823409E-01   -8.4823409E-01
 1.8100    2.0253720E-02    8.3381904E-01   -8.3381904E-01
 1.8200    1.9698428E-02    8.1994403E-01   -8.1994403E-01
 1.8300    1.9166422E-02    8.0659047E-01   -8.0659047E-01
 1.8400    1.8656588E-02    7.9373903E-01   -7.9373903E-01
 1.8500    1.8167816E-02    7.8136876E-01   -7.8136876E-01
 1.8600    1.7699015E-02    7.6945788E-01   -7.6945788E-01
 1.8700    1.7249165E-02    7.5798594E-01   -7.5798594E-01
 1.8800    1.6817349E-02    7.4693549E-01   -7.4693549E-01
 1.8900    1.6402748E-02    7.3629200E-01   -7.3629200E-01
 1.9000    1.6004595E-02    7.2604200E-01   -7.2604200E-01
 1.9100    1.5622133E-02    7.1617133E-01   -7.1617133E-01
 1.9200    1.5254609E-02    7.0666472E-01   -7.0666472E-01
 1.9300    1.4901293E-02    6.9750679E-01   -6.9750679E-01
 1.9400    1.4561505E-02    6.8868336E-01   -6.8868336E-01
 1.9500    1.4234629E-02    6.8018215E-01   -6.8018215E-01
 1.9600    1.3920100E-02    6.7199241E-01   -6.7199241E-01
 1.9700    1.3617383E-02    6.6410379E-01   -6.6410379E-01
 1.9800    1.3325936E-02    6.5650489E-01   -6.5650489E-01
 1.9900    1.3045198E-02    6.4918231E-01   -6.4918231E-01
 2.0000    1.2774586E-02    6.4212074E-01   -6.4212074E-01
 2.0100    1.2513531E-02    6.3530438E-01   -6.3530438E-01
 2.0200    1.2261510E-02    6.2871899E-01   -6.2871899E-01
 2.0300    1.2018080E-02    6.2235333E-01   -6.2235333E-01
 2.0400    1.1782868E-02    6.1619931E-01   -6.1619931E-01
 2.0500    1.1555553E-02    6.1025074E-01   -6.1025074E-01
 2.0600    1.1335824E-02    6.0450152E-01   -6.0450152E-01
 2.0700    1.1123356E-02    5.9894422E-01   -5.9894422E-01
 2.0800    1.0917809E-02    5.9357009E-01   -5.9357009E-01
 2.0900    1.0718853E-02    5.8837034E-01   -5.8837034E-01
 2.1000    1.0526200E-02    5.8333771E-01   -5.8333771E-01
 2.1100    1.0339605E-02    5.7846716E-01   -5.7846716E-01
 2.1200    1.0158860E-02    5.7375512E-01   -5.7375512E-01
 2.1300    9.9837649E-03    5.6919807E-01   -5.6919807E-01
 2.1400    9.8141014E-03    5.6479124E-01   -5.6479124E-01
 2.1500    9.6496240E-03    5.6052782E-01   -5.6052782E-01
 2.1600    9.4900508E-03    5.5639844E-01   -5.5639844E-01
 2.1700    9.3350647E-03    5.5239109E-01   -5.5239109E-01
 2.1800    9.1843327E-03    5.4849220E-01   -5.4849220E-01
 2.1900    9.0375499E-03    5.4468925E-01   -5.4468925E-01
 2.2000    8.8944883E-03    5.4097375E-01   -5.4097375E-01
 2.2100    8.7550204E-03    5.3734297E-01   -5.3734297E-01
 2.2200    8.6190982E-03    5.3379886E-01   -5.3379886E-01
 2.2300    8.4867004E-03    5.3034498E-01   -5.3034498E-01
 2.2400    8.3577816E-03    5.2698338E-01   -5.2698338E-01
 2.2500    8.2322478E-03    5.2371297E-01   -5.2371297E-01
 2.2600    8.1099649E-03    5.2052994E-01   -5.2052994E-01
 2.2700    7.9907822E-03    5.1742913E-01   -5.1742913E-01
 2.2800    7.8745482E-03    5.1440502E-01   -5.1440502E-01
 2.2900    7.7611101E-03    5.1145176E-01   -5.1145176E-01
 2.3000    7.6503072E-03    5.0856259E-01   -5.0856259E-01
 2.3100    7.5419698E-03    5.0572988E-01   -5.0572988E-01
 2.3200    7.4359289E-03    5.0294566E-01   -5.0294566E-01
 2.3300    7.3320265E-03    5.0020236E-01   -5.0020236E-01
 2.3400    7.2301278E-03    4.9749366E-01   -4.9749366E-01
 2.3500    7.1301376E-03    4.9481573E-01   -4.9481573E-01
 2.3600    7.0320178E-03    4.9216852E-01   -4.9216852E-01
 2.3700    6.9357836E-03    4.8955568E-01   -4.8955568E-01
 2.3800    6.8414691E-03    4.8698227E-01   -4.8698227E-01
 2.3900    6.7490717E-03    4.8445084E-01   -4.8445084E-01
 2.4000    6.6585148E-03    4.8195858E-01   -4.8195858E-01
 2.4100    6.5696553E-03    4.7949770E-01   -4.7949770E-01
 2.4200    6.4823304E-03    4.7705864E-01   -4.7705864E-01
 2.4300    6.3964085E-03    4.7463374E-01   -4.7463374E-01
 2.4400    6.3118126E-03    4.7221917E-01   -4.7221917E-01
 2.4500    6.2285139E-03    4.6981456E-01   -4.6981456E-01
 2.4600    6.1465119E-03    4.6742163E-01   -4.6742163E-01
 2.4700    6.0658185E-03    4.6504307E-01   -4.6504307E-01
 2.4800    5.9864447E-03    4.6268157E-01   -4.6268157E-01
 2.4900    5.9083834E-03    4.6033842E-01   -4.6033842E-01
 2.5000    5.8315873E-03    4.5801180E-01   -4.5801180E-01
 2.5100    5.7559623E-03    4.5569603E-01   -4.5569603E-01
 2.5200    5.6813860E-03    4.5338301E-01   -4.5338301E-01
 2.5300    5.6077501E-03    4.5106545E-01   -4.5106545E-01
 2.5400    5.5350013E-03    4.4874025E-01   -4.4874025E-01
 2.5500    5.4631567E-03    4.4640996E-01   -4.4640996E-01
 2.5600    5.3922802E-03    4.4408105E-01   -4.4408105E-01
 2.5700    5.3224280E-03    4.4175951E-01   -4.4175951E-01
 2.5800    5.2535965E-03    4.3944648E-01   -4.3944648E-01
 2.5900    5.1857115E-03    4.3713718E-01   -4.3713718E-01
 2.6000    5.1186686E-03    4.3482406E-01   -4.3482406E-01
 2.6100    5.0523929E-03    4.3250187E-01   -4.3250187E-01
 2.6200    4.9868653E-03    4.3016996E-01   -4.3016996E-01
 2.6300    4.9220883E-03    4.2782953E-01   -4.2782953E-01
 2.6400    4.8580253E-03    4.2547837E-01   -4.2547837E-01
 2.6500    4.7945810E-03    4.2310901E-01   -4.2310901E-01
 2.6600    4.7316585E-03    4.2071358E-01   -4.2071358E-01
 2.6700    4.6692518E-03    4.1829212E-01   -4.1829212E-01
 2.6800    4.6074879E-03    4.1585666E-01   -4.1585666E-01
 2.6900    4.5465733E-03    4.1342680E-01   -4.1342680E-01
 2.7000    4.4866806E-03    4.1101961E-01   -4.1101961E-01
 2.7100    4.4278603E-03    4.0864140E-01   -4.0864140E-01
 2.7200    4.3700342E-03    4.0628661E-01   -4.0628661E-01
 2.7300    4.3130640E-03    4.0394390E-01   -4.0394390E-01
 2.7400    4.2568359E-03    4.0160387E-01   -4.0160387E-01
 2.7500    4.2012992E-03    3.9926281E-01   -3.9926281E-01
 2.7600    4.1464408E-03    3.9692047E-01   -3.9692047E-01
 2.7700    4.0922357E-03    3.9457543E-01   -3.9457543E-01
 2.7800    4.0386284E-03    3.9222326E-01   -3.9222326E-01
 2.7900    3.9855626E-03    3.8985931E-01   -3.8985931E-01
 2.8000    3.9330291E-03    3.8748339E-01   -3.8748339E-01
 2.8100    3.8810888E-03    3.8510227E-01   -3.8510227E-01
 2.8200    3.8298553E-03    3.8272819E-01   -3.8272819E-01
 2.8300    3.7794476E-03    3.8037421E-01   -3.8037421E-01
 2.8400    3.7299334E-03    3.7804859E-01   -3.7804859E-01
 2.8500    3.6812849E-03    3.7575002E-01   -3.7575002E-01
 2.8600    3.6333612E-03    3.7346551E-01   -3.7346551E-01
 2.8700    3.5859335E-03    3.7117258E-01   -3.7117258E-01
 2.8800    3.5387629E-03    3.6884704E-01   -3.6884704E-01
 2.8900    3.4917119E-03    3.6647466E-01   -3.6647466E-01
 2.9000    3.4448279E-03    3.6406036E-01   -3.6406036E-01
 2.9100    3.3983258E-03    3.6162701E-01   -3.6162701E-01
 2.9200    3.3524548E-03    3.5920180E-01   -3.5920180E-01
 2.9300    3.3073261E-03    3.5679776E-01   -3.5679776E-01
 2.9400    3.2628275E-03    3.5440402E-01   -3.5440402E-01
 2.9500    3.2186963E-03    3.5199289E-01   -3.5199289E-01
 2.9600    3.1747059E-03    3.4953992E-01   -3.4953992E-01
 2.9700    3.1308308E-03    3.4704226E-01   -3.4704226E-01
 2.9800    3.0872650E-03    3.4452148E-01   -3.4452148E-01
 2.9900    3.0442828E-03    3.4200876E-01   -3.4200876E-01
 3.0000    3.0020583E-03    3.3952480E-01   -3.3952480E-01
 3.0100    2.9605863E-03    3.3707037E-01   -3.3707037E-01
 3.0200    2.9197440E-03    3.3463281E-01   -3.3463281E-01
 3.0300    2.8794201E-03    3.3220040E-01   -3.3220040E-01
 3.0400    2.8395927E-03    3.2977147E-01   -3.2977147E-01
 3.0500    2.8003060E-03    3.2735203E-01   -3.2735203E-01
 3.0600    2.7615905E-03    3.2494660E-01   -3.2494660E-01
 3.0700    2.7234112E-03    3.2255206E-01   -3.2255206E-01
 3.0800    2.6856914E-03    3.2016024E-01   -3.2016024E-01
 3.0900    2.6483831E-03    3.1776614E-01   -3.1776614E-01
 3.1000    2.6115143E-03    3.1537383E-01   -3.1537383E-01
 3.1100    2.5751681E-03    3.1299416E-01   -3.1299416E-01
 3.1200    2.5394102E-03    3.1063610E-01   -3.1063610E-01
 3.1300    2.5042240E-03    3.0829871E-01   -3.0829871E-01
 3.1400    2.4695046E-03    3.0597011E-01   -3.0597011E-01
 3.1500    2.4351136E-03    3.0363386E-01   -3.0363386E-01
 3.1600    2.4009516E-03    3.0127802E-01   -3.0127802E-01
 3.1700    2.3670075E-03    2.9890145E-01   -2.9890145E-01
 3.1800    2.3333627E-03    2.9651479E-01   -2.9651479E-01
 3.1900    2.3001551E-03    2.9413612E-01   -2.9413612E-01
 3.2000    2.2675160E-03    2.9178313E-01   -2.9178313E-01
 3.2100    2.2355090E-03    2.8946520E-01   -2.8946520E-01
 3.2200    2.2041030E-03    2.8717954E-01   -2.8717954E-01
 3.2300    2.1731939E-03    2.8491374E-01   -2.8491374E-01
 3.2400    2.1426646E-03    2.8265331E-01   -2.8265331E-01
 3.2500    2.1124482E-03    2.8039008E-01   -2.8039008E-01
 3.2600    2.0825615E-03    2.7812684E-01   -2.7812684E-01
 3.2700    2.0530865E-03    2.7587517E-01   -2.7587517E-01
 3.2800    2.0240967E-03    2.7364582E-01   -2.7364582E-01
 3.2900    1.9955712E-03    2.7143690E-01   -2.7143690E-01
 3.3000    1.9673610E-03    2.6922898E-01   -2.6922898E-01
 3.3100    1.9392575E-03    2.6699390E-01   -2.6699390E-01
 3.3200    1.9111267E-03    2.6471315E-01   -2.6471315E-01
 3.3300    1.8830111E-03    2.6239238E-01   -2.6239238E-01
 3.3400    1.8551151E-03    2.6006006E-01   -2.6006006E-01
 3.3500    1.8276798E-03    2.5775055E-01   -2.5775055E-01
 3.3600    1.8008445E-03    2.5548455E-01   -2.5548455E-01
 3.3700    1.7745979E-03    2.5326176E-01   -2.5326176E-01
 3.3800    1.7488429E-03    2.5106957E-01   -2.5106957E-01
 3.3900    1.7235009E-03    2.4889764E-01   -2.4889764E-01
 3.4000    1.6985576E-03    2.4674478E-01   -2.4674478E-01
 3.4100    1.6740232E-03    2.4461332E-01   -2.4461332E-01
 3.4200    1.6498650E-03    2.4249929E-01   -2.4249929E-01
 3.4300    1.6259899E-03    2.4038975E-01   -2.4038975E-01
 3.4400    1.6022994E-03    2.3827058E-01   -2.3827058E-01
 3.4500    1.5787605E-03    2.3613715E-01   -2.3613715E-01
 3.4600    1.5554253E-03    2.3399750E-01   -2.3399750E-01
 3.4700    1.5323825E-03    2.3186543E-01   -2.3186543E-01
 3.4800    1.5096918E-03    2.2975060E-01   -2.2975060E-01
 3.4900    1.4873563E-03    2.2765424E-01   -2.2765424E-01
 3.5000    1.4653471E-03    2.2557265E-01   -2.2557265E-01
 3.5100    1.4436485E-03    2.2350413E-01   -2.2350413E-01
 3.5200    1.4222919E-03    2.2145420E-01   -2.2145420E-01
 3.5300    1.4013579E-03    2.1943623E-01   -2.1943623E-01
 3.5400    1.3809421E-03    2.1746624E-01   -2.1746624E-01
 3.5500    1.3610927E-03    2.1555311E-01   -2.1555311E-01
 3.5600    1.3417517E-03    2.1368892E-01   -2.1368892E-01
 3.5700    1.3227449E-03    2.1184703E-01   -2.1184703E-01
 3.5800    1.3038466E-03    2.0999184E-01   -2.0999184E-01
 3.5900    1.2848855E-03    2.0809575E-01   -2.0809575E-01
 3.6000    1.2658228E-03    2.0615210E-01   -2.0615210E-01
 3.6100    1.2467507E-03    2.0417562E-01   -2.0417562E-01
 3.6200    1.2278252E-03    2.0219180E-01   -2.0219180E-01
 3.6300    1.2091890E-03    2.0022454E-01   -2.0022454E-01
 3.6400    1.1909371E-03    1.9829029E-01   -1.9829029E-01
 3.6500    1.1731278E-03    1.9639974E-01   -1.9639974E-01
 3.6600    1.1558109E-03    1.9456236E-01   -1.9456236E-01
 3.6700    1.1390337E-03    1.9278737E-01   -1.9278737E-01
 3.6800    1.1228049E-03    1.9107761E-01   -1.9107761E-01
 3.6900    1.1070350E-03    1.8941918E-01   -1.8941918E-01
 3.7000    1.0915052E-03    1.8777558E-01   -1.8777558E-01
 3.7100    1.0759188E-03    1.8609606E-01   -1.8609606E-01
 3.7200    1.0600359E-03    1.8433861E-01   -1.8433861E-01
 3.7300    1.0438145E-03    1.8249495E-01   -1.8249495E-01
 3.7400    1.0274495E-03    1.8059826E-01   -1.8059826E-01
 3.7500    1.0112672E-03    1.7870566E-01   -1.7870566E-01
 3.7600    9.9554619E-04    1.7686706E-01   -1.7686706E-01
 3.7700    9.8038987E-04    1.7510211E-01   -1.7510211E-01
 3.7800    9.6572339E-04    1.7339885E-01   -1.7339885E-01
 3.7900    9.5138665E-04    1.7172967E-01   -1.7172967E-01
 3.8000    9.3723587E-04    1.7006931E-01   -1.7006931E-01
 3.8100    9.2318976E-04    1.6840338E-01   -1.6840338E-01
 3.8200    9.0922138E-04    1.6672711E-01   -1.6672711E-01
 3.8300    8.9533858E-04    1.6504209E-01   -1.6504209E-01
 3.8400    8.8158224E-04    1.6335602E-01   -1.6335602E-01
 3.8500    8.6803074E-04    1.6168377E-01   -1.6168377E-01
 3.8600    8.5478177E-04    1.6004412E-01   -1.6004412E-01
 3.8700    8.4190520E-04    1.5845100E-01   -1.5845100E-01
 3.8800    8.2939627E-04    1.5690450E-01   -1.5690450E-01
 3.8900    8.1716925E-04    1.5538929E-01   -1.5538929E-01
 3.9000    8.0510415E-04    1.5388318E-01   -1.5388318E-01
 3.9100    7.9311445E-04    1.5236992E-01   -1.5236992E-01
 3.9200    7.8118521E-04    1.5084677E-01   -1.5084677E-01
 3.9300    7.6935941E-04    1.4932215E-01   -1.4932215E-01
 3.9400    7.5769821E-04    1.4780821E-01   -1.4780821E-01
 3.9500    7.4625744E-04    1.4631631E-01   -1.4631631E-01
 3.9600    7.3509298E-04    1.4485801E-01   -1.4485801E-01
 3.9700    7.2427018E-04    1.4344700E-01   -1.4344700E-01
 3.9800    7.1384914E-04    1.4209620E-01   -1.4209620E-01
 3.9900    7.0384944E-04    1.4081062E-01   -1.4081062E-01
 4.0000    6.9422591E-04    1.3958240E-01   -1.3958240E-01
 4.0100    6.8487854E-04    1.3839238E-01   -1.3839238E-01
 4.0200    6.7568505E-04    1.3721648E-01   -1.3721648E-01
 4.0300    6.6652842E-04    1.3603123E-01   -1.3603123E-01
 4.0400    6.5730998E-04    1.3481643E-01   -1.3481643E-01
 4.0500    6.4796281E-04    1.3355803E-01   -1.3355803E-01
 4.0600    6.3847191E-04    1.3225245E-01   -1.3225245E-01
 4.0700    6.2888183E-04    1.3090846E-01   -1.3090846E-01
 4.0800    6.1927089E-04    1.2954208E-01   -1.2954208E-01
 4.0900    6.0970624E-04    1.2816727E-01   -1.2816727E-01
 4.1000    6.0021921E-04    1.2679072E-01   -1.2679072E-01
 4.1100    5.9082221E-04    1.2541524E-01   -1.2541524E-01
 4.1200    5.8154474E-04    1.2404733E-01   -1.2404733E-01
 4.1300    5.7244928E-04    1.2270068E-01   -1.2270068E-01
 4.1400    5.6361128E-04    1.2139204E-01   -1.2139204E-01
 4.1500    5.5508277E-04    1.2013341E-01   -1.2013341E-01
 4.1600    5.4687142E-04    1.1892735E-01   -1.1892735E-01
 4.1700    5.3894999E-04    1.1776885E-01   -1.1776885E-01
 4.1800    5.3128011E-04    1.1665033E-01   -1.1665033E-01
 4.1900    5.2381976E-04    1.1556326E-01   -1.1556326E-01
 4.2000    5.1650659E-04    1.1449442E-01   -1.1449442E-01
 4.2100    5.0924754E-04    1.1342349E-01   -1.1342349E-01
 4.2200    5.0194759E-04    1.1232932E-01   -1.1232932E-01
 4.2300    4.9456344E-04    1.1120200E-01   -1.1120200E-01
 4.2400    4.8712851E-04    1.1004875E-01   -1.1004875E-01
 4.2500    4.7972057E-04    1.0888701E-01   -1.0888701E-01
 4.2600    4.7240336E-04    1.0773134E-01   -1.0773134E-01
 4.2700    4.6519394E-04    1.0658588E-01   -1.0658588E-01
 4.2800    4.5807027E-04    1.0544585E-01   -1.0544585E-01
 4.2900    4.5099630E-04    1.0430315E-01   -1.0430315E-01
 4.3000    4.4394516E-04    1.0315163E-01   -1.0315163E-01
 4.3100    4.3692221E-04    1.0199257E-01   -1.0199257E-01
 4.3200    4.2998982E-04    1.0084062E-01   -1.0084062E-01
 4.3300    4.2327508E-04    9.9725991E-02   -9.9725991E-02
 4.3400    4.1693194E-04    9.8685760E-02   -9.8685760E-02
 4.3500    4.1105474E-04    9.7743533E-02   -9.7743533E-02
 4.3600    4.0559286E-04    9.6888702E-02   -9.6888702E-02
 4.3700    4.0034346E-04    9.6073912E-02   -9.6073912E-02
 4.3800    3.9505163E-04    9.5238368E-02   -9.5238368E-02
 4.3900    3.8954992E-04    9.4341335E-02   -9.4341335E-02
 4.4000    3.8382500E-04    9.3378841E-02   -9.3378841E-02
 4.4100    3.7796867E-04    9.2372532E-02   -9.2372532E-02
 4.4200    3.7208011E-04    9.1346277E-02   -9.1346277E-02
 4.4300    3.6621462E-04    9.0313566E-02   -9.0313566E-02
 4.4400    3.6040021E-04    8.9281368E-02   -8.9281368E-02
 4.4500    3.5466797E-04    8.8257548E-02   -8.8257548E-02
 4.4600    3.4904850E-04    8.7249984E-02   -8.7249984E-02
 4.4700    3.4354709E-04    8.6260344E-02   -8.6260344E-02
 4.4800    3.3814132E-04    8.5283328E-02   -8.5283328E-02
 4.4900    3.3281285E-04    8.4314570E-02   -8.4314570E-02
 4.5000    3.2757895E-04    8.3358689E-02   -8.3358689E-02
 4.5100    3.2248796E-04    8.2428322E-02   -8.2428322E-02
 4.5200    3.1758444E-04    8.1535353E-02   -8.1535353E-02
 4.5300    3.1288112E-04    8.0683667E-02   -8.0683667E-02
 4.5400    3.0836129E-04    7.9869584E-02   -7.9869584E-02
 4.5500    3.0399934E-04    7.9087035E-02   -7.9087035E-02
 4.5600    2.9977288E-04    7.8330680E-02   -7.8330680E-02
 4.5700    2.9565807E-04    7.7594689E-02   -7.7594689E-02
 4.5800    2.9162300E-04    7.6871011E-02   -7.6871011E-02
 4.5900    2.8763531E-04    7.6151321E-02   -7.6151321E-02
 4.6000    2.8368025E-04    7.5431828E-02   -7.5431828E-02
 4.6100    2.7976957E-04    7.4715755E-02   -7.4715755E-02
 4.6200    2.7592697E-04    7.4009584E-02   -7.4009584E-02
 4.6300    2.7215817E-04    7.3315064E-02   -7.3315064E-02
 4.6400    2.6843068E-04    7.2623633E-02   -7.2623633E-02
 4.6500    2.6468268E-04    7.1918611E-02   -7.1918611E-02
 4.6600    2.6085650E-04    7.1184159E-02   -7.1184159E-02
 4.6700    2.5693236E-04    7.0414553E-02   -7.0414553E-02
 4.6800    2.5293836E-04    6.9617156E-02   -6.9617156E-02
 4.6900    2.4893146E-04    6.8807429E-02   -6.8807429E-02
 4.7000    2.4496591E-04    6.8000363E-02   -6.8000363E-02
 4.7100    2.4107374E-04    6.7205001E-02   -6.7205001E-02
 4.7200    2.3726922E-04    6.6425565E-02   -6.6425565E-02
 4.7300    2.3356876E-04    6.5666957E-02   -6.5666957E-02
 4.7400    2.3000694E-04    6.4939282E-02   -6.4939282E-02
 4.7500    2.2663367E-04    6.4257159E-02   -6.4257159E-02
 4.7600    2.2348788E-04    6.3632318E-02   -6.3632318E-02
 4.7700    2.2055644E-04    6.3061800E-02   -6.3061800E-02
 4.7800    2.1774682E-04    6.2519785E-02   -6.2519785E-02
 4.7900    2.1491089E-04    6.1963982E-02   -6.1963982E-02
 4.8000    2.1192729E-04    6.1359134E-02   -6.1359134E-02
 4.8100    2.0879173E-04    6.0703440E-02   -6.0703440E-02
 4.8200    2.0564081E-04    6.0036206E-02   -6.0036206E-02
 4.8300    2.0268311E-04    5.9418499E-02   -5.9418499E-02
 4.8400    2.0008905E-04    5.8901167E-02   -5.8901167E-02
 4.8500    1.9791608E-04    5.8502500E-02   -5.8502500E-02
 4.8600    1.9609716E-04    5.8204117E-02   -5.8204117E-02
 4.8700    1.9446267E-04    5.7956752E-02   -5.7956752E-02
 4.8800    1.9276882E-04    5.7688107E-02   -5.7688107E-02
 4.8900    1.9075018E-04    5.7318198E-02   -5.7318198E-02
 4.9000    1.8821840E-04    5.6788984E-02   -5.6788984E-02
 4.9100    1.8516435E-04    5.6095786E-02   -5.6095786E-02
 4.9200    1.8177446E-04    5.5293353E-02   -5.5293353E-02
 4.9300    1.7832899E-04    5.4466022E-02   -5.4466022E-02
 4.9400    1.7506403E-04    5.3685956E-02   -5.3685956E-02
 4.9500    1.7211160E-04    5.2994451E-02   -5.2994451E-02
 4.9600    1.6953902E-04    5.2413468E-02   -5.2413468E-02
 4.9700    1.6739623E-04    5.1959901E-02   -5.1959901E-02
 4.9800    1.6568091E-04    5.1634625E-02   -5.1634625E-02
 4.9900    1.6424701E-04    5.1393528E-02   -5.1393528E-02
 5.0000    1.6277972E-04    5.1138757E-02   -5.1138757E-02
 5.0100    1.6092002E-04    5.0756937E-02   -5.0756937E-02
 5.0200    1.5847229E-04    5.0184620E-02   -5.0184620E-02
 5.0300    1.5552976E-04    4.9449206E-02   -4.9449206E-02
 5.0400    1.5241625E-04    4.8652169E-02   -4.8652169E-02
 5.0500    1.4949791E-04    4.7910174E-02   -4.7910174E-02
 5.0600    1.4700403E-04    4.7297714E-02   -4.7297714E-02
 5.0700    1.4495141E-04    4.6821814E-02   -4.6821814E-02
 5.0800    1.4317425E-04    4.6430376E-02   -4.6430376E-02
 5.0900    1.4141609E-04    4.6040946E-02   -4.6040946E-02
 5.1000    1.3944557E-04    4.5577965E-02   -4.5577965E-02
 5.1100    1.3716418E-04    4.5008277E-02   -4.5008277E-02
 5.1200    1.3466293E-04    4.4360645E-02   -4.4360645E-02
 5.1300    1.3218725E-04    4.3715372E-02   -4.3715372E-02
 5.1400    1.3001445E-04    4.3164602E-02   -4.3164602E-02
 5.1500    1.2831066E-04    4.2764862E-02   -4.2764862E-02
 5.1600    1.2705433E-04    4.2510748E-02   -4.2510748E-02
 5.1700    1.2606316E-04    4.2342759E-02   -4.2342759E-02
 5.1800    1.2508834E-04    4.2178021E-02   -4.2178021E-02
 5.1900    1.2391064E-04    4.1942389E-02   -4.1942389E-02
 5.2000    1.2239990E-04    4.1590832E-02   -4.1590832E-02
 5.2100    1.2053594E-04    4.1115149E-02   -4.1115149E-02
 5.2200    1.1839936E-04    4.0541540E-02   -4.0541540E-02
 5.2300    1.1613533E-04    3.9918810E-02   -3.9918810E-02
 5.2400    1.1389854E-04    3.9299822E-02   -3.9299822E-02
 5.2500    1.1180307E-04    3.8724176E-02   -3.8724176E-02
 5.2600    1.0990116E-04    3.8210581E-02   -3.8210581E-02
 5.2700    1.0819299E-04    3.7759846E-02   -3.7759846E-02
 5.2800    1.0664551E-04    3.7361153E-02   -3.7361153E-02
 5.2900    1.0520132E-04    3.6994946E-02   -3.6994946E-02
 5.3000    1.0378220E-04    3.6634013E-02   -3.6634013E-02
 5.3100    1.0230638E-04    3.6249468E-02   -3.6249468E-02
 5.3200    1.0072361E-04    3.5823203E-02   -3.5823203E-02
 5.3300    9.9044652E-05    3.5358621E-02   -3.5358621E-02
 5.3400    9.7336891E-05    3.4879468E-02   -3.4879468E-02
 5.3500    9.5684536E-05    3.4415904E-02   -3.4415904E-02
 5.3600    9.4142663E-05    3.3988025E-02   -3.3988025E-02
 5.3700    9.2717138E-05    3.3598389E-02   -3.3598389E-02
 5.3800    9.1377862E-05    3.3236509E-02   -3.3236509E-02
 5.3900    9.0088188E-05    3.2889347E-02   -3.2889347E-02
 5.4000    8.8829614E-05    3.2550312E-02   -3.2550312E-02
 5.4100    8.7612216E-05    3.2223229E-02   -3.2223229E-02
 5.4200    8.6469338E-05    3.1920565E-02   -3.1920565E-02
 5.4300    8.5436763E-05    3.1655874E-02   -3.1655874E-02
 5.4400    8.4524046E-05    3.1433152E-02   -3.1433152E-02
 5.4500    8.3698163E-05    3.1240559E-02   -3.1240559E-02
 5.4600    8.2897008E-05    3.1055177E-02   -3.1055177E-02
 5.4700    8.2065558E-05    3.0856413E-02   -3.0856413E-02
 5.4800    8.1185659E-05    3.0637287E-02   -3.0637287E-02
 5.4900    8.0277407E-05    3.0405202E-02   -3.0405202E-02
 5.5000    7.9378295E-05    3.0174286E-02   -3.0174286E-02
 5.5100    7.8523808E-05    2.9958110E-02   -2.9958110E-02
 5.5200    7.7743728E-05    2.9768255E-02   -2.9768255E-02
 5.5300    7.7067027E-05    2.9616159E-02   -2.9616159E-02
 5.5400    7.6519717E-05    2.9512279E-02   -2.9512279E-02
 5.5500    7.6110432E-05    2.9460494E-02   -2.9460494E-02
 5.5600    7.5813731E-05    2.9451493E-02   -2.9451493E-02
 5.5700    7.5566018E-05    2.9460953E-02   -2.9460953E-02
 5.5800    7.5281418E-05    2.9455477E-02   -2.9455477E-02
 5.5900    7.4881839E-05    2.9404242E-02   -2.9404242E-02
 5.6000    7.4324347E-05    2.9289841E-02   -2.9289841E-02
 5.6100    7.3606555E-05    2.9110662E-02   -2.9110662E-02
 5.6200    7.2744333E-05    2.8872318E-02   -2.8872318E-02
 5.6300    7.1741384E-05    2.8575669E-02   -2.8575669E-02
 5.6400    7.0582672E-05    2.8214098E-02   -2.8214098E-02
 5.6500    6.9262779E-05    2.7784762E-02   -2.7784762E-02
 5.6600    6.7823649E-05    2.7303849E-02   -2.7303849E-02
 5.6700    6.6365351E-05    2.6811269E-02   -2.6811269E-02
 5.6800    6.5019595E-05    2.6360327E-02   -2.6360327E-02
 5.6900    6.3906265E-05    2.6000269E-02   -2.6000269E-02
 5.7000    6.3100504E-05    2.5762761E-02   -2.5762761E-02
 5.7100    6.2627812E-05    2.5659567E-02   -2.5659567E-02
 5.7200    6.2488556E-05    2.5692266E-02   -2.5692266E-02
 5.7300    6.2688355E-05    2.5864613E-02   -2.5864613E-02
 5.7400    6.3228913E-05    2.6178778E-02   -2.6178778E-02
 5.7500    6.4034308E-05    2.6604694E-02   -2.6604694E-02
 5.7600    6.4863142E-05    2.7042872E-02   -2.7042872E-02
 5.7700    6.5320133E-05    2.7328044E-02   -2.7328044E-02
 5.7800    6.5033110E-05    2.7302352E-02   -2.7302352E-02
 5.7900    6.3904050E-05    2.6921260E-02   -2.6921260E-02
 5.8000    6.2226620E-05    2.6305227E-02   -2.6305227E-02
 5.8100    6.0540281E-05    2.5680683E-02   -2.5680683E-02
 5.8200    5.9314605E-05    2.5247447E-02   -2.5247447E-02
 5.8300    5.8702849E-05    2.5072991E-02   -2.5072991E-02
 5.8400    5.8527284E-05    2.5083835E-02   -2.5083835E-02
 5.8500    5.8457200E-05    2.5139672E-02   -2.5139672E-02
 5.8600    5.8215969E-05    2.5121596E-02   -2.5121596E-02
 5.8700    5.7686186E-05    2.4978013E-02   -2.4978013E-02
 5.8800    5.6894062E-05    2.4719032E-02   -2.4719032E-02
 5.8900    5.5938406E-05    2.4386560E-02   -2.4386560E-02
 5.9000    5.4937892E-05    2.4031777E-02   -2.4031777E-02
 5.9100    5.4015979E-05    2.3708664E-02   -2.3708664E-02
 5.9200    5.3283447E-05    2.3466352E-02   -2.3466352E-02
 5.9300    5.2782280E-05    2.3324234E-02   -2.3324234E-02
 5.9400    5.2423708E-05    2.3243980E-02   -2.3243980E-02
 5.9500    5.2000055E-05    2.3133833E-02   -2.3133833E-02
 5.9600    5.1297820E-05    2.2898197E-02   -2.2898197E-02
 5.9700    5.0233492E-05    2.2498413E-02   -2.2498413E-02
 5.9800    4.8898679E-05    2.1974012E-02   -2.1974012E-02
 5.9900    4.7484935E-05    2.1410132E-02   -2.1410132E-02
 6.0000    4.6168259E-05    2.0886028E-02   -2.0886028E-02
 6.0100    4.5051162E-05    2.0448658E-02   -2.0448658E-02
 6.0200    4.4183586E-05    2.0121660E-02   -2.0121660E-02
 6.0300    4.3609825E-05    1.9926399E-02   -1.9926399E-02
 6.0400    4.3386424E-05    1.9890129E-02   -1.9890129E-02
 6.0500    4.3563760E-05    2.0037613E-02   -2.0037613E-02
 6.0600    4.4157851E-05    2.0378070E-02   -2.0378070E-02
 6.0700    4.5129015E-05    2.0895035E-02   -2.0895035E-02
 6.0800    4.6357018E-05    2.1534387E-02   -2.1534387E-02
 6.0900    4.7608121E-05    2.2188374E-02   -2.2188374E-02
 6.1000    4.8534812E-05    2.2694619E-02   -2.2694619E-02
 6.1100    4.8766703E-05    2.2877875E-02   -2.2877875E-02
 6.1200    4.8079801E-05    2.2629521E-02   -2.2629521E-02
 6.1300    4.6527831E-05    2.1970686E-02   -2.1970686E-02
 6.1400    4.4417289E-05    2.1042564E-02   -2.1042564E-02
 6.1500    4.2137626E-05    2.0027658E-02   -2.0027658E-02
 6.1600    3.9983713E-05    1.9065773E-02   -1.9065773E-02
 6.1700    3.8092977E-05    1.8223220E-02   -1.8223220E-02
 6.1800    3.6494969E-05    1.7515390E-02   -1.7515390E-02
 6.1900    3.5183310E-05    1.6940564E-02   -1.6940564E-02
 6.2000    3.4146385E-05    1.6494455E-02   -1.6494455E-02
 6.2100    3.3368526E-05    1.6170747E-02   -1.6170747E-02
 6.2200    3.2837114E-05    1.5964511E-02   -1.5964511E-02
 6.2300    3.2553909E-05    1.5877755E-02   -1.5877755E-02
 6.2400    3.2521242E-05    1.5912784E-02   -1.5912784E-02
 6.2500    3.2698987E-05    1.6051078E-02   -1.6051078E-02
 6.2600    3.2971806E-05    1.6236831E-02   -1.6236831E-02
 6.2700    3.3169613E-05    1.6386468E-02   -1.6386468E-02
 6.2800    3.3138618E-05    1.6423418E-02   -1.6423418E-02
 6.2900    3.2812245E-05    1.6313498E-02   -1.6313498E-02
 6.3000    3.2229820E-05    1.6074921E-02   -1.6074921E-02
 6.3100    3.1497851E-05    1.5759757E-02   -1.5759757E-02
 6.3200    3.0736188E-05    1.5427446E-02   -1.5427446E-02
 6.3300    3.0051211E-05    1.5131405E-02   -1.5131405E-02
 6.3400    2.9535961E-05    1.4918992E-02   -1.4918992E-02
 6.3500    2.9265789E-05    1.4829194E-02   -1.4829194E-02
 6.3600    2.9271218E-05    1.4878697E-02   -1.4878697E-02
 6.3700    2.9503351E-05    1.5043888E-02   -1.5043888E-02
 6.3800    2.9821297E-05    1.5253789E-02   -1.5253789E-02
 6.3900    3.0019584E-05    1.5403388E-02   -1.5403388E-02
 6.4000    2.9893257E-05    1.5386614E-02   -1.5386614E-02
 6.4100    2.9317177E-05    1.5137288E-02   -1.5137288E-02
 6.4200    2.8299879E-05    1.4657655E-02   -1.4657655E-02
 6.4300    2.6979300E-05    1.4017239E-02   -1.4017239E-02
 6.4400    2.5564127E-05    1.3323323E-02   -1.3323323E-02
 6.4500    2.4260836E-05    1.2683381E-02   -1.2683381E-02
 6.4600    2.3226305E-05    1.2180217E-02   -1.2180217E-02
 6.4700    2.2552703E-05    1.1863614E-02   -1.1863614E-02
 6.4800    2.2264051E-05    1.1748003E-02   -1.1748003E-02
 6.4900    2.2308830E-05    1.1807992E-02   -1.1807992E-02
 6.5000    2.2557550E-05    1.1976461E-02   -1.1976461E-02
 6.5100    2.2826018E-05    1.2156316E-02   -1.2156316E-02
 6.5200    2.2928899E-05    1.2248651E-02   -1.2248651E-02
 6.5300    2.2741182E-05    1.2185666E-02   -1.2185666E-02
 6.5400    2.2236555E-05    1.1951788E-02   -1.1951788E-02
 6.5500    2.1488004E-05    1.1584800E-02   -1.1584800E-02
 6.5600    2.0636503E-05    1.1159729E-02   -1.1159729E-02
 6.5700    1.9841150E-05    1.0762358E-02   -1.0762358E-02
 6.5800    1.9224964E-05    1.0459892E-02   -1.0459892E-02
 6.5900    1.8835589E-05    1.0279214E-02   -1.0279214E-02
 6.6000    1.8640528E-05    1.0203659E-02   -1.0203659E-02
 6.6100    1.8559091E-05    1.0189890E-02   -1.0189890E-02
 6.6200    1.8508792E-05    1.0193044E-02   -1.0193044E-02
 6.6300    1.8437908E-05    1.0184708E-02   -1.0184708E-02
 6.6400    1.8333357E-05    1.0157528E-02   -1.0157528E-02
 6.6500    1.8212352E-05    1.0120901E-02   -1.0120901E-02
 6.6600    1.8109560E-05    1.0094068E-02   -1.0094068E-02
 6.6700    1.8063459E-05    1.0098630E-02   -1.0098630E-02
 6.6800    1.8100426E-05    1.0149662E-02   -1.0149662E-02
 6.6900    1.8218111E-05    1.0246262E-02   -1.0246262E-02
 6.7000    1.8375959E-05    1.0365959E-02   -1.0365959E-02
 6.7100    1.8502649E-05    1.0468605E-02   -1.0468605E-02
 6.7200    1.8522794E-05    1.0511263E-02   -1.0511263E-02
 6.7300    1.8391557E-05    1.0467874E-02   -1.0467874E-02
 6.7400    1.8117098E-05    1.0342327E-02   -1.0342327E-02
 6.7500    1.7756279E-05    1.0166451E-02   -1.0166451E-02
 6.7600    1.7385823E-05    9.9838605E-03   -9.9838605E-03
 6.7700    1.7066318E-05    9.8294007E-03   -9.8294007E-03
 6.7800    1.6819326E-05    9.7157836E-03   -9.7157836E-03
 6.7900    1.6627843E-05    9.6335270E-03   -9.6335270E-03
 6.8000    1.6455902E-05    9.5620142E-03   -9.5620142E-03
 6.8100    1.6273613E-05    9.4839240E-03   -9.4839240E-03
 6.8200    1.6073436E-05    9.3947955E-03   -9.3947955E-03
 6.8300    1.5869749E-05    9.3029635E-03   -9.3029635E-03
 6.8400    1.5683106E-05    9.2204931E-03   -9.2204931E-03
 6.8500    1.5519889E-05    9.1512329E-03   -9.1512329E-03
 6.8600    1.5362445E-05    9.0848639E-03   -9.0848639E-03
 6.8700    1.5179007E-05    9.0025737E-03   -9.0025737E-03
 6.8800    1.4948051E-05    8.8914236E-03   -8.8914236E-03
 6.8900    1.4679122E-05    8.7568594E-03   -8.7568594E-03
 6.9000    1.4412908E-05    8.6230256E-03   -8.6230256E-03
 6.9100    1.4198676E-05    8.5194943E-03   -8.5194943E-03
 6.9200    1.4065668E-05    8.4641315E-03   -8.4641315E-03
 6.9300    1.4010430E-05    8.4552761E-03   -8.4552761E-03
 6.9400    1.4007126E-05    8.4776963E-03   -8.4776963E-03
 6.9500    1.4025845E-05    8.5135072E-03   -8.5135072E-03
 6.9600    1.4038884E-05    8.5459613E-03   -8.5459613E-03
 6.9700    1.4013866E-05    8.5552632E-03   -8.5552632E-03
 6.9800    1.3912044E-05    8.5174904E-03   -8.5174904E-03
 6.9900    1.3703924E-05    8.4141287E-03   -8.4141287E-03
 7.0000    1.3389214E-05    8.2444372E-03   -8.2444372E-03
 7.0100    1.2997829E-05    8.0263244E-03   -8.0263244E-03
 7.0200    1.2568622E-05    7.7834433E-03   -7.7834433E-03
 7.0300    1.2128343E-05    7.5322026E-03   -7.5322026E-03
 7.0400    1.1692909E-05    7.2824542E-03   -7.2824542E-03
 7.0500    1.1287056E-05    7.0496697E-03   -7.0496697E-03
 7.0600    1.0956833E-05    6.8628471E-03   -6.8628471E-03
 7.0700    1.0755364E-05    6.7557539E-03   -6.7557539E-03
 7.0800    1.0708811E-05    6.7455540E-03   -6.7455540E-03
 7.0900    1.0790334E-05    6.8161197E-03   -6.8161197E-03
 7.1000    1.0925683E-05    6.9211006E-03   -6.9211006E-03
 7.1100    1.1029047E-05    7.0062728E-03   -7.0062728E-03
 7.1200    1.1044168E-05    7.0356275E-03   -7.0356275E-03
 7.1300    1.0963323E-05    7.0037583E-03   -7.0037583E-03
 7.1400    1.0815973E-05    6.9290211E-03   -6.9290211E-03
 7.1500    1.0641510E-05    6.8363644E-03   -6.8363644E-03
 7.1600    1.0467624E-05    6.7434793E-03   -6.7434793E-03
 7.1700    1.0305032E-05    6.6572907E-03   -6.6572907E-03
 7.1800    1.0154624E-05    6.5784352E-03   -6.5784352E-03
 7.1900    1.0017111E-05    6.5074396E-03   -6.5074396E-03
 7.2000    9.8982224E-06    6.4481044E-03   -6.4481044E-03
 7.2100    9.8076417E-06    6.4068563E-03   -6.4068563E-03
 7.2200    9.7533148E-06    6.3890532E-03   -6.3890532E-03
 7.2300    9.7344153E-06    6.3943489E-03   -6.3943489E-03
 7.2400    9.7366409E-06    6.4135155E-03   -6.4135155E-03
 7.2500    9.7329368E-06    6.4287980E-03   -6.4287980E-03
 7.2600    9.6913170E-06    6.4189783E-03   -6.4189783E-03
 7.2700    9.5882847E-06    6.3682427E-03   -6.3682427E-03
 7.2800    9.4217048E-06    6.2748322E-03   -6.2748322E-03
 7.2900    9.2145955E-06    6.1537691E-03   -6.1537691E-03
 7.3000    9.0052888E-06    6.0304987E-03   -6.0304987E-03
 7.3100    8.8284587E-06    5.9282909E-03   -5.9282909E-03
 7.3200    8.6985245E-06    5.8570323E-03   -5.8570323E-03
 7.3300    8.6056063E-06    5.8103097E-03   -5.8103097E-03
 7.3400    8.5253280E-06    5.7718240E-03   -5.7718240E-03
 7.3500    8.4345414E-06    5.7259297E-03   -5.7259297E-03
 7.3600    8.3225078E-06    5.6652581E-03   -5.6652581E-03
 7.3700    8.1922478E-06    5.5917522E-03   -5.5917522E-03
 7.3800    8.0544186E-06    5.5126038E-03   -5.5126038E-03
 7.3900    7.9198051E-06    5.4351713E-03   -5.4351713E-03
 7.4000    7.7946014E-06    5.3637338E-03   -5.3637338E-03
 7.4100    7.6790312E-06    5.2984972E-03   -5.2984972E-03
 7.4200    7.5686425E-06    5.2364344E-03   -5.2364344E-03
 7.4300    7.4581612E-06    5.1739146E-03   -5.1739146E-03
 7.4400    7.3468676E-06    5.1104359E-03   -5.1104359E-03
 7.4500    7.2420450E-06    5.0510728E-03   -5.0510728E-03
 7.4600    7.1567491E-06    5.0049911E-03   -5.0049911E-03
 7.4700    7.1019821E-06    4.9800149E-03   -4.9800149E-03
 7.4800    7.0783565E-06    4.9767462E-03   -4.9767462E-03
 7.4900    7.0735172E-06    4.9866503E-03   -4.9866503E-03
 7.5000    7.0674572E-06    4.9956911E-03   -4.9956911E-03
 7.5100    7.0422023E-06    4.9911226E-03   -4.9911226E-03
 7.5200    6.9899900E-06    4.9673196E-03   -4.9673196E-03
 7.5300    6.9156978E-06    4.9276043E-03   -4.9276043E-03
 7.5400    6.8322851E-06    4.8811093E-03   -4.8811093E-03
 7.5500    6.7513929E-06    4.8361209E-03   -4.8361209E-03
 7.5600    6.6751050E-06    4.7941493E-03   -4.7941493E-03
 7.5700    6.5958760E-06    4.7497867E-03   -4.7497867E-03
 7.5800    6.5056392E-06    4.6971913E-03   -4.6971913E-03
 7.5900    6.4059221E-06    4.6374055E-03   -4.6374055E-03
 7.6000    6.3087767E-06    4.5791219E-03   -4.5791219E-03
 7.6100    6.2270273E-06    4.5316874E-03   -4.5316874E-03
 7.6200    6.1628148E-06    4.4967519E-03   -4.4967519E-03
 7.6300    6.1050089E-06    4.4662727E-03   -4.4662727E-03
 7.6400    6.0379271E-06    4.4287835E-03   -4.4287835E-03
 7.6500    5.9539108E-06    4.3785979E-03   -4.3785979E-03
 7.6600    5.8592558E-06    4.3202598E-03   -4.3202598E-03
 7.6700    5.7692053E-06    4.2649760E-03   -4.2649760E-03
 7.6800    5.6973018E-06    4.2228099E-03   -4.2228099E-03
 7.6900    5.6481888E-06    4.1973168E-03   -4.1973168E-03
 7.7000    5.6179909E-06    4.1857410E-03   -4.1857410E-03
 7.7100    5.5989677E-06    4.1824098E-03   -4.1824098E-03
 7.7200    5.5830266E-06    4.1813273E-03   -4.1813273E-03
 7.7300    5.5625170E-06    4.1767666E-03   -4.1767666E-03
 7.7400    5.5306948E-06    4.1636237E-03   -4.1636237E-03
 7.7500    5.4837959E-06    4.1389917E-03   -4.1389917E-03
 7.7600    5.4232480E-06    4.1038622E-03   -4.1038622E-03
 7.7700    5.3550166E-06    4.0626810E-03   -4.0626810E-03
 7.7800    5.2855153E-06    4.0202808E-03   -4.0202808E-03
 7.7900    5.2171222E-06    3.9784673E-03   -3.9784673E-03
 7.8000    5.1472115E-06    3.9352387E-03   -3.9352387E-03
 7.8100    5.0718365E-06    3.8875606E-03   -3.8875606E-03
 7.8200    4.9912994E-06    3.8356325E-03   -3.8356325E-03
 7.8300    4.9130102E-06    3.7851322E-03   -3.7851322E-03
 7.8400    4.8488031E-06    3.7452131E-03   -3.7452131E-03
 7.8500    4.8080775E-06    3.7232366E-03   -3.7232366E-03
 7.8600    4.7915025E-06    3.7198607E-03   -3.7198607E-03
 7.8700    4.7896108E-06    3.7278596E-03   -3.7278596E-03
 7.8800    4.7867896E-06    3.7351379E-03   -3.7351379E-03
 7.8900    4.7676665E-06    3.7296642E-03   -3.7296642E-03
 7.9000    4.7225515E-06    3.7037422E-03   -3.7037422E-03
 7.9100    4.6503182E-06    3.6563310E-03   -3.6563310E-03
 7.9200    4.5582610E-06    3.5930182E-03   -3.5930182E-03
 7.9300    4.4590343E-06    3.5236848E-03   -3.5236848E-03
 7.9400    4.3661270E-06    3.4589734E-03   -3.4589734E-03
 7.9500    4.2904040E-06    3.4075506E-03   -3.4075506E-03
 7.9600    4.2388816E-06    3.3751050E-03   -3.3751050E-03
 7.9700    4.2143120E-06    3.3639783E-03   -3.3639783E-03
 7.9800    4.2141490E-06    3.3722948E-03   -3.3722948E-03
 7.9900    4.2302305E-06    3.3936531E-03   -3.3936531E-03
 8.0000    4.2514591E-06    3.4192263E-03   -3.4192263E-03
 8.0100    4.2685014E-06    3.4415202E-03   -3.4415202E-03
 8.0200    4.2764962E-06    3.4565806E-03   -3.4565806E-03
 8.0300    4.2738704E-06    3.4630782E-03   -3.4630782E-03
 8.0400    4.2599360E-06    3.4603899E-03   -3.4603899E-03
 8.0500    4.2344740E-06    3.4482686E-03   -3.4482686E-03
 8.0600    4.1987537E-06    3.4276806E-03   -3.4276806E-03
 8.0700    4.1553352E-06    3.4006583E-03   -3.4006583E-03
 8.0800    4.1061363E-06    3.3687280E-03   -3.3687280E-03
 8.0900    4.0507715E-06    3.3315371E-03   -3.3315371E-03
 8.1000    3.9867940E-06    3.2870302E-03   -3.2870302E-03
 8.1100    3.9117217E-06    3.2331029E-03   -3.2331029E-03
 8.1200    3.8259590E-06    3.1700217E-03   -3.1700217E-03
 8.1300    3.7355317E-06    3.1027257E-03   -3.1027257E-03
 8.1400    3.6527889E-06    3.0414680E-03   -3.0414680E-03
 8.1500    3.5930587E-06    2.9990892E-03   -2.9990892E-03
 8.1600    3.5675823E-06    2.9851364E-03   -2.9851364E-03
 8.1700    3.5766795E-06    3.0000881E-03   -3.0000881E-03
 8.1800    3.6079931E-06    3.0337666E-03   -3.0337666E-03
 8.1900    3.6411626E-06    3.0691473E-03   -3.0691473E-03
 8.2000    3.6557888E-06    3.0890054E-03   -3.0890054E-03
 8.2100    3.6383014E-06    3.0817319E-03   -3.0817319E-03
 8.2200    3.5852671E-06    3.0442128E-03   -3.0442128E-03
 8.2300    3.5028358E-06    2.9814622E-03   -2.9814622E-03
 8.2400    3.4032048E-06    2.9037042E-03   -2.9037042E-03
 8.2500    3.2999382E-06    2.8224326E-03   -2.8224326E-03
 8.2600    3.2045255E-06    2.7474746E-03   -2.7474746E-03
 8.2700    3.1256051E-06    2.6863029E-03   -2.6863029E-03
 8.2800    3.0701938E-06    2.6450649E-03   -2.6450649E-03
 8.2900    3.0447940E-06    2.6295222E-03   -2.6295222E-03
 8.3000    3.0544161E-06    2.6441997E-03   -2.6441997E-03
 8.3100    3.0990738E-06    2.6893284E-03   -2.6893284E-03
 8.3200    3.1693608E-06    2.7569456E-03   -2.7569456E-03
 8.3300    3.2442339E-06    2.8288637E-03   -2.8288637E-03
 8.3400    3.2940986E-06    2.8792446E-03   -2.8792446E-03
 8.3500    3.2901585E-06    2.8827013E-03   -2.8827013E-03
 8.3600    3.2169749E-06    2.8253359E-03   -2.8253359E-03
 8.3700    3.0812643E-06    2.7126248E-03   -2.7126248E-03
 8.3800    2.9101810E-06    2.5681353E-03   -2.5681353E-03
 8.3900    2.7387944E-06    2.4226641E-03   -2.4226641E-03
 8.4000    2.5946175E-06    2.3006035E-03   -2.3006035E-03
 8.4100    2.4889798E-06    2.2121941E-03   -2.2121941E-03
 8.4200    2.4189866E-06    2.1551004E-03   -2.1551004E-03
 8.4300    2.3760882E-06    2.1219130E-03   -2.1219130E-03
 8.4400    2.3541805E-06    2.1073395E-03   -2.1073395E-03
 8.4500    2.3520973E-06    2.1104670E-03   -2.1104670E-03
 8.4600    2.3697066E-06    2.1313029E-03   -2.1313029E-03
 8.4700    2.4015071E-06    2.1650132E-03   -2.1650132E-03
 8.4800    2.4341207E-06    2.1995998E-03   -2.1995998E-03
 8.4900    2.4514102E-06    2.2204512E-03   -2.2204512E-03
 8.5000    2.4439733E-06    2.2189329E-03   -2.2189329E-03
 8.5100    2.4149039E-06    2.1977022E-03   -2.1977022E-03
 8.5200    2.3766204E-06    2.1679481E-03   -2.1679481E-03
 8.5300    2.3416160E-06    2.1410342E-03   -2.1410342E-03
 8.5400    2.3148148E-06    2.1214942E-03   -2.1214942E-03
 8.5500    2.2926170E-06    2.1060739E-03   -2.1060739E-03
 8.5600    2.2677441E-06    2.0881007E-03   -2.0881007E-03
 8.5700    2.2354990E-06    2.0632221E-03   -2.0632221E-03
 8.5800    2.1973273E-06    2.0327276E-03   -2.0327276E-03
 8.5900    2.1597387E-06    2.0026147E-03   -2.0026147E-03
 8.6000    2.1296219E-06    1.9792893E-03   -1.9792893E-03
 8.6100    2.1097466E-06    1.9653797E-03   -1.9653797E-03
 8.6200    2.0983135E-06    1.9592722E-03   -1.9592722E-03
 8.6300    2.0926089E-06    1.9584817E-03   -1.9584817E-03
 8.6400    2.0925860E-06    1.9630017E-03   -1.9630017E-03
 8.6500    2.1004001E-06    1.9748955E-03   -1.9748955E-03
 8.6600    2.1165463E-06    1.9946808E-03   -1.9946808E-03
 8.6700    2.1369784E-06    2.0185903E-03   -2.0185903E-03
 8.6800    2.1542992E-06    2.0396486E-03   -2.0396486E-03
 8.6900    2.1616676E-06    2.0513432E-03   -2.0513432E-03
 8.7000    2.1556683E-06    2.0503609E-03   -2.0503609E-03
 8.7100    2.1362963E-06    2.0366091E-03   -2.0366091E-03
 8.7200    2.1055169E-06    2.0118777E-03   -2.0118777E-03
 8.7300    2.0665398E-06    1.9791656E-03   -1.9791656E-03
 8.7400    2.0238654E-06    1.9427385E-03   -1.9427385E-03
 8.7500    1.9827523E-06    1.9076313E-03   -1.9076313E-03
 8.7600    1.9478432E-06    1.8783308E-03   -1.8783308E-03
 8.7700    1.9220365E-06    1.8576790E-03   -1.8576790E-03
 8.7800    1.9059940E-06    1.8463772E-03   -1.8463772E-03
 8.7900    1.8975144E-06    1.8423524E-03   -1.8423524E-03
 8.8000    1.8909972E-06    1.8402046E-03   -1.8402046E-03
 8.8100    1.8788603E-06    1.8325514E-03   -1.8325514E-03
 8.8200    1.8554538E-06    1.8138325E-03   -1.8138325E-03
 8.8300    1.8205934E-06    1.7837921E-03   -1.7837921E-03
 8.8400    1.7792692E-06    1.7472541E-03   -1.7472541E-03
 8.8500    1.7378162E-06    1.7104100E-03   -1.7104100E-03
 8.8600    1.7002509E-06    1.6772211E-03   -1.6772211E-03
 8.8700    1.6675856E-06    1.6487137E-03   -1.6487137E-03
 8.8800    1.6395595E-06    1.6246618E-03   -1.6246618E-03
 8.8900    1.6164816E-06    1.6054033E-03   -1.6054033E-03
 8.9000    1.5996232E-06    1.5922365E-03   -1.5922365E-03
 8.9100    1.5900446E-06    1.5862607E-03   -1.5862607E-03
 8.9200    1.5868462E-06    1.5866254E-03   -1.5866254E-03
 8.9300    1.5864524E-06    1.5897902E-03   -1.5897902E-03
 8.9400    1.5839838E-06    1.5908734E-03   -1.5908734E-03
 8.9500    1.5759095E-06    1.5863069E-03   -1.5863069E-03
 8.9600    1.5618285E-06    1.5756481E-03   -1.5756481E-03
 8.9700    1.5441468E-06    1.5612891E-03   -1.5612891E-03
 8.9800    1.5264949E-06    1.5468845E-03   -1.5468845E-03
 8.9900    1.5123994E-06    1.5360161E-03   -1.5360161E-03
 9.0000    1.5045899E-06    1.5314859E-03   -1.5314859E-03
 9.0100    1.5043535E-06    1.5346500E-03   -1.5346500E-03
 9.0200    1.5107942E-06    1.5446435E-03   -1.5446435E-03
 9.0300    1.5207065E-06    1.5582271E-03   -1.5582271E-03
 9.0400    1.5296060E-06    1.5708195E-03   -1.5708195E-03
 9.0500    1.5334073E-06    1.5782092E-03   -1.5782092E-03
 9.0600    1.5296601E-06    1.5778336E-03   -1.5778336E-03
 9.0700    1.5178357E-06    1.5690948E-03   -1.5690948E-03
 9.0800    1.4990880E-06    1.5531331E-03   -1.5531331E-03
 9.0900    1.4760177E-06    1.5326013E-03   -1.5326013E-03
 9.1000    1.4523381E-06    1.5113338E-03   -1.5113338E-03
 9.1100    1.4320517E-06    1.4935003E-03   -1.4935003E-03
 9.1200    1.4182183E-06    1.4823222E-03   -1.4823222E-03
 9.1300    1.4118803E-06    1.4789357E-03   -1.4789357E-03
 9.1400    1.4115941E-06    1.4818767E-03   -1.4818767E-03
 9.1500    1.4136950E-06    1.4873315E-03   -1.4873315E-03
 9.1600    1.4133768E-06    1.4902488E-03   -1.4902488E-03
 9.1700    1.4065386E-06    1.4862785E-03   -1.4862785E-03
 9.1800    1.3916912E-06    1.4737985E-03   -1.4737985E-03
 9.1900    1.3706430E-06    1.4546726E-03   -1.4546726E-03
 9.2000    1.3472943E-06    1.4330060E-03   -1.4330060E-03
 9.2100    1.3254114E-06    1.4127972E-03   -1.4127972E-03
 9.2200    1.3071277E-06    1.3963354E-03   -1.3963354E-03
 9.2300    1.2930685E-06    1.3843146E-03   -1.3843146E-03
 9.2400    1.2833450E-06    1.3768836E-03   -1.3768836E-03
 9.2500    1.2780178E-06    1.3741376E-03   -1.3741376E-03
 9.2600    1.2765751E-06    1.3755558E-03   -1.3755558E-03
 9.2700    1.2773119E-06    1.3793240E-03   -1.3793240E-03
 9.2800    1.2776721E-06    1.3826913E-03   -1.3826913E-03
 9.2900    1.2754850E-06    1.3833009E-03   -1.3833009E-03
 9.3000    1.2700030E-06    1.3803223E-03   -1.3803223E-03
 9.3100    1.2619340E-06    1.3745035E-03   -1.3745035E-03
 9.3200    1.2527055E-06    1.3673845E-03   -1.3673845E-03
