# total charge: 10.000000 
# r(A)     rho (e/A^3)     4*pi*r^2*rho(e/A)  dip  
 0.0000    4.1340759E+00    0.0000000E+00    7.9788456E+01
 0.0100    4.1319387E+00    5.1923473E-03    7.9385317E+01
 0.0200    4.1292375E+00    2.0755812E-02    7.8187783E+01
 0.0300    4.1258572E+00    4.6662346E-02    7.6230901E+01
 0.0400    4.1216740E+00    8.2871173E-02    7.3571157E+01
 0.0500    4.1165503E+00    1.2932524E-01    7.0283740E+01
 0.0600    4.1103318E+00    1.8594703E-01    6.6458974E+01
 0.0700    4.1028600E+00    2.5263449E-01    6.2198152E+01
 0.0800    4.0940024E+00    3.2925921E-01    5.7609051E+01
 0.0900    4.0836821E+00    4.1566821E-01    5.2801382E+01
 0.1000    4.0718873E+00    5.1168845E-01    4.7882456E+01
 0.1100    4.0586540E+00    6.1713086E-01    4.2953305E+01
 0.1200    4.0440380E+00    7.3179188E-01    3.8105419E+01
 0.1300    4.0280912E+00    8.5545243E-01    3.3418266E+01
 0.1400    4.0108517E+00    9.8787624E-01    2.8957617E+01
 0.1500    3.9923454E+00    1.1288091E+00    2.4774710E+01
 0.1600    3.9725938E+00    1.2779798E+00    2.0906187E+01
 0.1700    3.9516206E+00    1.4351026E+00    1.7374713E+01
 0.1800    3.9294534E+00    1.5998785E+00    1.4190153E+01
 0.1900    3.9061180E+00    1.7719947E+00    1.1351168E+01
 0.2000    3.8816326E+00    1.9511213E+00    8.8470720E+00
 0.2100    3.8560051E+00    2.1369091E+00    6.6598101E+00
 0.2200    3.8292369E+00    2.3289891E+00    4.7659294E+00
 0.2300    3.8013299E+00    2.5269759E+00    3.1384317E+00
 0.2400    3.7722918E+00    2.7304714E+00    1.7484347E+00
 0.2500    3.7421381E+00    2.9390684E+00    5.6659171E-01
 0.2600    3.7108902E+00    3.1523517E+00   -4.3575782E-01
 0.2700    3.6785722E+00    3.3698974E+00   -1.2857104E+00
 0.2800    3.6452076E+00    3.5912711E+00   -2.0081808E+00
 0.2900    3.6108165E+00    3.8160256E+00   -2.6255192E+00
 0.3000    3.5754159E+00    4.0437001E+00   -3.1573304E+00
 0.3100    3.5390209E+00    4.2738216E+00   -3.6204577E+00
 0.3200    3.5016489E+00    4.5059091E+00   -4.0290914E+00
 0.3300    3.4633205E+00    4.7394770E+00   -4.3949633E+00
 0.3400    3.4240594E+00    4.9740368E+00   -4.7275930E+00
 0.3500    3.3838914E+00    5.2090961E+00   -5.0345596E+00
 0.3600    3.3428428E+00    5.4441592E+00   -5.3217788E+00
 0.3700    3.3009405E+00    5.6787273E+00   -5.5937712E+00
 0.3800    3.2582128E+00    5.9123005E+00   -5.8539111E+00
 0.3900    3.2146884E+00    6.1443785E+00   -6.1046474E+00
 0.4000    3.1703969E+00    6.3744613E+00   -6.3476952E+00
 0.4100    3.1253680E+00    6.6020490E+00   -6.5841967E+00
 0.4200    3.0796319E+00    6.8266439E+00   -6.8148553E+00
 0.4300    3.0332195E+00    7.0477521E+00   -7.0400451E+00
 0.4400    2.9861637E+00    7.2648864E+00   -7.2598979E+00
 0.4500    2.9384985E+00    7.4775680E+00   -7.4743712E+00
 0.4600    2.8902598E+00    7.6853282E+00   -7.6833000E+00
 0.4700    2.8414848E+00    7.8877097E+00   -7.8864357E+00
 0.4800    2.7922117E+00    8.0842676E+00   -8.0834754E+00
 0.4900    2.7424797E+00    8.2745702E+00   -8.2740824E+00
 0.5000    2.6923285E+00    8.4581993E+00   -8.4579020E+00
 0.5100    2.6417982E+00    8.6347517E+00   -8.6345723E+00
 0.5200    2.5909298E+00    8.8038410E+00   -8.8037338E+00
 0.5300    2.5397649E+00    8.9650996E+00   -8.9650362E+00
 0.5400    2.4883461E+00    9.1181802E+00   -9.1181431E+00
 0.5500    2.4367165E+00    9.2627565E+00   -9.2627349E+00
 0.5600    2.3849193E+00    9.3985228E+00   -9.3985105E+00
 0.5700    2.3329978E+00    9.5251956E+00   -9.5251886E+00
 0.5800    2.2809956E+00    9.6425144E+00   -9.6425104E+00
 0.5900    2.2289565E+00    9.7502438E+00   -9.7502416E+00
 0.6000    2.1769246E+00    9.8481749E+00   -9.8481737E+00
 0.6100    2.1249444E+00    9.9361263E+00   -9.9361256E+00
 0.6200    2.0730602E+00    1.0013944E+01   -1.0013944E+01
 0.6300    2.0213163E+00    1.0081502E+01   -1.0081502E+01
 0.6400    1.9697566E+00    1.0138702E+01   -1.0138702E+01
 0.6500    1.9184242E+00    1.0185474E+01   -1.0185474E+01
 0.6600    1.8673620E+00    1.0221774E+01   -1.0221774E+01
 0.6700    1.8166120E+00    1.0247588E+01   -1.0247588E+01
 0.6800    1.7662159E+00    1.0262932E+01   -1.0262932E+01
 0.6900    1.7162146E+00    1.0267853E+01   -1.0267853E+01
 0.7000    1.6666488E+00    1.0262426E+01   -1.0262426E+01
 0.7100    1.6175578E+00    1.0246755E+01   -1.0246755E+01
 0.7200    1.5689800E+00    1.0220974E+01   -1.0220974E+01
 0.7300    1.5209526E+00    1.0185240E+01   -1.0185240E+01
 0.7400    1.4735115E+00    1.0139740E+01   -1.0139740E+01
 0.7500    1.4266913E+00    1.0084686E+01   -1.0084686E+01
 0.7600    1.3805253E+00    1.0020316E+01   -1.0020316E+01
 0.7700    1.3350460E+00    9.9468949E+00   -9.9468949E+00
 0.7800    1.2902840E+00    9.8647114E+00   -9.8647114E+00
 0.7900    1.2462692E+00    9.7740805E+00   -9.7740805E+00
 0.8000    1.2030299E+00    9.6753406E+00   -9.6753406E+00
 0.8100    1.1605927E+00    9.5688502E+00   -9.5688502E+00
 0.8200    1.1189824E+00    9.4549846E+00   -9.4549846E+00
 0.8300    1.0782214E+00    9.3341335E+00   -9.3341335E+00
 0.8400    1.0383305E+00    9.2067015E+00   -9.2067015E+00
 0.8500    9.9932868E-01    9.0731078E+00   -9.0731078E+00
 0.8600    9.6123299E-01    8.9337837E+00   -8.9337837E+00
 0.8700    9.2405841E-01    8.7891685E+00   -8.7891685E+00
 0.8800    8.8781756E-01    8.6397055E+00   -8.6397055E+00
 0.8900    8.5252101E-01    8.4858425E+00   -8.4858425E+00
 0.9000    8.1817766E-01    8.3280342E+00   -8.3280342E+00
 0.9100    7.8479514E-01    8.1667443E+00   -8.1667443E+00
 0.9200    7.5237963E-01    8.0024422E+00   -8.0024422E+00
 0.9300    7.2093535E-01    7.8355969E+00   -7.8355969E+00
 0.9400    6.9046413E-01    7.6666686E+00   -7.6666686E+00
 0.9500    6.6096518E-01    7.4961049E+00   -7.4961049E+00
 0.9600    6.3243536E-01    7.3243396E+00   -7.3243396E+00
 0.9700    6.0486960E-01    7.1517956E+00   -7.1517956E+00
 0.9800    5.7826121E-01    6.9788856E+00   -6.9788856E+00
 0.9900    5.5260210E-01    6.8060131E+00   -6.8060131E+00
 1.0000    5.2788272E-01    6.6335699E+00   -6.6335699E+00
 1.0100    5.0409203E-01    6.4619329E+00   -6.4619329E+00
 1.0200    4.8121736E-01    6.2914607E+00   -6.2914607E+00
 1.0300    4.5924435E-01    6.1224907E+00   -6.1224907E+00
 1.0400    4.3815702E-01    5.9553367E+00   -5.9553367E+00
 1.0500    4.1793793E-01    5.7902891E+00   -5.7902891E+00
 1.0600    3.9856841E-01    5.6276162E+00   -5.6276162E+00
 1.0700    3.8002885E-01    5.4675654E+00   -5.4675654E+00
 1.0800    3.6229889E-01    5.3103650E+00   -5.3103650E+00
 1.0900    3.4535745E-01    5.1562230E+00   -5.1562230E+00
 1.1000    3.2918275E-01    5.0053252E+00   -5.0053252E+00
 1.1100    3.1375223E-01    4.8578337E+00   -4.8578337E+00
 1.1200    2.9904266E-01    4.7138858E+00   -4.7138858E+00
 1.1300    2.8503025E-01    4.5735951E+00   -4.5735951E+00
 1.1400    2.7169086E-01    4.4370528E+00   -4.4370528E+00
 1.1500    2.5900017E-01    4.3043303E+00   -4.3043303E+00
 1.1600    2.4693387E-01    4.1754810E+00   -4.1754810E+00
 1.1700    2.3546777E-01    4.0505412E+00   -4.0505412E+00
 1.1800    2.2457783E-01    3.9295313E+00   -3.9295313E+00
 1.1900    2.1424026E-01    3.8124563E+00   -3.8124563E+00
 1.2000    2.0443162E-01    3.6993075E+00   -3.6993075E+00
 1.2100    1.9512896E-01    3.5900651E+00   -3.5900651E+00
 1.2200    1.8630987E-01    3.4847000E+00   -3.4847000E+00
 1.2300    1.7795259E-01    3.3831744E+00   -3.3831744E+00
 1.2400    1.7003587E-01    3.2854418E+00   -3.2854418E+00
 1.2500    1.6253901E-01    3.1914460E+00   -3.1914460E+00
 1.2600    1.5544179E-01    3.1011212E+00   -3.1011212E+00
 1.2700    1.4872457E-01    3.0143941E+00   -3.0143941E+00
 1.2800    1.4236835E-01    2.9311853E+00   -2.9311853E+00
 1.2900    1.3635483E-01    2.8514109E+00   -2.8514109E+00
 1.3000    1.3066635E-01    2.7749831E+00   -2.7749831E+00
 1.3100    1.2528593E-01    2.7018096E+00   -2.7018096E+00
 1.3200    1.2019717E-01    2.6317945E+00   -2.6317945E+00
 1.3300    1.1538435E-01    2.5648388E+00   -2.5648388E+00
 1.3400    1.1083237E-01    2.5008409E+00   -2.5008409E+00
 1.3500    1.0652673E-01    2.4396977E+00   -2.4396977E+00
 1.3600    1.0245360E-01    2.3813044E+00   -2.3813044E+00
 1.3700    9.8599749E-02    2.3255560E+00   -2.3255560E+00
 1.3800    9.4952600E-02    2.2723483E+00   -2.2723483E+00
 1.3900    9.1500246E-02    2.2215788E+00   -2.2215788E+00
 1.4000    8.8231428E-02    2.1731477E+00   -2.1731477E+00
 1.4100    8.5135490E-02    2.1269571E+00   -2.1269571E+00
 1.4200    8.2202344E-02    2.0829112E+00   -2.0829112E+00
 1.4300    7.9422429E-02    2.0409159E+00   -2.0409159E+00
 1.4400    7.6786702E-02    2.0008792E+00   -2.0008792E+00
 1.4500    7.4286636E-02    1.9627119E+00   -1.9627119E+00
 1.4600    7.1914220E-02    1.9263285E+00   -1.9263285E+00
 1.4700    6.9661947E-02    1.8916472E+00   -1.8916472E+00
 1.4800    6.7522781E-02    1.8585901E+00   -1.8585901E+00
 1.4900    6.5490109E-02    1.8270823E+00   -1.8270823E+00
 1.5000    6.3557698E-02    1.7970516E+00   -1.7970516E+00
 1.5100    6.1719673E-02    1.7684280E+00   -1.7684280E+00
 1.5200    5.9970509E-02    1.7411443E+00   -1.7411443E+00
 1.5300    5.8305032E-02    1.7151368E+00   -1.7151368E+00
 1.5400    5.6718402E-02    1.6903448E+00   -1.6903448E+00
 1.5500    5.5206089E-02    1.6667108E+00   -1.6667108E+00
 1.5600    5.3763838E-02    1.6441798E+00   -1.6441798E+00
 1.5700    5.2387640E-02    1.6226991E+00   -1.6226991E+00
 1.5800    5.1073724E-02    1.6022178E+00   -1.6022178E+00
 1.5900    4.9818545E-02    1.5826874E+00   -1.5826874E+00
 1.6000    4.8618782E-02    1.5640618E+00   -1.5640618E+00
 1.6100    4.7471323E-02    1.5462971E+00   -1.5462971E+00
 1.6200    4.6373250E-02    1.5293519E+00   -1.5293519E+00
 1.6300    4.5321812E-02    1.5131861E+00   -1.5131861E+00
 1.6400    4.4314408E-02    1.4977610E+00   -1.4977610E+00
 1.6500    4.3348579E-02    1.4830391E+00   -1.4830391E+00
 1.6600    4.2421998E-02    1.4689843E+00   -1.4689843E+00
 1.6700    4.1532474E-02    1.4555617E+00   -1.4555617E+00
 1.6800    4.0677943E-02    1.4427378E+00   -1.4427378E+00
 1.6900    3.9856456E-02    1.4304805E+00   -1.4304805E+00
 1.7000    3.9066169E-02    1.4187587E+00   -1.4187587E+00
 1.7100    3.8305329E-02    1.4075417E+00   -1.4075417E+00
 1.7200    3.7572272E-02    1.3968000E+00   -1.3968000E+00
 1.7300    3.6865418E-02    1.3865043E+00   -1.3865043E+00
 1.7400    3.6183280E-02    1.3766270E+00   -1.3766270E+00
 1.7500    3.5524461E-02    1.3671415E+00   -1.3671415E+00
 1.7600    3.4887648E-02    1.3580223E+00   -1.3580223E+00
 1.7700    3.4271601E-02    1.3492449E+00   -1.3492449E+00
 1.7800    3.3675134E-02    1.3407852E+00   -1.3407852E+00
 1.7900    3.3097117E-02    1.3326193E+00   -1.3326193E+00
 1.8000    3.2536474E-02    1.3247239E+00   -1.3247239E+00
 1.8100    3.1992200E-02    1.3170769E+00   -1.3170769E+00
 1.8200    3.1463361E-02    1.3096576E+00   -1.3096576E+00
 1.8300    3.0949087E-02    1.3024465E+00   -1.3024465E+00
 1.8400    3.0448546E-02    1.2954244E+00   -1.2954244E+00
 1.8500    2.9960935E-02    1.2885720E+00   -1.2885720E+00
 1.8600    2.9485487E-02    1.2818702E+00   -1.2818702E+00
 1.8700    2.9021494E-02    1.2753014E+00   -1.2753014E+00
 1.8800    2.8568326E-02    1.2688502E+00   -1.2688502E+00
 1.8900    2.8125424E-02    1.2625034E+00   -1.2625034E+00
 1.9000    2.7692269E-02    1.2562487E+00   -1.2562487E+00
 1.9100    2.7268368E-02    1.2500740E+00   -1.2500740E+00
 1.9200    2.6853243E-02    1.2439676E+00   -1.2439676E+00
 1.9300    2.6446451E-02    1.2379180E+00   -1.2379180E+00
 1.9400    2.6047591E-02    1.2319154E+00   -1.2319154E+00
 1.9500    2.5656304E-02    1.2259512E+00   -1.2259512E+00
 1.9600    2.5272265E-02    1.2200178E+00   -1.2200178E+00
 1.9700    2.4895172E-02    1.2141083E+00   -1.2141083E+00
 1.9800    2.4524731E-02    1.2082158E+00   -1.2082158E+00
 1.9900    2.4160657E-02    1.2023330E+00   -1.2023330E+00
 2.0000    2.3802669E-02    1.1964527E+00   -1.1964527E+00
 2.0100    2.3450503E-02    1.1905678E+00   -1.1905678E+00
 2.0200    2.3103917E-02    1.1846723E+00   -1.1846723E+00
 2.0300    2.2762707E-02    1.1787613E+00   -1.1787613E+00
 2.0400    2.2426701E-02    1.1728314E+00   -1.1728314E+00
 2.0500    2.2095754E-02    1.1668806E+00   -1.1668806E+00
 2.0600    2.1769735E-02    1.1609070E+00   -1.1609070E+00
 2.0700    2.1448513E-02    1.1549090E+00   -1.1549090E+00
 2.0800    2.1131964E-02    1.1488846E+00   -1.1488846E+00
 2.0900    2.0819972E-02    1.1428325E+00   -1.1428325E+00
 2.1000    2.0512441E-02    1.1367522E+00   -1.1367522E+00
 2.1100    2.0209296E-02    1.1306442E+00   -1.1306442E+00
 2.1200    1.9910467E-02    1.1245092E+00   -1.1245092E+00
 2.1300    1.9615881E-02    1.1183478E+00   -1.1183478E+00
 2.1400    1.9325452E-02    1.1121595E+00   -1.1121595E+00
 2.1500    1.9039074E-02    1.1059426E+00   -1.1059426E+00
 2.1600    1.8756620E-02    1.0996943E+00   -1.0996943E+00
 2.1700    1.8477948E-02    1.0934101E+00   -1.0934101E+00
 2.1800    1.8202906E-02    1.0870852E+00   -1.0870852E+00
 2.1900    1.7931359E-02    1.0807153E+00   -1.0807153E+00
 2.2000    1.7663212E-02    1.0742983E+00   -1.0742983E+00
 2.2100    1.7398421E-02    1.0678352E+00   -1.0678352E+00
 2.2200    1.7136981E-02    1.0613292E+00   -1.0613292E+00
 2.2300    1.6878893E-02    1.0547840E+00   -1.0547840E+00
 2.2400    1.6624147E-02    1.0482027E+00   -1.0482027E+00
 2.2500    1.6372704E-02    1.0415864E+00   -1.0415864E+00
 2.2600    1.6124505E-02    1.0349352E+00   -1.0349352E+00
 2.2700    1.5879482E-02    1.0282481E+00   -1.0282481E+00
 2.2800    1.5637562E-02    1.0215241E+00   -1.0215241E+00
 2.2900    1.5398671E-02    1.0147617E+00   -1.0147617E+00
 2.3000    1.5162732E-02    1.0079593E+00   -1.0079593E+00
 2.3100    1.4929667E-02    1.0011150E+00   -1.0011150E+00
 2.3200    1.4699401E-02    9.9422682E-01   -9.9422682E-01
 2.3300    1.4471865E-02    9.8729335E-01   -9.8729335E-01
 2.3400    1.4247003E-02    9.8031378E-01   -9.8031378E-01
 2.3500    1.4024780E-02    9.7328863E-01   -9.7328863E-01
 2.3600    1.3805189E-02    9.6622045E-01   -9.6622045E-01
 2.3700    1.3588253E-02    9.5911386E-01   -9.5911386E-01
 2.3800    1.3374004E-02    9.5197432E-01   -9.5197432E-01
 2.3900    1.3162459E-02    9.4480610E-01   -9.4480610E-01
 2.4000    1.2953592E-02    9.3761069E-01   -9.3761069E-01
 2.4100    1.2747343E-02    9.3038695E-01   -9.3038695E-01
 2.4200    1.2543641E-02    9.2313283E-01   -9.2313283E-01
 2.4300    1.2342431E-02    9.1584737E-01   -9.1584737E-01
 2.4400    1.2143688E-02    9.0853175E-01   -9.0853175E-01
 2.4500    1.1947411E-02    9.0118894E-01   -9.0118894E-01
 2.4600    1.1753614E-02    8.9382295E-01   -8.9382295E-01
 2.4700    1.1562312E-02    8.8643821E-01   -8.8643821E-01
 2.4800    1.1373523E-02    8.7903916E-01   -8.7903916E-01
 2.4900    1.1187253E-02    8.7162968E-01   -8.7162968E-01
 2.5000    1.1003492E-02    8.6421222E-01   -8.6421222E-01
 2.5100    1.0822204E-02    8.5678727E-01   -8.5678727E-01
 2.5200    1.0643335E-02    8.4935391E-01   -8.4935391E-01
 2.5300    1.0466837E-02    8.4191133E-01   -8.4191133E-01
 2.5400    1.0292680E-02    8.3446045E-01   -8.3446045E-01
 2.5500    1.0120869E-02    8.2700479E-01   -8.2700479E-01
 2.5600    9.9514300E-03    8.1954968E-01   -8.1954968E-01
 2.5700    9.7843859E-03    8.1210032E-01   -8.1210032E-01
 2.5800    9.6197319E-03    8.0465968E-01   -8.0465968E-01
 2.5900    9.4574299E-03    7.9722797E-01   -7.9722797E-01
 2.6000    9.2974260E-03    7.8980393E-01   -7.8980393E-01
 2.6100    9.1396763E-03    7.8238712E-01   -7.8238712E-01
 2.6200    8.9841589E-03    7.7497888E-01   -7.7497888E-01
 2.6300    8.8308595E-03    7.6758121E-01   -7.6758121E-01
 2.6400    8.6797457E-03    7.6019449E-01   -7.6019449E-01
 2.6500    8.5307594E-03    7.5281680E-01   -7.5281680E-01
 2.6600    8.3838427E-03    7.4544612E-01   -7.4544612E-01
 2.6700    8.2389782E-03    7.3808391E-01   -7.3808391E-01
 2.6800    8.0962059E-03    7.3073683E-01   -7.3073683E-01
 2.6900    7.9555976E-03    7.2341454E-01   -7.2341454E-01
 2.7000    7.8172065E-03    7.1612523E-01   -7.1612523E-01
 2.7100    7.6810297E-03    7.0887211E-01   -7.0887211E-01
 2.7200    7.5470086E-03    7.0165321E-01   -7.0165321E-01
 2.7300    7.4150611E-03    6.9446424E-01   -6.9446424E-01
 2.7400    7.2851199E-03    6.8730214E-01   -6.8730214E-01
 2.7500    7.1571473E-03    6.8016645E-01   -6.8016645E-01
 2.7600    7.0311212E-03    6.7305819E-01   -6.7305819E-01
 2.7700    6.9070118E-03    6.6597757E-01   -6.6597757E-01
 2.7800    6.7847741E-03    6.5892328E-01   -6.5892328E-01
 2.7900    6.6643621E-03    6.5189381E-01   -6.5189381E-01
 2.8000    6.5457508E-03    6.4488963E-01   -6.4488963E-01
 2.8100    6.4289466E-03    6.3791427E-01   -6.3791427E-01
 2.8200    6.3139796E-03    6.3097370E-01   -6.3097370E-01
 2.8300    6.2008838E-03    6.2407435E-01   -6.2407435E-01
 2.8400    6.0896734E-03    6.1722079E-01   -6.1722079E-01
 2.8500    5.9803235E-03    6.1041369E-01   -6.1041369E-01
 2.8600    5.8727619E-03    6.0364878E-01   -6.0364878E-01
 2.8700    5.7668774E-03    5.9691759E-01   -5.9691759E-01
 2.8800    5.6625523E-03    5.9021069E-01   -5.9021069E-01
 2.8900    5.5597106E-03    5.8352267E-01   -5.8352267E-01
 2.9000    5.4583555E-03    5.7685635E-01   -5.7685635E-01
 2.9100    5.3585643E-03    5.7022242E-01   -5.7022242E-01
 2.9200    5.2604323E-03    5.6363376E-01   -5.6363376E-01
 2.9300    5.1639975E-03    5.5709739E-01   -5.5709739E-01
 2.9400    5.0692027E-03    5.5061011E-01   -5.5061011E-01
 2.9500    4.9759239E-03    5.4416126E-01   -5.4416126E-01
 2.9600    4.8840491E-03    5.3774120E-01   -5.3774120E-01
 2.9700    4.7935500E-03    5.3134919E-01   -5.3134919E-01
 2.9800    4.7044910E-03    5.2499484E-01   -5.2499484E-01
 2.9900    4.6169723E-03    5.1869195E-01   -5.1869195E-01
 3.0000    4.5310532E-03    5.1245004E-01   -5.1245004E-01
 3.0100    4.4467171E-03    5.0627019E-01   -5.0627019E-01
 3.0200    4.3638969E-03    5.0014764E-01   -5.0014764E-01
 3.0300    4.2825281E-03    4.9407780E-01   -4.9407780E-01
 3.0400    4.2025825E-03    4.8806008E-01   -4.8806008E-01
 3.0500    4.1240589E-03    4.8209697E-01   -4.8209697E-01
 3.0600    4.0469495E-03    4.7619026E-01   -4.7619026E-01
 3.0700    3.9712196E-03    4.7033849E-01   -4.7033849E-01
 3.0800    3.8968173E-03    4.6453811E-01   -4.6453811E-01
 3.0900    3.8237037E-03    4.5878695E-01   -4.5878695E-01
 3.1000    3.7518727E-03    4.5308674E-01   -4.5308674E-01
 3.1100    3.6813428E-03    4.4744216E-01   -4.4744216E-01
 3.1200    3.6121253E-03    4.4185713E-01   -4.4185713E-01
 3.1300    3.5441959E-03    4.3633119E-01   -4.3633119E-01
 3.1400    3.4774910E-03    4.3085901E-01   -4.3085901E-01
 3.1500    3.4119306E-03    4.2543299E-01   -4.2543299E-01
 3.1600    3.3474506E-03    4.2004730E-01   -4.2004730E-01
 3.1700    3.2840249E-03    4.1470076E-01   -4.1470076E-01
 3.1800    3.2216685E-03    4.0939728E-01   -4.0939728E-01
 3.1900    3.1604211E-03    4.0414404E-01   -4.0414404E-01
 3.2000    3.1003208E-03    3.9894815E-01   -3.9894815E-01
 3.2100    3.0413777E-03    3.9381321E-01   -3.9381321E-01
 3.2200    2.9835626E-03    3.8873779E-01   -3.8873779E-01
 3.2300    2.9268165E-03    3.8371644E-01   -3.8371644E-01
 3.2400    2.8710756E-03    3.7874291E-01   -3.7874291E-01
 3.2500    2.8162979E-03    3.7381367E-01   -3.7381367E-01
 3.2600    2.7624777E-03    3.6892989E-01   -3.6892989E-01
 3.2700    2.7096365E-03    3.6409642E-01   -3.6409642E-01
 3.2800    2.6577925E-03    3.5931771E-01   -3.5931771E-01
 3.2900    2.6069235E-03    3.5459283E-01   -3.5459283E-01
 3.3000    2.5569537E-03    3.4991343E-01   -3.4991343E-01
 3.3100    2.5077821E-03    3.4526746E-01   -3.4526746E-01
 3.3200    2.4593393E-03    3.4064693E-01   -3.4064693E-01
 3.3300    2.4116302E-03    3.3605398E-01   -3.3605398E-01
 3.3400    2.3647276E-03    3.3150030E-01   -3.3150030E-01
 3.3500    2.3187205E-03    3.2700009E-01   -3.2700009E-01
 3.3600    2.2736562E-03    3.2256201E-01   -3.2256201E-01
 3.3700    2.2295206E-03    3.1818607E-01   -3.1818607E-01
 3.3800    2.1862646E-03    3.1386723E-01   -3.1386723E-01
 3.3900    2.1438464E-03    3.0960140E-01   -3.0960140E-01
 3.4000    2.1022501E-03    3.0538807E-01   -3.0538807E-01
 3.4100    2.0614686E-03    3.0122801E-01   -3.0122801E-01
 3.4200    2.0214761E-03    2.9711918E-01   -2.9711918E-01
 3.4300    1.9822213E-03    2.9305575E-01   -2.9305575E-01
 3.4400    1.9436514E-03    2.8903146E-01   -2.8903146E-01
 3.4500    1.9057413E-03    2.8504407E-01   -2.8504407E-01
 3.4600    1.8685024E-03    2.8109668E-01   -2.8109668E-01
 3.4700    1.8319614E-03    2.7719484E-01   -2.7719484E-01
 3.4800    1.7961334E-03    2.7334236E-01   -2.7334236E-01
 3.4900    1.7610094E-03    2.6953949E-01   -2.6953949E-01
 3.5000    1.7265666E-03    2.6578428E-01   -2.6578428E-01
 3.5100    1.6927874E-03    2.6207556E-01   -2.6207556E-01
 3.5200    1.6596736E-03    2.5841509E-01   -2.5841509E-01
 3.5300    1.6272475E-03    2.5480790E-01   -2.5480790E-01
 3.5400    1.5955383E-03    2.5126015E-01   -2.5126015E-01
 3.5500    1.5645554E-03    2.4777502E-01   -2.4777502E-01
 3.5600    1.5342648E-03    2.4434878E-01   -2.4434878E-01
 3.5700    1.5045841E-03    2.4096989E-01   -2.4096989E-01
 3.5800    1.4754095E-03    2.3762301E-01   -2.3762301E-01
 3.5900    1.4466586E-03    2.3429597E-01   -2.3429597E-01
 3.6000    1.4183038E-03    2.3098519E-01   -2.3098519E-01
 3.6100    1.3903719E-03    2.2769592E-01   -2.2769592E-01
 3.6200    1.3629173E-03    2.2443806E-01   -2.2443806E-01
 3.6300    1.3359909E-03    2.2122113E-01   -2.2122113E-01
 3.6400    1.3096252E-03    2.1805179E-01   -2.1805179E-01
 3.6500    1.2838379E-03    2.1493432E-01   -2.1493432E-01
 3.6600    1.2586425E-03    2.1187241E-01   -2.1187241E-01
 3.6700    1.2340503E-03    2.0886941E-01   -2.0886941E-01
 3.6800    1.2100559E-03    2.0592588E-01   -2.0592588E-01
 3.6900    1.1866127E-03    2.0303531E-01   -2.0303531E-01
 3.7000    1.1636208E-03    2.0018189E-01   -2.0018189E-01
 3.7100    1.1409490E-03    1.9734400E-01   -1.9734400E-01
 3.7200    1.1184916E-03    1.9450397E-01   -1.9450397E-01
 3.7300    1.0962265E-03    1.9165838E-01   -1.9165838E-01
 3.7400    1.0742311E-03    1.8882121E-01   -1.8882121E-01
 3.7500    1.0526369E-03    1.8601630E-01   -1.8601630E-01
 3.7600    1.0315545E-03    1.8326425E-01   -1.8326425E-01
 3.7700    1.0110199E-03    1.8057277E-01   -1.8057277E-01
 3.7800    9.9099385E-04    1.7793625E-01   -1.7793625E-01
 3.7900    9.7140178E-04    1.7534249E-01   -1.7534249E-01
 3.8000    9.5217718E-04    1.7278054E-01   -1.7278054E-01
 3.8100    9.3328153E-04    1.7024426E-01   -1.7024426E-01
 3.8200    9.1470042E-04    1.6773182E-01   -1.6773182E-01
 3.8300    8.9643423E-04    1.6524405E-01   -1.6524405E-01
 3.8400    8.7849613E-04    1.6278417E-01   -1.6278417E-01
 3.8500    8.6091367E-04    1.6035811E-01   -1.6035811E-01
 3.8600    8.4372176E-04    1.5797331E-01   -1.5797331E-01
 3.8700    8.2694375E-04    1.5563518E-01   -1.5563518E-01
 3.8800    8.1057226E-04    1.5334339E-01   -1.5334339E-01
 3.8900    7.9456644E-04    1.5109124E-01   -1.5109124E-01
 3.9000    7.7887094E-04    1.4886911E-01   -1.4886911E-01
 3.9100    7.6344404E-04    1.4666976E-01   -1.4666976E-01
 3.9200    7.4827377E-04    1.4449157E-01   -1.4449157E-01
 3.9300    7.3337269E-04    1.4233762E-01   -1.4233762E-01
 3.9400    7.1876164E-04    1.4021265E-01   -1.4021265E-01
 3.9500    7.0445983E-04    1.3812118E-01   -1.3812118E-01
 3.9600    6.9048662E-04    1.3606784E-01   -1.3606784E-01
 3.9700    6.7686501E-04    1.3405806E-01   -1.3405806E-01
 3.9800    6.6361550E-04    1.3209687E-01   -1.3209687E-01
 3.9900    6.5074160E-04    1.3018598E-01   -1.3018598E-01
 4.0000    6.3821984E-04    1.2832171E-01   -1.2832171E-01
 4.0100    6.2600378E-04    1.2649564E-01   -1.2649564E-01
 4.0200    6.1403738E-04    1.2469722E-01   -1.2469722E-01
 4.0300    6.0226644E-04    1.2291606E-01   -1.2291606E-01
 4.0400    5.9064448E-04    1.2114312E-01   -1.2114312E-01
 4.0500    5.7913871E-04    1.1937201E-01   -1.1937201E-01
 4.0600    5.6773880E-04    1.1760086E-01   -1.1760086E-01
 4.0700    5.5645987E-04    1.1583306E-01   -1.1583306E-01
 4.0800    5.4533153E-04    1.1407508E-01   -1.1407508E-01
 4.0900    5.3437889E-04    1.1233259E-01   -1.1233259E-01
 4.1000    5.2361240E-04    1.1060825E-01   -1.1060825E-01
 4.1100    5.1303480E-04    1.0890312E-01   -1.0890312E-01
 4.1200    5.0265577E-04    1.0721979E-01   -1.0721979E-01
 4.1300    4.9249802E-04    1.0556366E-01   -1.0556366E-01
 4.1400    4.8258877E-04    1.0394121E-01   -1.0394121E-01
 4.1500    4.7294501E-04    1.0235680E-01   -1.0235680E-01
 4.1600    4.6356564E-04    1.0081096E-01   -1.0081096E-01
 4.1700    4.5443608E-04    9.9301264E-02   -9.9301264E-02
 4.1800    4.4553832E-04    9.7824467E-02   -9.7824467E-02
 4.1900    4.3685366E-04    9.6377107E-02   -9.6377107E-02
 4.2000    4.2835512E-04    9.4953813E-02   -9.4953813E-02
 4.2100    4.2000271E-04    9.3546200E-02   -9.3546200E-02
 4.2200    4.1175523E-04    9.2145450E-02   -9.2145450E-02
 4.2300    4.0359264E-04    9.0747326E-02   -9.0747326E-02
 4.2400    3.9552641E-04    8.9354631E-02   -8.9354631E-02
 4.2500    3.8758597E-04    8.7974289E-02   -8.7974289E-02
 4.2600    3.7979449E-04    8.6611932E-02   -8.6611932E-02
 4.2700    3.7215582E-04    8.5268855E-02   -8.5268855E-02
 4.2800    3.6465818E-04    8.3942782E-02   -8.3942782E-02
 4.2900    3.5728495E-04    8.2630269E-02   -8.2630269E-02
 4.3000    3.5002420E-04    8.1328891E-02   -8.1328891E-02
 4.3100    3.4287770E-04    8.0039368E-02   -8.0039368E-02
 4.3200    3.3587047E-04    7.8767884E-02   -7.8767884E-02
 4.3300    3.2905354E-04    7.7526865E-02   -7.7526865E-02
 4.3400    3.2248821E-04    7.6331390E-02   -7.6331390E-02
 4.3500    3.1621054E-04    7.5190802E-02   -7.5190802E-02
 4.3600    3.1019624E-04    7.4100198E-02   -7.4100198E-02
 4.3700    3.0435801E-04    7.3039446E-02   -7.3039446E-02
 4.3800    2.9858729E-04    7.1982911E-02   -7.1982911E-02
 4.3900    2.9281244E-04    7.0913420E-02   -7.0913420E-02
 4.4000    2.8702647E-04    6.9829215E-02   -6.9829215E-02
 4.4100    2.8126639E-04    6.8739265E-02   -6.8739265E-02
 4.4200    2.7557222E-04    6.7653433E-02   -6.7653433E-02
 4.4300    2.6996532E-04    6.6577164E-02   -6.6577164E-02
 4.4400    2.6445535E-04    6.5513103E-02   -6.5513103E-02
 4.4500    2.5905323E-04    6.4464244E-02   -6.4464244E-02
 4.4600    2.5376973E-04    6.3433605E-02   -6.3433605E-02
 4.4700    2.4860518E-04    6.2421626E-02   -6.2421626E-02
 4.4800    2.4354828E-04    6.1425819E-02   -6.1425819E-02
 4.4900    2.3858931E-04    6.0444046E-02   -6.0444046E-02
 4.5000    2.3373335E-04    5.9477893E-02   -5.9477893E-02
 4.5100    2.2899861E-04    5.8532327E-02   -5.8532327E-02
 4.5200    2.2440203E-04    5.7612075E-02   -5.7612075E-02
 4.5300    2.1994763E-04    5.6718607E-02   -5.6718607E-02
 4.5400    2.1562722E-04    5.5850253E-02   -5.5850253E-02
 4.5500    2.1142872E-04    5.5004299E-02   -5.5004299E-02
 4.5600    2.0734116E-04    5.4178262E-02   -5.4178262E-02
 4.5700    2.0335291E-04    5.3369441E-02   -5.3369441E-02
 4.5800    1.9944926E-04    5.2574269E-02   -5.2574269E-02
 4.5900    1.9561574E-04    5.1789181E-02   -5.1789181E-02
 4.6000    1.9184563E-04    5.1012599E-02   -5.1012599E-02
 4.6100    1.8814334E-04    5.0245892E-02   -5.0245892E-02
 4.6200    1.8451812E-04    4.9491752E-02   -4.9491752E-02
 4.6300    1.8097158E-04    4.8750855E-02   -4.8750855E-02
 4.6400    1.7748951E-04    4.8019597E-02   -4.8019597E-02
 4.6500    1.7404555E-04    4.7291022E-02   -4.7291022E-02
 4.6600    1.7061499E-04    4.6558490E-02   -4.6558490E-02
 4.6700    1.6718843E-04    4.5819448E-02   -4.5819448E-02
 4.6800    1.6377602E-04    4.5076676E-02   -4.5076676E-02
 4.6900    1.6040003E-04    4.4336357E-02   -4.4336357E-02
 4.7000    1.5708248E-04    4.3604703E-02   -4.3604703E-02
 4.7100    1.5383714E-04    4.2885738E-02   -4.2885738E-02
 4.7200    1.5067089E-04    4.2181616E-02   -4.2181616E-02
 4.7300    1.4759099E-04    4.1494639E-02   -4.1494639E-02
 4.7400    1.4461098E-04    4.0828912E-02   -4.0828912E-02
 4.7500    1.4174932E-04    4.0190006E-02   -4.0190006E-02
 4.7600    1.3901921E-04    3.9582079E-02   -3.9582079E-02
 4.7700    1.3641279E-04    3.9003333E-02   -3.9003333E-02
 4.7800    1.3389081E-04    3.8442925E-02   -3.8442925E-02
 4.7900    1.3139249E-04    3.7883616E-02   -3.7883616E-02
 4.8000    1.2886843E-04    3.7311170E-02   -3.7311170E-02
 4.8100    1.2631659E-04    3.6724882E-02   -3.6724882E-02
 4.8200    1.2379171E-04    3.6140613E-02   -3.6140613E-02
 4.8300    1.2137775E-04    3.5583053E-02   -3.5583053E-02
 4.8400    1.1914380E-04    3.5072929E-02   -3.5072929E-02
 4.8500    1.1711384E-04    3.4617968E-02   -3.4617968E-02
 4.8600    1.1526117E-04    3.4210974E-02   -3.4210974E-02
 4.8700    1.1351572E-04    3.3831698E-02   -3.3831698E-02
 4.8800    1.1177447E-04    3.3449692E-02   -3.3449692E-02
 4.8900    1.0992349E-04    3.3030725E-02   -3.3030725E-02
 4.9000    1.0788059E-04    3.2549577E-02   -3.2549577E-02
 4.9100    1.0563972E-04    3.2003691E-02   -3.2003691E-02
 4.9200    1.0327863E-04    3.1415974E-02   -3.1415974E-02
 4.9300    1.0091599E-04    3.0822204E-02   -3.0822204E-02
 4.9400    9.8652375E-05    3.0253199E-02   -3.0253199E-02
 4.9500    9.6544120E-05    2.9726658E-02   -2.9726658E-02
 4.9600    9.4619392E-05    2.9251852E-02   -2.9251852E-02
 4.9700    9.2898226E-05    2.8835671E-02   -2.8835671E-02
 4.9800    9.1378391E-05    2.8478169E-02   -2.8478169E-02
 4.9900    8.9997318E-05    2.8160511E-02   -2.8160511E-02
 5.0000    8.8621708E-05    2.7841331E-02   -2.7841331E-02
 5.0100    8.7099820E-05    2.7472778E-02   -2.7472778E-02
 5.0200    8.5348681E-05    2.7028012E-02   -2.7028012E-02
 5.0300    8.3406879E-05    2.6518424E-02   -2.6518424E-02
 5.0400    8.1410119E-05    2.5986592E-02   -2.5986592E-02
 5.0500    7.9512056E-05    2.5481536E-02   -2.5481536E-02
 5.0600    7.7808988E-05    2.5034601E-02   -2.5034601E-02
 5.0700    7.6308199E-05    2.4648868E-02   -2.4648868E-02
 5.0800    7.4940802E-05    2.4302761E-02   -2.4302761E-02
 5.0900    7.3600545E-05    2.3962187E-02   -2.3962187E-02
 5.1000    7.2192009E-05    2.3596052E-02   -2.3596052E-02
 5.1100    7.0674605E-05    2.3190764E-02   -2.3190764E-02
 5.1200    6.9084896E-05    2.2757937E-02   -2.2757937E-02
 5.1300    6.7521483E-05    2.2329889E-02   -2.2329889E-02
 5.1400    6.6095041E-05    2.1943453E-02   -2.1943453E-02
 5.1500    6.4871030E-05    2.1620967E-02   -2.1620967E-02
 5.1600    6.3839713E-05    2.1359948E-02   -2.1359948E-02
 5.1700    6.2927570E-05    2.1136443E-02   -2.1136443E-02
 5.1800    6.2035051E-05    2.0917343E-02   -2.0917343E-02
 5.1900    6.1074571E-05    2.0673071E-02   -2.0673071E-02
 5.2000    5.9993842E-05    2.0385587E-02   -2.0385587E-02
 5.2100    5.8784240E-05    2.0051470E-02   -2.0051470E-02
 5.2200    5.7477606E-05    1.9681108E-02   -1.9681108E-02
 5.2300    5.6132269E-05    1.9294158E-02   -1.9294158E-02
 5.2400    5.4811203E-05    1.8912188E-02   -1.8912188E-02
 5.2500    5.3561517E-05    1.8551599E-02   -1.8551599E-02
 5.2600    5.2405184E-05    1.8220303E-02   -1.8220303E-02
 5.2700    5.1342085E-05    1.7918621E-02   -1.7918621E-02
 5.2800    5.0357139E-05    1.7641632E-02   -1.7641632E-02
 5.2900    4.9424178E-05    1.7380436E-02   -1.7380436E-02
 5.3000    4.8508574E-05    1.7123010E-02   -1.7123010E-02
 5.3100    4.7575757E-05    1.6857168E-02   -1.6857168E-02
 5.3200    4.6606227E-05    1.6575898E-02   -1.6575898E-02
 5.3300    4.5606865E-05    1.6281503E-02   -1.6281503E-02
 5.3400    4.4607415E-05    1.5984514E-02   -1.5984514E-02
 5.3500    4.3642807E-05    1.5697486E-02   -1.5697486E-02
 5.3600    4.2734222E-05    1.5428200E-02   -1.5428200E-02
 5.3700    4.1881831E-05    1.5176936E-02   -1.5176936E-02
 5.3800    4.1071307E-05    1.4938705E-02   -1.4938705E-02
 5.3900    4.0286405E-05    1.4707739E-02   -1.4707739E-02
 5.4000    3.9519138E-05    1.4481210E-02   -1.4481210E-02
 5.4100    3.8773872E-05    1.4260789E-02   -1.4260789E-02
 5.4200    3.8064751E-05    1.4051783E-02   -1.4051783E-02
 5.4300    3.7406640E-05    1.3859840E-02   -1.3859840E-02
 5.4400    3.6803204E-05    1.3686528E-02   -1.3686528E-02
 5.4500    3.6240647E-05    1.3526916E-02   -1.3526916E-02
 5.4600    3.5693803E-05    1.3371742E-02   -1.3371742E-02
 5.4700    3.5140983E-05    1.3212908E-02   -1.3212908E-02
 5.4800    3.4575627E-05    1.3047913E-02   -1.3047913E-02
 5.4900    3.4006406E-05    1.2879983E-02   -1.2879983E-02
 5.5000    3.3448675E-05    1.2714936E-02   -1.2714936E-02
 5.5100    3.2916734E-05    1.2558269E-02   -1.2558269E-02
 5.5200    3.2422340E-05    1.2414590E-02   -1.2414590E-02
 5.5300    3.1976636E-05    1.2288331E-02   -1.2288331E-02
 5.5400    3.1589361E-05    1.2183448E-02   -1.2183448E-02
 5.5500    3.1263246E-05    1.2101241E-02   -1.2101241E-02
 5.5600    3.0987365E-05    1.2037716E-02   -1.2037716E-02
 5.5700    3.0735399E-05    1.1982822E-02   -1.1982822E-02
 5.5800    3.0472005E-05    1.1922828E-02   -1.1922828E-02
 5.5900    3.0165226E-05    1.1845136E-02   -1.1845136E-02
 5.6000    2.9797955E-05    1.1742819E-02   -1.1742819E-02
 5.6100    2.9370172E-05    1.1615612E-02   -1.1615612E-02
 5.6200    2.8889322E-05    1.1466209E-02   -1.1466209E-02
 5.6300    2.8357028E-05    1.1295029E-02   -1.1295029E-02
 5.6400    2.7765898E-05    1.1098897E-02   -1.1098897E-02
 5.6500    2.7111532E-05    1.0875790E-02   -1.0875790E-02
 5.6600    2.6409232E-05    1.0631597E-02   -1.0631597E-02
 5.6700    2.5699729E-05    1.0382562E-02   -1.0382562E-02
 5.6800    2.5038686E-05    1.0151216E-02   -1.0151216E-02
 5.6900    2.4478017E-05    9.9588832E-03   -9.9588832E-03
 5.7000    2.4051051E-05    9.8195965E-03   -9.8195965E-03
 5.7100    2.3769763E-05    9.7388332E-03   -9.7388332E-03
 5.7200    2.3634975E-05    9.7175565E-03   -9.7175565E-03
 5.7300    2.3649292E-05    9.7574704E-03   -9.7574704E-03
 5.7400    2.3813293E-05    9.8594595E-03   -9.8594595E-03
 5.7500    2.4094442E-05    1.0010654E-02   -1.0010654E-02
 5.7600    2.4389866E-05    1.0168672E-02   -1.0168672E-02
 5.7700    2.4530792E-05    1.0262970E-02   -1.0262970E-02
 5.7800    2.4356756E-05    1.0225510E-02   -1.0225510E-02
 5.7900    2.3821856E-05    1.0035583E-02   -1.0035583E-02
 5.8000    2.3046101E-05    9.7423405E-03   -9.7423405E-03
 5.8100    2.2256529E-05    9.4410339E-03   -9.4410339E-03
 5.8200    2.1655890E-05    9.2178975E-03   -9.2178975E-03
 5.8300    2.1317904E-05    9.1052415E-03   -9.1052415E-03
 5.8400    2.1177328E-05    9.0762557E-03   -9.0762557E-03
 5.8500    2.1100369E-05    9.0742688E-03   -9.0742688E-03
 5.8600    2.0969418E-05    9.0488099E-03   -9.0488099E-03
 5.8700    2.0728433E-05    8.9753737E-03   -8.9753737E-03
 5.8800    2.0379899E-05    8.8545509E-03   -8.8545509E-03
 5.8900    1.9958346E-05    8.7009166E-03   -8.7009166E-03
 5.9000    1.9509750E-05    8.5342546E-03   -8.5342546E-03
 5.9100    1.9085039E-05    8.3767950E-03   -8.3767950E-03
 5.9200    1.8732069E-05    8.2497165E-03   -8.2497165E-03
 5.9300    1.8471602E-05    8.1625115E-03   -8.1625115E-03
 5.9400    1.8270897E-05    8.1010745E-03   -8.1010745E-03
 5.9500    1.8047759E-05    8.0291039E-03   -8.0291039E-03
 5.9600    1.7716556E-05    7.9082736E-03   -7.9082736E-03
 5.9700    1.7244066E-05    7.7232165E-03   -7.7232165E-03
 5.9800    1.6668283E-05    7.4903668E-03   -7.4903668E-03
 5.9900    1.6067592E-05    7.2445981E-03   -7.2445981E-03
 6.0000    1.5513082E-05    7.0179532E-03   -7.0179532E-03
 6.0100    1.5044544E-05    6.8286968E-03   -6.8286968E-03
 6.0200    1.4679338E-05    6.6851218E-03   -6.6851218E-03
 6.0300    1.4432495E-05    6.5945614E-03   -6.5945614E-03
 6.0400    1.4325122E-05    6.5672275E-03   -6.5672275E-03
 6.0500    1.4377656E-05    6.6131552E-03   -6.6131552E-03
 6.0600    1.4598349E-05    6.7368807E-03   -6.7368807E-03
 6.0700    1.4973364E-05    6.9327673E-03   -6.9327673E-03
 6.0800    1.5454584E-05    7.1791715E-03   -7.1791715E-03
 6.0900    1.5944784E-05    7.4312710E-03   -7.4312710E-03
 6.1000    1.6298614E-05    7.6211448E-03   -7.6211448E-03
 6.1100    1.6363059E-05    7.6763855E-03   -7.6763855E-03
 6.1200    1.6049304E-05    7.5538596E-03   -7.5538596E-03
 6.1300    1.5385633E-05    7.2651767E-03   -7.2651767E-03
 6.1400    1.4503464E-05    6.8709747E-03   -6.8709747E-03
 6.1500    1.3564553E-05    6.4471175E-03   -6.4471175E-03
 6.1600    1.2688019E-05    6.0501358E-03   -6.0501358E-03
 6.1700    1.1926661E-05    5.7055706E-03   -5.7055706E-03
 6.1800    1.1289376E-05    5.4182215E-03   -5.4182215E-03
 6.1900    1.0771416E-05    5.1863757E-03   -5.1863757E-03
 6.2000    1.0366519E-05    5.0075604E-03   -5.0075604E-03
 6.2100    1.0066381E-05    4.8782765E-03   -4.8782765E-03
 6.2200    9.8627533E-06    4.7950021E-03   -4.7950021E-03
 6.2300    9.7523457E-06    4.7565826E-03   -4.7565826E-03
 6.2400    9.7329585E-06    4.7623786E-03   -4.7623786E-03
 6.2500    9.7883520E-06    4.8048460E-03   -4.8048460E-03
 6.2600    9.8760750E-06    4.8634327E-03   -4.8634327E-03
 6.2700    9.9344095E-06    4.9078017E-03   -4.9078017E-03
 6.2800    9.9079315E-06    4.9103466E-03   -4.9103466E-03
 6.2900    9.7732525E-06    4.8590378E-03   -4.8590378E-03
 6.3000    9.5456920E-06    4.7610022E-03   -4.7610022E-03
 6.3100    9.2648201E-06    4.6355959E-03   -4.6355959E-03
 6.3200    8.9744591E-06    4.5045592E-03   -4.5045592E-03
 6.3300    8.7128581E-06    4.3871040E-03   -4.3871040E-03
 6.3400    8.5131600E-06    4.3001061E-03   -4.3001061E-03
 6.3500    8.4024678E-06    4.2575933E-03   -4.2575933E-03
 6.3600    8.3923698E-06    4.2658807E-03   -4.2658807E-03
 6.3700    8.4661416E-06    4.3169226E-03   -4.3169226E-03
 6.3800    8.5733964E-06    4.3853486E-03   -4.3853486E-03
 6.3900    8.6392815E-06    4.4329130E-03   -4.4329130E-03
 6.4000    8.5881376E-06    4.4204736E-03   -4.4204736E-03
 6.4100    8.3733490E-06    4.3233970E-03   -4.3233970E-03
 6.4200    7.9982665E-06    4.1426266E-03   -4.1426266E-03
 6.4300    7.5150787E-06    3.9044992E-03   -3.9044992E-03
 6.4400    7.0023673E-06    3.6494422E-03   -3.6494422E-03
 6.4500    6.5365771E-06    3.4172730E-03   -3.4172730E-03
 6.4600    6.1733182E-06    3.2373791E-03   -3.2373791E-03
 6.4700    5.9419871E-06    3.1257204E-03   -3.1257204E-03
 6.4800    5.8462499E-06    3.0848727E-03   -3.0848727E-03
 6.4900    5.8638481E-06    3.1037159E-03   -3.1037159E-03
 6.5000    5.9476889E-06    3.1578015E-03   -3.1578015E-03
 6.5100    6.0346675E-06    3.2138469E-03   -3.2138469E-03
 6.5200    6.0636166E-06    3.2391927E-03   -3.2391927E-03
 6.5300    5.9950210E-06    3.2123802E-03   -3.2123802E-03
 6.5400    5.8224597E-06    3.1294777E-03   -3.1294777E-03
 6.5500    5.5713852E-06    3.0036938E-03   -3.0036938E-03
 6.5600    5.2878821E-06    2.8595606E-03   -2.8595606E-03
 6.5700    5.0224415E-06    2.7243035E-03   -2.7243035E-03
 6.5800    4.8134346E-06    2.6188868E-03   -2.6188868E-03
 6.5900    4.6757318E-06    2.5517040E-03   -2.5517040E-03
 6.6000    4.5997729E-06    2.5178747E-03   -2.5178747E-03
 6.6100    4.5614055E-06    2.5044448E-03   -2.5044448E-03
 6.6200    4.5358138E-06    2.4979346E-03   -2.4979346E-03
 6.6300    4.5071993E-06    2.4896809E-03   -2.4896809E-03
 6.6400    4.4710798E-06    2.4771850E-03   -2.4771850E-03
 6.6500    4.4318035E-06    2.4628255E-03   -2.4628255E-03
 6.6600    4.3988186E-06    2.4518527E-03   -2.4518527E-03
 6.6700    4.3827748E-06    2.4502516E-03   -2.4502516E-03
 6.6800    4.3909147E-06    2.4621686E-03   -2.4621686E-03
 6.6900    4.4221254E-06    2.4870995E-03   -2.4870995E-03
 6.7000    4.4640272E-06    2.5181773E-03   -2.5181773E-03
 6.7100    4.4951341E-06    2.5432998E-03   -2.5432998E-03
 6.7200    4.4928511E-06    2.5495905E-03   -2.5495905E-03
 6.7300    4.4438679E-06    2.5293046E-03   -2.5293046E-03
 6.7400    4.3508810E-06    2.4837442E-03   -2.4837442E-03
 6.7500    4.2312947E-06    2.4226500E-03   -2.4226500E-03
 6.7600    4.1085837E-06    2.3593664E-03   -2.3593664E-03
 6.7700    4.0014994E-06    2.3046764E-03   -2.3046764E-03
 6.7800    3.9171582E-06    2.2627698E-03   -2.2627698E-03
 6.7900    3.8510990E-06    2.2311773E-03   -2.2311773E-03
 6.8000    3.7930532E-06    2.2040256E-03   -2.2040256E-03
 6.8100    3.7343230E-06    2.1762860E-03   -2.1762860E-03
 6.8200    3.6725440E-06    2.1465728E-03   -2.1465728E-03
 6.8300    3.6115448E-06    2.1171142E-03   -2.1171142E-03
 6.8400    3.5567881E-06    2.0911253E-03   -2.0911253E-03
 6.8500    3.5095444E-06    2.0693872E-03   -2.0693872E-03
 6.8600    3.4641563E-06    2.0485925E-03   -2.0485925E-03
 6.8700    3.4110262E-06    2.0230583E-03   -2.0230583E-03
 6.8800    3.3437361E-06    1.9889265E-03   -1.9889265E-03
 6.8900    3.2650776E-06    1.9477886E-03   -1.9477886E-03
 6.9000    3.1869971E-06    1.9067322E-03   -1.9067322E-03
 6.9100    3.1238889E-06    1.8743968E-03   -1.8743968E-03
 6.9200    3.0840840E-06    1.8558730E-03   -1.8558730E-03
 6.9300    3.0660524E-06    1.8503586E-03   -1.8503586E-03
 6.9400    3.0615589E-06    1.8529829E-03   -1.8529829E-03
 6.9500    3.0614471E-06    1.8582589E-03   -1.8582589E-03
 6.9600    3.0579714E-06    1.8614945E-03   -1.8614945E-03
 6.9700    3.0429369E-06    1.8576692E-03   -1.8576692E-03
 6.9800    3.0067815E-06    1.8408677E-03   -1.8408677E-03
 6.9900    2.9423510E-06    1.8065862E-03   -1.8065862E-03
 7.0000    2.8501448E-06    1.7549828E-03   -1.7549828E-03
 7.0100    2.7386903E-06    1.6911761E-03   -1.6911761E-03
 7.0200    2.6189280E-06    1.6218387E-03   -1.6218387E-03
 7.0300    2.4984830E-06    1.5516612E-03   -1.5516612E-03
 7.0400    2.3817142E-06    1.4833541E-03   -1.4833541E-03
 7.0500    2.2746382E-06    1.4206936E-03   -1.4206936E-03
 7.0600    2.1882138E-06    1.3705946E-03   -1.3705946E-03
 7.0700    2.1349870E-06    1.3410468E-03   -1.3410468E-03
 7.0800    2.1207948E-06    1.3359033E-03   -1.3359033E-03
 7.0900    2.1384204E-06    1.3508136E-03   -1.3508136E-03
 7.1000    2.1690463E-06    1.3740274E-03   -1.3740274E-03
 7.1100    2.1911821E-06    1.3919625E-03   -1.3919625E-03
 7.1200    2.1908953E-06    1.3956980E-03   -1.3956980E-03
 7.1300    2.1665300E-06    1.3840559E-03   -1.3840559E-03
 7.1400    2.1258255E-06    1.3618645E-03   -1.3618645E-03
 7.1500    2.0789988E-06    1.3355993E-03   -1.3355993E-03
 7.1600    2.0331909E-06    1.3098274E-03   -1.3098274E-03
 7.1700    1.9910536E-06    1.2862670E-03   -1.2862670E-03
 7.1800    1.9525584E-06    1.2649192E-03   -1.2649192E-03
 7.1900    1.9175371E-06    1.2456941E-03   -1.2456941E-03
 7.2000    1.8871334E-06    1.2293554E-03   -1.2293554E-03
 7.2100    1.8636219E-06    1.2174138E-03   -1.2174138E-03
 7.2200    1.8489699E-06    1.2111951E-03   -1.2111951E-03
 7.2300    1.8430019E-06    1.2106323E-03   -1.2106323E-03
 7.2400    1.8421522E-06    1.2134238E-03   -1.2134238E-03
 7.2500    1.8396326E-06    1.2151138E-03   -1.2151138E-03
 7.2600    1.8274398E-06    1.2103924E-03   -1.2103924E-03
 7.2700    1.7997761E-06    1.1953557E-03   -1.1953557E-03
 7.2800    1.7562686E-06    1.1696706E-03   -1.1696706E-03
 7.2900    1.7028325E-06    1.1372000E-03   -1.1372000E-03
 7.3000    1.6491078E-06    1.1043446E-03   -1.1043446E-03
 7.3100    1.6037023E-06    1.0768826E-03   -1.0768826E-03
 7.3200    1.5701400E-06    1.0572323E-03   -1.0572323E-03
 7.3300    1.5459640E-06    1.0437998E-03   -1.0437998E-03
 7.3400    1.5252042E-06    1.0325949E-03   -1.0325949E-03
 7.3500    1.5022235E-06    1.0198096E-03   -1.0198096E-03
 7.3600    1.4744277E-06    1.0036654E-03   -1.0036654E-03
 7.3700    1.4425962E-06    9.8466755E-04   -9.8466755E-04
 7.3800    1.4093924E-06    9.6461611E-04   -9.6461611E-04
 7.3900    1.3774895E-06    9.4533782E-04   -9.4533782E-04
 7.4000    1.3483528E-06    9.2784803E-04   -9.2784803E-04
 7.4100    1.3218926E-06    9.1210000E-04   -9.1210000E-04
 7.4200    1.2968501E-06    8.9723757E-04   -8.9723757E-04
 7.4300    1.2718074E-06    8.8228485E-04   -8.8228485E-04
 7.4400    1.2464864E-06    8.6704826E-04   -8.6704826E-04
 7.4500    1.2225267E-06    8.5266956E-04   -8.5266956E-04
 7.4600    1.2029345E-06    8.4125855E-04   -8.4125855E-04
 7.4700    1.1902666E-06    8.3463255E-04   -8.3463255E-04
 7.4800    1.1847123E-06    8.3296346E-04   -8.3296346E-04
 7.4900    1.1834903E-06    8.3433064E-04   -8.3433064E-04
 7.5000    1.1820526E-06    8.3554373E-04   -8.3554373E-04
 7.5100    1.1763018E-06    8.3369753E-04   -8.3369753E-04
 7.5200    1.1644757E-06    8.2751518E-04   -8.2751518E-04
 7.5300    1.1477072E-06    8.1776950E-04   -8.1776950E-04
 7.5400    1.1289695E-06    8.0655648E-04   -8.0655648E-04
 7.5500    1.1109101E-06    7.9576106E-04   -7.9576106E-04
 7.5600    1.0939639E-06    7.8569944E-04   -7.8569944E-04
 7.5700    1.0763481E-06    7.7509399E-04   -7.7509399E-04
 7.5800    1.0561562E-06    7.6256425E-04   -7.6256425E-04
 7.5900    1.0336820E-06    7.4830793E-04   -7.4830793E-04
 7.6000    1.0116492E-06    7.3428897E-04   -7.3428897E-04
 7.6100    9.9300551E-07    7.2265471E-04   -7.2265471E-04
 7.6200    9.7831476E-07    7.1383595E-04   -7.1383595E-04
 7.6300    9.6515104E-07    7.0608051E-04   -7.0608051E-04
 7.6400    9.5004696E-07    6.9685377E-04   -6.9685377E-04
 7.6500    9.3131008E-07    6.8489980E-04   -6.8489980E-04
 7.6600    9.1033896E-07    6.7122872E-04   -6.7122872E-04
 7.6700    8.9048769E-07    6.5830706E-04   -6.5830706E-04
 7.6800    8.7468937E-07    6.4831513E-04   -6.4831513E-04
 7.6900    8.6388084E-07    6.4197245E-04   -6.4197245E-04
 7.7000    8.5713024E-07    6.3861355E-04   -6.3861355E-04
 7.7100    8.5270233E-07    6.3696574E-04   -6.3696574E-04
 7.7200    8.4884651E-07    6.3573135E-04   -6.3573135E-04
 7.7300    8.4396366E-07    6.3371297E-04   -6.3371297E-04
 7.7400    8.3668904E-07    6.2987716E-04   -6.2987716E-04
 7.7500    8.2631514E-07    6.2367593E-04   -6.2367593E-04
 7.7600    8.1322924E-07    6.1538413E-04   -6.1538413E-04
 7.7700    7.9872568E-07    6.0596780E-04   -6.0596780E-04
 7.7800    7.8410441E-07    5.9640731E-04   -5.9640731E-04
 7.7900    7.6973980E-07    5.8698732E-04   -5.8698732E-04
 7.8000    7.5494347E-07    5.7718296E-04   -5.7718296E-04
 7.8100    7.3881650E-07    5.6630255E-04   -5.6630255E-04
 7.8200    7.2146491E-07    5.5441961E-04   -5.5441961E-04
 7.8300    7.0459769E-07    5.4284345E-04   -5.4284345E-04
 7.8400    6.9091600E-07    5.3366318E-04   -5.3366318E-04
 7.8500    6.8258964E-07    5.2857774E-04   -5.2857774E-04
 7.8600    6.7984234E-07    5.2779244E-04   -5.2779244E-04
 7.8700    6.8060227E-07    5.2972774E-04   -5.2972774E-04
 7.8800    6.8136310E-07    5.3166848E-04   -5.3166848E-04
 7.8900    6.7861977E-07    5.3087268E-04   -5.3087268E-04
 7.9000    6.7012924E-07    5.2556037E-04   -5.2556037E-04
 7.9100    6.5559724E-07    5.1546591E-04   -5.1546591E-04
 7.9200    6.3665730E-07    5.0184078E-04   -5.0184078E-04
 7.9300    6.1616633E-07    4.8691617E-04   -4.8691617E-04
 7.9400    5.9715754E-07    4.7308567E-04   -4.7308567E-04
 7.9500    5.8203153E-07    4.6226460E-04   -4.6226460E-04
 7.9600    5.7226680E-07    4.5565334E-04   -4.5565334E-04
 7.9700    5.6835780E-07    4.5367864E-04   -4.5367864E-04
 7.9800    5.6965546E-07    4.5585624E-04   -4.5585624E-04
 7.9900    5.7435446E-07    4.6076918E-04   -4.6076918E-04
 8.0000    5.8008055E-07    4.6652846E-04   -4.6652846E-04
 8.0100    5.8486809E-07    4.7155551E-04   -4.7155551E-04
 8.0200    5.8769875E-07    4.7502161E-04   -4.7502161E-04
 8.0300    5.8822444E-07    4.7663290E-04   -4.7663290E-04
 8.0400    5.8625900E-07    4.7622422E-04   -4.7622422E-04
 8.0500    5.8171649E-07    4.7371049E-04   -4.7371049E-04
 8.0600    5.7485541E-07    4.6928705E-04   -4.6928705E-04
 8.0700    5.6624129E-07    4.6340260E-04   -4.6340260E-04
 8.0800    5.5631686E-07    4.5640964E-04   -4.5640964E-04
 8.0900    5.4502814E-07    4.4825571E-04   -4.4825571E-04
 8.1000    5.3187298E-07    4.3851841E-04   -4.3851841E-04
 8.1100    5.1634291E-07    4.2676597E-04   -4.2676597E-04
 8.1200    4.9855446E-07    4.1308034E-04   -4.1308034E-04
 8.1300    4.7983004E-07    3.9854594E-04   -3.9854594E-04
 8.1400    4.6283347E-07    3.8537491E-04   -3.8537491E-04
 8.1500    4.5083537E-07    3.7630767E-04   -3.7630767E-04
 8.1600    4.4619138E-07    3.7334587E-04   -3.7334587E-04
 8.1700    4.4889467E-07    3.7652899E-04   -3.7652899E-04
 8.1800    4.5623604E-07    3.8362426E-04   -3.8362426E-04
 8.1900    4.6382806E-07    3.9096212E-04   -3.9096212E-04
 8.2000    4.6729577E-07    3.9484753E-04   -3.9484753E-04
 8.2100    4.6371284E-07    3.9277632E-04   -3.9277632E-04
 8.2200    4.5230217E-07    3.8404505E-04   -3.8404505E-04
 8.2300    4.3435585E-07    3.6970490E-04   -3.6970490E-04
 8.2400    4.1253168E-07    3.5198293E-04   -3.5198293E-04
 8.2500    3.8987539E-07    3.3345988E-04   -3.3345988E-04
 8.2600    3.6906315E-07    3.1642490E-04   -3.1642490E-04
 8.2700    3.5218153E-07    3.0268260E-04   -3.0268260E-04
 8.2800    3.4092332E-07    2.9371576E-04   -2.9371576E-04
 8.2900    3.3677754E-07    2.9084530E-04   -2.9084530E-04
 8.3000    3.4085652E-07    2.9507856E-04   -2.9507856E-04
 8.3100    3.5334355E-07    3.0662607E-04   -3.0662607E-04
 8.3200    3.7294143E-07    3.2441218E-04   -3.2441218E-04
 8.3300    3.9685818E-07    3.4604710E-04   -3.4604710E-04
 8.3400    4.2153862E-07    3.6845066E-04   -3.6845066E-04
 8.3500    4.4374620E-07    3.8879213E-04   -3.8879213E-04
 8.3600    4.6134273E-07    4.0517823E-04   -4.0517823E-04
 8.3700    4.7345490E-07    4.1681122E-04   -4.1681122E-04
