# total charge: 11.000000 
# r(A)     rho (e/A^3)     4*pi*r^2*rho(e/A)  dip  
 0.0000    5.9867776E+00    0.0000000E+00    8.7767302E+01
 0.0100    5.9818666E+00    7.5170353E-03    8.7322043E+01
 0.0200    5.9756603E+00    3.0036945E-02    8.5999356E+01
 0.0300    5.9678954E+00    6.7495307E-02    8.3837824E+01
 0.0400    5.9582900E+00    1.1979853E-01    8.0899632E+01
 0.0500    5.9465324E+00    1.8681583E-01    7.7267556E+01
 0.0600    5.9322760E+00    2.6836984E-01    7.3041043E+01
 0.0700    5.9151696E+00    3.6422785E-01    6.8331637E+01
 0.0800    5.8949277E+00    4.7409822E-01    6.3258043E+01
 0.0900    5.8714005E+00    5.9763577E-01    5.7941119E+01
 0.1000    5.8445925E+00    7.3445315E-01    5.2499106E+01
 0.1100    5.8146211E+00    8.8413107E-01    4.7043348E+01
 0.1200    5.7816466E+00    1.0462221E+00    4.1674710E+01
 0.1300    5.7458166E+00    1.2202486E+00    3.6480842E+01
 0.1400    5.7072451E+00    1.4056994E+00    3.1534343E+01
 0.1500    5.6660211E+00    1.6020297E+00    2.6891841E+01
 0.1600    5.6222282E+00    1.8086657E+00    2.2593918E+01
 0.1700    5.5759593E+00    2.0250106E+00    1.8665786E+01
 0.1800    5.5273169E+00    2.2504493E+00    1.5118585E+01
 0.1900    5.4764020E+00    2.4843478E+00    1.1951131E+01
 0.2000    5.4232996E+00    2.7260477E+00    9.1519649E+00
 0.2100    5.3680759E+00    2.9748639E+00    6.7015272E+00
 0.2200    5.3107927E+00    3.2300896E+00    4.5743208E+00
 0.2300    5.2515329E+00    3.4910143E+00    2.7409340E+00
 0.2400    5.1904126E+00    3.7569397E+00    1.1698569E+00
 0.2500    5.1275614E+00    4.0271773E+00   -1.7095121E-01
 0.2600    5.0630774E+00    4.3010167E+00   -1.3127634E+00
 0.2700    4.9969909E+00    4.5776855E+00   -2.2850798E+00
 0.2800    4.9292747E+00    4.8563385E+00   -3.1149391E+00
 0.2900    4.8599033E+00    5.1361002E+00   -3.8265431E+00
 0.3000    4.7889247E+00    5.4161462E+00   -4.4411396E+00
 0.3100    4.7164960E+00    5.6957737E+00   -4.9770735E+00
 0.3200    4.6428561E+00    5.9744103E+00   -5.4499109E+00
 0.3300    4.5682482E+00    6.2515461E+00   -5.8725809E+00
 0.3400    4.4928403E+00    6.5266253E+00   -6.2555371E+00
 0.3500    4.4166924E+00    6.7989697E+00   -6.6069795E+00
 0.3600    4.3397893E+00    7.0677879E+00   -6.9331695E+00
 0.3700    4.2621147E+00    7.3322699E+00   -7.2388182E+00
 0.3800    4.1837188E+00    7.5917088E+00   -7.5274805E+00
 0.3900    4.1047441E+00    7.8455821E+00   -7.8018779E+00
 0.4000    4.0253943E+00    8.0935355E+00   -8.0640929E+00
 0.4100    3.9458468E+00    8.3352340E+00   -8.3155964E+00
 0.4200    3.8661449E+00    8.5701136E+00   -8.5571461E+00
 0.4300    3.7861515E+00    8.7972060E+00   -8.7887283E+00
 0.4400    3.7056411E+00    9.0152667E+00   -9.0097793E+00
 0.4500    3.6245143E+00    9.2232655E+00   -9.2197491E+00
 0.4600    3.5429819E+00    9.4209449E+00   -9.4187139E+00
 0.4700    3.4615441E+00    9.6089393E+00   -9.6075380E+00
 0.4800    3.3807334E+00    9.7882097E+00   -9.7873382E+00
 0.4900    3.3008075E+00    9.9591487E+00   -9.9586121E+00
 0.5000    3.2216562E+00    1.0121131E+01   -1.0120804E+01
 0.5100    3.1430241E+00    1.0273015E+01   -1.0272818E+01
 0.5200    3.0648659E+00    1.0414251E+01   -1.0414133E+01
 0.5300    2.9875113E+00    1.0545597E+01   -1.0545527E+01
 0.5400    2.9114552E+00    1.0668601E+01   -1.0668561E+01
 0.5500    2.8369113E+00    1.0784028E+01   -1.0784004E+01
 0.5600    2.7634944E+00    1.0890417E+01   -1.0890403E+01
 0.5700    2.6903242E+00    1.0984093E+01   -1.0984085E+01
 0.5800    2.6165278E+00    1.1060919E+01   -1.1060914E+01
 0.5900    2.5417985E+00    1.1118725E+01   -1.1118723E+01
 0.6000    2.4666149E+00    1.1158703E+01   -1.1158702E+01
 0.6100    2.3919723E+00    1.1184735E+01   -1.1184734E+01
 0.6200    2.3188252E+00    1.1201115E+01   -1.1201114E+01
 0.6300    2.2476227E+00    1.1210226E+01   -1.1210226E+01
 0.6400    2.1782259E+00    1.1211733E+01   -1.1211733E+01
 0.6500    2.1102015E+00    1.1203675E+01   -1.1203675E+01
 0.6600    2.0432285E+00    1.1184451E+01   -1.1184451E+01
 0.6700    1.9773211E+00    1.1154155E+01   -1.1154155E+01
 0.6800    1.9127704E+00    1.1114515E+01   -1.1114515E+01
 0.6900    1.8499204E+00    1.1067795E+01   -1.1067795E+01
 0.7000    1.7889541E+00    1.1015524E+01   -1.1015524E+01
 0.7100    1.7297928E+00    1.0957731E+01   -1.0957731E+01
 0.7200    1.6721507E+00    1.0893069E+01   -1.0893069E+01
 0.7300    1.6157110E+00    1.0819801E+01   -1.0819801E+01
 0.7400    1.5602904E+00    1.0736896E+01   -1.0736896E+01
 0.7500    1.5058387E+00    1.0644146E+01   -1.0644146E+01
 0.7600    1.4522712E+00    1.0541072E+01   -1.0541072E+01
 0.7700    1.3993303E+00    1.0425852E+01   -1.0425852E+01
 0.7800    1.3466753E+00    1.0295844E+01   -1.0295844E+01
 0.7900    1.2941872E+00    1.0149885E+01   -1.0149885E+01
 0.8000    1.2422505E+00    9.9907711E+00   -9.9907711E+00
 0.8100    1.1917517E+00    9.8257492E+00   -9.8257492E+00
 0.8200    1.1437347E+00    9.6641325E+00   -9.6641325E+00
 0.8300    1.0988934E+00    9.5130901E+00   -9.5130901E+00
 0.8400    1.0571838E+00    9.3738706E+00   -9.3738706E+00
 0.8500    1.0177727E+00    9.2405644E+00   -9.2405644E+00
 0.8600    9.7937143E-01    9.1023640E+00   -9.1023640E+00
 0.8700    9.4081022E-01    8.9485032E+00   -8.9485032E+00
 0.8800    9.0154104E-01    8.7732541E+00   -8.7732541E+00
 0.8900    8.6177352E-01    8.5779404E+00   -8.5779404E+00
 0.9000    8.2219379E-01    8.3689134E+00   -8.3689134E+00
 0.9100    7.8352307E-01    8.1535068E+00   -8.1535068E+00
 0.9200    7.4625270E-01    7.9372751E+00   -7.9372751E+00
 0.9300    7.1067426E-01    7.7240726E+00   -7.7240726E+00
 0.9400    6.7703807E-01    7.5175905E+00   -7.5175905E+00
 0.9500    6.4560483E-01    7.3219009E+00   -7.3219009E+00
 0.9600    6.1654164E-01    7.1402718E+00   -7.1402718E+00
 0.9700    5.8980562E-01    6.9736836E+00   -6.9736836E+00
 0.9800    5.6512845E-01    6.8203896E+00   -6.8203896E+00
 0.9900    5.4205817E-01    6.6761509E+00   -6.6761509E+00
 1.0000    5.1999331E-01    6.5344286E+00   -6.5344286E+00
 1.0100    4.9826963E-01    6.3872958E+00   -6.3872958E+00
 1.0200    4.7638080E-01    6.2282273E+00   -6.2282273E+00
 1.0300    4.5424048E-01    6.0557808E+00   -6.0557808E+00
 1.0400    4.3226054E-01    5.8751929E+00   -5.8751929E+00
 1.0500    4.1113538E-01    5.6960437E+00   -5.6960437E+00
 1.0600    3.9147007E-01    5.5273907E+00   -5.5273907E+00
 1.0700    3.7350738E-01    5.3737395E+00   -5.3737395E+00
 1.0800    3.5710729E-01    5.2342696E+00   -5.2342696E+00
 1.0900    3.4193508E-01    5.1051267E+00   -5.1051267E+00
 1.1000    3.2768575E-01    4.9825629E+00   -4.9825629E+00
 1.1100    3.1418751E-01    4.8645731E+00   -4.8645731E+00
 1.1200    3.0135421E-01    4.7503234E+00   -4.7503234E+00
 1.1300    2.8908748E-01    4.6386974E+00   -4.6386974E+00
 1.1400    2.7725109E-01    4.5278583E+00   -4.5278583E+00
 1.1500    2.6573698E-01    4.4162895E+00   -4.4162895E+00
 1.1600    2.5453165E-01    4.3039542E+00   -4.3039542E+00
 1.1700    2.4369829E-01    4.1921234E+00   -4.1921234E+00
 1.1800    2.3329516E-01    4.0820620E+00   -4.0820620E+00
 1.1900    2.2331971E-01    3.9740273E+00   -3.9740273E+00
 1.2000    2.1372577E-01    3.8674904E+00   -3.8674904E+00
 1.2100    2.0447771E-01    3.7620675E+00   -3.7620675E+00
 1.2200    1.9558153E-01    3.6581151E+00   -3.6581151E+00
 1.2300    1.8707518E-01    3.5566101E+00   -3.5566101E+00
 1.2400    1.7900385E-01    3.4587215E+00   -3.4587215E+00
 1.2500    1.7140477E-01    3.3655248E+00   -3.3655248E+00
 1.2600    1.6430133E-01    3.2778723E+00   -3.2778723E+00
 1.2700    1.5769361E-01    3.1961812E+00   -3.1961812E+00
 1.2800    1.5154287E-01    3.1200769E+00   -3.1200769E+00
 1.2900    1.4576403E-01    3.0481733E+00   -3.0481733E+00
 1.3000    1.4024634E-01    2.9784347E+00   -2.9784347E+00
 1.3100    1.3490857E-01    2.9093234E+00   -2.9093234E+00
 1.3200    1.2976154E-01    2.8412124E+00   -2.8412124E+00
 1.3300    1.2492295E-01    2.7768690E+00   -2.7768690E+00
 1.3400    1.2055057E-01    2.7201241E+00   -2.7201241E+00
 1.3500    1.1672850E-01    2.6733406E+00   -2.6733406E+00
 1.3600    1.1339434E-01    2.6355974E+00   -2.6355974E+00
 1.3700    1.1036705E-01    2.6030975E+00   -2.6030975E+00
 1.3800    1.0745349E-01    2.5715121E+00   -2.5715121E+00
 1.3900    1.0455386E-01    2.5385138E+00   -2.5385138E+00
 1.4000    1.0169455E-01    2.5047456E+00   -2.5047456E+00
 1.4100    9.8972447E-02    2.4726486E+00   -2.4726486E+00
 1.4200    9.6455975E-02    2.4440815E+00   -2.4440815E+00
 1.4300    9.4118435E-02    2.4185587E+00   -2.4185587E+00
 1.4400    9.1851891E-02    2.3934422E+00   -2.3934422E+00
 1.4500    8.9543200E-02    2.3658025E+00   -2.3658025E+00
 1.4600    8.7145536E-02    2.3343218E+00   -2.3343218E+00
 1.4700    8.4691409E-02    2.2997673E+00   -2.2997673E+00
 1.4800    8.2247671E-02    2.2638982E+00   -2.2638982E+00
 1.4900    7.9857025E-02    2.2278991E+00   -2.2278991E+00
 1.5000    7.7512990E-02    2.1916282E+00   -2.1916282E+00
 1.5100    7.5183444E-02    2.1541998E+00   -2.1541998E+00
 1.5200    7.2859299E-02    2.1153490E+00   -2.1153490E+00
 1.5300    7.0586652E-02    2.0764205E+00   -2.0764205E+00
 1.5400    6.8454963E-02    2.0401225E+00   -2.0401225E+00
 1.5500    6.6548742E-02    2.0091535E+00   -2.0091535E+00
 1.5600    6.4898346E-02    1.9846900E+00   -1.9846900E+00
 1.5700    6.3465795E-02    1.9658433E+00   -1.9658433E+00
 1.5800    6.2174641E-02    1.9504612E+00   -1.9504612E+00
 1.5900    6.0959533E-02    1.9366259E+00   -1.9366259E+00
 1.6000    5.9797943E-02    1.9236944E+00   -1.9236944E+00
 1.6100    5.8705021E-02    1.9122156E+00   -1.9122156E+00
 1.6200    5.7704283E-02    1.9030401E+00   -1.9030401E+00
 1.6300    5.6800871E-02    1.8964442E+00   -1.8964442E+00
 1.6400    5.5972845E-02    1.8917988E+00   -1.8917988E+00
 1.6500    5.5179716E-02    1.8878053E+00   -1.8878053E+00
 1.6600    5.4381340E-02    1.8831111E+00   -1.8831111E+00
 1.6700    5.3558216E-02    1.8770200E+00   -1.8770200E+00
 1.6800    5.2720360E-02    1.8698501E+00   -1.8698501E+00
 1.6900    5.1895135E-02    1.8625585E+00   -1.8625585E+00
 1.7000    5.1100050E-02    1.8557909E+00   -1.8557909E+00
 1.7100    5.0321753E-02    1.8490891E+00   -1.8490891E+00
 1.7200    4.9519776E-02    1.8409646E+00   -1.8409646E+00
 1.7300    4.8654044E-02    1.8298733E+00   -1.8298733E+00
 1.7400    4.7716112E-02    1.8154045E+00   -1.8154045E+00
 1.7500    4.6740745E-02    1.7987947E+00   -1.7987947E+00
 1.7600    4.5787846E-02    1.7823189E+00   -1.7823189E+00
 1.7700    4.4905084E-02    1.7678764E+00   -1.7678764E+00
 1.7800    4.4096562E-02    1.7557174E+00   -1.7557174E+00
 1.7900    4.3321834E-02    1.7443063E+00   -1.7443063E+00
 1.8000    4.2529196E-02    1.7315780E+00   -1.7315780E+00
 1.8100    4.1699280E-02    1.7167046E+00   -1.7167046E+00
 1.8200    4.0862547E-02    1.7008972E+00   -1.7008972E+00
 1.8300    4.0072268E-02    1.6863820E+00   -1.6863820E+00
 1.8400    3.9352173E-02    1.6742266E+00   -1.6742266E+00
 1.8500    3.8663705E-02    1.6628642E+00   -1.6628642E+00
 1.8600    3.7925301E-02    1.6487879E+00   -1.6487879E+00
 1.8700    3.7071137E-02    1.6290296E+00   -1.6290296E+00
 1.8800    3.6100066E-02    1.6033693E+00   -1.6033693E+00
 1.8900    3.5074389E-02    1.5744308E+00   -1.5744308E+00
 1.9000    3.4074342E-02    1.5457688E+00   -1.5457688E+00
 1.9100    3.3150430E-02    1.5197277E+00   -1.5197277E+00
 1.9200    3.2309398E-02    1.4967222E+00   -1.4967222E+00
 1.9300    3.1534617E-02    1.4760873E+00   -1.4760873E+00
 1.9400    3.0815709E-02    1.4574226E+00   -1.4574226E+00
 1.9500    3.0163925E-02    1.4413417E+00   -1.4413417E+00
 1.9600    2.9606995E-02    1.4292768E+00   -1.4292768E+00
 1.9700    2.9170464E-02    1.4226093E+00   -1.4226093E+00
 1.9800    2.8856672E-02    1.4216297E+00   -1.4216297E+00
 1.9900    2.8632736E-02    1.4248819E+00   -1.4248819E+00
 2.0000    2.8436073E-02    1.4293529E+00   -1.4293529E+00
 2.0100    2.8197042E-02    1.4315467E+00   -1.4315467E+00
 2.0200    2.7866763E-02    1.4288911E+00   -1.4288911E+00
 2.0300    2.7434195E-02    1.4206731E+00   -1.4206731E+00
 2.0400    2.6923982E-02    1.4080222E+00   -1.4080222E+00
 2.0500    2.6378478E-02    1.3930520E+00   -1.3930520E+00
 2.0600    2.5834899E-02    1.3776886E+00   -1.3776886E+00
 2.0700    2.5309701E-02    1.3628171E+00   -1.3628171E+00
 2.0800    2.4797982E-02    1.3481955E+00   -1.3481955E+00
 2.0900    2.4286847E-02    1.3331333E+00   -1.3331333E+00
 2.1000    2.3772240E-02    1.3174027E+00   -1.3174027E+00
 2.1100    2.3266859E-02    1.3017049E+00   -1.3017049E+00
 2.1200    2.2794970E-02    1.2874210E+00   -1.2874210E+00
 2.1300    2.2380070E-02    1.2759408E+00   -1.2759408E+00
 2.1400    2.2034083E-02    1.2680384E+00   -1.2680384E+00
 2.1500    2.1751965E-02    1.2635292E+00   -1.2635292E+00
 2.1600    2.1510834E-02    1.2611728E+00   -1.2611728E+00
 2.1700    2.1272877E-02    1.2587966E+00   -1.2587966E+00
 2.1800    2.0993843E-02    1.2537611E+00   -1.2537611E+00
 2.1900    2.0637756E-02    1.2438287E+00   -1.2438287E+00
 2.2000    2.0192275E-02    1.2281191E+00   -1.2281191E+00
 2.2100    1.9674956E-02    1.2075585E+00   -1.2075585E+00
 2.2200    1.9125263E-02    1.1844677E+00   -1.1844677E+00
 2.2300    1.8587196E-02    1.1615381E+00   -1.1615381E+00
 2.2400    1.8093196E-02    1.1408306E+00   -1.1408306E+00
 2.2500    1.7657334E-02    1.1233110E+00   -1.1233110E+00
 2.2600    1.7278537E-02    1.1090055E+00   -1.1090055E+00
 2.2700    1.6948529E-02    1.0974724E+00   -1.0974724E+00
 2.2800    1.6657800E-02    1.0881711E+00   -1.0881711E+00
 2.2900    1.6396688E-02    1.0805304E+00   -1.0805304E+00
 2.3000    1.6153868E-02    1.0738462E+00   -1.0738462E+00
 2.3100    1.5916032E-02    1.0672560E+00   -1.0672560E+00
 2.3200    1.5669700E-02    1.0598552E+00   -1.0598552E+00
 2.3300    1.5403571E-02    1.0508558E+00   -1.0508558E+00
 2.3400    1.5110613E-02    1.0397374E+00   -1.0397374E+00
 2.3500    1.4790629E-02    1.0264368E+00   -1.0264368E+00
 2.3600    1.4452724E-02    1.0115412E+00   -1.0115412E+00
 2.3700    1.4114683E-02    9.9627147E-01   -9.9627147E-01
 2.3800    1.3796841E-02    9.8207225E-01   -9.8207225E-01
 2.3900    1.3512655E-02    9.6994328E-01   -9.6994328E-01
 2.4000    1.3262172E-02    9.5994646E-01   -9.5994646E-01
 2.4100    1.3033222E-02    9.5125232E-01   -9.5125232E-01
 2.4200    1.2809249E-02    9.4267996E-01   -9.4267996E-01
 2.4300    1.2577968E-02    9.3332501E-01   -9.3332501E-01
 2.4400    1.2335503E-02    9.2288244E-01   -9.2288244E-01
 2.4500    1.2085201E-02    9.1158239E-01   -9.1158239E-01
 2.4600    1.1834041E-02    8.9993915E-01   -8.9993915E-01
 2.4700    1.1589662E-02    8.8853500E-01   -8.8853500E-01
 2.4800    1.1358605E-02    8.7788619E-01   -8.7788619E-01
 2.4900    1.1144638E-02    8.6830941E-01   -8.6830941E-01
 2.5000    1.0946886E-02    8.5976644E-01   -8.5976644E-01
 2.5100    1.0759207E-02    8.5179987E-01   -8.5179987E-01
 2.5200    1.0572254E-02    8.4368148E-01   -8.4368148E-01
 2.5300    1.0377767E-02    8.3474691E-01   -8.3474691E-01
 2.5400    1.0172778E-02    8.2473963E-01   -8.2473963E-01
 2.5500    9.9611881E-03    8.1395682E-01   -8.1395682E-01
 2.5600    9.7515081E-03    8.0308512E-01   -8.0308512E-01
 2.5700    9.5517470E-03    7.9279138E-01   -7.9279138E-01
 2.5800    9.3645597E-03    7.8331536E-01   -7.8331536E-01
 2.5900    9.1860549E-03    7.7435201E-01   -7.7435201E-01
 2.6000    9.0091791E-03    7.6531774E-01   -7.6531774E-01
 2.6100    8.8289012E-03    7.5578372E-01   -7.5578372E-01
 2.6200    8.6447609E-03    7.4570221E-01   -7.4570221E-01
 2.6300    8.4586147E-03    7.3522557E-01   -7.3522557E-01
 2.6400    8.2700201E-03    7.2430967E-01   -7.2430967E-01
 2.6500    8.0743697E-03    7.1254163E-01   -7.1254163E-01
 2.6600    7.8665062E-03    6.9944735E-01   -6.9944735E-01
 2.6700    7.6469477E-03    6.8504722E-01   -6.8504722E-01
 2.6800    7.4247637E-03    6.7013467E-01   -6.7013467E-01
 2.6900    7.2139845E-03    6.5597853E-01   -6.5597853E-01
 2.7000    7.0262081E-03    6.4366278E-01   -6.4366278E-01
 2.7100    6.8649982E-03    6.3356164E-01   -6.3356164E-01
 2.7200    6.7256531E-03    6.2529094E-01   -6.2529094E-01
 2.7300    6.5996076E-03    6.1809222E-01   -6.1809222E-01
 2.7400    6.4797170E-03    6.1131778E-01   -6.1131778E-01
 2.7500    6.3627402E-03    6.0467142E-01   -6.0467142E-01
 2.7600    6.2481056E-03    5.9810356E-01   -5.9810356E-01
 2.7700    6.1351893E-03    5.9155805E-01   -5.9155805E-01
 2.7800    6.0221129E-03    5.8485519E-01   -5.8485519E-01
 2.7900    5.9069894E-03    5.7780922E-01   -5.7780922E-01
 2.8000    5.7900284E-03    5.7043559E-01   -5.7043559E-01
 2.8100    5.6743917E-03    5.6304333E-01   -5.6304333E-01
 2.8200    5.5650877E-03    5.5613483E-01   -5.5613483E-01
 2.8300    5.4667008E-03    5.5018410E-01   -5.5018410E-01
 2.8400    5.3812214E-03    5.4541541E-01   -5.4541541E-01
 2.8500    5.3068396E-03    5.4167095E-01   -5.4167095E-01
 2.8600    5.2380294E-03    5.3840597E-01   -5.3840597E-01
 2.8700    5.1670029E-03    5.3482582E-01   -5.3482582E-01
 2.8800    5.0864577E-03    5.3016405E-01   -5.3016405E-01
 2.8900    4.9929058E-03    5.2403335E-01   -5.2403335E-01
 2.9000    4.8888087E-03    5.1666484E-01   -5.1666484E-01
 2.9100    4.7815242E-03    5.0881769E-01   -5.0881769E-01
 2.9200    4.6788706E-03    5.0132181E-01   -5.0132181E-01
 2.9300    4.5839429E-03    4.9452050E-01   -4.9452050E-01
 2.9400    4.4929771E-03    4.8802124E-01   -4.8802124E-01
 2.9500    4.3980919E-03    4.8097023E-01   -4.8097023E-01
 2.9600    4.2930970E-03    4.7267647E-01   -4.7267647E-01
 2.9700    4.1781516E-03    4.6313431E-01   -4.6313431E-01
 2.9800    4.0598638E-03    4.5305806E-01   -4.5305806E-01
 2.9900    3.9469410E-03    4.4341755E-01   -4.4341755E-01
 3.0000    3.8449127E-03    4.3484938E-01   -4.3484938E-01
 3.0100    3.7538243E-03    4.2738257E-01   -4.2738257E-01
 3.0200    3.6699807E-03    4.2061768E-01   -4.2061768E-01
 3.0300    3.5895614E-03    4.1412983E-01   -4.1412983E-01
 3.0400    3.5110280E-03    4.0774752E-01   -4.0774752E-01
 3.0500    3.4349335E-03    4.0153914E-01   -4.0153914E-01
 3.0600    3.3621254E-03    3.9560943E-01   -3.9560943E-01
 3.0700    3.2923604E-03    3.8993658E-01   -3.8993658E-01
 3.0800    3.2244870E-03    3.8438986E-01   -3.8438986E-01
 3.0900    3.1576845E-03    3.7887466E-01   -3.7887466E-01
 3.1000    3.0923412E-03    3.7343985E-01   -3.7343985E-01
 3.1100    3.0296807E-03    3.6823706E-01   -3.6823706E-01
 3.1200    2.9705000E-03    3.6336961E-01   -3.6336961E-01
 3.1300    2.9141595E-03    3.5876648E-01   -3.5876648E-01
 3.1400    2.8586680E-03    3.5418722E-01   -3.5418722E-01
 3.1500    2.8017452E-03    3.4934908E-01   -3.4934908E-01
 3.1600    2.7420522E-03    3.4408025E-01   -3.4408025E-01
 3.1700    2.6798482E-03    3.3840641E-01   -3.3840641E-01
 3.1800    2.6168488E-03    3.3253911E-01   -3.3253911E-01
 3.1900    2.5554734E-03    3.2678537E-01   -3.2678537E-01
 3.2000    2.4978295E-03    3.2141979E-01   -3.2141979E-01
 3.2100    2.4448514E-03    3.1657192E-01   -3.1657192E-01
 3.2200    2.3960067E-03    3.1218327E-01   -3.1218327E-01
 3.2300    2.3497270E-03    3.0805788E-01   -3.0805788E-01
 3.2400    2.3043132E-03    3.0397747E-01   -3.0397747E-01
 3.2500    2.2588154E-03    2.9981774E-01   -2.9981774E-01
 3.2600    2.2134374E-03    2.9560536E-01   -2.9560536E-01
 3.2700    2.1692288E-03    2.9148133E-01   -2.9148133E-01
 3.2800    2.1271398E-03    2.8757663E-01   -2.8757663E-01
 3.2900    2.0869589E-03    2.8386742E-01   -2.8386742E-01
 3.3000    2.0469535E-03    2.8012103E-01   -2.8012103E-01
 3.3100    2.0047016E-03    2.7600414E-01   -2.7600414E-01
 3.3200    1.9586746E-03    2.7129908E-01   -2.7129908E-01
 3.3300    1.9094054E-03    2.6607035E-01   -2.6607035E-01
 3.3400    1.8593041E-03    2.6064730E-01   -2.6064730E-01
 3.3500    1.8112257E-03    2.5543008E-01   -2.5543008E-01
 3.3600    1.7668739E-03    2.5066516E-01   -2.5066516E-01
 3.3700    1.7262044E-03    2.4635529E-01   -2.4635529E-01
 3.3800    1.6881019E-03    2.4234938E-01   -2.4234938E-01
 3.3900    1.6515481E-03    2.3850665E-01   -2.3850665E-01
 3.4000    1.6162256E-03    2.3478464E-01   -2.3478464E-01
 3.4100    1.5821977E-03    2.3119549E-01   -2.3119549E-01
 3.4200    1.5492307E-03    2.2770794E-01   -2.2770794E-01
 3.4300    1.5165694E-03    2.2421279E-01   -2.2421279E-01
 3.4400    1.4834005E-03    2.2058967E-01   -2.2058967E-01
 3.4500    1.4495004E-03    2.1680355E-01   -2.1680355E-01
 3.4600    1.4154027E-03    2.1293257E-01   -2.1293257E-01
 3.4700    1.3819500E-03    2.0910342E-01   -2.0910342E-01
 3.4800    1.3496917E-03    2.0540117E-01   -2.0540117E-01
 3.4900    1.3186498E-03    2.0183207E-01   -2.0183207E-01
 3.5000    1.2885374E-03    1.9835492E-01   -1.9835492E-01
 3.5100    1.2591427E-03    1.9493915E-01   -1.9493915E-01
 3.5200    1.2305887E-03    1.9160556E-01   -1.9160556E-01
 3.5300    1.2033592E-03    1.8843195E-01   -1.8843195E-01
 3.5400    1.1780857E-03    1.8552108E-01   -1.8552108E-01
 3.5500    1.1551414E-03    1.8293707E-01   -1.8293707E-01
 3.5600    1.1342305E-03    1.8063886E-01   -1.8063886E-01
 3.5700    1.1142857E-03    1.7846081E-01   -1.7846081E-01
 3.5800    1.0938677E-03    1.7617355E-01   -1.7617355E-01
 3.5900    1.0718807E-03    1.7359820E-01   -1.7359820E-01
 3.6000    1.0481122E-03    1.7069573E-01   -1.7069573E-01
 3.6100    1.0232176E-03    1.6756846E-01   -1.6756846E-01
 3.6200    9.9822702E-04    1.6438278E-01   -1.6438278E-01
 3.6300    9.7400207E-04    1.6128092E-01   -1.6128092E-01
 3.6400    9.5100921E-04    1.5834245E-01   -1.5834245E-01
 3.6500    9.2943893E-04    1.5560246E-01   -1.5560246E-01
 3.6600    9.0943329E-04    1.5308861E-01   -1.5308861E-01
 3.6700    8.9116263E-04    1.5083390E-01   -1.5083390E-01
 3.6800    8.7465969E-04    1.4884855E-01   -1.4884855E-01
 3.6900    8.5953197E-04    1.4707018E-01   -1.4707018E-01
 3.7000    8.4481447E-04    1.4533649E-01   -1.4533649E-01
 3.7100    8.2919748E-04    1.4342196E-01   -1.4342196E-01
 3.7200    8.1162285E-04    1.4113997E-01   -1.4113997E-01
 3.7300    7.9190526E-04    1.3845249E-01   -1.3845249E-01
 3.7400    7.7090528E-04    1.3550462E-01   -1.3550462E-01
 3.7500    7.5006590E-04    1.3254759E-01   -1.3254759E-01
 3.7600    7.3062472E-04    1.2980156E-01   -1.2980156E-01
 3.7700    7.1305723E-04    1.2735528E-01   -1.2735528E-01
 3.7800    6.9706957E-04    1.2516116E-01   -1.2516116E-01
 3.7900    6.8200418E-04    1.2310489E-01   -1.2310489E-01
 3.8000    6.6727219E-04    1.2108214E-01   -1.2108214E-01
 3.8100    6.5254066E-04    1.1903300E-01   -1.1903300E-01
 3.8200    6.3769176E-04    1.1693577E-01   -1.1693577E-01
 3.8300    6.2273968E-04    1.1479261E-01   -1.1479261E-01
 3.8400    6.0782222E-04    1.1262865E-01   -1.1262865E-01
 3.8500    5.9321506E-04    1.1049522E-01   -1.1049522E-01
 3.8600    5.7925617E-04    1.0845639E-01   -1.0845639E-01
 3.8700    5.6616913E-04    1.0655602E-01   -1.0655602E-01
 3.8800    5.5390750E-04    1.0478776E-01   -1.0478776E-01
 3.8900    5.4216114E-04    1.0309496E-01   -1.0309496E-01
 3.9000    5.3054384E-04    1.0140523E-01   -1.0140523E-01
 3.9100    5.1882651E-04    9.9674838E-02   -9.9674838E-02
 3.9200    5.0703748E-04    9.7908874E-02   -9.7908874E-02
 3.9300    4.9537394E-04    9.6145314E-02   -9.6145314E-02
 3.9400    4.8403877E-04    9.4424014E-02   -9.4424014E-02
 3.9500    4.7316055E-04    9.2771074E-02   -9.2771074E-02
 3.9600    4.6283628E-04    9.1206886E-02   -9.1206886E-02
 3.9700    4.5319640E-04    8.9758860E-02   -8.9758860E-02
 3.9800    4.4438153E-04    8.8456961E-02   -8.8456961E-02
 3.9900    4.3643622E-04    8.7312504E-02   -8.7312504E-02
 4.0000    4.2922852E-04    8.6301515E-02   -8.6301515E-02
 4.0100    4.2247927E-04    8.5369751E-02   -8.5369751E-02
 4.0200    4.1586854E-04    8.4453575E-02   -8.4453575E-02
 4.0300    4.0912155E-04    8.3497277E-02   -8.3497277E-02
 4.0400    4.0203125E-04    8.2457926E-02   -8.2457926E-02
 4.0500    3.9446214E-04    8.1306494E-02   -8.1306494E-02
 4.0600    3.8638021E-04    8.0034421E-02   -8.0034421E-02
 4.0700    3.7787943E-04    7.8659637E-02   -7.8659637E-02
 4.0800    3.6914437E-04    7.7219402E-02   -7.7219402E-02
 4.0900    3.6035466E-04    7.5750695E-02   -7.5750695E-02
 4.1000    3.5161278E-04    7.4274926E-02   -7.4274926E-02
 4.1100    3.4295861E-04    7.2800643E-02   -7.2800643E-02
 4.1200    3.3444370E-04    7.1339050E-02   -7.1339050E-02
 4.1300    3.2618190E-04    6.9914914E-02   -6.9914914E-02
 4.1400    3.1832608E-04    6.8561887E-02   -6.8561887E-02
 4.1500    3.1099612E-04    6.7307124E-02   -6.7307124E-02
 4.1600    3.0422394E-04    6.6159150E-02   -6.6159150E-02
 4.1700    2.9795737E-04    6.5108263E-02   -6.5108263E-02
 4.1800    2.9210330E-04    6.4135559E-02   -6.4135559E-02
 4.1900    2.8655348E-04    6.3218413E-02   -6.3218413E-02
 4.2000    2.8117052E-04    6.2327288E-02   -6.2327288E-02
 4.2100    2.7577942E-04    6.1423690E-02   -6.1423690E-02
 4.2200    2.7021832E-04    6.0471335E-02   -6.0471335E-02
 4.2300    2.6442497E-04    5.9455642E-02   -5.9455642E-02
 4.2400    2.5847123E-04    5.8392059E-02   -5.8392059E-02
 4.2500    2.5250206E-04    5.7312934E-02   -5.7312934E-02
 4.2600    2.4663567E-04    5.6245134E-02   -5.6245134E-02
 4.2700    2.4091101E-04    5.5197862E-02   -5.5197862E-02
 4.2800    2.3530195E-04    5.4165521E-02   -5.4165521E-02
 4.2900    2.2975555E-04    5.3136196E-02   -5.3136196E-02
 4.3000    2.2422233E-04    5.2098551E-02   -5.2098551E-02
 4.3100    2.1868771E-04    5.1049182E-02   -5.1049182E-02
 4.3200    2.1321417E-04    5.0002695E-02   -5.0002695E-02
 4.3300    2.0796518E-04    4.8997767E-02   -4.8997767E-02
 4.3400    2.0316096E-04    4.8087210E-02   -4.8087210E-02
 4.3500    1.9895623E-04    4.7309235E-02   -4.7309235E-02
 4.3600    1.9531231E-04    4.6656533E-02   -4.6656533E-02
 4.3700    1.9197644E-04    4.6070260E-02   -4.6070260E-02
 4.3800    1.8861175E-04    4.5470195E-02   -4.5470195E-02
 4.3900    1.8498541E-04    4.4799831E-02   -4.4799831E-02
 4.4000    1.8106321E-04    4.4049952E-02   -4.4049952E-02
 4.4100    1.7695229E-04    4.3245731E-02   -4.3245731E-02
 4.4200    1.7277738E-04    4.2417130E-02   -4.2417130E-02
 4.4300    1.6861184E-04    4.1582002E-02   -4.1582002E-02
 4.4400    1.6449263E-04    4.0749496E-02   -4.0749496E-02
 4.4500    1.6045536E-04    3.9928603E-02   -3.9928603E-02
 4.4600    1.5653277E-04    3.9127747E-02   -3.9127747E-02
 4.4700    1.5272966E-04    3.8348494E-02   -3.8348494E-02
 4.4800    1.4902188E-04    3.7585118E-02   -3.7585118E-02
 4.4900    1.4539054E-04    3.6833135E-02   -3.6833135E-02
 4.5000    1.4185404E-04    3.6097458E-02   -3.6097458E-02
 4.5100    1.3846105E-04    3.5390815E-02   -3.5390815E-02
 4.5200    1.3525324E-04    3.4724372E-02   -3.4724372E-02
 4.5300    1.3223789E-04    3.4100612E-02   -3.4100612E-02
 4.5400    1.2939342E-04    3.3514578E-02   -3.3514578E-02
 4.5500    1.2669311E-04    3.2959882E-02   -3.2959882E-02
 4.5600    1.2411834E-04    3.2432132E-02   -3.2432132E-02
 4.5700    1.2165228E-04    3.1927324E-02   -3.1927324E-02
 4.5800    1.1926957E-04    3.1439126E-02   -3.1439126E-02
 4.5900    1.1693951E-04    3.0959683E-02   -3.0959683E-02
 4.6000    1.1464193E-04    3.0483795E-02   -3.0483795E-02
 4.6100    1.1237822E-04    3.0011926E-02   -3.0011926E-02
 4.6200    1.1016274E-04    2.9548030E-02   -2.9548030E-02
 4.6300    1.0799886E-04    2.9093169E-02   -2.9093169E-02
 4.6400    1.0586054E-04    2.8640457E-02   -2.8640457E-02
 4.6500    1.0369772E-04    2.8176367E-02   -2.8176367E-02
 4.6600    1.0146422E-04    2.7688192E-02   -2.7688192E-02
 4.6700    9.9147166E-05    2.7172145E-02   -2.7172145E-02
 4.6800    9.6775652E-05    2.6635918E-02   -2.6635918E-02
 4.6900    9.4402554E-05    2.6093918E-02   -2.6093918E-02
 4.7000    9.2074801E-05    2.5559148E-02   -2.5559148E-02
 4.7100    8.9815101E-05    2.5038081E-02   -2.5038081E-02
 4.7200    8.7626785E-05    2.4531875E-02   -2.4531875E-02
 4.7300    8.5513628E-05    2.4041828E-02   -2.4041828E-02
 4.7400    8.3496392E-05    2.3574053E-02   -2.3574053E-02
 4.7500    8.1612277E-05    2.3139426E-02   -2.3139426E-02
 4.7600    7.9894017E-05    2.2747728E-02   -2.2747728E-02
 4.7700    7.8337227E-05    2.2398288E-02   -2.2398288E-02
 4.7800    7.6878680E-05    2.2073519E-02   -2.2073519E-02
 4.7900    7.5412793E-05    2.1743323E-02   -2.1743323E-02
 4.8000    7.3850351E-05    2.1381831E-02   -2.1381831E-02
 4.8100    7.2182399E-05    2.0986080E-02   -2.0986080E-02
 4.8200    7.0496672E-05    2.0581288E-02   -2.0581288E-02
 4.8300    6.8929215E-05    2.0207261E-02   -2.0207261E-02
 4.8400    6.7588300E-05    1.9896290E-02   -1.9896290E-02
 4.8500    6.6505087E-05    1.9658402E-02   -1.9658402E-02
 4.8600    6.5631322E-05    1.9480206E-02   -1.9480206E-02
 4.8700    6.4862472E-05    1.9331310E-02   -1.9331310E-02
 4.8800    6.4061934E-05    1.9171211E-02   -1.9171211E-02
 4.8900    6.3090459E-05    1.8957945E-02   -1.8957945E-02
 4.9000    6.1853946E-05    1.8662483E-02   -1.8662483E-02
 4.9100    6.0352050E-05    1.8283733E-02   -1.8283733E-02
 4.9200    5.8683963E-05    1.7850875E-02   -1.7850875E-02
 4.9300    5.6994942E-05    1.7407645E-02   -1.7407645E-02
 4.9400    5.5404925E-05    1.6990734E-02   -1.6990734E-02
 4.9500    5.3977872E-05    1.6620191E-02   -1.6620191E-02
 4.9600    5.2742813E-05    1.6305590E-02   -1.6305590E-02
 4.9700    5.1720553E-05    1.6054094E-02   -1.6054094E-02
 4.9800    5.0909985E-05    1.5866149E-02   -1.5866149E-02
 4.9900    5.0244838E-05    1.5721805E-02   -1.5721805E-02
 5.0000    4.9580019E-05    1.5576022E-02   -1.5576022E-02
 5.0100    4.8748105E-05    1.5375989E-02   -1.5375989E-02
 5.0200    4.7655523E-05    1.5091435E-02   -1.5091435E-02
 5.0300    4.6341080E-05    1.4733706E-02   -1.4733706E-02
 5.0400    4.4949259E-05    1.4348070E-02   -1.4348070E-02
 5.0500    4.3643784E-05    1.3986692E-02   -1.3986692E-02
 5.0600    4.2526828E-05    1.3682766E-02   -1.3682766E-02
 5.0700    4.1607199E-05    1.3439845E-02   -1.3439845E-02
 5.0800    4.0816161E-05    1.3236387E-02   -1.3236387E-02
 5.0900    4.0048033E-05    1.3038470E-02   -1.3038470E-02
 5.1000    3.9207225E-05    1.2814933E-02   -1.2814933E-02
 5.1100    3.8250060E-05    1.2551158E-02   -1.2551158E-02
 5.1200    3.7207016E-05    1.2256730E-02   -1.2256730E-02
 5.1300    3.6170571E-05    1.1961894E-02   -1.1961894E-02
 5.1400    3.5249045E-05    1.1702629E-02   -1.1702629E-02
 5.1500    3.4510828E-05    1.1502168E-02   -1.1502168E-02
 5.1600    3.3952658E-05    1.1360123E-02   -1.1360123E-02
 5.1700    3.3507976E-05    1.1254835E-02   -1.1254835E-02
 5.1800    3.3082770E-05    1.1155043E-02   -1.1155043E-02
 5.1900    3.2593282E-05    1.1032468E-02   -1.1032468E-02
 5.2000    3.1989303E-05    1.0869794E-02   -1.0869794E-02
 5.2100    3.1261700E-05    1.0663454E-02   -1.0663454E-02
 5.2200    3.0438276E-05    1.0422476E-02   -1.0422476E-02
 5.2300    2.9570321E-05    1.0164108E-02   -1.0164108E-02
 5.2400    2.8713189E-05    9.9072672E-03   -9.9072672E-03
 5.2500    2.7908710E-05    9.6664774E-03   -9.6664774E-03
 5.2600    2.7177469E-05    9.4490983E-03   -9.4490983E-03
 5.2700    2.6521658E-05    9.2561794E-03   -9.2561794E-03
 5.2800    2.5931375E-05    9.0845466E-03   -9.0845466E-03
 5.2900    2.5387798E-05    8.9278368E-03   -8.9278368E-03
 5.3000    2.4864482E-05    8.7768973E-03   -8.7768973E-03
 5.3100    2.4332996E-05    8.6217314E-03   -8.6217314E-03
 5.3200    2.3774476E-05    8.4555931E-03   -8.4555931E-03
 5.3300    2.3189741E-05    8.2786626E-03   -8.2786626E-03
 5.3400    2.2598686E-05    8.0979587E-03   -8.0979587E-03
 5.3500    2.2027981E-05    7.9230452E-03   -7.9230452E-03
 5.3600    2.1496105E-05    7.7606699E-03   -7.7606699E-03
 5.3700    2.1006036E-05    7.6120658E-03   -7.6120658E-03
 5.3800    2.0548572E-05    7.4740511E-03   -7.4740511E-03
 5.3900    2.0111363E-05    7.3422456E-03   -7.3422456E-03
 5.4000    1.9687143E-05    7.2140653E-03   -7.2140653E-03
 5.4100    1.9277694E-05    7.0902162E-03   -7.0902162E-03
 5.4200    1.8892624E-05    6.9743015E-03   -6.9743015E-03
 5.4300    1.8542952E-05    6.8705009E-03   -6.8705009E-03
 5.4400    1.8232143E-05    6.7802448E-03   -6.7802448E-03
 5.4500    1.7950905E-05    6.7002222E-03   -6.7002222E-03
 5.4600    1.7681028E-05    6.6237307E-03   -6.6237307E-03
 5.4700    1.7406015E-05    6.5446115E-03   -6.5446115E-03
 5.4800    1.7119861E-05    6.4605755E-03   -6.4605755E-03
 5.4900    1.6827588E-05    6.3734771E-03   -6.3734771E-03
 5.5000    1.6539347E-05    6.2871468E-03   -6.2871468E-03
 5.5100    1.6264885E-05    6.2053182E-03   -6.2053182E-03
 5.5200    1.6012466E-05    6.1312107E-03   -6.1312107E-03
 5.5300    1.5790224E-05    6.0680399E-03   -6.0680399E-03
 5.5400    1.5605522E-05    6.0187693E-03   -6.0187693E-03
 5.5500    1.5460784E-05    5.9844926E-03   -5.9844926E-03
 5.5600    1.5348640E-05    5.9625130E-03   -5.9625130E-03
 5.5700    1.5250718E-05    5.9458033E-03   -5.9458033E-03
 5.5800    1.5142278E-05    5.9247425E-03   -5.9247425E-03
 5.5900    1.5001076E-05    5.8905507E-03   -5.8905507E-03
 5.6000    1.4815521E-05    5.8385210E-03   -5.8385210E-03
 5.6100    1.4586499E-05    5.7688154E-03   -5.7688154E-03
 5.6200    1.4321068E-05    5.6840502E-03   -5.6840502E-03
 5.6300    1.4023315E-05    5.5856967E-03   -5.5856967E-03
 5.6400    1.3691333E-05    5.4728535E-03   -5.4728535E-03
 5.6500    1.3323892E-05    5.3448789E-03   -5.3448789E-03
 5.6600    1.2930389E-05    5.2054027E-03   -5.2054027E-03
 5.6700    1.2534325E-05    5.0638044E-03   -5.0638044E-03
 5.6800    1.2167198E-05    4.9328409E-03   -4.9328409E-03
 5.6900    1.1858023E-05    4.8244374E-03   -4.8244374E-03
 5.7000    1.1625616E-05    4.7465226E-03   -4.7465226E-03
 5.7100    1.1477739E-05    4.7026044E-03   -4.7026044E-03
 5.7200    1.1416797E-05    4.6940338E-03   -4.6940338E-03
 5.7300    1.1446220E-05    4.7226003E-03   -4.7226003E-03
 5.7400    1.1567110E-05    4.7891509E-03   -4.7891509E-03
 5.7500    1.1759713E-05    4.8858740E-03   -4.8858740E-03
 5.7600    1.1961999E-05    4.9872210E-03   -4.9872210E-03
 5.7700    1.2072852E-05    5.0509303E-03   -5.0509303E-03
 5.7800    1.1996107E-05    5.0362337E-03   -5.0362337E-03
 5.7900    1.1703437E-05    4.9303800E-03   -4.9303800E-03
 5.8000    1.1265003E-05    4.7620851E-03   -4.7620851E-03
 5.8100    1.0815127E-05    4.5876866E-03   -4.5876866E-03
 5.8200    1.0474983E-05    4.4587092E-03   -4.4587092E-03
 5.8300    1.0290521E-05    4.3952576E-03   -4.3952576E-03
 5.8400    1.0225836E-05    4.3826257E-03   -4.3826257E-03
 5.8500    1.0203624E-05    4.3880952E-03   -4.3880952E-03
 5.8600    1.0154302E-05    4.3818263E-03   -4.3818263E-03
 5.8700    1.0042709E-05    4.3484747E-03   -4.3484747E-03
 5.8800    9.8672270E-06    4.2870607E-03   -4.2870607E-03
 5.8900    9.6454845E-06    4.2049855E-03   -4.2049855E-03
 5.9000    9.4030702E-06    4.1132354E-03   -4.1132354E-03
 5.9100    9.1697730E-06    4.0247917E-03   -4.0247917E-03
 5.9200    8.9745969E-06    3.9524668E-03   -3.9524668E-03
 5.9300    8.8315819E-06    3.9026333E-03   -3.9026333E-03
 5.9400    8.7242622E-06    3.8682226E-03   -3.8682226E-03
 5.9500    8.6074613E-06    3.8292955E-03   -3.8292955E-03
 5.9600    8.4331228E-06    3.7643570E-03   -3.7643570E-03
 5.9700    8.1821216E-06    3.6645821E-03   -3.6645821E-03
 5.9800    7.8753665E-06    3.5390199E-03   -3.5390199E-03
 5.9900    7.5566277E-06    3.4071522E-03   -3.4071522E-03
 6.0000    7.2653641E-06    3.2867733E-03   -3.2867733E-03
 6.0100    7.0227598E-06    3.1876206E-03   -3.1876206E-03
 6.0200    6.8367065E-06    3.1135065E-03   -3.1135065E-03
 6.0300    6.7137310E-06    3.0676685E-03   -3.0676685E-03
 6.0400    6.6646115E-06    3.0553332E-03   -3.0553332E-03
 6.0500    6.7011214E-06    3.0822517E-03   -3.0822517E-03
 6.0600    6.8293119E-06    3.1516070E-03   -3.1516070E-03
 6.0700    7.0429881E-06    3.2609505E-03   -3.2609505E-03
 6.0800    7.3158233E-06    3.3984449E-03   -3.3984449E-03
 6.0900    7.5928849E-06    3.5387613E-03   -3.5387613E-03
 6.1000    7.7923264E-06    3.6436501E-03   -3.6436501E-03
 6.1100    7.8296760E-06    3.6731281E-03   -3.6731281E-03
 6.1200    7.6585941E-06    3.6046389E-03   -3.6046389E-03
 6.1300    7.2991221E-06    3.4466838E-03   -3.4466838E-03
 6.1400    6.8275550E-06    3.2345347E-03   -3.2345347E-03
 6.1500    6.3341482E-06    3.0105671E-03   -3.0105671E-03
 6.1600    5.8823258E-06    2.8049193E-03   -2.8049193E-03
 6.1700    5.4967038E-06    2.6295566E-03   -2.6295566E-03
 6.1800    5.1774485E-06    2.4848639E-03   -2.4848639E-03
 6.1900    4.9189596E-06    2.3684511E-03   -2.3684511E-03
 6.2000    4.7174642E-06    2.2787772E-03   -2.2787772E-03
 6.2100    4.5697385E-06    2.2145445E-03   -2.2145445E-03
 6.2200    4.4719928E-06    2.1741611E-03   -2.1741611E-03
 6.2300    4.4210995E-06    2.1563351E-03   -2.1563351E-03
 6.2400    4.4134609E-06    2.1595255E-03   -2.1595255E-03
 6.2500    4.4394723E-06    2.1792209E-03   -2.1792209E-03
 6.2600    4.4788209E-06    2.2055770E-03   -2.2055770E-03
 6.2700    4.5035023E-06    2.2248223E-03   -2.2248223E-03
 6.2800    4.4887755E-06    2.2246261E-03   -2.2246261E-03
 6.2900    4.4243574E-06    2.1996894E-03   -2.1996894E-03
 6.3000    4.3173593E-06    2.1533229E-03   -2.1533229E-03
 6.3100    4.1858537E-06    2.0943662E-03   -2.0943662E-03
 6.3200    4.0499298E-06    2.0327853E-03   -2.0327853E-03
 6.3300    3.9273095E-06    1.9774814E-03   -1.9774814E-03
 6.3400    3.8335844E-06    1.9363926E-03   -1.9363926E-03
 6.3500    3.7817542E-06    1.9162431E-03   -1.9162431E-03
 6.3600    3.7777845E-06    1.9202655E-03   -1.9202655E-03
 6.3700    3.8145283E-06    1.9450446E-03   -1.9450446E-03
 6.3800    3.8689852E-06    1.9790114E-03   -1.9790114E-03
 6.3900    3.9063941E-06    2.0044150E-03   -2.0044150E-03
 6.4000    3.8913940E-06    2.0029726E-03   -2.0029726E-03
 6.4100    3.8023584E-06    1.9632652E-03   -1.9632652E-03
 6.4200    3.6413765E-06    1.8860166E-03   -1.8860166E-03
 6.4300    3.4332943E-06    1.7837864E-03   -1.7837864E-03
 6.4400    3.2142958E-06    1.6752030E-03   -1.6752030E-03
 6.4500    3.0178847E-06    1.5777273E-03   -1.5777273E-03
 6.4600    2.8664060E-06    1.5031856E-03   -1.5031856E-03
 6.4700    2.7697802E-06    1.4570140E-03   -1.4570140E-03
 6.4800    2.7273599E-06    1.4391376E-03   -1.4391376E-03
 6.4900    2.7290477E-06    1.4444762E-03   -1.4444762E-03
 6.5000    2.7560114E-06    1.4632468E-03   -1.4632468E-03
 6.5100    2.7838585E-06    1.4825830E-03   -1.4825830E-03
 6.5200    2.7892926E-06    1.4900441E-03   -1.4900441E-03
 6.5300    2.7575526E-06    1.4776107E-03   -1.4776107E-03
 6.5400    2.6866379E-06    1.4440243E-03   -1.4440243E-03
 6.5500    2.5865437E-06    1.3944800E-03   -1.3944800E-03
 6.5600    2.4746876E-06    1.3382521E-03   -1.3382521E-03
 6.5700    2.3697302E-06    1.2854036E-03   -1.2854036E-03
 6.5800    2.2856270E-06    1.2435607E-03   -1.2435607E-03
 6.5900    2.2277122E-06    1.2157374E-03   -1.2157374E-03
 6.6000    2.1925160E-06    1.2001638E-03   -1.2001638E-03
 6.6100    2.1713885E-06    1.1922033E-03   -1.1922033E-03
 6.6200    2.1555784E-06    1.1871065E-03   -1.1871065E-03
 6.6300    2.1397283E-06    1.1819403E-03   -1.1819403E-03
 6.6400    2.1225672E-06    1.1760004E-03   -1.1760004E-03
 6.6500    2.1057582E-06    1.1702042E-03   -1.1702042E-03
 6.6600    2.0923530E-06    1.1662543E-03   -1.1662543E-03
 6.6700    2.0854086E-06    1.1658769E-03   -1.1658769E-03
 6.6800    2.0865943E-06    1.1700402E-03   -1.1700402E-03
 6.6900    2.0947916E-06    1.1781563E-03   -1.1781563E-03
 6.7000    2.1053638E-06    1.1876450E-03   -1.1876450E-03
 6.7100    2.1110331E-06    1.1944004E-03   -1.1944004E-03
 6.7200    2.1045744E-06    1.1942980E-03   -1.1942980E-03
 6.7300    2.0821635E-06    1.1850995E-03   -1.1850995E-03
 6.7400    2.0454083E-06    1.1676419E-03   -1.1676419E-03
 6.7500    2.0007020E-06    1.1455125E-03   -1.1455125E-03
 6.7600    1.9561725E-06    1.1233379E-03   -1.1233379E-03
 6.7700    1.9179585E-06    1.1046543E-03   -1.1046543E-03
 6.7800    1.8878879E-06    1.0905497E-03   -1.0905497E-03
 6.7900    1.8637018E-06    1.0797565E-03   -1.0797565E-03
 6.8000    1.8413997E-06    1.0699802E-03   -1.0699802E-03
 6.8100    1.8180990E-06    1.0595504E-03   -1.0595504E-03
 6.8200    1.7936953E-06    1.0484006E-03   -1.0484006E-03
 6.8300    1.7704766E-06    1.0378664E-03   -1.0378664E-03
 6.8400    1.7510756E-06    1.0295015E-03   -1.0295015E-03
 6.8500    1.7361304E-06    1.0237015E-03   -1.0237015E-03
 6.8600    1.7232960E-06    1.0191028E-03   -1.0191028E-03
 6.8700    1.7084669E-06    1.0132810E-03   -1.0132810E-03
 6.8800    1.6885274E-06    1.0043726E-03   -1.0043726E-03
 6.8900    1.6637093E-06    9.9248914E-04   -9.9248914E-04
 6.9000    1.6377590E-06    9.7984648E-04   -9.7984648E-04
 6.9100    1.6156724E-06    9.6943627E-04   -9.6943627E-04
 6.9200    1.6006477E-06    9.6320294E-04   -9.6320294E-04
 6.9300    1.5925385E-06    9.6109492E-04   -9.6109492E-04
 6.9400    1.5887091E-06    9.6155293E-04   -9.6155293E-04
 6.9500    1.5859708E-06    9.6266383E-04   -9.6266383E-04
 6.9600    1.5815853E-06    9.6276649E-04   -9.6276649E-04
 6.9700    1.5729624E-06    9.6027088E-04   -9.6027088E-04
 6.9800    1.5575452E-06    9.5358929E-04   -9.5358929E-04
 6.9900    1.5339651E-06    9.4184555E-04   -9.4184555E-04
 7.0000    1.5034222E-06    9.2573550E-04   -9.2573550E-04
 7.0100    1.4694067E-06    9.0737732E-04   -9.0737732E-04
 7.0200    1.4355885E-06    8.8902516E-04   -8.8902516E-04
 7.0300    1.4038222E-06    8.7183162E-04   -8.7183162E-04
 7.0400    1.3741379E-06    8.5582606E-04   -8.5582606E-04
 7.0500    1.3465000E-06    8.4099702E-04   -8.4099702E-04
 7.0600    1.3223729E-06    8.2827243E-04   -8.2827243E-04
 7.0700    1.3044196E-06    8.1934351E-04   -8.1934351E-04
 7.0800    1.2944989E-06    8.1541383E-04   -8.1541383E-04
 7.0900    1.2917315E-06    8.1597072E-04   -8.1597072E-04
 7.1000    1.2923836E-06    8.1868721E-04   -8.1868721E-04
 7.1100    1.2917828E-06    8.2061330E-04   -8.2061330E-04
 7.1200    1.2868216E-06    8.1976280E-04   -8.1976280E-04
 7.1300    1.2772321E-06    8.1594096E-04   -8.1594096E-04
 7.1400    1.2649163E-06    8.1034149E-04   -8.1034149E-04
 7.1500    1.2521571E-06    8.0441609E-04   -8.0441609E-04
 7.1600    1.2401843E-06    7.9895465E-04   -7.9895465E-04
 7.1700    1.2289815E-06    7.9395069E-04   -7.9395069E-04
 7.1800    1.2180990E-06    7.8911691E-04   -7.8911691E-04
 7.1900    1.2075900E-06    7.8448954E-04   -7.8448954E-04
 7.2000    1.1983416E-06    7.8064840E-04   -7.8064840E-04
 7.2100    1.1916618E-06    7.7845485E-04   -7.7845485E-04
 7.2200    1.1884731E-06    7.7852686E-04   -7.7852686E-04
 7.2300    1.1885887E-06    7.8076090E-04   -7.8076090E-04
 7.2400    1.1904235E-06    7.8413073E-04   -7.8413073E-04
 7.2500    1.1913094E-06    7.8688352E-04   -7.8688352E-04
 7.2600    1.1884136E-06    7.8713772E-04   -7.8713772E-04
 7.2700    1.1799594E-06    7.8369261E-04   -7.8369261E-04
 7.2800    1.1661318E-06    7.7664090E-04   -7.7664090E-04
 7.2900    1.1490637E-06    7.6737742E-04   -7.6737742E-04
 7.3000    1.1318274E-06    7.5794165E-04   -7.5794165E-04
 7.3100    1.1170290E-06    7.5008255E-04   -7.5008255E-04
 7.3200    1.1058443E-06    7.4460513E-04   -7.4460513E-04
 7.3300    1.0979684E-06    7.4132330E-04   -7.4132330E-04
 7.3400    1.0923208E-06    7.3952384E-04   -7.3952384E-04
 7.3500    1.0879151E-06    7.3854942E-04   -7.3854942E-04
 7.3600    1.0842939E-06    7.3809542E-04   -7.3809542E-04
 7.3700    1.0813191E-06    7.3807200E-04   -7.3807200E-04
 7.3800    1.0786423E-06    7.3824421E-04   -7.3824421E-04
 7.3900    1.0754444E-06    7.3805156E-04   -7.3805156E-04
 7.4000    1.0707566E-06    7.3682453E-04   -7.3682453E-04
 7.4100    1.0640759E-06    7.3420761E-04   -7.3420761E-04
 7.4200    1.0556977E-06    7.3039409E-04   -7.3039409E-04
 7.4300    1.0465202E-06    7.2599747E-04   -7.2599747E-04
 7.4400    1.0376061E-06    7.2175242E-04   -7.2175242E-04
 7.4500    1.0299058E-06    7.1832326E-04   -7.1832326E-04
 7.4600    1.0241959E-06    7.1625975E-04   -7.1625975E-04
 7.4700    1.0209813E-06    7.1592715E-04   -7.1592715E-04
 7.4800    1.0202248E-06    7.1731335E-04   -7.1731335E-04
 7.4900    1.0211050E-06    7.1985315E-04   -7.1985315E-04
 7.5000    1.0221374E-06    7.2250632E-04   -7.2250632E-04
 7.5100    1.0217521E-06    7.2416125E-04   -7.2416125E-04
 7.5200    1.0190402E-06    7.2416392E-04   -7.2416392E-04
 7.5300    1.0141787E-06    7.2262717E-04   -7.2262717E-04
 7.5400    1.0082104E-06    7.2028394E-04   -7.2028394E-04
 7.5500    1.0022996E-06    7.1796177E-04   -7.1796177E-04
 7.5600    9.9700278E-07    7.1606067E-04   -7.1606067E-04
 7.5700    9.9211257E-07    7.1443476E-04   -7.1443476E-04
 7.5800    9.8713761E-07    7.1273154E-04   -7.1273154E-04
 7.5900    9.8191435E-07    7.1083209E-04   -7.1083209E-04
 7.6000    9.7677720E-07    7.0897768E-04   -7.0897768E-04
 7.6100    9.7220044E-07    7.0751392E-04   -7.0751392E-04
 7.6200    9.6832852E-07    7.0654940E-04   -7.0654940E-04
 7.6300    9.6484770E-07    7.0585860E-04   -7.0585860E-04
 7.6400    9.6127639E-07    7.0509049E-04   -7.0509049E-04
 7.6500    9.5737373E-07    7.0406741E-04   -7.0406741E-04
 7.6600    9.5330964E-07    7.0291270E-04   -7.0291270E-04
 7.6700    9.4950558E-07    7.0193696E-04   -7.0193696E-04
 7.6800    9.4635783E-07    7.0143541E-04   -7.0143541E-04
 7.6900    9.4409538E-07    7.0158196E-04   -7.0158196E-04
 7.7000    9.4280552E-07    7.0244679E-04   -7.0244679E-04
 7.7100    9.4246981E-07    7.0402174E-04   -7.0402174E-04
 7.7200    9.4290080E-07    7.0617196E-04   -7.0617196E-04
 7.7300    9.4366194E-07    7.0857413E-04   -7.0857413E-04
 7.7400    9.4414275E-07    7.1077059E-04   -7.1077059E-04
 7.7500    9.4383277E-07    7.1237443E-04   -7.1237443E-04
 7.7600    9.4260651E-07    7.1328607E-04   -7.1328607E-04
 7.7700    9.4074520E-07    7.1371350E-04   -7.1371350E-04
 7.7800    9.3861957E-07    7.1393498E-04   -7.1393498E-04
 7.7900    9.3629528E-07    7.1399902E-04   -7.1399902E-04
 7.8000    9.3345416E-07    7.1366117E-04   -7.1366117E-04
 7.8100    9.2976630E-07    7.1266550E-04   -7.1266550E-04
 7.8200    9.2541253E-07    7.1114595E-04   -7.1114595E-04
 7.8300    9.2126198E-07    7.0976820E-04   -7.0976820E-04
 7.8400    9.1846175E-07    7.0941941E-04   -7.0941941E-04
 7.8500    9.1768747E-07    7.1063072E-04   -7.1063072E-04
 7.8600    9.1861595E-07    7.1316322E-04   -7.1316322E-04
 7.8700    9.2004273E-07    7.1608954E-04   -7.1608954E-04
 7.8800    9.2058010E-07    7.1832980E-04   -7.1832980E-04
 7.8900    9.1943625E-07    7.1925931E-04   -7.1925931E-04
 7.9000    9.1675171E-07    7.1897828E-04   -7.1897828E-04
 7.9100    9.1334692E-07    7.1812261E-04   -7.1812261E-04
 7.9200    9.1015987E-07    7.1742732E-04   -7.1742732E-04
 7.9300    9.0779370E-07    7.1737032E-04   -7.1737032E-04
 7.9400    9.0641987E-07    7.1809232E-04   -7.1809232E-04
 7.9500    9.0598043E-07    7.1955325E-04   -7.1955325E-04
 7.9600    9.0641507E-07    7.2171066E-04   -7.2171066E-04
 7.9700    9.0765589E-07    7.2451559E-04   -7.2451559E-04
 7.9800    9.0940326E-07    7.2773314E-04   -7.2773314E-04
 7.9900    9.1098880E-07    7.3083016E-04   -7.3083016E-04
 8.0000    9.1159829E-07    7.3315085E-04   -7.3315085E-04
 8.0100    9.1073824E-07    7.3429144E-04   -7.3429144E-04
 8.0200    9.0852108E-07    7.3433395E-04   -7.3433395E-04
 8.0300    9.0550968E-07    7.3372624E-04   -7.3372624E-04
 8.0400    9.0230550E-07    7.3295205E-04   -7.3295205E-04
 8.0500    8.9925766E-07    7.3229450E-04   -7.3229450E-04
 8.0600    8.9645522E-07    7.3182720E-04   -7.3182720E-04
 8.0700    8.9387985E-07    7.3153663E-04   -7.3153663E-04
 8.0800    8.9153422E-07    7.3142635E-04   -7.3142635E-04
 8.0900    8.8946608E-07    7.3153700E-04   -7.3153700E-04
 8.1000    8.8770788E-07    7.3189702E-04   -7.3189702E-04
 8.1100    8.8620539E-07    7.3246345E-04   -7.3246345E-04
 8.1200    8.8482441E-07    7.3312667E-04   -7.3312667E-04
 8.1300    8.8346651E-07    7.3380564E-04   -7.3380564E-04
 8.1400    8.8220546E-07    7.3456193E-04   -7.3456193E-04
 8.1500    8.8129898E-07    7.3561123E-04   -7.3561123E-04
 8.1600    8.8102840E-07    7.3719111E-04   -7.3719111E-04
 8.1700    8.8148348E-07    7.3938078E-04   -7.3938078E-04
 8.1800    8.8245952E-07    7.4201257E-04   -7.4201257E-04
 8.1900    8.8352382E-07    7.4472499E-04   -7.4472499E-04
 8.2000    8.8417748E-07    7.4709704E-04   -7.4709704E-04
 8.2100    8.8401921E-07    7.4878629E-04   -7.4878629E-04
 8.2200    8.8286970E-07    7.4963544E-04   -7.4963544E-04
 8.2300    8.8083126E-07    7.4972545E-04   -7.4972545E-04
 8.2400    8.7824282E-07    7.4933997E-04   -7.4933997E-04
 8.2500    8.7552925E-07    7.4883894E-04   -7.4883894E-04
 8.2600    8.7303280E-07    7.4851502E-04   -7.4851502E-04
 8.2700    8.7094523E-07    7.4853434E-04   -7.4853434E-04
 8.2800    8.6938095E-07    7.4899800E-04   -7.4899800E-04
 8.2900    8.6851860E-07    7.5006353E-04   -7.5006353E-04
 8.3000    8.6868992E-07    7.5202250E-04   -7.5202250E-04
 8.3100    8.7032138E-07    7.5525144E-04   -7.5525144E-04
 8.3200    8.7369073E-07    7.6000114E-04   -7.6000114E-04
 8.3300    8.7855269E-07    7.6606864E-04   -7.6606864E-04
 8.3400    8.8384878E-07    7.7253815E-04   -7.7253815E-04
 8.3500    8.8783902E-07    7.7788795E-04   -7.7788795E-04
 8.3600    8.8881556E-07    7.8060993E-04   -7.8060993E-04
 8.3700    8.8605049E-07    7.8004427E-04   -7.8004427E-04
 8.3800    8.8026940E-07    7.7680767E-04   -7.7680767E-04
 8.3900    8.7323400E-07    7.7243941E-04   -7.7243941E-04
 8.4000    8.6675817E-07    7.6853983E-04   -7.6853983E-04
 8.4100    8.6190429E-07    7.6605667E-04   -7.6605667E-04
 8.4200    8.5882547E-07    7.6513657E-04   -7.6513657E-04
 8.4300    8.5713468E-07    7.6544516E-04   -7.6544516E-04
 8.4400    8.5637637E-07    7.6658343E-04   -7.6658343E-04
 8.4500    8.5627705E-07    7.6831195E-04   -7.6831195E-04
 8.4600    8.5671560E-07    7.7052595E-04   -7.7052595E-04
 8.4700    8.5755584E-07    7.7310609E-04   -7.7310609E-04
 8.4800    8.5854214E-07    7.7582395E-04   -7.7582395E-04
 8.4900    8.5936411E-07    7.7839934E-04   -7.7839934E-04
 8.5000    8.5981872E-07    7.8064685E-04   -7.8064685E-04
 8.5100    8.5989641E-07    7.8255545E-04   -7.8255545E-04
 8.5200    8.5970330E-07    7.8421952E-04   -7.8421952E-04
 8.5300    8.5930903E-07    7.8570099E-04   -7.8570099E-04
 8.5400    8.5867370E-07    7.8696201E-04   -7.8696201E-04
 8.5500    8.5770272E-07    7.8791411E-04   -7.8791411E-04
 8.5600    8.5635324E-07    7.8851569E-04   -7.8851569E-04
 8.5700    8.5470421E-07    7.8883714E-04   -7.8883714E-04
 8.5800    8.5296076E-07    7.8906629E-04   -7.8906629E-04
 8.5900    8.5139869E-07    7.8945826E-04   -7.8945826E-04
 8.6000    8.5026565E-07    7.9024436E-04   -7.9024436E-04
 8.6100    8.4968620E-07    7.9154340E-04   -7.9154340E-04
 8.6200    8.4963548E-07    7.9333577E-04   -7.9333577E-04
 8.6300    8.4999811E-07    7.9551691E-04   -7.9551691E-04
 8.6400    8.5065150E-07    7.9797451E-04   -7.9797451E-04
 8.6500    8.5149804E-07    8.0061871E-04   -8.0061871E-04
 8.6600    8.5243659E-07    8.0335542E-04   -8.0335542E-04
 8.6700    8.5332975E-07    8.0605550E-04   -8.0605550E-04
 8.6800    8.5401788E-07    8.0856750E-04   -8.0856750E-04
 8.6900    8.5437025E-07    8.1076601E-04   -8.1076601E-04
 8.7000    8.5432415E-07    8.1258921E-04   -8.1258921E-04
 8.7100    8.5388427E-07    8.1403895E-04   -8.1403895E-04
 8.7200    8.5310249E-07    8.1516222E-04   -8.1516222E-04
 8.7300    8.5206862E-07    8.1604277E-04   -8.1604277E-04
 8.7400    8.5090867E-07    8.1679991E-04   -8.1679991E-04
 8.7500    8.4976696E-07    8.1757162E-04   -8.1757162E-04
 8.7600    8.4877353E-07    8.1848345E-04   -8.1848345E-04
 8.7700    8.4802131E-07    8.1962617E-04   -8.1962617E-04
 8.7800    8.4755271E-07    8.2104245E-04   -8.2104245E-04
 8.7900    8.4733201E-07    8.2269949E-04   -8.2269949E-04
 8.8000    8.4721681E-07    8.2446035E-04   -8.2446035E-04
 8.8100    8.4698821E-07    8.2611222E-04   -8.2611222E-04
 8.8200    8.4645640E-07    8.2746880E-04   -8.2746880E-04
 8.8300    8.4556249E-07    8.2847037E-04   -8.2847037E-04
 8.8400    8.4438811E-07    8.2919467E-04   -8.2919467E-04
 8.8500    8.4308685E-07    8.2979100E-04   -8.2979100E-04
 8.8600    8.4182524E-07    8.3042277E-04   -8.3042277E-04
 8.8700    8.4077363E-07    8.3125867E-04   -8.3125867E-04
 8.8800    8.4010607E-07    8.3247254E-04   -8.3247254E-04
 8.8900    8.3996485E-07    8.3420828E-04   -8.3420828E-04
 8.9000    8.4039786E-07    8.3651708E-04   -8.3651708E-04
 8.9100    8.4130174E-07    8.3929968E-04   -8.3929968E-04
 8.9200    8.4240190E-07    8.4228470E-04   -8.4228470E-04
 8.9300    8.4330657E-07    8.4508086E-04   -8.4508086E-04
 8.9400    8.4365151E-07    8.4732104E-04   -8.4732104E-04
 8.9500    8.4327196E-07    8.4883561E-04   -8.4883561E-04
 8.9600    8.4227739E-07    8.4973014E-04   -8.4973014E-04
 8.9700    8.4096841E-07    8.5030441E-04   -8.5030441E-04
 8.9800    8.3967065E-07    8.5088626E-04   -8.5088626E-04
 8.9900    8.3861393E-07    8.5170916E-04   -8.5170916E-04
 9.0000    8.3790877E-07    8.5288725E-04   -8.5288725E-04
 9.0100    8.3757748E-07    8.5444564E-04   -8.5444564E-04
 9.0200    8.3758317E-07    8.5634917E-04   -8.5634917E-04
 9.0300    8.3784315E-07    8.5851539E-04   -8.5851539E-04
 9.0400    8.3824021E-07    8.6082568E-04   -8.6082568E-04
 9.0500    8.3863752E-07    8.6314014E-04   -8.6314014E-04
 9.0600    8.3889250E-07    8.6531169E-04   -8.6531169E-04
 9.0700    8.3887250E-07    8.6720225E-04   -8.6720225E-04
 9.0800    8.3848333E-07    8.6871235E-04   -8.6871235E-04
 9.0900    8.3770892E-07    8.6982277E-04   -8.6982277E-04
 9.1000    8.3663712E-07    8.7062228E-04   -8.7062228E-04
 9.1100    8.3544103E-07    8.7128938E-04   -8.7128938E-04
 9.1200    8.3431171E-07    8.7202288E-04   -8.7202288E-04
 9.1300    8.3337822E-07    8.7295843E-04   -8.7295843E-04
 9.1400    8.3266884E-07    8.7412707E-04   -8.7412707E-04
 9.1500    8.3214035E-07    8.7548485E-04   -8.7548485E-04
 9.1600    8.3174651E-07    8.7698426E-04   -8.7698426E-04
 9.1700    8.3148493E-07    8.7862371E-04   -8.7862371E-04
 9.1800    8.3138740E-07    8.8043777E-04   -8.8043777E-04
 9.1900    8.3147629E-07    8.8245132E-04   -8.8245132E-04
 9.2000    8.3173566E-07    8.8464870E-04   -8.8464870E-04
 9.2100    8.3211787E-07    8.8698030E-04   -8.8698030E-04
 9.2200    8.3256787E-07    8.8938818E-04   -8.8938818E-04
 9.2300    8.3304107E-07    8.9182507E-04   -8.9182507E-04
