# total charge: 2.000000 
# r(A)     rho (e/A^3)     4*pi*r^2*rho(e/A)  dip  
 0.0000    1.7627968E-02    0.0000000E+00    1.5957691E+01
 0.0100    1.7873473E-02    2.2460469E-05    1.5878079E+01
 0.0200    1.8183583E-02    9.1400655E-05    1.5641616E+01
 0.0300    1.8571242E-02    2.1003580E-04    1.5255303E+01
 0.0400    1.9050173E-02    3.8302645E-04    1.4730423E+01
 0.0500    1.9635382E-02    6.1686373E-04    1.4081996E+01
 0.0600    2.0343452E-02    9.2031610E-04    1.3328064E+01
 0.0700    2.1191144E-02    1.3048493E-03    1.2488852E+01
 0.0800    2.2192031E-02    1.7847890E-03    1.1585877E+01
 0.0900    2.3353094E-02    2.3770554E-03    1.0641033E+01
 0.1000    2.4673703E-02    3.1005890E-03    9.6757284E+00
 0.1100    2.6147509E-02    3.9758094E-03    8.7101113E+00
 0.1200    2.7765667E-02    5.0243567E-03    7.7624178E+00
 0.1300    2.9519492E-02    6.2691036E-03    6.8484746E+00
 0.1400    3.1401619E-02    7.7342458E-03    5.9813644E+00
 0.1500    3.3405879E-02    9.4452897E-03    5.1712585E+00
 0.1600    3.5526544E-02    1.1428857E-02    4.4254045E+00
 0.1700    3.7757641E-02    1.3712371E-02    3.7482507E+00
 0.1800    4.0092765E-02    1.6323786E-02    3.1416825E+00
 0.1900    4.2525458E-02    1.9291503E-02    2.6053411E+00
 0.2000    4.5049741E-02    2.2644469E-02    2.1369942E+00
 0.2100    4.7660323E-02    2.6412252E-02    1.7329316E+00
 0.2200    5.0352317E-02    3.0624901E-02    1.3883588E+00
 0.2300    5.3120687E-02    3.5312561E-02    1.0977689E+00
 0.2400    5.5959841E-02    4.0505017E-02    8.5527619E-01
 0.2500    5.8863542E-02    4.6231318E-02    6.5490070E-01
 0.2600    6.1825059E-02    5.2519562E-02    4.9079921E-01
 0.2700    6.4837397E-02    5.9396788E-02    3.5744060E-01
 0.2800    6.7893512E-02    6.6888922E-02    2.4972914E-01
 0.2900    7.0986444E-02    7.5020729E-02    1.6308057E-01
 0.3000    7.4109371E-02    8.3815724E-02    9.3458212E-02
 0.3100    7.7255579E-02    9.3296017E-02    3.7376745E-02
 0.3200    8.0418384E-02    1.0348208E-01   -8.1185553E-03
 0.3300    8.3591073E-02    1.1439252E-01   -4.5489767E-02
 0.3400    8.6766877E-02    1.2604385E-01   -7.6755084E-02
 0.3500    8.9938993E-02    1.3845032E-01   -1.0354302E-01
 0.3600    9.3100633E-02    1.5162384E-01   -1.2714776E-01
 0.3700    9.6245073E-02    1.6557388E-01   -1.4858267E-01
 0.3800    9.9365706E-02    1.8030741E-01   -1.6862954E-01
 0.3900    1.0245606E-01    1.9582888E-01   -1.8788267E-01
 0.4000    1.0550984E-01    2.1214011E-01   -2.0678690E-01
 0.4100    1.0852086E-01    2.2924021E-01   -2.2566974E-01
 0.4200    1.1148313E-01    2.4712552E-01   -2.4476780E-01
 0.4300    1.1439081E-01    2.6578956E-01   -2.6424815E-01
 0.4400    1.1723824E-01    2.8522297E-01   -2.8422527E-01
 0.4500    1.2001995E-01    3.0541357E-01   -3.0477422E-01
 0.4600    1.2273070E-01    3.2634635E-01   -3.2594071E-01
 0.4700    1.2536550E-01    3.4800351E-01   -3.4774871E-01
 0.4800    1.2791958E-01    3.7036451E-01   -3.7020606E-01
 0.4900    1.3038840E-01    3.9340601E-01   -3.9330845E-01
 0.5000    1.3276764E-01    4.1710184E-01   -4.1704237E-01
 0.5100    1.3505320E-01    4.4142313E-01   -4.4138724E-01
 0.5200    1.3724128E-01    4.6633856E-01   -4.6631711E-01
 0.5300    1.3932843E-01    4.9181454E-01   -4.9180185E-01
 0.5400    1.4131150E-01    5.1781533E-01   -5.1780790E-01
 0.5500    1.4318761E-01    5.4430296E-01   -5.4429865E-01
 0.5600    1.4495413E-01    5.7123722E-01   -5.7123475E-01
 0.5700    1.4660865E-01    5.9857582E-01   -5.9857441E-01
 0.5800    1.4814908E-01    6.2627461E-01   -6.2627382E-01
 0.5900    1.4957362E-01    6.5428789E-01   -6.5428745E-01
 0.6000    1.5088076E-01    6.8256849E-01   -6.8256824E-01
 0.6100    1.5206930E-01    7.1106791E-01   -7.1106778E-01
 0.6200    1.5313828E-01    7.3973644E-01   -7.3973637E-01
 0.6300    1.5408702E-01    7.6852328E-01   -7.6852324E-01
 0.6400    1.5491513E-01    7.9737687E-01   -7.9737685E-01
 0.6500    1.5562248E-01    8.2624513E-01   -8.2624512E-01
 0.6600    1.5620927E-01    8.5507567E-01   -8.5507567E-01
 0.6700    1.5667596E-01    8.8381595E-01   -8.8381595E-01
 0.6800    1.5702325E-01    9.1241337E-01   -9.1241337E-01
 0.6900    1.5725208E-01    9.4081543E-01   -9.4081543E-01
 0.7000    1.5736363E-01    9.6896993E-01   -9.6896992E-01
 0.7100    1.5735932E-01    9.9682527E-01   -9.9682527E-01
 0.7200    1.5724085E-01    1.0243308E+00   -1.0243308E+00
 0.7300    1.5701015E-01    1.0514371E+00   -1.0514371E+00
 0.7400    1.5666941E-01    1.0780962E+00   -1.0780962E+00
 0.7500    1.5622102E-01    1.1042613E+00   -1.1042613E+00
 0.7600    1.5566758E-01    1.1298876E+00   -1.1298876E+00
 0.7700    1.5501187E-01    1.1549316E+00   -1.1549316E+00
 0.7800    1.5425683E-01    1.1793521E+00   -1.1793521E+00
 0.7900    1.5340560E-01    1.2031098E+00   -1.2031098E+00
 0.8000    1.5246146E-01    1.2261679E+00   -1.2261679E+00
 0.8100    1.5142789E-01    1.2484920E+00   -1.2484920E+00
 0.8200    1.5030850E-01    1.2700508E+00   -1.2700508E+00
 0.8300    1.4910705E-01    1.2908157E+00   -1.2908157E+00
 0.8400    1.4782745E-01    1.3107611E+00   -1.3107611E+00
 0.8500    1.4647370E-01    1.3298645E+00   -1.3298645E+00
 0.8600    1.4504994E-01    1.3481068E+00   -1.3481068E+00
 0.8700    1.4356043E-01    1.3654730E+00   -1.3654730E+00
 0.8800    1.4200959E-01    1.3819517E+00   -1.3819517E+00
 0.8900    1.4040194E-01    1.3975360E+00   -1.3975360E+00
 0.9000    1.3874207E-01    1.4122222E+00   -1.4122222E+00
 0.9100    1.3703454E-01    1.4260104E+00   -1.4260104E+00
 0.9200    1.3528393E-01    1.4389037E+00   -1.4389037E+00
 0.9300    1.3349478E-01    1.4509086E+00   -1.4509086E+00
 0.9400    1.3167168E-01    1.4620357E+00   -1.4620357E+00
 0.9500    1.2981921E-01    1.4722991E+00   -1.4722991E+00
 0.9600    1.2794187E-01    1.4817162E+00   -1.4817162E+00
 0.9700    1.2604406E-01    1.4903069E+00   -1.4903069E+00
 0.9800    1.2412990E-01    1.4980918E+00   -1.4980918E+00
 0.9900    1.2220322E-01    1.5050915E+00   -1.5050915E+00
 1.0000    1.2026742E-01    1.5113250E+00   -1.5113250E+00
 1.0100    1.1832549E-01    1.5168091E+00   -1.5168091E+00
 1.0200    1.1638000E-01    1.5215581E+00   -1.5215581E+00
 1.0300    1.1443315E-01    1.5255841E+00   -1.5255841E+00
 1.0400    1.1248685E-01    1.5288972E+00   -1.5288972E+00
 1.0500    1.1054282E-01    1.5315071E+00   -1.5315071E+00
 1.0600    1.0860265E-01    1.5334231E+00   -1.5334231E+00
 1.0700    1.0666783E-01    1.5346554E+00   -1.5346554E+00
 1.0800    1.0473982E-01    1.5352150E+00   -1.5352150E+00
 1.0900    1.0282002E-01    1.5351136E+00   -1.5351136E+00
 1.1000    1.0090976E-01    1.5343641E+00   -1.5343641E+00
 1.1100    9.9010369E-02    1.5329800E+00   -1.5329800E+00
 1.1200    9.7123105E-02    1.5309763E+00   -1.5309763E+00
 1.1300    9.5249209E-02    1.5283687E+00   -1.5283687E+00
 1.1400    9.3389886E-02    1.5251741E+00   -1.5251741E+00
 1.1500    9.1546288E-02    1.5214101E+00   -1.5214101E+00
 1.1600    8.9719504E-02    1.5170948E+00   -1.5170948E+00
 1.1700    8.7910539E-02    1.5122463E+00   -1.5122463E+00
 1.1800    8.6120316E-02    1.5068829E+00   -1.5068829E+00
 1.1900    8.4349691E-02    1.5010228E+00   -1.5010228E+00
 1.2000    8.2599474E-02    1.4946849E+00   -1.4946849E+00
 1.2100    8.0870441E-02    1.4878886E+00   -1.4878886E+00
 1.2200    7.9163316E-02    1.4806537E+00   -1.4806537E+00
 1.2300    7.7478738E-02    1.4729996E+00   -1.4729996E+00
 1.2400    7.5817242E-02    1.4649447E+00   -1.4649447E+00
 1.2500    7.4179265E-02    1.4565065E+00   -1.4565065E+00
 1.2600    7.2565189E-02    1.4477024E+00   -1.4477024E+00
 1.2700    7.0975365E-02    1.4385499E+00   -1.4385499E+00
 1.2800    6.9410119E-02    1.4290670E+00   -1.4290670E+00
 1.2900    6.7869723E-02    1.4192711E+00   -1.4192711E+00
 1.3000    6.6354363E-02    1.4091786E+00   -1.4091786E+00
 1.3100    6.4864149E-02    1.3988050E+00   -1.3988050E+00
 1.3200    6.3399137E-02    1.3881649E+00   -1.3881649E+00
 1.3300    6.1959363E-02    1.3772732E+00   -1.3772732E+00
 1.3400    6.0544852E-02    1.3661446E+00   -1.3661446E+00
 1.3500    5.9155600E-02    1.3547940E+00   -1.3547940E+00
 1.3600    5.7791549E-02    1.3432350E+00   -1.3432350E+00
 1.3700    5.6452580E-02    1.3314805E+00   -1.3314805E+00
 1.3800    5.5138527E-02    1.3195419E+00   -1.3195419E+00
 1.3900    5.3849198E-02    1.3074308E+00   -1.3074308E+00
 1.4000    5.2584400E-02    1.2951583E+00   -1.2951583E+00
 1.4100    5.1343936E-02    1.2827359E+00   -1.2827359E+00
 1.4200    5.0127600E-02    1.2701747E+00   -1.2701747E+00
 1.4300    4.8935169E-02    1.2574856E+00   -1.2574856E+00
 1.4400    4.7766398E-02    1.2446789E+00   -1.2446789E+00
 1.4500    4.6621025E-02    1.2317645E+00   -1.2317645E+00
 1.4600    4.5498779E-02    1.2187519E+00   -1.2187519E+00
 1.4700    4.4399384E-02    1.2056506E+00   -1.2056506E+00
 1.4800    4.3322562E-02    1.1924699E+00   -1.1924699E+00
 1.4900    4.2268036E-02    1.1792190E+00   -1.1792190E+00
 1.5000    4.1235519E-02    1.1659068E+00   -1.1659068E+00
 1.5100    4.0224720E-02    1.1525421E+00   -1.1525421E+00
 1.5200    3.9235338E-02    1.1391330E+00   -1.1391330E+00
 1.5300    3.8267072E-02    1.1256878E+00   -1.1256878E+00
 1.5400    3.7319622E-02    1.1122145E+00   -1.1122145E+00
 1.5500    3.6392691E-02    1.0987210E+00   -1.0987210E+00
 1.5600    3.5485985E-02    1.0852153E+00   -1.0852153E+00
 1.5700    3.4599208E-02    1.0717052E+00   -1.0717052E+00
 1.5800    3.3732064E-02    1.0581980E+00   -1.0581980E+00
 1.5900    3.2884250E-02    1.0447011E+00   -1.0447011E+00
 1.6000    3.2055465E-02    1.0312214E+00   -1.0312214E+00
 1.6100    3.1245407E-02    1.0177657E+00   -1.0177657E+00
 1.6200    3.0453780E-02    1.0043408E+00   -1.0043408E+00
 1.6300    2.9680287E-02    9.9095327E-01   -9.9095327E-01
 1.6400    2.8924635E-02    9.7760956E-01   -9.7760956E-01
 1.6500    2.8186523E-02    9.6431574E-01   -9.6431574E-01
 1.6600    2.7465651E-02    9.5107755E-01   -9.5107755E-01
 1.6700    2.6761714E-02    9.3790043E-01   -9.3790043E-01
 1.6800    2.6074409E-02    9.2478952E-01   -9.2478952E-01
 1.6900    2.5403431E-02    9.1174974E-01   -9.1174974E-01
 1.7000    2.4748477E-02    8.9878576E-01   -8.9878576E-01
 1.7100    2.4109244E-02    8.8590200E-01   -8.8590200E-01
 1.7200    2.3485432E-02    8.7310266E-01   -8.7310266E-01
 1.7300    2.2876738E-02    8.6039163E-01   -8.6039163E-01
 1.7400    2.2282863E-02    8.4777256E-01   -8.4777256E-01
 1.7500    2.1703507E-02    8.3524885E-01   -8.3524885E-01
 1.7600    2.1138373E-02    8.2282362E-01   -8.2282362E-01
 1.7700    2.0587161E-02    8.1049970E-01   -8.1049970E-01
 1.7800    2.0049576E-02    7.9827965E-01   -7.9827965E-01
 1.7900    1.9525323E-02    7.8616579E-01   -7.8616579E-01
 1.8000    1.9014110E-02    7.7416027E-01   -7.7416027E-01
 1.8100    1.8515653E-02    7.6226511E-01   -7.6226511E-01
 1.8200    1.8029666E-02    7.5048209E-01   -7.5048209E-01
 1.8300    1.7555869E-02    7.3881272E-01   -7.3881272E-01
 1.8400    1.7093977E-02    7.2725819E-01   -7.2725819E-01
 1.8500    1.6643712E-02    7.1581947E-01   -7.1581947E-01
 1.8600    1.6204799E-02    7.0449740E-01   -7.0449740E-01
 1.8700    1.5776972E-02    6.9329285E-01   -6.9329285E-01
 1.8800    1.5359970E-02    6.8220663E-01   -6.8220663E-01
 1.8900    1.4953539E-02    6.7123944E-01   -6.7123944E-01
 1.9000    1.4557428E-02    6.6039186E-01   -6.6039186E-01
 1.9100    1.4171389E-02    6.4966435E-01   -6.4966435E-01
 1.9200    1.3795186E-02    6.3905741E-01   -6.3905741E-01
 1.9300    1.3428586E-02    6.2857163E-01   -6.2857163E-01
 1.9400    1.3071367E-02    6.1820761E-01   -6.1820761E-01
 1.9500    1.2723310E-02    6.0796584E-01   -6.0796584E-01
 1.9600    1.2384196E-02    5.9784669E-01   -5.9784669E-01
 1.9700    1.2053813E-02    5.8785033E-01   -5.8785033E-01
 1.9800    1.1731951E-02    5.7797688E-01   -5.7797688E-01
 1.9900    1.1418405E-02    5.6822646E-01   -5.6822646E-01
 2.0000    1.1112978E-02    5.5859921E-01   -5.5859921E-01
 2.0100    1.0815477E-02    5.4909523E-01   -5.4909523E-01
 2.0200    1.0525711E-02    5.3971445E-01   -5.3971445E-01
 2.0300    1.0243490E-02    5.3045663E-01   -5.3045663E-01
 2.0400    9.9686270E-03    5.2132139E-01   -5.2132139E-01
 2.0500    9.7009404E-03    5.1230834E-01   -5.1230834E-01
 2.0600    9.4402540E-03    5.0341713E-01   -5.0341713E-01
 2.0700    9.1863982E-03    4.9464750E-01   -4.9464750E-01
 2.0800    8.9392093E-03    4.8599930E-01   -4.8599930E-01
 2.0900    8.6985297E-03    4.7747242E-01   -4.7747242E-01
 2.1000    8.4642067E-03    4.6906682E-01   -4.6906682E-01
 2.1100    8.2360909E-03    4.6078242E-01   -4.6078242E-01
 2.1200    8.0140349E-03    4.5261904E-01   -4.5261904E-01
 2.1300    7.7978918E-03    4.4457627E-01   -4.4457627E-01
 2.1400    7.5875151E-03    4.3665353E-01   -4.3665353E-01
 2.1500    7.3827584E-03    4.2885003E-01   -4.2885003E-01
 2.1600    7.1834762E-03    4.2116476E-01   -4.2116476E-01
 2.1700    6.9895238E-03    4.1359656E-01   -4.1359656E-01
 2.1800    6.8007590E-03    4.0614418E-01   -4.0614418E-01
 2.1900    6.6170435E-03    3.9880636E-01   -3.9880636E-01
 2.2000    6.4382447E-03    3.9158199E-01   -3.9158199E-01
 2.2100    6.2642364E-03    3.8447008E-01   -3.8447008E-01
 2.2200    6.0948971E-03    3.7746978E-01   -3.7746978E-01
 2.2300    5.9301083E-03    3.7058020E-01   -3.7058020E-01
 2.2400    5.7697522E-03    3.6380031E-01   -3.6380031E-01
 2.2500    5.6137120E-03    3.5712893E-01   -3.5712893E-01
 2.2600    5.4618718E-03    3.5056475E-01   -3.5056475E-01
 2.2700    5.3141176E-03    3.4410639E-01   -3.4410639E-01
 2.2800    5.1703381E-03    3.3775245E-01   -3.3775245E-01
 2.2900    5.0304243E-03    3.3150146E-01   -3.3150146E-01
 2.3000    4.8942699E-03    3.2535198E-01   -3.2535198E-01
 2.3100    4.7617717E-03    3.1930256E-01   -3.1930256E-01
 2.3200    4.6328296E-03    3.1335178E-01   -3.1335178E-01
 2.3300    4.5073468E-03    3.0749827E-01   -3.0749827E-01
 2.3400    4.3852295E-03    3.0174071E-01   -3.0174071E-01
 2.3500    4.2663875E-03    2.9607783E-01   -2.9607783E-01
 2.3600    4.1507340E-03    2.9050845E-01   -2.9050845E-01
 2.3700    4.0381855E-03    2.8503148E-01   -2.8503148E-01
 2.3800    3.9286612E-03    2.7964583E-01   -2.7964583E-01
 2.3900    3.8220813E-03    2.7435039E-01   -2.7435039E-01
 2.4000    3.7183669E-03    2.6914393E-01   -2.6914393E-01
 2.4100    3.6174397E-03    2.6402512E-01   -2.6402512E-01
 2.4200    3.5192234E-03    2.5899265E-01   -2.5899265E-01
 2.4300    3.4236449E-03    2.5404528E-01   -2.5404528E-01
 2.4400    3.3306349E-03    2.4918193E-01   -2.4918193E-01
 2.4500    3.2401271E-03    2.4440162E-01   -2.4440162E-01
 2.4600    3.1520574E-03    2.3970340E-01   -2.3970340E-01
 2.4700    3.0663631E-03    2.3508631E-01   -2.3508631E-01
 2.4800    2.9829830E-03    2.3054940E-01   -2.3054940E-01
 2.4900    2.9018571E-03    2.2609168E-01   -2.2609168E-01
 2.5000    2.8229264E-03    2.2171212E-01   -2.2171212E-01
 2.5100    2.7461326E-03    2.1740965E-01   -2.1740965E-01
 2.5200    2.6714185E-03    2.1318315E-01   -2.1318315E-01
 2.5300    2.5987285E-03    2.0903153E-01   -2.0903153E-01
 2.5400    2.5280088E-03    2.0495375E-01   -2.0495375E-01
 2.5500    2.4592082E-03    2.0094885E-01   -2.0094885E-01
 2.5600    2.3922772E-03    1.9701591E-01   -1.9701591E-01
 2.5700    2.3271678E-03    1.9315405E-01   -1.9315405E-01
 2.5800    2.2638324E-03    1.8936231E-01   -1.8936231E-01
 2.5900    2.2022237E-03    1.8563969E-01   -1.8563969E-01
 2.6000    2.1422954E-03    1.8198513E-01   -1.8198513E-01
 2.6100    2.0840016E-03    1.7839757E-01   -1.7839757E-01
 2.6200    2.0272979E-03    1.7487592E-01   -1.7487592E-01
 2.6300    1.9721410E-03    1.7141914E-01   -1.7141914E-01
 2.6400    1.9184880E-03    1.6802612E-01   -1.6802612E-01
 2.6500    1.8662967E-03    1.6469572E-01   -1.6469572E-01
 2.6600    1.8155260E-03    1.6142679E-01   -1.6142679E-01
 2.6700    1.7661368E-03    1.5821830E-01   -1.5821830E-01
 2.6800    1.7180920E-03    1.5506932E-01   -1.5506932E-01
 2.6900    1.6713566E-03    1.5197899E-01   -1.5197899E-01
 2.7000    1.6258959E-03    1.4894644E-01   -1.4894644E-01
 2.7100    1.5816749E-03    1.4597069E-01   -1.4597069E-01
 2.7200    1.5386580E-03    1.4305063E-01   -1.4305063E-01
 2.7300    1.4968106E-03    1.4018515E-01   -1.4018515E-01
 2.7400    1.4560994E-03    1.3737320E-01   -1.3737320E-01
 2.7500    1.4164932E-03    1.3461385E-01   -1.3461385E-01
 2.7600    1.3779614E-03    1.3190616E-01   -1.3190616E-01
 2.7700    1.3404741E-03    1.2924919E-01   -1.2924919E-01
 2.7800    1.3040013E-03    1.2664192E-01   -1.2664192E-01
 2.7900    1.2685139E-03    1.2408335E-01   -1.2408335E-01
 2.8000    1.2339844E-03    1.2157257E-01   -1.2157257E-01
 2.8100    1.2003869E-03    1.1910877E-01   -1.1910877E-01
 2.8200    1.1676969E-03    1.1669123E-01   -1.1669123E-01
 2.8300    1.1358907E-03    1.1431923E-01   -1.1431923E-01
 2.8400    1.1049452E-03    1.1199208E-01   -1.1199208E-01
 2.8500    1.0748374E-03    1.0970903E-01   -1.0970903E-01
 2.8600    1.0455441E-03    1.0746927E-01   -1.0746927E-01
 2.8700    1.0170419E-03    1.0527191E-01   -1.0527191E-01
 2.8800    9.8930770E-04    1.0311604E-01   -1.0311604E-01
 2.8900    9.6231954E-04    1.0100081E-01   -1.0100081E-01
 2.9000    9.3605769E-04    9.8925551E-02   -9.8925551E-02
 2.9100    9.1050477E-04    9.6889802E-02   -9.6889802E-02
 2.9200    8.8564466E-04    9.4893196E-02   -9.4893196E-02
 2.9300    8.6146077E-04    9.2935280E-02   -9.2935280E-02
 2.9400    8.3793496E-04    9.1015391E-02   -9.1015391E-02
 2.9500    8.1504785E-04    8.9132688E-02   -8.9132688E-02
 2.9600    7.9278049E-04    8.7286331E-02   -8.7286331E-02
 2.9700    7.7111606E-04    8.5475670E-02   -8.5475670E-02
 2.9800    7.5004037E-04    8.3700304E-02   -8.3700304E-02
 2.9900    7.2954070E-04    8.1959966E-02   -8.1959966E-02
 3.0000    7.0960400E-04    8.0254321E-02   -8.0254321E-02
 3.0100    6.9021583E-04    7.8582849E-02   -7.8582849E-02
 3.0200    6.7136070E-04    7.6944870E-02   -7.6944870E-02
 3.0300    6.5302324E-04    7.5339677E-02   -7.5339677E-02
 3.0400    6.3518893E-04    7.3766631E-02   -7.3766631E-02
 3.0500    6.1784415E-04    7.2225155E-02   -7.2225155E-02
 3.0600    6.0097551E-04    7.0714666E-02   -7.0714666E-02
 3.0700    5.8456948E-04    6.9234530E-02   -6.9234530E-02
 3.0800    5.6861256E-04    6.7784087E-02   -6.7784087E-02
 3.0900    5.5309202E-04    6.6362726E-02   -6.6362726E-02
 3.1000    5.3799627E-04    6.4969947E-02   -6.4969947E-02
 3.1100    5.2331468E-04    6.3605338E-02   -6.3605338E-02
 3.1200    5.0903682E-04    6.2268477E-02   -6.2268477E-02
 3.1300    4.9515148E-04    6.0958830E-02   -6.0958830E-02
 3.1400    4.8164654E-04    5.9675712E-02   -5.9675712E-02
 3.1500    4.6850946E-04    5.8418356E-02   -5.8418356E-02
 3.1600    4.5572828E-04    5.7186037E-02   -5.7186037E-02
 3.1700    4.4329242E-04    5.5978169E-02   -5.5978169E-02
 3.1800    4.3119280E-04    5.4794328E-02   -5.4794328E-02
 3.1900    4.1942136E-04    5.3634196E-02   -5.3634196E-02
 3.2000    4.0797031E-04    5.2497471E-02   -5.2497471E-02
 3.2100    3.9683141E-04    5.1383771E-02   -5.1383771E-02
 3.2200    3.8599574E-04    5.0292604E-02   -5.0292604E-02
 3.2300    3.7545395E-04    4.9223397E-02   -4.9223397E-02
 3.2400    3.6519693E-04    4.8175585E-02   -4.8175585E-02
 3.2500    3.5521646E-04    4.7148694E-02   -4.7148694E-02
 3.2600    3.4550550E-04    4.6142384E-02   -4.6142384E-02
 3.2700    3.3605787E-04    4.5156414E-02   -4.5156414E-02
 3.2800    3.2686737E-04    4.4190520E-02   -4.4190520E-02
 3.2900    3.1792686E-04    4.3244301E-02   -4.3244301E-02
 3.3000    3.0922809E-04    4.2317176E-02   -4.2317176E-02
 3.3100    3.0076241E-04    4.1408491E-02   -4.1408491E-02
 3.3200    2.9252218E-04    4.0517705E-02   -4.0517705E-02
 3.3300    2.8450175E-04    3.9644530E-02   -3.9644530E-02
 3.3400    2.7669722E-04    3.8788911E-02   -3.8788911E-02
 3.3500    2.6910525E-04    3.7950862E-02   -3.7950862E-02
 3.3600    2.6172176E-04    3.7130282E-02   -3.7130282E-02
 3.3700    2.5454151E-04    3.6326896E-02   -3.6326896E-02
 3.3800    2.4755871E-04    3.5540331E-02   -3.5540331E-02
 3.3900    2.4076785E-04    3.4770245E-02   -3.4770245E-02
 3.4000    2.3416401E-04    3.4016360E-02   -3.4016360E-02
 3.4100    2.2774235E-04    3.3278399E-02   -3.3278399E-02
 3.4200    2.2149756E-04    3.2555999E-02   -3.2555999E-02
 3.4300    2.1542382E-04    3.1848709E-02   -3.1848709E-02
 3.4400    2.0951550E-04    3.1156086E-02   -3.1156086E-02
 3.4500    2.0376789E-04    3.0477814E-02   -3.0477814E-02
 3.4600    1.9817739E-04    2.9813720E-02   -2.9813720E-02
 3.4700    1.9274087E-04    2.9163701E-02   -2.9163701E-02
 3.4800    1.8745496E-04    2.8527604E-02   -2.8527604E-02
 3.4900    1.8231570E-04    2.7905177E-02   -2.7905177E-02
 3.5000    1.7731874E-04    2.7296099E-02   -2.7296099E-02
 3.5100    1.7245987E-04    2.6700055E-02   -2.6700055E-02
 3.5200    1.6773542E-04    2.6116801E-02   -2.6116801E-02
 3.5300    1.6314232E-04    2.5546177E-02   -2.5546177E-02
 3.5400    1.5867785E-04    2.4988069E-02   -2.4988069E-02
 3.5500    1.5433901E-04    2.4442312E-02   -2.4442312E-02
 3.5600    1.5012194E-04    2.3908594E-02   -2.3908594E-02
 3.5700    1.4602169E-04    2.3386415E-02   -2.3386415E-02
 3.5800    1.4203276E-04    2.2875176E-02   -2.2875176E-02
 3.5900    1.3815016E-04    2.2374335E-02   -2.2374335E-02
 3.6000    1.3437014E-04    2.1883543E-02   -2.1883543E-02
 3.6100    1.3069036E-04    2.1402663E-02   -2.1402663E-02
 3.6200    1.2710930E-04    2.0931692E-02   -2.0931692E-02
 3.6300    1.2362557E-04    2.0470640E-02   -2.0470640E-02
 3.6400    1.2023750E-04    2.0019469E-02   -2.0019469E-02
 3.6500    1.1694316E-04    1.9578094E-02   -1.9578094E-02
 3.6600    1.1374058E-04    1.9146415E-02   -1.9146415E-02
 3.6700    1.1062775E-04    1.8724321E-02   -1.8724321E-02
 3.6800    1.0760231E-04    1.8311634E-02   -1.8311634E-02
 3.6900    1.0466098E-04    1.7908012E-02   -1.7908012E-02
 3.7000    1.0179929E-04    1.7512900E-02   -1.7512900E-02
 3.7100    9.9012164E-05    1.7125617E-02   -1.7125617E-02
 3.7200    9.6295226E-05    1.6745592E-02   -1.6745592E-02
 3.7300    9.3646241E-05    1.6372609E-02   -1.6372609E-02
 3.7400    9.1065424E-05    1.6006876E-02   -1.6006876E-02
 3.7500    8.8554304E-05    1.5648837E-02   -1.5648837E-02
 3.7600    8.6113867E-05    1.5298845E-02   -1.5298845E-02
 3.7700    8.3743258E-05    1.4956929E-02   -1.4956929E-02
 3.7800    8.1439805E-05    1.4622788E-02   -1.4622788E-02
 3.7900    7.9200051E-05    1.4295974E-02   -1.4295974E-02
 3.8000    7.7020890E-05    1.3976087E-02   -1.3976087E-02
 3.8100    7.4900075E-05    1.3662874E-02   -1.3662874E-02
 3.8200    7.2836081E-05    1.3356207E-02   -1.3356207E-02
 3.8300    7.0827765E-05    1.3056024E-02   -1.3056024E-02
 3.8400    6.8874234E-05    1.2762304E-02   -1.2762304E-02
 3.8500    6.6974855E-05    1.2475073E-02   -1.2475073E-02
 3.8600    6.5129140E-05    1.2194383E-02   -1.2194383E-02
 3.8700    6.3336348E-05    1.1920235E-02   -1.1920235E-02
 3.8800    6.1595055E-05    1.1652501E-02   -1.1652501E-02
 3.8900    5.9903080E-05    1.1390905E-02   -1.1390905E-02
 3.9000    5.8257928E-05    1.1135100E-02   -1.1135100E-02
 3.9100    5.6657457E-05    1.0884800E-02   -1.0884800E-02
 3.9200    5.5100262E-05    1.0639854E-02   -1.0639854E-02
 3.9300    5.3585554E-05    1.0400224E-02   -1.0400224E-02
 3.9400    5.2112777E-05    1.0165916E-02   -1.0165916E-02
 3.9500    5.0681369E-05    9.9369337E-03   -9.9369337E-03
 3.9600    4.9290797E-05    9.7132837E-03   -9.7132837E-03
 3.9700    4.7940631E-05    9.4949924E-03   -9.4949924E-03
 3.9800    4.6630393E-05    9.2820753E-03   -9.2820753E-03
 3.9900    4.5359210E-05    9.0744673E-03   -9.0744673E-03
 4.0000    4.4125576E-05    8.8719735E-03   -8.8719735E-03
 4.0100    4.2927455E-05    8.6742863E-03   -8.6742863E-03
 4.0200    4.1762618E-05    8.4810512E-03   -8.4810512E-03
 4.0300    4.0628926E-05    8.2919236E-03   -8.2919236E-03
 4.0400    3.9524463E-05    8.1065968E-03   -8.1065968E-03
 4.0500    3.8447655E-05    7.9248267E-03   -7.9248267E-03
 4.0600    3.7397455E-05    7.7464724E-03   -7.7464724E-03
 4.0700    3.6373420E-05    7.5715155E-03   -7.5715155E-03
 4.0800    3.5375486E-05    7.4000151E-03   -7.4000151E-03
 4.0900    3.4403547E-05    7.2320214E-03   -7.2320214E-03
 4.1000    3.3457218E-05    7.0675259E-03   -7.0675259E-03
 4.1100    3.2535983E-05    6.9064909E-03   -6.9064909E-03
 4.1200    3.1639504E-05    6.7489151E-03   -6.7489151E-03
 4.1300    3.0767738E-05    6.5948593E-03   -6.5948593E-03
 4.1400    2.9920726E-05    6.4444027E-03   -6.4444027E-03
 4.1500    2.9098266E-05    6.2975724E-03   -6.2975724E-03
 4.1600    2.8299761E-05    6.1543088E-03   -6.1543088E-03
 4.1700    2.7524350E-05    6.0144933E-03   -6.0144933E-03
 4.1800    2.6771153E-05    5.8779989E-03   -5.8779989E-03
 4.1900    2.6039307E-05    5.7446997E-03   -5.7446997E-03
 4.2000    2.5327766E-05    5.6144255E-03   -5.6144255E-03
 4.2100    2.4635175E-05    5.4869336E-03   -5.4869336E-03
 4.2200    2.3960159E-05    5.3619710E-03   -5.3619710E-03
 4.2300    2.3301852E-05    5.2393937E-03   -5.2393937E-03
 4.2400    2.2660124E-05    5.1192208E-03   -5.1192208E-03
 4.2500    2.2035238E-05    5.0015598E-03   -5.0015598E-03
 4.2600    2.1427282E-05    4.8864803E-03   -4.8864803E-03
 4.2700    2.0835906E-05    4.7739515E-03   -4.7739515E-03
 4.2800    2.0260454E-05    4.6638714E-03   -4.6638714E-03
 4.2900    1.9700238E-05    4.5561280E-03   -4.5561280E-03
 4.3000    1.9154734E-05    4.4506444E-03   -4.4506444E-03
 4.3100    1.8623745E-05    4.3474182E-03   -4.3474182E-03
 4.3200    1.8107589E-05    4.2465669E-03   -4.2465669E-03
 4.3300    1.7607153E-05    4.1483444E-03   -4.1483444E-03
 4.3400    1.7123541E-05    4.0530588E-03   -4.0530588E-03
 4.3500    1.6657245E-05    3.9608787E-03   -3.9608787E-03
 4.3600    1.6207333E-05    3.8716349E-03   -3.8716349E-03
 4.3700    1.5771392E-05    3.7847986E-03   -3.7847986E-03
 4.3800    1.5346524E-05    3.6997136E-03   -3.6997136E-03
 4.3900    1.4930726E-05    3.6159285E-03   -3.6159285E-03
 4.4000    1.4523551E-05    3.5333613E-03   -3.5333613E-03
 4.4100    1.4125606E-05    3.4521855E-03   -3.4521855E-03
 4.4200    1.3737566E-05    3.3725950E-03   -3.3725950E-03
 4.4300    1.3359664E-05    3.2946769E-03   -3.2946769E-03
 4.4400    1.2991851E-05    3.2184506E-03   -3.2184506E-03
 4.4500    1.2634114E-05    3.1439431E-03   -3.1439431E-03
 4.4600    1.2286437E-05    3.0711819E-03   -3.0711819E-03
 4.4700    1.1948566E-05    3.0001342E-03   -3.0001342E-03
 4.4800    1.1619993E-05    2.9307027E-03   -2.9307027E-03
 4.4900    1.1300277E-05    2.8628041E-03   -2.8628041E-03
 4.5000    1.0989346E-05    2.7964480E-03   -2.7964480E-03
 4.5100    1.0687443E-05    2.7317237E-03   -2.7317237E-03
 4.5200    1.0394768E-05    2.6687108E-03   -2.6687108E-03
 4.5300    1.0111208E-05    2.6074100E-03   -2.6074100E-03
 4.5400    9.8363781E-06    2.5477499E-03   -2.5477499E-03
 4.5500    9.5698236E-06    2.4896402E-03   -2.4896402E-03
 4.5600    9.3111404E-06    2.4330018E-03   -2.4330018E-03
 4.5700    9.0599145E-06    2.3777509E-03   -2.3777509E-03
 4.5800    8.8156468E-06    2.3237800E-03   -2.3237800E-03
 4.5900    8.5778272E-06    2.2709759E-03   -2.2709759E-03
 4.6000    8.3461248E-06    2.2192713E-03   -2.2192713E-03
 4.6100    8.1204925E-06    2.1686731E-03   -2.1686731E-03
 4.6200    7.9010317E-06    2.1192277E-03   -2.1192277E-03
 4.6300    7.6876894E-06    2.0709408E-03   -2.0709408E-03
 4.6400    7.4800411E-06    2.0237171E-03   -2.0237171E-03
 4.6500    7.2773610E-06    1.9773780E-03   -1.9773780E-03
 4.6600    7.0789434E-06    1.9317465E-03   -1.9317465E-03
 4.6700    6.8844379E-06    1.8867402E-03   -1.8867402E-03
 4.6800    6.6939620E-06    1.8424038E-03   -1.8424038E-03
 4.6900    6.5079330E-06    1.7988652E-03   -1.7988652E-03
 4.7000    6.3267709E-06    1.7562555E-03   -1.7562555E-03
 4.7100    6.1507044E-06    1.7146542E-03   -1.7146542E-03
 4.7200    5.9798021E-06    1.6740972E-03   -1.6740972E-03
 4.7300    5.8141549E-06    1.6346273E-03   -1.6346273E-03
 4.7400    5.6540284E-06    1.5963368E-03   -1.5963368E-03
 4.7500    5.4998317E-06    1.5593603E-03   -1.5593603E-03
 4.7600    5.3518484E-06    1.5237986E-03   -1.5237986E-03
 4.7700    5.2098161E-06    1.4895978E-03   -1.4895978E-03
 4.7800    5.0726517E-06    1.4564672E-03   -1.4564672E-03
 4.7900    4.9387070E-06    1.4239481E-03   -1.4239481E-03
 4.8000    4.8066224E-06    1.3916574E-03   -1.3916574E-03
 4.8100    4.6762512E-06    1.3595584E-03   -1.3595584E-03
 4.8200    4.5488934E-06    1.3280356E-03   -1.3280356E-03
 4.8300    4.4265835E-06    1.2976955E-03   -1.2976955E-03
 4.8400    4.3109699E-06    1.2690408E-03   -1.2690408E-03
 4.8500    4.2025605E-06    1.2422452E-03   -1.2422452E-03
 4.8600    4.1006051E-06    1.2171114E-03   -1.2171114E-03
 4.8700    4.0033009E-06    1.1931252E-03   -1.1931252E-03
 4.8800    3.9080598E-06    1.1695282E-03   -1.1695282E-03
 4.8900    3.8120400E-06    1.1454735E-03   -1.1454735E-03
 4.9000    3.7131716E-06    1.1203328E-03   -1.1203328E-03
 4.9100    3.6112313E-06    1.0940273E-03   -1.0940273E-03
 4.9200    3.5080281E-06    1.0670951E-03   -1.0670951E-03
 4.9300    3.4063649E-06    1.0403869E-03   -1.0403869E-03
 4.9400    3.3086137E-06    1.0146350E-03   -1.0146350E-03
 4.9500    3.2160892E-06    9.9025797E-04   -9.9025797E-04
 4.9600    3.1294416E-06    9.6747570E-04   -9.6747570E-04
 4.9700    3.0491337E-06    9.4645311E-04   -9.4645311E-04
 4.9800    2.9750836E-06    9.2718782E-04   -9.2718782E-04
 4.9900    2.9057318E-06    9.0921478E-04   -9.0921478E-04
 5.0000    2.8377914E-06    8.9151845E-04   -8.9151845E-04
 5.0100    2.7675241E-06    8.7292460E-04   -8.7292460E-04
 5.0200    2.6928639E-06    8.5276957E-04   -8.5276957E-04
 5.0300    2.6146989E-06    8.3131865E-04   -8.3131865E-04
 5.0400    2.5362797E-06    8.0959550E-04   -8.0959550E-04
 5.0500    2.4612995E-06    7.8878215E-04   -7.8878215E-04
 5.0600    2.3920698E-06    7.6963489E-04   -7.6963489E-04
 5.0700    2.3287508E-06    7.5222680E-04   -7.5222680E-04
 5.0800    2.2696504E-06    7.3603126E-04   -7.3603126E-04
 5.0900    2.2121465E-06    7.2021026E-04   -7.2021026E-04
 5.1000    2.1538481E-06    7.0398805E-04   -7.0398805E-04
 5.1100    2.0936880E-06    6.8701090E-04   -6.8701090E-04
 5.1200    2.0325166E-06    6.6955136E-04   -6.6955136E-04
 5.1300    1.9727758E-06    6.5241260E-04   -6.5241260E-04
 5.1400    1.9172704E-06    6.3653087E-04   -6.3653087E-04
 5.1500    1.8677051E-06    6.2249034E-04   -6.2249034E-04
 5.1600    1.8238807E-06    6.1024706E-04   -6.1024706E-04
 5.1700    1.7839484E-06    5.9920196E-04   -5.9920196E-04
 5.1800    1.7453637E-06    5.8851202E-04   -5.8851202E-04
 5.1900    1.7058703E-06    5.7741837E-04   -5.7741837E-04
 5.2000    1.6641060E-06    5.6545434E-04   -5.6545434E-04
 5.2100    1.6198127E-06    5.5252269E-04   -5.5252269E-04
 5.2200    1.5737405E-06    5.3886999E-04   -5.3886999E-04
 5.2300    1.5272826E-06    5.2496776E-04   -5.2496776E-04
 5.2400    1.4819284E-06    5.1132809E-04   -5.1132809E-04
 5.2500    1.4387709E-06    4.9833354E-04   -4.9833354E-04
 5.2600    1.3983075E-06    4.8616540E-04   -4.8616540E-04
 5.2700    1.3605441E-06    4.7483609E-04   -4.7483609E-04
 5.2800    1.3251790E-06    4.6425037E-04   -4.6425037E-04
 5.2900    1.2916713E-06    4.5422729E-04   -4.5422729E-04
 5.3000    1.2592475E-06    4.4450095E-04   -4.4450095E-04
 5.3100    1.2270516E-06    4.3477217E-04   -4.3477217E-04
 5.3200    1.1944968E-06    4.2483289E-04   -4.2483289E-04
 5.3300    1.1615910E-06    4.1468423E-04   -4.1468423E-04
 5.3400    1.1289367E-06    4.0454046E-04   -4.0454046E-04
 5.3500    1.0973589E-06    3.9469907E-04   -3.9469907E-04
 5.3600    1.0674327E-06    3.8537180E-04   -3.8537180E-04
 5.3700    1.0392454E-06    3.7659672E-04   -3.7659672E-04
 5.3800    1.0124986E-06    3.6827211E-04   -3.6827211E-04
 5.3900    9.8679779E-07    3.6025960E-04   -3.6025960E-04
 5.4000    9.6191238E-07    3.5247872E-04   -3.5247872E-04
 5.4100    9.3789513E-07    3.4495201E-04   -3.4495201E-04
 5.4200    9.1504266E-07    3.3779233E-04   -3.3779233E-04
 5.4300    8.9369914E-07    3.3113178E-04   -3.3113178E-04
 5.4400    8.7397181E-07    3.2501626E-04   -3.2501626E-04
 5.4500    8.5555223E-07    3.1933712E-04   -3.1933712E-04
 5.4600    8.3782721E-07    3.1386986E-04   -3.1386986E-04
 5.4700    8.2022647E-07    3.0840279E-04   -3.0840279E-04
 5.4800    8.0252310E-07    3.0285066E-04   -3.0285066E-04
 5.4900    7.8485796E-07    2.9726626E-04   -2.9726626E-04
 5.5000    7.6754188E-07    2.9176778E-04   -2.9176778E-04
 5.5100    7.5087576E-07    2.8647132E-04   -2.8647132E-04
 5.5200    7.3513362E-07    2.8148438E-04   -2.8148438E-04
 5.5300    7.2062785E-07    2.7693074E-04   -2.7693074E-04
 5.5400    7.0768422E-07    2.7294108E-04   -2.7294108E-04
 5.5500    6.9647028E-07    2.6958667E-04   -2.6958667E-04
 5.5600    6.8679235E-07    2.6679943E-04   -2.6679943E-04
 5.5700    6.7803209E-07    2.6434464E-04   -2.6434464E-04
 5.5800    6.6930622E-07    2.6188048E-04   -2.6188048E-04
 5.5900    6.5978444E-07    2.5908099E-04   -2.5908099E-04
 5.6000    6.4898328E-07    2.5575223E-04   -2.5575223E-04
 5.6100    6.3683771E-07    2.5186299E-04   -2.5186299E-04
 5.6200    6.2349529E-07    2.4746607E-04   -2.4746607E-04
 5.6300    6.0902284E-07    2.4258293E-04   -2.4258293E-04
 5.6400    5.9333078E-07    2.3717284E-04   -2.3717284E-04
 5.6500    5.7641908E-07    2.3123049E-04   -2.3123049E-04
 5.6600    5.5870898E-07    2.2492016E-04   -2.2492016E-04
 5.6700    5.4113173E-07    2.1861451E-04   -2.1861451E-04
 5.6800    5.2489012E-07    2.1280162E-04   -2.1280162E-04
 5.6900    5.1107827E-07    2.0793223E-04   -2.0793223E-04
 5.7000    5.0039463E-07    2.0430181E-04   -2.0430181E-04
 5.7100    4.9309165E-07    2.0202715E-04   -2.0202715E-04
 5.7200    4.8917984E-07    2.0112705E-04   -2.0112705E-04
 5.7300    4.8868911E-07    2.0162843E-04   -2.0162843E-04
 5.7400    4.9157911E-07    2.0352936E-04   -2.0352936E-04
 5.7500    4.9706246E-07    2.0651734E-04   -2.0651734E-04
 5.7600    5.0280161E-07    2.0962906E-04   -2.0962906E-04
 5.7700    5.0503740E-07    2.1129296E-04   -2.1129296E-04
 5.7800    5.0026603E-07    2.1002285E-04   -2.1002285E-04
 5.7900    4.8760232E-07    2.0541528E-04   -2.0541528E-04
 5.8000    4.6987225E-07    1.9863037E-04   -1.9863037E-04
 5.8100    4.5221265E-07    1.9182484E-04   -1.9182484E-04
 5.8200    4.3907170E-07    1.8689224E-04   -1.8689224E-04
 5.8300    4.3187983E-07    1.8446327E-04   -1.8446327E-04
 5.8400    4.2892829E-07    1.8383163E-04   -1.8383163E-04
 5.8500    4.2707324E-07    1.8366397E-04   -1.8366397E-04
 5.8600    4.2370054E-07    1.8283701E-04   -1.8283701E-04
 5.8700    4.1770622E-07    1.8086603E-04   -1.8086603E-04
 5.8800    4.0932818E-07    1.7784275E-04   -1.7784275E-04
 5.8900    3.9946533E-07    1.7414842E-04   -1.7414842E-04
 5.9000    3.8918754E-07    1.7024439E-04   -1.7024439E-04
 5.9100    3.7961333E-07    1.6661967E-04   -1.6661967E-04
 5.9200    3.7176977E-07    1.6372966E-04   -1.6372966E-04
 5.9300    3.6608388E-07    1.6177070E-04   -1.6177070E-04
 5.9400    3.6180062E-07    1.6041762E-04   -1.6041762E-04
 5.9500    3.5706536E-07    1.5885157E-04   -1.5885157E-04
 5.9600    3.4993709E-07    1.5620407E-04   -1.5620407E-04
 5.9700    3.3962631E-07    1.5211073E-04   -1.5211073E-04
 5.9800    3.2692146E-07    1.4691146E-04   -1.4691146E-04
 5.9900    3.1352336E-07    1.4136224E-04   -1.4136224E-04
 6.0000    3.0100686E-07    1.3617230E-04   -1.3617230E-04
 6.0100    2.9029887E-07    1.3176624E-04   -1.3176624E-04
 6.0200    2.8186992E-07    1.2836646E-04   -1.2836646E-04
 6.0300    2.7615966E-07    1.2618413E-04   -1.2618413E-04
 6.0400    2.7373329E-07    1.2549065E-04   -1.2549065E-04
 6.0500    2.7510008E-07    1.2653519E-04   -1.2653519E-04
 6.0600    2.8043986E-07    1.2941805E-04   -1.2941805E-04
 6.0700    2.8939896E-07    1.3399365E-04   -1.3399365E-04
 6.0800    3.0086899E-07    1.3976372E-04   -1.3976372E-04
 6.0900    3.1270101E-07    1.4573831E-04   -1.4573831E-04
 6.1000    3.2171117E-07    1.5043042E-04   -1.5043042E-04
 6.1100    3.2450457E-07    1.5223450E-04   -1.5223450E-04
 6.1200    3.1901385E-07    1.5014893E-04   -1.5014893E-04
 6.1300    3.0570706E-07    1.4435648E-04   -1.4435648E-04
 6.1400    2.8737694E-07    1.3614400E-04   -1.3614400E-04
 6.1500    2.6758741E-07    1.2718204E-04   -1.2718204E-04
 6.1600    2.4901710E-07    1.1874093E-04   -1.1874093E-04
 6.1700    2.3284792E-07    1.1139163E-04   -1.1139163E-04
 6.1800    2.1922844E-07    1.0521647E-04   -1.0521647E-04
 6.1900    2.0799956E-07    1.0015061E-04   -1.0015061E-04
 6.2000    1.9904569E-07    9.6149276E-05   -9.6149276E-05
 6.2100    1.9230971E-07    9.3195359E-05   -9.3195359E-05
 6.2200    1.8779065E-07    9.1298703E-05   -9.1298703E-05
 6.2300    1.8557517E-07    9.0511930E-05   -9.0511930E-05
 6.2400    1.8569848E-07    9.0863069E-05   -9.0863069E-05
 6.2500    1.8779531E-07    9.2183808E-05   -9.2183808E-05
 6.2600    1.9085652E-07    9.3986510E-05   -9.3986510E-05
 6.2700    1.9345665E-07    9.5571543E-05   -9.5571543E-05
 6.2800    1.9442039E-07    9.6354271E-05   -9.6354271E-05
 6.2900    1.9343315E-07    9.6170541E-05   -9.6170541E-05
 6.3000    1.9109115E-07    9.5308478E-05   -9.5308478E-05
 6.3100    1.8839499E-07    9.4262278E-05   -9.4262278E-05
 6.3200    1.8615680E-07    9.3437868E-05   -9.3437868E-05
 6.3300    1.8472602E-07    9.3013365E-05   -9.3013365E-05
