# total charge: 12.000000 
# r(A)     rho (e/A^3)     4*pi*r^2*rho(e/A)  dip  
 0.0000    6.3990850E+00    0.0000000E+00    9.5746147E+01
 0.0100    6.3955963E+00    8.0369433E-03    9.5260574E+01
 0.0200    6.3911837E+00    3.2125593E-02    9.3818121E+01
 0.0300    6.3856552E+00    7.2220059E-02    9.1460856E+01
 0.0400    6.3788011E+00    1.2825341E-01    8.8256580E+01
 0.0500    6.3703849E+00    2.0013154E-01    8.4295547E+01
 0.0600    6.3601398E+00    2.8772595E-01    7.9686179E+01
 0.0700    6.3477922E+00    3.9086667E-01    7.4550077E+01
 0.0800    6.3331145E+00    5.0933929E-01    6.9016633E+01
 0.0900    6.3159765E+00    6.4288810E-01    6.3217572E+01
 0.1000    6.2963561E+00    7.9122345E-01    5.7281750E+01
 0.1100    6.2743017E+00    9.5402692E-01    5.1330496E+01
 0.1200    6.2498728E+00    1.1309503E+00    4.5473703E+01
 0.1300    6.2230975E+00    1.3216096E+00    3.9806853E+01
 0.1400    6.1939665E+00    1.5255793E+00    3.4409012E+01
 0.1500    6.1624594E+00    1.7423944E+00    2.9341829E+01
 0.1600    6.1285799E+00    1.9715586E+00    2.4649442E+01
 0.1700    6.0923720E+00    2.2125552E+00    2.0359223E+01
 0.1800    6.0539070E+00    2.4648507E+00    1.6483187E+01
 0.1900    6.0132472E+00    2.7278854E+00    1.3019910E+01
 0.2000    5.9704092E+00    3.0010550E+00    9.9567770E+00
 0.2100    5.9253589E+00    3.2836973E+00    7.2723658E+00
 0.2200    5.8780549E+00    3.5751055E+00    4.9387967E+00
 0.2300    5.8285189E+00    3.8745721E+00    2.9239170E+00
 0.2400    5.7768660E+00    4.1814282E+00    1.1932591E+00
 0.2500    5.7232436E+00    4.4950250E+00   -2.8823287E-01
 0.2600    5.6676978E+00    4.8146337E+00   -1.5547211E+00
 0.2700    5.6100735E+00    5.1393233E+00   -2.6382990E+00
 0.2800    5.5500496E+00    5.4679281E+00   -3.5682197E+00
 0.2900    5.4873150E+00    5.7991688E+00   -4.3705610E+00
 0.3000    5.4217727E+00    6.1318805E+00   -5.0682368E+00
 0.3100    5.3536411E+00    6.4652080E+00   -5.6811715E+00
 0.3200    5.2833866E+00    6.7986425E+00   -6.2264614E+00
 0.3300    5.2115268E+00    7.1318585E+00   -6.7184420E+00
 0.3400    5.1384126E+00    7.4644304E+00   -7.1686978E+00
 0.3500    5.0641069E+00    7.7955870E+00   -7.5861431E+00
 0.3600    4.9884265E+00    8.1241595E+00   -7.9773031E+00
 0.3700    4.9111149E+00    8.4487685E+00   -8.3468212E+00
 0.3800    4.8320456E+00    8.7681522E+00   -8.6980849E+00
 0.3900    4.7513437E+00    9.0814569E+00   -9.0337796E+00
 0.4000    4.6693527E+00    9.3882906E+00   -9.3561713E+00
 0.4100    4.5864277E+00    9.6884016E+00   -9.6669788E+00
 0.4200    4.5026512E+00    9.9810619E+00   -9.9669156E+00
 0.4300    4.4176815E+00    1.0264580E+01   -1.0255331E+01
 0.4400    4.3309337E+00    1.0536509E+01   -1.0530523E+01
 0.4500    4.2420482E+00    1.0794698E+01   -1.0790862E+01
 0.4600    4.1513112E+00    1.1038519E+01   -1.1036086E+01
 0.4700    4.0596429E+00    1.1269208E+01   -1.1267680E+01
 0.4800    3.9680901E+00    1.1488779E+01   -1.1487828E+01
 0.4900    3.8772009E+00    1.1698235E+01   -1.1697649E+01
 0.5000    3.7868021E+00    1.1896590E+01   -1.1896233E+01
 0.5100    3.6963869E+00    1.2081689E+01   -1.2081473E+01
 0.5200    3.6057859E+00    1.2252268E+01   -1.2252139E+01
 0.5300    3.5155147E+00    1.2409393E+01   -1.2409316E+01
 0.5400    3.4264304E+00    1.2555653E+01   -1.2555608E+01
 0.5500    3.3389228E+00    1.2692338E+01   -1.2692312E+01
 0.5600    3.2523122E+00    1.2816757E+01   -1.2816742E+01
 0.5700    3.1650222E+00    1.2922196E+01   -1.2922188E+01
 0.5800    3.0755009E+00    1.3001148E+01   -1.3001143E+01
 0.5900    2.9832514E+00    1.3049797E+01   -1.3049794E+01
 0.6000    2.8892313E+00    1.3070575E+01   -1.3070573E+01
 0.6100    2.7953469E+00    1.3070893E+01   -1.3070892E+01
 0.6200    2.7034244E+00    1.3058926E+01   -1.3058926E+01
 0.6300    2.6143613E+00    1.3039369E+01   -1.3039369E+01
 0.6400    2.5279617E+00    1.3011888E+01   -1.3011888E+01
 0.6500    2.4434347E+00    1.2972907E+01   -1.2972907E+01
 0.6600    2.3600958E+00    1.2918954E+01   -1.2918954E+01
 0.6700    2.2777860E+00    1.2849091E+01   -1.2849091E+01
 0.6800    2.1968528E+00    1.2765230E+01   -1.2765230E+01
 0.6900    2.1178591E+00    1.2670831E+01   -1.2670831E+01
 0.7000    2.0412524E+00    1.2569056E+01   -1.2569056E+01
 0.7100    1.9671397E+00    1.2461254E+01   -1.2461254E+01
 0.7200    1.8952676E+00    1.2346543E+01   -1.2346543E+01
 0.7300    1.8252250E+00    1.2222837E+01   -1.2222837E+01
 0.7400    1.7567078E+00    1.2088511E+01   -1.2088511E+01
 0.7500    1.6895951E+00    1.1943044E+01   -1.1943044E+01
 0.7600    1.6237827E+00    1.1785960E+01   -1.1785960E+01
 0.7700    1.5590014E+00    1.1615497E+01   -1.1615497E+01
 0.7800    1.4948870E+00    1.1428979E+01   -1.1428979E+01
 0.7900    1.4313046E+00    1.1225252E+01   -1.1225252E+01
 0.8000    1.3686584E+00    1.1007404E+01   -1.1007404E+01
 0.8100    1.3078984E+00    1.0783355E+01   -1.0783355E+01
 0.8200    1.2501578E+00    1.0563368E+01   -1.0563368E+01
 0.8300    1.1962146E+00    1.0355597E+01   -1.0355597E+01
 0.8400    1.1460764E+00    1.0162066E+01   -1.0162066E+01
 0.8500    1.0989188E+00    9.9773065E+00   -9.9773065E+00
 0.8600    1.0534289E+00    9.7906611E+00   -9.7906611E+00
 0.8700    1.0084004E+00    9.5913865E+00   -9.5913865E+00
 0.8800    9.6325465E-01    9.3738138E+00   -9.3738138E+00
 0.8900    9.1818412E-01    9.1394414E+00   -9.1394414E+00
 0.9000    8.7386792E-01    8.8948920E+00   -8.8948920E+00
 0.9100    8.3101913E-01    8.6477608E+00   -8.6477608E+00
 0.9200    7.9010253E-01    8.4036696E+00   -8.4036696E+00
 0.9300    7.5134615E-01    8.1661213E+00   -8.1661213E+00
 0.9400    7.1489287E-01    7.9379167E+00   -7.9379167E+00
 0.9500    6.8087104E-01    7.7218602E+00   -7.7218602E+00
 0.9600    6.4933334E-01    7.5200380E+00   -7.5200380E+00
 0.9700    6.2018402E-01    7.3328687E+00   -7.3328687E+00
 0.9800    5.9318520E-01    7.1589994E+00   -7.1589994E+00
 0.9900    5.6799423E-01    6.9955872E+00   -6.9955872E+00
 1.0000    5.4416930E-01    6.8382331E+00   -6.8382331E+00
 1.0100    5.2119797E-01    6.6812131E+00   -6.6812131E+00
 1.0200    4.9863301E-01    6.5191539E+00   -6.5191539E+00
 1.0300    4.7628503E-01    6.3496713E+00   -6.3496713E+00
 1.0400    4.5431008E-01    6.1748856E+00   -6.1748856E+00
 1.0500    4.3310248E-01    6.0003853E+00   -6.0003853E+00
 1.0600    4.1306785E-01    5.8323421E+00   -5.8323421E+00
 1.0700    3.9443038E-01    5.6747636E+00   -5.6747636E+00
 1.0800    3.7717789E-01    5.5284527E+00   -5.5284527E+00
 1.0900    3.6114306E-01    5.3919037E+00   -5.3919037E+00
 1.1000    3.4613664E-01    5.2631144E+00   -5.2631144E+00
 1.1100    3.3202885E-01    5.1408111E+00   -5.1408111E+00
 1.1200    3.1873385E-01    5.0242831E+00   -5.0242831E+00
 1.1300    3.0614755E-01    4.9124432E+00   -4.9124432E+00
 1.1400    2.9412834E-01    4.8034849E+00   -4.8034849E+00
 1.1500    2.8254841E-01    4.6956791E+00   -4.6956791E+00
 1.1600    2.7135314E-01    4.5883938E+00   -4.5883938E+00
 1.1700    2.6055721E-01    4.4821324E+00   -4.4821324E+00
 1.1800    2.5018467E-01    4.3775849E+00   -4.3775849E+00
 1.1900    2.4022142E-01    4.2747972E+00   -4.2747972E+00
 1.2000    2.3062346E-01    4.1732638E+00   -4.1732638E+00
 1.2100    2.2135778E-01    4.0726341E+00   -4.0726341E+00
 1.2200    2.1242814E-01    3.9732105E+00   -3.9732105E+00
 1.2300    2.0386870E-01    3.8758828E+00   -3.8758828E+00
 1.2400    1.9572342E-01    3.7817781E+00   -3.7817781E+00
 1.2500    1.8803113E-01    3.6919826E+00   -3.6919826E+00
 1.2600    1.8081691E-01    3.6073642E+00   -3.6073642E+00
 1.2700    1.7408116E-01    3.5283290E+00   -3.5283290E+00
 1.2800    1.6778592E-01    3.4545010E+00   -3.4545010E+00
 1.2900    1.6185122E-01    3.3845838E+00   -3.3845838E+00
 1.3000    1.5617667E-01    3.3167499E+00   -3.3167499E+00
 1.3100    1.5068919E-01    3.2496348E+00   -3.2496348E+00
 1.3200    1.4539177E-01    3.1834465E+00   -3.1834465E+00
 1.3300    1.4037098E-01    3.1202578E+00   -3.1202578E+00
 1.3400    1.3574182E-01    3.0629022E+00   -3.0629022E+00
 1.3500    1.3156157E-01    3.0130508E+00   -3.0130508E+00
 1.3600    1.2777964E-01    2.9699513E+00   -2.9699513E+00
 1.3700    1.2426505E-01    2.9308933E+00   -2.9308933E+00
 1.3800    1.2088994E-01    2.8930652E+00   -2.8930652E+00
 1.3900    1.1760449E-01    2.8553765E+00   -2.8553765E+00
 1.4000    1.1444885E-01    2.8188849E+00   -2.8188849E+00
 1.4100    1.1149493E-01    2.7855003E+00   -2.7855003E+00
 1.4200    1.0876362E-01    2.7559429E+00   -2.7559429E+00
 1.4300    1.0618372E-01    2.7285999E+00   -2.7285999E+00
 1.4400    1.0362690E-01    2.7002710E+00   -2.7002710E+00
 1.4500    1.0098899E-01    2.6682092E+00   -2.6682092E+00
 1.4600    9.8250088E-02    2.6317736E+00   -2.6317736E+00
 1.4700    9.5470333E-02    2.5924654E+00   -2.5924654E+00
 1.4800    9.2734930E-02    2.5525640E+00   -2.5525640E+00
 1.4900    9.0098229E-02    2.5136144E+00   -2.5136144E+00
 1.5000    8.7566276E-02    2.4758781E+00   -2.4758781E+00
 1.5100    8.5120599E-02    2.4389249E+00   -2.4389249E+00
 1.5200    8.2754838E-02    2.4026496E+00   -2.4026496E+00
 1.5300    8.0490702E-02    2.3677641E+00   -2.3677641E+00
 1.5400    7.8361374E-02    2.3353574E+00   -2.3353574E+00
 1.5500    7.6380010E-02    2.3059664E+00   -2.3059664E+00
 1.5600    7.4522903E-02    2.2790236E+00   -2.2790236E+00
 1.5700    7.2741745E-02    2.2531644E+00   -2.2531644E+00
 1.5800    7.0993904E-02    2.2271276E+00   -2.2271276E+00
 1.5900    6.9267411E-02    2.2005593E+00   -2.2005593E+00
 1.6000    6.7585074E-02    2.1742057E+00   -2.1742057E+00
 1.6100    6.5988459E-02    2.1494611E+00   -2.1494611E+00
 1.6200    6.4513884E-02    2.1276152E+00   -2.1276152E+00
 1.6300    6.3173810E-02    2.1092213E+00   -2.1092213E+00
 1.6400    6.1951334E-02    2.0938628E+00   -2.0938628E+00
 1.6500    6.0808533E-02    2.0803781E+00   -2.0803781E+00
 1.6600    5.9703641E-02    2.0674112E+00   -2.0674112E+00
 1.6700    5.8607682E-02    2.0539854E+00   -2.0539854E+00
 1.6800    5.7510787E-02    2.0397537E+00   -2.0397537E+00
 1.6900    5.6415100E-02    2.0247837E+00   -2.0247837E+00
 1.7000    5.5321527E-02    2.0091014E+00   -2.0091014E+00
 1.7100    5.4222008E-02    1.9924053E+00   -1.9924053E+00
 1.7200    5.3103230E-02    1.9741843E+00   -1.9741843E+00
 1.7300    5.1957842E-02    1.9541287E+00   -1.9541287E+00
 1.7400    5.0794222E-02    1.9325141E+00   -1.9325141E+00
 1.7500    4.9637526E-02    1.9102759E+00   -1.9102759E+00
 1.7600    4.8519875E-02    1.8886647E+00   -1.8886647E+00
 1.7700    4.7463652E-02    1.8686052E+00   -1.8686052E+00
 1.7800    4.6467639E-02    1.8501224E+00   -1.8501224E+00
 1.7900    4.5507022E-02    1.8322905E+00   -1.8322905E+00
 1.8000    4.4550412E-02    1.8138718E+00   -1.8138718E+00
 1.8100    4.3582994E-02    1.7942546E+00   -1.7942546E+00
 1.8200    4.2617173E-02    1.7739333E+00   -1.7739333E+00
 1.8300    4.1680200E-02    1.7540495E+00   -1.7540495E+00
 1.8400    4.0787588E-02    1.7352959E+00   -1.7352959E+00
 1.8500    3.9925034E-02    1.7171120E+00   -1.7171120E+00
 1.8600    3.9055908E-02    1.6979406E+00   -1.6979406E+00
 1.8700    3.8149032E-02    1.6763959E+00   -1.6763959E+00
 1.8800    3.7202889E-02    1.6523507E+00   -1.6523507E+00
 1.8900    3.6246116E-02    1.6270277E+00   -1.6270277E+00
 1.9000    3.5316216E-02    1.6021060E+00   -1.6021060E+00
 1.9100    3.4436203E-02    1.5786718E+00   -1.5786718E+00
 1.9200    3.3606823E-02    1.5568250E+00   -1.5568250E+00
 1.9300    3.2816225E-02    1.5360774E+00   -1.5360774E+00
 1.9400    3.2056011E-02    1.5160824E+00   -1.5160824E+00
 1.9500    3.1331318E-02    1.4971239E+00   -1.4971239E+00
 1.9600    3.0659294E-02    1.4800765E+00   -1.4800765E+00
 1.9700    3.0057866E-02    1.4658869E+00   -1.4658869E+00
 1.9800    2.9531780E-02    1.4548890E+00   -1.4548890E+00
 1.9900    2.9064559E-02    1.4463712E+00   -1.4463712E+00
 2.0000    2.8622155E-02    1.4387064E+00   -1.4387064E+00
 2.0100    2.8166805E-02    1.4300116E+00   -1.4300116E+00
 2.0200    2.7672868E-02    1.4189490E+00   -1.4189490E+00
 2.0300    2.7135701E-02    1.4052157E+00   -1.4052157E+00
 2.0400    2.6569994E-02    1.3895099E+00   -1.3895099E+00
 2.0500    2.6000049E-02    1.3730671E+00   -1.3730671E+00
 2.0600    2.5447264E-02    1.3570174E+00   -1.3570174E+00
 2.0700    2.4920252E-02    1.3418469E+00   -1.3418469E+00
 2.0800    2.4412150E-02    1.3272189E+00   -1.3272189E+00
 2.0900    2.3906811E-02    1.3122727E+00   -1.3122727E+00
 2.1000    2.3390542E-02    1.2962499E+00   -1.2962499E+00
 2.1100    2.2862090E-02    1.2790594E+00   -1.2790594E+00
 2.1200    2.2334608E-02    1.2614206E+00   -1.2614206E+00
 2.1300    2.1828856E-02    1.2445147E+00   -1.2445147E+00
 2.1400    2.1362426E-02    1.2293852E+00   -1.2293852E+00
 2.1500    2.0941168E-02    1.2164316E+00   -1.2164316E+00
 2.1600    2.0556340E-02    1.2052112E+00   -1.2052112E+00
 2.1700    2.0187592E-02    1.1945762E+00   -1.1945762E+00
 2.1800    1.9810182E-02    1.1830724E+00   -1.1830724E+00
 2.1900    1.9404217E-02    1.1694838E+00   -1.1694838E+00
 2.2000    1.8962413E-02    1.1533174E+00   -1.1533174E+00
 2.2100    1.8492400E-02    1.1349786E+00   -1.1349786E+00
 2.2200    1.8012193E-02    1.1155329E+00   -1.1155329E+00
 2.2300    1.7541835E-02    1.0962122E+00   -1.0962122E+00
 2.2400    1.7096242E-02    1.0779697E+00   -1.0779697E+00
 2.2500    1.6682460E-02    1.0612923E+00   -1.0612923E+00
 2.2600    1.6301135E-02    1.0462720E+00   -1.0462720E+00
 2.2700    1.5949669E-02    1.0327929E+00   -1.0327929E+00
 2.2800    1.5624387E-02    1.0206634E+00   -1.0206634E+00
 2.2900    1.5320685E-02    1.0096225E+00   -1.0096225E+00
 2.3000    1.5032212E-02    9.9928283E-01   -9.9928283E-01
 2.3100    1.4750796E-02    9.8912070E-01   -9.8912070E-01
 2.3200    1.4467733E-02    9.7855745E-01   -9.7855745E-01
 2.3300    1.4175779E-02    9.6709386E-01   -9.6709386E-01
 2.3400    1.3871057E-02    9.5444551E-01   -9.5444551E-01
 2.3500    1.3554473E-02    9.4065038E-01   -9.4065038E-01
 2.3600    1.3232093E-02    9.2610965E-01   -9.2610965E-01
 2.3700    1.2913668E-02    9.1149894E-01   -9.1149894E-01
 2.3800    1.2609083E-02    8.9752649E-01   -8.9752649E-01
 2.3900    1.2324115E-02    8.8462948E-01   -8.8462948E-01
 2.4000    1.2058039E-02    8.7278856E-01   -8.7278856E-01
 2.4100    1.1804761E-02    8.6159102E-01   -8.6159102E-01
 2.4200    1.1556718E-02    8.5050155E-01   -8.5050155E-01
 2.4300    1.1308851E-02    8.3915253E-01   -8.3915253E-01
 2.4400    1.1060252E-02    8.2747433E-01   -8.2747433E-01
 2.4500    1.0813126E-02    8.1563023E-01   -8.1563023E-01
 2.4600    1.0570664E-02    8.0386353E-01   -8.0386353E-01
 2.4700    1.0335540E-02    7.9238627E-01   -7.9238627E-01
 2.4800    1.0109527E-02    7.8134723E-01   -7.8134723E-01
 2.4900    9.8934249E-03    7.7082398E-01   -7.7082398E-01
 2.5000    9.6866616E-03    7.6078862E-01   -7.6078862E-01
 2.5100    9.4868917E-03    7.5107144E-01   -7.5107144E-01
 2.5200    9.2904030E-03    7.4138791E-01   -7.4138791E-01
 2.5300    9.0935794E-03    7.3145189E-01   -7.3145189E-01
 2.5400    8.8947113E-03    7.2112268E-01   -7.2112268E-01
 2.5500    8.6949824E-03    7.1049157E-01   -7.1049157E-01
 2.5600    8.4978146E-03    6.9983724E-01   -6.9983724E-01
 2.5700    8.3067866E-03    6.8946014E-01   -6.8946014E-01
 2.5800    8.1234548E-03    6.7950091E-01   -6.7950091E-01
 2.5900    7.9466501E-03    6.6987456E-01   -6.6987456E-01
 2.6000    7.7737368E-03    6.6036857E-01   -6.6036857E-01
 2.6100    7.6026856E-03    6.5081554E-01   -6.5081554E-01
 2.6200    7.4331059E-03    6.4118414E-01   -6.4118414E-01
 2.6300    7.2653766E-03    6.3150892E-01   -6.3150892E-01
 2.6400    7.0989185E-03    6.2174157E-01   -6.2174157E-01
 2.6500    6.9316411E-03    6.1169887E-01   -6.1169887E-01
 2.6600    6.7614916E-03    6.0119540E-01   -6.0119540E-01
 2.6700    6.5887984E-03    5.9025354E-01   -5.9025354E-01
 2.6800    6.4171020E-03    5.7918645E-01   -5.7918645E-01
 2.6900    6.2515361E-03    5.6846165E-01   -5.6846165E-01
 2.7000    6.0960550E-03    5.5845254E-01   -5.5845254E-01
 2.7100    5.9516301E-03    5.4926810E-01   -5.4926810E-01
 2.7200    5.8164814E-03    5.4076431E-01   -5.4076431E-01
 2.7300    5.6877807E-03    5.3269424E-01   -5.3269424E-01
 2.7400    5.5633874E-03    5.2486824E-01   -5.2486824E-01
 2.7500    5.4424518E-03    5.1721349E-01   -5.1721349E-01
 2.7600    5.3248045E-03    5.0972002E-01   -5.0972002E-01
 2.7700    5.2100742E-03    5.0235799E-01   -5.0235799E-01
 2.7800    5.0975390E-03    4.9506248E-01   -4.9506248E-01
 2.7900    4.9867981E-03    4.8779805E-01   -4.8779805E-01
 2.8000    4.8784712E-03    4.8062867E-01   -4.8062867E-01
 2.8100    4.7741383E-03    4.7371540E-01   -4.7371540E-01
 2.8200    4.6754570E-03    4.6723154E-01   -4.6723154E-01
 2.8300    4.5830645E-03    4.6125247E-01   -4.6125247E-01
 2.8400    4.4960018E-03    4.5569370E-01   -4.5569370E-01
 2.8500    4.4119974E-03    4.5033410E-01   -4.5033410E-01
 2.8600    4.3283768E-03    4.4490469E-01   -4.4490469E-01
 2.8700    4.2430557E-03    4.3918995E-01   -4.3918995E-01
 2.8800    4.1552220E-03    4.3310089E-01   -4.3310089E-01
 2.8900    4.0655949E-03    4.2670689E-01   -4.2670689E-01
 2.9000    3.9761685E-03    4.2021412E-01   -4.2021412E-01
 2.9100    3.8892640E-03    4.1386935E-01   -4.1386935E-01
 2.9200    3.8060664E-03    4.0780442E-01   -4.0780442E-01
 2.9300    3.7255076E-03    4.0191162E-01   -4.0191162E-01
 2.9400    3.6445114E-03    3.9586202E-01   -3.9586202E-01
 2.9500    3.5597603E-03    3.8929126E-01   -3.8929126E-01
 2.9600    3.4699084E-03    3.8204216E-01   -3.8204216E-01
 2.9700    3.3766857E-03    3.7429446E-01   -3.7429446E-01
 2.9800    3.2840878E-03    3.6648580E-01   -3.6648580E-01
 2.9900    3.1962293E-03    3.5907913E-01   -3.5907913E-01
 3.0000    3.1153357E-03    3.5233616E-01   -3.5233616E-01
 3.0100    3.0410875E-03    3.4623564E-01   -3.4623564E-01
 3.0200    2.9714467E-03    3.4055848E-01   -3.4055848E-01
 3.0300    2.9041441E-03    3.3505282E-01   -3.3505282E-01
 3.0400    2.8378243E-03    3.2956610E-01   -3.2956610E-01
 3.0500    2.7723306E-03    3.2408174E-01   -3.2408174E-01
 3.0600    2.7082624E-03    3.1867167E-01   -3.1867167E-01
 3.0700    2.6463287E-03    3.1342266E-01   -3.1342266E-01
 3.0800    2.5869511E-03    3.0838945E-01   -3.0838945E-01
 3.0900    2.5301989E-03    3.0358582E-01   -3.0358582E-01
 3.1000    2.4758455E-03    2.9899009E-01   -2.9899009E-01
 3.1100    2.4233778E-03    2.9454508E-01   -2.9454508E-01
 3.1200    2.3720101E-03    2.9015870E-01   -2.9015870E-01
 3.1300    2.3208373E-03    2.8572171E-01   -2.8572171E-01
 3.1400    2.2691270E-03    2.8114345E-01   -2.8114345E-01
 3.1500    2.2166007E-03    2.7638752E-01   -2.7638752E-01
 3.1600    2.1635460E-03    2.7148771E-01   -2.7148771E-01
 3.1700    2.1107048E-03    2.6653600E-01   -2.6653600E-01
 3.1800    2.0589925E-03    2.6164887E-01   -2.6164887E-01
 3.1900    2.0091753E-03    2.5692660E-01   -2.5692660E-01
 3.2000    1.9616371E-03    2.5242274E-01   -2.5242274E-01
 3.2100    1.9163200E-03    2.4813496E-01   -2.4813496E-01
 3.2200    1.8728354E-03    2.4401764E-01   -2.4401764E-01
 3.2300    1.8306769E-03    2.4000849E-01   -2.4000849E-01
 3.2400    1.7894468E-03    2.3605797E-01   -2.3605797E-01
 3.2500    1.7490211E-03    2.3215158E-01   -2.3215158E-01
 3.2600    1.7095861E-03    2.2831585E-01   -2.2831585E-01
 3.2700    1.6714954E-03    2.2460042E-01   -2.2460042E-01
 3.2800    1.6349690E-03    2.2103807E-01   -2.2103807E-01
 3.2900    1.5997946E-03    2.1760351E-01   -2.1760351E-01
 3.3000    1.5652716E-03    2.1420393E-01   -2.1420393E-01
 3.3100    1.5305110E-03    2.1071833E-01   -2.1071833E-01
 3.3200    1.4949290E-03    2.0706495E-01   -2.0706495E-01
 3.3300    1.4585952E-03    2.0325119E-01   -2.0325119E-01
 3.3400    1.4221954E-03    1.9937104E-01   -1.9937104E-01
 3.3500    1.3866390E-03    1.9555228E-01   -1.9555228E-01
 3.3600    1.3525807E-03    1.9188967E-01   -1.9188967E-01
 3.3700    1.3201713E-03    1.8840826E-01   -1.8840826E-01
 3.3800    1.2891639E-03    1.8507656E-01   -1.8507656E-01
 3.3900    1.2592248E-03    1.8184967E-01   -1.8184967E-01
 3.4000    1.2301585E-03    1.7870174E-01   -1.7870174E-01
 3.4100    1.2018911E-03    1.7562396E-01   -1.7562396E-01
 3.4200    1.1743144E-03    1.7260225E-01   -1.7260225E-01
 3.4300    1.1472179E-03    1.6960710E-01   -1.6960710E-01
 3.4400    1.1204026E-03    1.6660992E-01   -1.6660992E-01
 3.4500    1.0938450E-03    1.6360774E-01   -1.6360774E-01
 3.4600    1.0677220E-03    1.6062763E-01   -1.6062763E-01
 3.4700    1.0422610E-03    1.5770495E-01   -1.5770495E-01
 3.4800    1.0175696E-03    1.5485759E-01   -1.5485759E-01
 3.4900    9.9359644E-04    1.5207952E-01   -1.5207952E-01
 3.5000    9.7022124E-04    1.4935396E-01   -1.4935396E-01
 3.5100    9.4735995E-04    1.4666927E-01   -1.4666927E-01
 3.5200    9.2501055E-04    1.4402632E-01   -1.4402632E-01
 3.5300    9.0325379E-04    1.4143896E-01   -1.4143896E-01
 3.5400    8.8222966E-04    1.3893064E-01   -1.3893064E-01
 3.5500    8.6206919E-04    1.3652390E-01   -1.3652390E-01
 3.5600    8.4278166E-04    1.3422238E-01   -1.3422238E-01
 3.5700    8.2417722E-04    1.3199786E-01   -1.3199786E-01
 3.5800    8.0592229E-04    1.2979832E-01   -1.2979832E-01
 3.5900    7.8771939E-04    1.2757639E-01   -1.2757639E-01
 3.6000    7.6947354E-04    1.2531659E-01   -1.2531659E-01
 3.6100    7.5130828E-04    1.2303890E-01   -1.2303890E-01
 3.6200    7.3343399E-04    1.2077806E-01   -1.2077806E-01
 3.6300    7.1600115E-04    1.1855963E-01   -1.1855963E-01
 3.6400    6.9905940E-04    1.1639296E-01   -1.1639296E-01
 3.6500    6.8262143E-04    1.1428139E-01   -1.1428139E-01
 3.6600    6.6673535E-04    1.1223428E-01   -1.1223428E-01
 3.6700    6.5148297E-04    1.1026687E-01   -1.1026687E-01
 3.6800    6.3690328E-04    1.0838745E-01   -1.0838745E-01
 3.6900    6.2290465E-04    1.0658208E-01   -1.0658208E-01
 3.7000    6.0923708E-04    1.0480926E-01   -1.0480926E-01
 3.7100    5.9556362E-04    1.0301153E-01   -1.0301153E-01
 3.7200    5.8161489E-04    1.0114193E-01   -1.0114193E-01
 3.7300    5.6734243E-04    9.9191120E-02   -9.9191120E-02
 3.7400    5.5295930E-04    9.7195518E-02   -9.7195518E-02
 3.7500    5.3882381E-04    9.5218027E-02   -9.5218027E-02
 3.7600    5.2524644E-04    9.3314402E-02   -9.3314402E-02
 3.7700    5.1235826E-04    9.1509526E-02   -9.1509526E-02
 3.7800    5.0011165E-04    8.9796713E-02   -8.9796713E-02
 3.7900    4.8836947E-04    8.8152938E-02   -8.8152938E-02
 3.8000    4.7699079E-04    8.6553981E-02   -8.6553981E-02
 3.8100    4.6586593E-04    8.4980790E-02   -8.4980790E-02
 3.8200    4.5492006E-04    8.3420287E-02   -8.3420287E-02
 3.8300    4.4412276E-04    8.1867296E-02   -8.1867296E-02
 3.8400    4.3350594E-04    8.0328077E-02   -8.0328077E-02
 3.8500    4.2315726E-04    7.8819399E-02   -7.8819399E-02
 3.8600    4.1316580E-04    7.7358643E-02   -7.7358643E-02
 3.8700    4.0354433E-04    7.5949172E-02   -7.5949172E-02
 3.8800    3.9418808E-04    7.4572174E-02   -7.4572174E-02
 3.8900    3.8491479E-04    7.3193693E-02   -7.3193693E-02
 3.9000    3.7556978E-04    7.1784342E-02   -7.1784342E-02
 3.9100    3.6612411E-04    7.0338273E-02   -7.0338273E-02
 3.9200    3.5669328E-04    6.8877429E-02   -6.8877429E-02
 3.9300    3.4746634E-04    6.7438470E-02   -6.7438470E-02
 3.9400    3.3860450E-04    6.6053378E-02   -6.6053378E-02
 3.9500    3.3018332E-04    6.4737987E-02   -6.4737987E-02
 3.9600    3.2220275E-04    6.3493531E-02   -6.3493531E-02
 3.9700    3.1462991E-04    6.2314754E-02   -6.2314754E-02
 3.9800    3.0742628E-04    6.1195150E-02   -6.1195150E-02
 3.9900    3.0054522E-04    6.0126438E-02   -6.0126438E-02
 4.0000    2.9392380E-04    5.9096887E-02   -5.9096887E-02
 4.0100    2.8749336E-04    5.8093351E-02   -5.8093351E-02
 4.0200    2.8120089E-04    5.7105595E-02   -5.7105595E-02
 4.0300    2.7501388E-04    5.6127355E-02   -5.6127355E-02
 4.0400    2.6890014E-04    5.5152299E-02   -5.5152299E-02
 4.0500    2.6280843E-04    5.4170045E-02   -5.4170045E-02
 4.0600    2.5667929E-04    5.3168299E-02   -5.3168299E-02
 4.0700    2.5048195E-04    5.2140492E-02   -5.2140492E-02
 4.0800    2.4424320E-04    5.1091972E-02   -5.1091972E-02
 4.0900    2.3804164E-04    5.0039092E-02   -5.0039092E-02
 4.1000    2.3197278E-04    4.9002089E-02   -4.9002089E-02
 4.1100    2.2611089E-04    4.7997098E-02   -4.7997098E-02
 4.1200    2.2048928E-04    4.7031819E-02   -4.7031819E-02
 4.1300    2.1510293E-04    4.6105877E-02   -4.6105877E-02
 4.1400    2.0992492E-04    4.5214167E-02   -4.5214167E-02
 4.1500    2.0492377E-04    4.4350488E-02   -4.4350488E-02
 4.1600    2.0007273E-04    4.3509534E-02   -4.3509534E-02
 4.1700    1.9535026E-04    4.2687032E-02   -4.2687032E-02
 4.1800    1.9073688E-04    4.1879078E-02   -4.1879078E-02
 4.1900    1.8621421E-04    4.1081920E-02   -4.1081920E-02
 4.2000    1.8176903E-04    4.0292882E-02   -4.0292882E-02
 4.2100    1.7740131E-04    3.9512170E-02   -3.9512170E-02
 4.2200    1.7312847E-04    3.8743894E-02   -3.8743894E-02
 4.2300    1.6897679E-04    3.7994230E-02   -3.7994230E-02
 4.2400    1.6496134E-04    3.7266941E-02   -3.7266941E-02
 4.2500    1.6107047E-04    3.6559785E-02   -3.6559785E-02
 4.2600    1.5727066E-04    3.5865491E-02   -3.5865491E-02
 4.2700    1.5352826E-04    3.5176606E-02   -3.5176606E-02
 4.2800    1.4982711E-04    3.4489572E-02   -3.4489572E-02
 4.2900    1.4616716E-04    3.3804479E-02   -3.3804479E-02
 4.3000    1.4255025E-04    3.3121863E-02   -3.3121863E-02
 4.3100    1.3897277E-04    3.2440991E-02   -3.2440991E-02
 4.3200    1.3543499E-04    3.1762029E-02   -3.1762029E-02
 4.3300    1.3195719E-04    3.1089857E-02   -3.1089857E-02
 4.3400    1.2858268E-04    3.0434894E-02   -3.0434894E-02
 4.3500    1.2535877E-04    2.9808704E-02   -2.9808704E-02
 4.3600    1.2230889E-04    2.9217352E-02   -2.9217352E-02
 4.3700    1.1941918E-04    2.8658062E-02   -2.8658062E-02
 4.3800    1.1665013E-04    2.8121814E-02   -2.8121814E-02
 4.3900    1.1396025E-04    2.7598934E-02   -2.7598934E-02
 4.4000    1.1132056E-04    2.7082615E-02   -2.7082615E-02
 4.4100    1.0871287E-04    2.6568559E-02   -2.6568559E-02
 4.4200    1.0612281E-04    2.6053325E-02   -2.6053325E-02
 4.4300    1.0354023E-04    2.5534445E-02   -2.5534445E-02
 4.4400    1.0096669E-04    2.5012316E-02   -2.5012316E-02
 4.4500    9.8419726E-05    2.4491311E-02   -2.4491311E-02
 4.4600    9.5926674E-05    2.3978332E-02   -2.3978332E-02
 4.4700    9.3511643E-05    2.3479595E-02   -2.3479595E-02
 4.4800    9.1184986E-05    2.2997955E-02   -2.2997955E-02
 4.4900    8.8941579E-05    2.2532396E-02   -2.2532396E-02
 4.5000    8.6767279E-05    2.2079583E-02   -2.2079583E-02
 4.5100    8.4648212E-05    2.1636187E-02   -2.1636187E-02
 4.5200    8.2577305E-05    2.1200565E-02   -2.1200565E-02
 4.5300    8.0555372E-05    2.0773074E-02   -2.0773074E-02
 4.5400    7.8587606E-05    2.0355212E-02   -2.0355212E-02
 4.5500    7.6678535E-05    1.9948326E-02   -1.9948326E-02
 4.5600    7.4828465E-05    1.9552684E-02   -1.9552684E-02
 4.5700    7.3032860E-05    1.9167284E-02   -1.9167284E-02
 4.5800    7.1284335E-05    1.8790352E-02   -1.8790352E-02
 4.5900    6.9575724E-05    1.8420142E-02   -1.8420142E-02
 4.6000    6.7902516E-05    1.8055578E-02   -1.8055578E-02
 4.6100    6.6263730E-05    1.7696509E-02   -1.7696509E-02
 4.6200    6.4661338E-05    1.7343570E-02   -1.7343570E-02
 4.6300    6.3098650E-05    1.6997769E-02   -1.6997769E-02
 4.6400    6.1577737E-05    1.6659791E-02   -1.6659791E-02
 4.6500    6.0096333E-05    1.6329156E-02   -1.6329156E-02
 4.6600    5.8646274E-05    1.6003763E-02   -1.6003763E-02
 4.6700    5.7215896E-05    1.5680515E-02   -1.5680515E-02
 4.6800    5.5796193E-05    1.5356991E-02   -1.5356991E-02
 4.6900    5.4386775E-05    1.5033111E-02   -1.5033111E-02
 4.7000    5.2997165E-05    1.4711543E-02   -1.4711543E-02
 4.7100    5.1642439E-05    1.4396550E-02   -1.4396550E-02
 4.7200    5.0336174E-05    1.4092046E-02   -1.4092046E-02
 4.7300    4.9084527E-05    1.3799926E-02   -1.3799926E-02
 4.7400    4.7883898E-05    1.3519357E-02   -1.3519357E-02
 4.7500    4.6722915E-05    1.3247289E-02   -1.3247289E-02
 4.7600    4.5587986E-05    1.2979985E-02   -1.2979985E-02
 4.7700    4.4469715E-05    1.2714842E-02   -1.2714842E-02
 4.7800    4.3366464E-05    1.2451443E-02   -1.2451443E-02
 4.7900    4.2283074E-05    1.2191228E-02   -1.2191228E-02
 4.8000    4.1226338E-05    1.1936228E-02   -1.1936228E-02
 4.8100    4.0200724E-05    1.1687830E-02   -1.1687830E-02
 4.8200    3.9206449E-05    1.1446203E-02   -1.1446203E-02
 4.8300    3.8239412E-05    1.1210251E-02   -1.1210251E-02
 4.8400    3.7291748E-05    1.0977750E-02   -1.0977750E-02
 4.8500    3.6353354E-05    1.0745777E-02   -1.0745777E-02
 4.8600    3.5415950E-05    1.0511902E-02   -1.0511902E-02
 4.8700    3.4479522E-05    1.0276117E-02   -1.0276117E-02
 4.8800    3.3557033E-05    1.0042297E-02   -1.0042297E-02
 4.8900    3.2671466E-05    9.8173937E-03   -9.8173937E-03
 4.9000    3.1843711E-05    9.6078387E-03   -9.6078387E-03
 4.9100    3.1078446E-05    9.4152563E-03   -9.4152563E-03
 4.9200    3.0359479E-05    9.2349466E-03   -9.2349466E-03
 4.9300    2.9659733E-05    9.0588057E-03   -9.0588057E-03
 4.9400    2.8958880E-05    8.8806656E-03   -8.8806656E-03
 4.9500    2.8255207E-05    8.6999901E-03   -8.6999901E-03
 4.9600    2.7563535E-05    8.5213448E-03   -8.5213448E-03
 4.9700    2.6902058E-05    8.3504168E-03   -8.3504168E-03
 4.9800    2.6278165E-05    8.1896170E-03   -8.1896170E-03
 4.9900    2.5682404E-05    8.0361241E-03   -8.0361241E-03
 5.0000    2.5093636E-05    7.8833983E-03   -7.8833983E-03
 5.0100    2.4491543E-05    7.7250529E-03   -7.7250529E-03
 5.0200    2.3868383E-05    7.5585813E-03   -7.5585813E-03
 5.0300    2.3232640E-05    7.3865969E-03   -7.3865969E-03
 5.0400    2.2603049E-05    7.2150270E-03   -7.2150270E-03
 5.0500    2.1997973E-05    7.0497754E-03   -7.0497754E-03
 5.0600    2.1427007E-05    6.8940179E-03   -6.8940179E-03
 5.0700    2.0888392E-05    6.7473121E-03   -6.7473121E-03
 5.0800    2.0371804E-05    6.6064291E-03   -6.6064291E-03
 5.0900    1.9864330E-05    6.4672455E-03   -6.4672455E-03
 5.1000    1.9357146E-05    6.3269084E-03   -6.3269084E-03
 5.1100    1.8850038E-05    6.1853444E-03   -6.1853444E-03
 5.1200    1.8351259E-05    6.0452691E-03   -6.0452691E-03
 5.1300    1.7872493E-05    5.9105750E-03   -5.9105750E-03
 5.1400    1.7421820E-05    5.7840178E-03   -5.7840178E-03
 5.1500    1.6998859E-05    5.6655762E-03   -5.6655762E-03
 5.1600    1.6594586E-05    5.5523353E-03   -5.5523353E-03
 5.1700    1.6195419E-05    5.4398024E-03   -5.4398024E-03
 5.1800    1.5789372E-05    5.3239534E-03   -5.3239534E-03
 5.1900    1.5371583E-05    5.2031121E-03   -5.2031121E-03
 5.2000    1.4946592E-05    5.0787722E-03   -5.0787722E-03
 5.2100    1.4525891E-05    4.9548222E-03   -4.9548222E-03
 5.2200    1.4121922E-05    4.8355367E-03   -4.8355367E-03
 5.2300    1.3742287E-05    4.7235907E-03   -4.7235907E-03
 5.2400    1.3387611E-05    4.6192932E-03   -4.6192932E-03
 5.2500    1.3053318E-05    4.5211551E-03   -4.5211551E-03
 5.2600    1.2732672E-05    4.4269122E-03   -4.4269122E-03
 5.2700    1.2418692E-05    4.3341801E-03   -4.3341801E-03
 5.2800    1.2105052E-05    4.2407666E-03   -4.2407666E-03
 5.2900    1.1787525E-05    4.1451843E-03   -4.1451843E-03
 5.3000    1.1466299E-05    4.0474814E-03   -4.0474814E-03
 5.3100    1.1147214E-05    3.9497102E-03   -3.9497102E-03
 5.3200    1.0839740E-05    3.8552452E-03   -3.8552452E-03
 5.3300    1.0551937E-05    3.7670074E-03   -3.7670074E-03
 5.3400    1.0285523E-05    3.6856897E-03   -3.6856897E-03
 5.3500    1.0034703E-05    3.6092913E-03   -3.6092913E-03
 5.3600    9.7898265E-06    3.5343898E-03   -3.5343898E-03
 5.3700    9.5433449E-06    3.4582712E-03   -3.4582712E-03
 5.3800    9.2937797E-06    3.3803899E-03   -3.3803899E-03
 5.3900    9.0452045E-06    3.3022183E-03   -3.3022183E-03
 5.4000    8.8033163E-06    3.2258465E-03   -3.2258465E-03
 5.4100    8.5714211E-06    3.1525155E-03   -3.1525155E-03
 5.4200    8.3489236E-06    3.0820446E-03   -3.0820446E-03
 5.4300    8.1325880E-06    3.0132717E-03   -3.0132717E-03
 5.4400    7.9191158E-06    2.9449936E-03   -2.9449936E-03
 5.4500    7.7072928E-06    2.8767672E-03   -2.8767672E-03
 5.4600    7.4986280E-06    2.8091631E-03   -2.8091631E-03
 5.4700    7.2964012E-06    2.7434258E-03   -2.7434258E-03
 5.4800    7.1038644E-06    2.6808076E-03   -2.6808076E-03
 5.4900    6.9225592E-06    2.6219308E-03   -2.6219308E-03
 5.5000    6.7513969E-06    2.5664268E-03   -2.5664268E-03
 5.5100    6.5868701E-06    2.5129981E-03   -2.5129981E-03
 5.5200    6.4246605E-06    2.4600175E-03   -2.4600175E-03
 5.5300    6.2623545E-06    2.4065660E-03   -2.4065660E-03
 5.5400    6.1017727E-06    2.3533440E-03   -2.3533440E-03
 5.5500    5.9487349E-06    2.3026103E-03   -2.3026103E-03
 5.5600    5.8093534E-06    2.2567697E-03   -2.2567697E-03
 5.5700    5.6847822E-06    2.2163283E-03   -2.2163283E-03
 5.5800    5.5682925E-06    2.1787144E-03   -2.1787144E-03
 5.5900    5.4474503E-06    2.1390787E-03   -2.1390787E-03
 5.6000    5.3104944E-06    2.0927670E-03   -2.0927670E-03
 5.6100    5.1526471E-06    2.0378208E-03   -2.0378208E-03
 5.6200    4.9779259E-06    1.9757452E-03   -1.9757452E-03
 5.6300    4.7953412E-06    1.9100563E-03   -1.9100563E-03
 5.6400    4.6126342E-06    1.8438139E-03   -1.8438139E-03
 5.6500    4.4325650E-06    1.7781233E-03   -1.7781233E-03
 5.6600    4.2546584E-06    1.7128030E-03   -1.7128030E-03
 5.6700    4.0806595E-06    1.6485660E-03   -1.6485660E-03
 5.6800    3.9183864E-06    1.5885972E-03   -1.5885972E-03
 5.6900    3.7797577E-06    1.5377947E-03   -1.5377947E-03
 5.7000    3.6743131E-06    1.5001536E-03   -1.5001536E-03
 5.7100    3.6039849E-06    1.4766074E-03   -1.4766074E-03
 5.7200    3.5631093E-06    1.4649779E-03   -1.4649779E-03
 5.7300    3.5423522E-06    1.4615405E-03   -1.4615405E-03
