# total charge: 11.000000 
# r(A)     rho (e/A^3)     4*pi*r^2*rho(e/A)  dip  
 0.0000    4.8195311E+00    0.0000000E+00    8.7767302E+01
 0.0100    4.8173046E+00    6.0536035E-03    8.7323507E+01
 0.0200    4.8144901E+00    2.4200267E-02    8.6005192E+01
 0.0300    4.8109670E+00    5.4410755E-02    8.3850909E+01
 0.0400    4.8066054E+00    9.6642536E-02    8.0922788E+01
 0.0500    4.8012600E+00    1.5083603E-01    7.7303536E+01
 0.0600    4.7947672E+00    2.1691016E-01    7.3092502E+01
 0.0700    4.7869582E+00    2.9475798E-01    6.8401107E+01
 0.0800    4.7776900E+00    3.8424463E-01    6.3347897E+01
 0.0900    4.7668769E+00    4.8520897E-01    5.8053546E+01
 0.1000    4.7544999E+00    5.9746807E-01    5.2636091E+01
 0.1100    4.7405891E+00    7.2082119E-01    4.7206658E+01
 0.1200    4.7251942E+00    8.5505099E-01    4.1865881E+01
 0.1300    4.7083600E+00    9.9992225E-01    3.6701168E+01
 0.1400    4.6901165E+00    1.1551798E+00    3.1784863E+01
 0.1500    4.6704812E+00    1.3205474E+00    2.7173324E+01
 0.1600    4.6494676E+00    1.4957295E+00    2.2906854E+01
 0.1700    4.6270926E+00    1.6804125E+00    1.9010385E+01
 0.1800    4.6033776E+00    1.8742671E+00    1.5494768E+01
 0.1900    4.5783418E+00    2.0769463E+00    1.2358533E+01
 0.2000    4.5519949E+00    2.2880822E+00    9.5899304E+00
 0.2100    4.5243342E+00    2.5072817E+00    7.1691094E+00
 0.2200    4.4953488E+00    2.7341266E+00    5.0702838E+00
 0.2300    4.4650285E+00    2.9681768E+00    3.2637715E+00
 0.2400    4.4333705E+00    3.2089753E+00    1.7178214E+00
 0.2500    4.4003810E+00    3.4560512E+00    4.0017495E-01
 0.2600    4.3660737E+00    3.7089213E+00   -7.2066809E-01
 0.2700    4.3304650E+00    3.9670888E+00   -1.6744832E+00
 0.2800    4.2935702E+00    4.2300402E+00   -2.4886409E+00
 0.2900    4.2554009E+00    4.4972428E+00   -3.1876857E+00
 0.3000    4.2159651E+00    4.7681442E+00   -3.7931376E+00
 0.3100    4.1752711E+00    5.0421752E+00   -4.3234750E+00
 0.3200    4.1333305E+00    5.3187546E+00   -4.7942552E+00
 0.3300    4.0901598E+00    5.5972927E+00   -5.2183275E+00
 0.3400    4.0457789E+00    5.8771916E+00   -5.6061033E+00
 0.3500    4.0002088E+00    6.1578430E+00   -5.9658528E+00
 0.3600    3.9534697E+00    6.4386272E+00   -6.3040087E+00
 0.3700    3.9055827E+00    6.7189150E+00   -6.6254634E+00
 0.3800    3.8565714E+00    6.9980725E+00   -6.9338441E+00
 0.3900    3.8064629E+00    7.2754638E+00   -7.2317595E+00
 0.4000    3.7552868E+00    7.5504521E+00   -7.5210094E+00
 0.4100    3.7030732E+00    7.8223975E+00   -7.8027599E+00
 0.4200    3.6498518E+00    8.0906550E+00   -8.0776875E+00
 0.4300    3.5956516E+00    8.3545754E+00   -8.3460977E+00
 0.4400    3.5405032E+00    8.6135110E+00   -8.6080236E+00
 0.4500    3.4844417E+00    8.8668242E+00   -8.8633078E+00
 0.4600    3.4275088E+00    9.1138968E+00   -9.1116659E+00
 0.4700    3.3697519E+00    9.3541324E+00   -9.3527310E+00
 0.4800    3.3112209E+00    9.5869506E+00   -9.5860791E+00
 0.4900    3.2519638E+00    9.8117783E+00   -9.8112417E+00
 0.5000    3.1920262E+00    1.0028046E+01   -1.0027719E+01
 0.5100    3.1314537E+00    1.0235197E+01   -1.0235000E+01
 0.5200    3.0702960E+00    1.0432702E+01   -1.0432584E+01
 0.5300    3.0086096E+00    1.0620072E+01   -1.0620002E+01
 0.5400    2.9464546E+00    1.0796852E+01   -1.0796811E+01
 0.5500    2.8838890E+00    1.0962605E+01   -1.0962582E+01
 0.5600    2.8209653E+00    1.1116899E+01   -1.1116885E+01
 0.5700    2.7577313E+00    1.1259303E+01   -1.1259296E+01
 0.5800    2.6942362E+00    1.1389418E+01   -1.1389413E+01
 0.5900    2.6305377E+00    1.1506902E+01   -1.1506899E+01
 0.6000    2.5667035E+00    1.1611493E+01   -1.1611492E+01
 0.6100    2.5028086E+00    1.1702999E+01   -1.1702998E+01
 0.6200    2.4389278E+00    1.1781272E+01   -1.1781272E+01
 0.6300    2.3751301E+00    1.1846181E+01   -1.1846181E+01
 0.6400    2.3114778E+00    1.1897605E+01   -1.1897605E+01
 0.6500    2.2480298E+00    1.1935445E+01   -1.1935445E+01
 0.6600    2.1848458E+00    1.1959652E+01   -1.1959652E+01
 0.6700    2.1219901E+00    1.1970239E+01   -1.1970239E+01
 0.6800    2.0595297E+00    1.1967288E+01   -1.1967288E+01
 0.6900    1.9975327E+00    1.1950936E+01   -1.1950936E+01
 0.7000    1.9360643E+00    1.1921358E+01   -1.1921358E+01
 0.7100    1.8751855E+00    1.1878751E+01   -1.1878751E+01
 0.7200    1.8149531E+00    1.1823342E+01   -1.1823342E+01
 0.7300    1.7554218E+00    1.1755391E+01   -1.1755391E+01
 0.7400    1.6966463E+00    1.1675208E+01   -1.1675208E+01
 0.7500    1.6386818E+00    1.1583159E+01   -1.1583159E+01
 0.7600    1.5815818E+00    1.1479652E+01   -1.1479652E+01
 0.7700    1.5253962E+00    1.1365119E+01   -1.1365119E+01
 0.7800    1.4701715E+00    1.1240019E+01   -1.1240019E+01
 0.7900    1.4159536E+00    1.1104860E+01   -1.1104860E+01
 0.8000    1.3627912E+00    1.0960217E+01   -1.0960217E+01
 0.8100    1.3107350E+00    1.0806743E+01   -1.0806743E+01
 0.8200    1.2598347E+00    1.0645134E+01   -1.0645134E+01
 0.8300    1.2101336E+00    1.0476094E+01   -1.0476094E+01
 0.8400    1.1616654E+00    1.0300291E+01   -1.0300291E+01
 0.8500    1.1144533E+00    1.0118348E+01   -1.0118348E+01
 0.8600    1.0685136E+00    9.9308592E+00   -9.9308592E+00
 0.8700    1.0238600E+00    9.7384298E+00   -9.7384298E+00
 0.8800    9.8050812E-01    9.5417142E+00   -9.5417142E+00
 0.8900    9.3847682E-01    9.3414314E+00   -9.3414314E+00
 0.9000    8.9778570E-01    9.1383454E+00   -9.1383454E+00
 0.9100    8.5845154E-01    8.9332283E+00   -8.9332283E+00
 0.9200    8.2048587E-01    8.7268321E+00   -8.7268321E+00
 0.9300    7.8389485E-01    8.5198819E+00   -8.5198819E+00
 0.9400    7.4868042E-01    8.3130817E+00   -8.3130817E+00
 0.9500    7.1484065E-01    8.1071146E+00   -8.1071146E+00
 0.9600    6.8236911E-01    7.9026308E+00   -7.9026308E+00
 0.9700    6.5125436E-01    7.7002350E+00   -7.7002350E+00
 0.9800    6.2148018E-01    7.5004842E+00   -7.5004842E+00
 0.9900    5.9302626E-01    7.3038892E+00   -7.3038892E+00
 1.0000    5.6586844E-01    7.1109125E+00   -7.1109125E+00
 1.0100    5.3997915E-01    6.9219682E+00   -6.9219682E+00
 1.0200    5.1532877E-01    6.7374351E+00   -6.7374351E+00
 1.0300    4.9188750E-01    6.5576782E+00   -6.5576782E+00
 1.0400    4.6962615E-01    6.3830584E+00   -6.3830584E+00
 1.0500    4.4851493E-01    6.2139159E+00   -6.2139159E+00
 1.0600    4.2852111E-01    6.0505355E+00   -6.0505355E+00
 1.0700    4.0960736E-01    5.8931184E+00   -5.8931184E+00
 1.0800    3.9173189E-01    5.7417767E+00   -5.7417767E+00
 1.0900    3.7484985E-01    5.5965475E+00   -5.5965475E+00
 1.1000    3.5891494E-01    5.4574124E+00   -5.4574124E+00
 1.1100    3.4388022E-01    5.3243061E+00   -5.3243061E+00
 1.1200    3.2969786E-01    5.1971116E+00   -5.1971116E+00
 1.1300    3.1631881E-01    5.0756513E+00   -5.0756513E+00
 1.1400    3.0369289E-01    4.9596862E+00   -4.9596862E+00
 1.1500    2.9176960E-01    4.8489263E+00   -4.8489263E+00
 1.1600    2.8049886E-01    4.7430417E+00   -4.7430417E+00
 1.1700    2.6983132E-01    4.6416666E+00   -4.6416666E+00
 1.1800    2.5971837E-01    4.5444000E+00   -4.5444000E+00
 1.1900    2.5011272E-01    4.4508153E+00   -4.4508153E+00
 1.2000    2.4096974E-01    4.3604856E+00   -4.3604856E+00
 1.2100    2.3224916E-01    4.2730184E+00   -4.2730184E+00
 1.2200    2.2391647E-01    4.1880857E+00   -4.1880857E+00
 1.2300    2.1594326E-01    4.1054403E+00   -4.1054403E+00
 1.2400    2.0830682E-01    4.0249152E+00   -4.0249152E+00
 1.2500    2.0098908E-01    3.9464113E+00   -3.9464113E+00
 1.2600    1.9397528E-01    3.8698786E+00   -3.8698786E+00
 1.2700    1.8725277E-01    3.7952951E+00   -3.7952951E+00
 1.2800    1.8080992E-01    3.7226487E+00   -3.7226487E+00
 1.2900    1.7463549E-01    3.6519245E+00   -3.6519245E+00
 1.3000    1.6871839E-01    3.5831005E+00   -3.5831005E+00
 1.3100    1.6304786E-01    3.5161513E+00   -3.5161513E+00
 1.3200    1.5761380E-01    3.4510557E+00   -3.4510557E+00
 1.3300    1.5240689E-01    3.3877999E+00   -3.3877999E+00
 1.3400    1.4741817E-01    3.3263695E+00   -3.3263695E+00
 1.3500    1.4263842E-01    3.2667351E+00   -3.2667351E+00
 1.3600    1.3805774E-01    3.2088427E+00   -3.2088427E+00
 1.3700    1.3366584E-01    3.1526186E+00   -3.1526186E+00
 1.3800    1.2945275E-01    3.0979851E+00   -3.0979851E+00
 1.3900    1.2540948E-01    3.0448775E+00   -3.0448775E+00
 1.4000    1.2152811E-01    2.9932477E+00   -2.9932477E+00
 1.4100    1.1780139E-01    2.9430559E+00   -2.9430559E+00
 1.4200    1.1422210E-01    2.8942544E+00   -2.8942544E+00
 1.4300    1.1078265E-01    2.8467786E+00   -2.8467786E+00
 1.4400    1.0747529E-01    2.8005509E+00   -2.8005509E+00
 1.4500    1.0429263E-01    2.7554940E+00   -2.7554940E+00
 1.4600    1.0122809E-01    2.7115438E+00   -2.7115438E+00
 1.4700    9.8275990E-02    2.6686521E+00   -2.6686521E+00
 1.4800    9.5431158E-02    2.6267787E+00   -2.6267787E+00
 1.4900    9.2688591E-02    2.5858819E+00   -2.5858819E+00
 1.5000    9.0043265E-02    2.5459133E+00   -2.5459133E+00
 1.5100    8.7490275E-02    2.5068222E+00   -2.5068222E+00
 1.5200    8.5025112E-02    2.4685632E+00   -2.4685632E+00
 1.5300    8.2643844E-02    2.4311023E+00   -2.4311023E+00
 1.5400    8.0343043E-02    2.3944159E+00   -2.3944159E+00
 1.5500    7.8119500E-02    2.3584828E+00   -2.3584828E+00
 1.5600    7.5969945E-02    2.3232764E+00   -2.3232764E+00
 1.5700    7.3890945E-02    2.2887607E+00   -2.2887607E+00
 1.5800    7.1879046E-02    2.2548951E+00   -2.2548951E+00
 1.5900    6.9931026E-02    2.2216417E+00   -2.2216417E+00
 1.6000    6.8044068E-02    2.1889714E+00   -2.1889714E+00
 1.6100    6.6215728E-02    2.1568640E+00   -2.1568640E+00
 1.6200    6.4443776E-02    2.1253031E+00   -2.1253031E+00
 1.6300    6.2726040E-02    2.0942713E+00   -2.0942713E+00
 1.6400    6.1060336E-02    2.0637484E+00   -2.0637484E+00
 1.6500    5.9444509E-02    2.0337122E+00   -2.0337122E+00
 1.6600    5.7876513E-02    2.0041416E+00   -2.0041416E+00
 1.6700    5.6354511E-02    1.9750200E+00   -1.9750200E+00
 1.6800    5.4876913E-02    1.9463373E+00   -1.9463373E+00
 1.6900    5.3442300E-02    1.9180875E+00   -1.9180875E+00
 1.7000    5.2049289E-02    1.8902642E+00   -1.8902642E+00
 1.7100    5.0696414E-02    1.8628562E+00   -1.8628562E+00
 1.7200    4.9382137E-02    1.8358476E+00   -1.8358476E+00
 1.7300    4.8104974E-02    1.8092228E+00   -1.8092228E+00
 1.7400    4.6863645E-02    1.7829716E+00   -1.7829716E+00
 1.7500    4.5657130E-02    1.7570923E+00   -1.7570923E+00
 1.7600    4.4484587E-02    1.7315888E+00   -1.7315888E+00
 1.7700    4.3345161E-02    1.7064636E+00   -1.7064636E+00
 1.7800    4.2237835E-02    1.6817116E+00   -1.6817116E+00
 1.7900    4.1161408E-02    1.6573192E+00   -1.6573192E+00
 1.8000    4.0114658E-02    1.6332699E+00   -1.6332699E+00
 1.8100    3.9096543E-02    1.6095533E+00   -1.6095533E+00
 1.8200    3.8106295E-02    1.5861687E+00   -1.5861687E+00
 1.8300    3.7143286E-02    1.5631202E+00   -1.5631202E+00
 1.8400    3.6206770E-02    1.5404063E+00   -1.5404063E+00
 1.8500    3.5295728E-02    1.5180129E+00   -1.5180129E+00
 1.8600    3.4408957E-02    1.4959162E+00   -1.4959162E+00
 1.8700    3.3545363E-02    1.4740954E+00   -1.4740954E+00
 1.8800    3.2704199E-02    1.4525433E+00   -1.4525433E+00
 1.8900    3.1885050E-02    1.4312667E+00   -1.4312667E+00
 1.9000    3.1087613E-02    1.4102771E+00   -1.4102771E+00
 1.9100    3.0311459E-02    1.3895796E+00   -1.3895796E+00
 1.9200    2.9555972E-02    1.3691706E+00   -1.3691706E+00
 1.9300    2.8820447E-02    1.3490411E+00   -1.3490411E+00
 1.9400    2.8104234E-02    1.3291839E+00   -1.3291839E+00
 1.9500    2.7406804E-02    1.3095964E+00   -1.3095964E+00
 1.9600    2.6727717E-02    1.2902797E+00   -1.2902797E+00
 1.9700    2.6066543E-02    1.2712348E+00   -1.2712348E+00
 1.9800    2.5422769E-02    1.2524578E+00   -1.2524578E+00
 1.9900    2.4795749E-02    1.2339377E+00   -1.2339377E+00
 2.0000    2.4184729E-02    1.2156571E+00   -1.2156571E+00
 2.0100    2.3588945E-02    1.1975965E+00   -1.1975965E+00
 2.0200    2.3007738E-02    1.1797406E+00   -1.1797406E+00
 2.0300    2.2440634E-02    1.1620828E+00   -1.1620828E+00
 2.0400    2.1887334E-02    1.1446246E+00   -1.1446246E+00
 2.0500    2.1347635E-02    1.1273723E+00   -1.1273723E+00
 2.0600    2.0821331E-02    1.1103318E+00   -1.1103318E+00
 2.0700    2.0308141E-02    1.0935049E+00   -1.0935049E+00
 2.0800    1.9807711E-02    1.0768887E+00   -1.0768887E+00
 2.0900    1.9319665E-02    1.0604789E+00   -1.0604789E+00
 2.1000    1.8843685E-02    1.0442736E+00   -1.0442736E+00
 2.1100    1.8379529E-02    1.0282747E+00   -1.0282747E+00
 2.1200    1.7927004E-02    1.0124866E+00   -1.0124866E+00
 2.1300    1.7485913E-02    9.9691329E-01   -9.9691329E-01
 2.1400    1.7056015E-02    9.8155574E-01   -9.8155574E-01
 2.1500    1.6637004E-02    9.6641108E-01   -9.6641108E-01
 2.1600    1.6228515E-02    9.5147230E-01   -9.5147230E-01
 2.1700    1.5830131E-02    9.3672872E-01   -9.3672872E-01
 2.1800    1.5441416E-02    9.2216783E-01   -9.2216783E-01
 2.1900    1.5061977E-02    9.0777889E-01   -9.0777889E-01
 2.2000    1.4691530E-02    8.9355699E-01   -8.9355699E-01
 2.2100    1.4329926E-02    8.7950512E-01   -8.7950512E-01
 2.2200    1.3977119E-02    8.6563235E-01   -8.6563235E-01
 2.2300    1.3633087E-02    8.5194937E-01   -8.5194937E-01
 2.2400    1.3297762E-02    8.3846408E-01   -8.3846408E-01
 2.2500    1.2971002E-02    8.2517946E-01   -8.2517946E-01
 2.2600    1.2652597E-02    8.1209421E-01   -8.1209421E-01
 2.2700    1.2342311E-02    7.9920479E-01   -7.9920479E-01
 2.2800    1.2039907E-02    7.8650715E-01   -7.8650715E-01
 2.2900    1.1745146E-02    7.7399693E-01   -7.7399693E-01
 2.3000    1.1457788E-02    7.6166906E-01   -7.6166906E-01
 2.3100    1.1177587E-02    7.4951767E-01   -7.4951767E-01
 2.3200    1.0904299E-02    7.3753665E-01   -7.3753665E-01
 2.3300    1.0637698E-02    7.2572048E-01   -7.2572048E-01
 2.3400    1.0377581E-02    7.1406494E-01   -7.1406494E-01
 2.3500    1.0123781E-02    7.0256793E-01   -7.0256793E-01
 2.3600    9.8761766E-03    6.9123022E-01   -6.9123022E-01
 2.3700    9.6346883E-03    6.8005529E-01   -6.8005529E-01
 2.3800    9.3992479E-03    6.6904739E-01   -6.6904739E-01
 2.3900    9.1697577E-03    6.5820856E-01   -6.5820856E-01
 2.4000    8.9460637E-03    6.4753662E-01   -6.4753662E-01
 2.4100    8.7279624E-03    6.3702550E-01   -6.3702550E-01
 2.4200    8.5152380E-03    6.2666781E-01   -6.2666781E-01
 2.4300    8.3076998E-03    6.1645759E-01   -6.1645759E-01
 2.4400    8.1051998E-03    6.0639169E-01   -6.0639169E-01
 2.4500    7.9076253E-03    5.9646933E-01   -5.9646933E-01
 2.4600    7.7148823E-03    5.8669094E-01   -5.8669094E-01
 2.4700    7.5268822E-03    5.7705724E-01   -5.7705724E-01
 2.4800    7.3435340E-03    5.6756856E-01   -5.6756856E-01
 2.4900    7.1647368E-03    5.5822438E-01   -5.5822438E-01
 2.5000    6.9903723E-03    5.4902256E-01   -5.4902256E-01
 2.5100    6.8203016E-03    5.3995913E-01   -5.3995913E-01
 2.5200    6.6543754E-03    5.3102900E-01   -5.3102900E-01
 2.5300    6.4924530E-03    5.2222748E-01   -5.2222748E-01
 2.5400    6.3344224E-03    5.1355187E-01   -5.1355187E-01
 2.5500    6.1802061E-03    5.0500210E-01   -5.0500210E-01
 2.5600    6.0297504E-03    4.9657989E-01   -4.9657989E-01
 2.5700    5.8830011E-03    4.8828686E-01   -4.8828686E-01
 2.5800    5.7398803E-03    4.8012256E-01   -4.8012256E-01
 2.5900    5.6002819E-03    4.7208400E-01   -4.7208400E-01
 2.6000    5.4640873E-03    4.6416693E-01   -4.6416693E-01
 2.6100    5.3311911E-03    4.5636794E-01   -4.5636794E-01
 2.6200    5.2015124E-03    4.4868555E-01   -4.4868555E-01
 2.6300    5.0749836E-03    4.4111924E-01   -4.4111924E-01
 2.6400    4.9515272E-03    4.3366751E-01   -4.3366751E-01
 2.6500    4.8310462E-03    4.2632696E-01   -4.2632696E-01
 2.6600    4.7134413E-03    4.1909381E-01   -4.1909381E-01
 2.6700    4.5986426E-03    4.1196664E-01   -4.1196664E-01
 2.6800    4.4866248E-03    4.0494795E-01   -4.0494795E-01
 2.6900    4.3773906E-03    3.9804276E-01   -3.9804276E-01
 2.7000    4.2709338E-03    3.9125529E-01   -3.9125529E-01
 2.7100    4.1672096E-03    3.8458628E-01   -3.8458628E-01
 2.7200    4.0661327E-03    3.7803257E-01   -3.7803257E-01
 2.7300    3.9675983E-03    3.7158900E-01   -3.7158900E-01
 2.7400    3.8715099E-03    3.6525095E-01   -3.6525095E-01
 2.7500    3.7777920E-03    3.5901558E-01   -3.5901558E-01
 2.7600    3.6863847E-03    3.5288133E-01   -3.5288133E-01
 2.7700    3.5972281E-03    3.4684656E-01   -3.4684656E-01
 2.7800    3.5102562E-03    3.4090885E-01   -3.4090885E-01
 2.7900    3.4254029E-03    3.3506567E-01   -3.3506567E-01
 2.8000    3.3426142E-03    3.2931550E-01   -3.2931550E-01
 2.8100    3.2618538E-03    3.2365848E-01   -3.2365848E-01
 2.8200    3.1830992E-03    3.1809604E-01   -3.1809604E-01
 2.8300    3.1063295E-03    3.1262971E-01   -3.1262971E-01
 2.8400    3.0315121E-03    3.0725988E-01   -3.0725988E-01
 2.8500    2.9585940E-03    3.0198471E-01   -3.0198471E-01
 2.8600    2.8874982E-03    2.9679984E-01   -2.9679984E-01
 2.8700    2.8181310E-03    2.9169893E-01   -2.9169893E-01
 2.8800    2.7503985E-03    2.8667542E-01   -2.8667542E-01
 2.8900    2.6842294E-03    2.8172486E-01   -2.8172486E-01
 2.9000    2.6195925E-03    2.7684685E-01   -2.7684685E-01
 2.9100    2.5564925E-03    2.7204476E-01   -2.7204476E-01
 2.9200    2.4949433E-03    2.6732295E-01   -2.6732295E-01
 2.9300    2.4349333E-03    2.6268312E-01   -2.6268312E-01
 2.9400    2.3764076E-03    2.5812226E-01   -2.5812226E-01
 2.9500    2.3192822E-03    2.5363401E-01   -2.5363401E-01
 2.9600    2.2634789E-03    2.4921245E-01   -2.4921245E-01
 2.9700    2.2089576E-03    2.4485565E-01   -2.4485565E-01
 2.9800    2.1557194E-03    2.4056621E-01   -2.4056621E-01
 2.9900    2.1037821E-03    2.3634858E-01   -2.3634858E-01
 3.0000    2.0531466E-03    2.3220541E-01   -2.3220541E-01
 3.0100    2.0037824E-03    2.2813578E-01   -2.2813578E-01
 3.0200    1.9556381E-03    2.2413632E-01   -2.2413632E-01
 3.0300    1.9086644E-03    2.2020374E-01   -2.2020374E-01
 3.0400    1.8628284E-03    2.1633654E-01   -2.1633654E-01
 3.0500    1.8181099E-03    2.1253462E-01   -2.1253462E-01
 3.0600    1.7744880E-03    2.0879774E-01   -2.0879774E-01
 3.0700    1.7319321E-03    2.0512447E-01   -2.0512447E-01
 3.0800    1.6904047E-03    2.0151250E-01   -2.0151250E-01
 3.0900    1.6498728E-03    1.9795993E-01   -1.9795993E-01
 3.1000    1.6103159E-03    1.9446630E-01   -1.9446630E-01
 3.1100    1.5717232E-03    1.9103225E-01   -1.9103225E-01
 3.1200    1.5340829E-03    1.8765834E-01   -1.8765834E-01
 3.1300    1.4973723E-03    1.8434371E-01   -1.8434371E-01
 3.1400    1.4615561E-03    1.8108590E-01   -1.8108590E-01
 3.1500    1.4265940E-03    1.7788174E-01   -1.7788174E-01
 3.1600    1.3924514E-03    1.7472863E-01   -1.7472863E-01
 3.1700    1.3591061E-03    1.7162547E-01   -1.7162547E-01
 3.1800    1.3265497E-03    1.6857285E-01   -1.6857285E-01
 3.1900    1.2947818E-03    1.6557235E-01   -1.6557235E-01
 3.2000    1.2638016E-03    1.6262553E-01   -1.6262553E-01
 3.2100    1.2335996E-03    1.5973282E-01   -1.5973282E-01
 3.2200    1.2041539E-03    1.5689301E-01   -1.5689301E-01
 3.2300    1.1754334E-03    1.5410365E-01   -1.5410365E-01
 3.2400    1.1474056E-03    1.5136199E-01   -1.5136199E-01
 3.2500    1.1200448E-03    1.4866611E-01   -1.4866611E-01
 3.2600    1.0933364E-03    1.4601548E-01   -1.4601548E-01
 3.2700    1.0672752E-03    1.4341077E-01   -1.4341077E-01
 3.2800    1.0418556E-03    1.4085267E-01   -1.4085267E-01
 3.2900    1.0170614E-03    1.3834033E-01   -1.3834033E-01
 3.3000    9.9286067E-04    1.3587077E-01   -1.3587077E-01
 3.3100    9.6921411E-04    1.3343986E-01   -1.3343986E-01
 3.3200    9.4609106E-04    1.3104455E-01   -1.3104455E-01
 3.3300    9.2348230E-04    1.2868470E-01   -1.2868470E-01
 3.3400    9.0139864E-04    1.2636293E-01   -1.2636293E-01
 3.3500    8.7985602E-04    1.2408266E-01   -1.2408266E-01
 3.3600    8.5885896E-04    1.2184572E-01   -1.2184572E-01
 3.3700    8.3839449E-04    1.1965148E-01   -1.1965148E-01
 3.3800    8.1843952E-04    1.1749783E-01   -1.1749783E-01
 3.3900    7.9897287E-04    1.1538286E-01   -1.1538286E-01
 3.4000    7.7998094E-04    1.1330568E-01   -1.1330568E-01
 3.4100    7.6145340E-04    1.1126587E-01   -1.1126587E-01
 3.4200    7.4337563E-04    1.0926231E-01   -1.0926231E-01
 3.4300    7.2572643E-04    1.0729291E-01   -1.0729291E-01
 3.4400    7.0848387E-04    1.0535538E-01   -1.0535538E-01
 3.4500    6.9163334E-04    1.0344845E-01   -1.0344845E-01
 3.4600    6.7517013E-04    1.0157230E-01   -1.0157230E-01
 3.4700    6.5909461E-04    9.9727877E-02   -9.9727877E-02
 3.4800    6.4340507E-04    9.7915812E-02   -9.7915812E-02
 3.4900    6.2809414E-04    9.6135870E-02   -9.6135870E-02
 3.5000    6.1315077E-04    9.4387227E-02   -9.4387227E-02
 3.5100    5.9856474E-04    9.2669159E-02   -9.2669159E-02
 3.5200    5.8433035E-04    9.0981613E-02   -9.0981613E-02
 3.5300    5.7044707E-04    8.9325330E-02   -8.9325330E-02
 3.5400    5.5691636E-04    8.7701367E-02   -8.7701367E-02
 3.5500    5.4373538E-04    8.6110113E-02   -8.6110113E-02
 3.5600    5.3089104E-04    8.4550320E-02   -8.4550320E-02
 3.5700    5.1835898E-04    8.3018890E-02   -8.3018890E-02
 3.5800    5.0610968E-04    8.1511815E-02   -8.1511815E-02
 3.5900    4.9411892E-04    8.0025841E-02   -8.0025841E-02
 3.6000    4.8237550E-04    7.8559752E-02   -7.8559752E-02
 3.6100    4.7088151E-04    7.7114474E-02   -7.7114474E-02
 3.6200    4.5964610E-04    7.5692105E-02   -7.5692105E-02
 3.6300    4.4867813E-04    7.4294731E-02   -7.4294731E-02
 3.6400    4.3798232E-04    7.2923786E-02   -7.2923786E-02
 3.6500    4.2755973E-04    7.1580114E-02   -7.1580114E-02
 3.6600    4.1740998E-04    7.0264322E-02   -7.0264322E-02
 3.6700    4.0753176E-04    6.8976865E-02   -6.8976865E-02
 3.6800    3.9791969E-04    6.7717502E-02   -6.7717502E-02
 3.6900    3.8855889E-04    6.6484354E-02   -6.6484354E-02
 3.7000    3.7942245E-04    6.5273415E-02   -6.5273415E-02
 3.7100    3.7047658E-04    6.4079400E-02   -6.4079400E-02
 3.7200    3.6169372E-04    6.2897981E-02   -6.2897981E-02
 3.7300    3.5306574E-04    6.1728128E-02   -6.1728128E-02
 3.7400    3.4460725E-04    6.0572777E-02   -6.0572777E-02
 3.7500    3.3634522E-04    5.9437106E-02   -5.9437106E-02
 3.7600    3.2830184E-04    5.8325553E-02   -5.8325553E-02
 3.7700    3.2048261E-04    5.7239658E-02   -5.7239658E-02
 3.7800    3.1287616E-04    5.6177956E-02   -5.6177956E-02
 3.7900    3.0546314E-04    5.5137503E-02   -5.5137503E-02
 3.8000    2.9822587E-04    5.4115587E-02   -5.4115587E-02
 3.8100    2.9115292E-04    5.3110571E-02   -5.3110571E-02
 3.8200    2.8423832E-04    5.2121777E-02   -5.2121777E-02
 3.8300    2.7747941E-04    5.1149122E-02   -5.1149122E-02
 3.8400    2.7087623E-04    5.0193005E-02   -5.0193005E-02
 3.8500    2.6443163E-04    4.9254365E-02   -4.9254365E-02
 3.8600    2.5815003E-04    4.8334435E-02   -4.8334435E-02
 3.8700    2.5203355E-04    4.7434045E-02   -4.7434045E-02
 3.8800    2.4607814E-04    4.6552857E-02   -4.6552857E-02
 3.8900    2.4027273E-04    4.5689199E-02   -4.5689199E-02
 3.9000    2.3460318E-04    4.4840761E-02   -4.4840761E-02
 3.9100    2.2905817E-04    4.4005724E-02   -4.4005724E-02
 3.9200    2.2363288E-04    4.3183481E-02   -4.3183481E-02
 3.9300    2.1832809E-04    4.2374500E-02   -4.2374500E-02
 3.9400    2.1314682E-04    4.1579682E-02   -4.1579682E-02
 3.9500    2.0809189E-04    4.0799910E-02   -4.0799910E-02
 3.9600    2.0316593E-04    4.0036039E-02   -4.0036039E-02
 3.9700    1.9837198E-04    3.9289021E-02   -3.9289021E-02
 3.9800    1.9371240E-04    3.8559681E-02   -3.8559681E-02
 3.9900    1.8918620E-04    3.7848189E-02   -3.7848189E-02
 4.0000    1.8478711E-04    3.7153653E-02   -3.7153653E-02
 4.0100    1.8050424E-04    3.6474220E-02   -3.6474220E-02
 4.0200    1.7632447E-04    3.5807546E-02   -3.5807546E-02
 4.0300    1.7223474E-04    3.5151244E-02   -3.5151244E-02
 4.0400    1.6822353E-04    3.4503196E-02   -3.4503196E-02
 4.0500    1.6428259E-04    3.3861910E-02   -3.3861910E-02
 4.0600    1.6040898E-04    3.3226959E-02   -3.3226959E-02
 4.0700    1.5660537E-04    3.2599078E-02   -3.2599078E-02
 4.0800    1.5287731E-04    3.1979614E-02   -3.1979614E-02
 4.0900    1.4922903E-04    3.1369659E-02   -3.1369659E-02
 4.1000    1.4566150E-04    3.0769637E-02   -3.0769637E-02
 4.1100    1.4217419E-04    3.0179655E-02   -3.0179655E-02
 4.1200    1.3876809E-04    2.9600150E-02   -2.9600150E-02
 4.1300    1.3544672E-04    2.9032100E-02   -2.9032100E-02
 4.1400    1.3221411E-04    2.8476614E-02   -2.8476614E-02
 4.1500    1.2907190E-04    2.7934297E-02   -2.7934297E-02
 4.1600    1.2601813E-04    2.7404985E-02   -2.7404985E-02
 4.1700    1.2304859E-04    2.6888007E-02   -2.6888007E-02
 4.1800    1.2015885E-04    2.6382637E-02   -2.6382637E-02
 4.1900    1.1734477E-04    2.5888188E-02   -2.5888188E-02
 4.2000    1.1460080E-04    2.5403648E-02   -2.5403648E-02
 4.2100    1.1191886E-04    2.4927419E-02   -2.4927419E-02
 4.2200    1.0929047E-04    2.4457782E-02   -2.4457782E-02
 4.2300    1.0671103E-04    2.3993848E-02   -2.3993848E-02
 4.2400    1.0418183E-04    2.3536048E-02   -2.3536048E-02
 4.2500    1.0170762E-04    2.3085603E-02   -2.3085603E-02
 4.2600    9.9291985E-05    2.2643484E-02   -2.2643484E-02
 4.2700    9.6934640E-05    2.2209798E-02   -2.2209798E-02
 4.2800    9.4632084E-05    2.1783909E-02   -2.1783909E-02
 4.2900    9.2379816E-05    2.1364933E-02   -2.1364933E-02
 4.3000    9.0174473E-05    2.0952236E-02   -2.0952236E-02
 4.3100    8.8015707E-05    2.0545872E-02   -2.0545872E-02
 4.3200    8.5907786E-05    2.0146977E-02   -2.0146977E-02
 4.3300    8.3859684E-05    1.9757813E-02   -1.9757813E-02
 4.3400    8.1881850E-05    1.9381035E-02   -1.9381035E-02
 4.3500    7.9979668E-05    1.9018137E-02   -1.9018137E-02
 4.3600    7.8147245E-05    1.8667945E-02   -1.8667945E-02
 4.3700    7.6367196E-05    1.8326502E-02   -1.8326502E-02
 4.3800    7.4618561E-05    1.7988914E-02   -1.7988914E-02
 4.3900    7.2887671E-05    1.7651962E-02   -1.7651962E-02
 4.4000    7.1173335E-05    1.7315400E-02   -1.7315400E-02
 4.4100    6.9482869E-05    1.6981060E-02   -1.6981060E-02
 4.4200    6.7824096E-05    1.6650927E-02   -1.6650927E-02
 4.4300    6.6200865E-05    1.6326045E-02   -1.6326045E-02
 4.4400    6.4614180E-05    1.6006768E-02   -1.6006768E-02
 4.4500    6.3064903E-05    1.5693421E-02   -1.5693421E-02
 4.4600    6.1554037E-05    1.5386368E-02   -1.5386368E-02
 4.4700    6.0081095E-05    1.5085606E-02   -1.5085606E-02
 4.4800    5.8643719E-05    1.4790655E-02   -1.4790655E-02
 4.4900    5.7239738E-05    1.4501074E-02   -1.4501074E-02
 4.5000    5.5869433E-05    1.4217039E-02   -1.4217039E-02
 4.5100    5.4535391E-05    1.3939313E-02   -1.3939313E-02
 4.5200    5.3240155E-05    1.3668663E-02   -1.3668663E-02
 4.5300    5.1984161E-05    1.3405324E-02   -1.3405324E-02
 4.5400    5.0765695E-05    1.3148975E-02   -1.3148975E-02
 4.5500    4.9582159E-05    1.2899061E-02   -1.2899061E-02
 4.5600    4.8430958E-05    1.2655013E-02   -1.2655013E-02
 4.5700    4.7309402E-05    1.2416229E-02   -1.2416229E-02
 4.5800    4.6214527E-05    1.2182021E-02   -1.2182021E-02
 4.5900    4.5143748E-05    1.1951787E-02   -1.1951787E-02
 4.6000    4.4095998E-05    1.1725320E-02   -1.1725320E-02
 4.6100    4.3072033E-05    1.1502893E-02   -1.1502893E-02
 4.6200    4.2073176E-05    1.1284936E-02   -1.1284936E-02
 4.6300    4.1099229E-05    1.1071476E-02   -1.1071476E-02
 4.6400    4.0147299E-05    1.0861809E-02   -1.0861809E-02
 4.6500    3.9212621E-05    1.0654710E-02   -1.0654710E-02
 4.6600    3.8290853E-05    1.0449048E-02   -1.0449048E-02
 4.6700    3.7380221E-05    1.0244375E-02   -1.0244375E-02
 4.6800    3.6482112E-05    1.0041106E-02   -1.0041106E-02
 4.6900    3.5599935E-05    9.8402187E-03   -9.8402187E-03
 4.7000    3.4737222E-05    9.6427447E-03   -9.6427447E-03
 4.7100    3.3896388E-05    9.4494188E-03   -9.4494188E-03
 4.7200    3.3078795E-05    9.2606940E-03   -9.2606940E-03
 4.7300    3.2285667E-05    9.0769912E-03   -9.0769912E-03
 4.7400    3.1518787E-05    8.8988943E-03   -8.8988943E-03
 4.7500    3.0780246E-05    8.7270842E-03   -8.7270842E-03
 4.7600    3.0071101E-05    8.5619581E-03   -8.5619581E-03
 4.7700    2.9389380E-05    8.4030519E-03   -8.4030519E-03
 4.7800    2.8728806E-05    8.2486567E-03   -8.2486567E-03
 4.7900    2.8080226E-05    8.0962048E-03   -8.0962048E-03
 4.8000    2.7436246E-05    7.9435937E-03   -7.9435937E-03
 4.8100    2.6796376E-05    7.7906928E-03   -7.7906928E-03
 4.8200    2.6168488E-05    7.6398101E-03   -7.6398101E-03
 4.8300    2.5564943E-05    7.4946086E-03   -7.4946086E-03
 4.8400    2.4996220E-05    7.3582567E-03   -7.3582567E-03
 4.8500    2.4466326E-05    7.2320612E-03   -7.2320612E-03
 4.8600    2.3971518E-05    7.1150498E-03   -7.1150498E-03
 4.8700    2.3500717E-05    7.0040444E-03   -7.0040444E-03
 4.8800    2.3036580E-05    6.8939402E-03   -6.8939402E-03
 4.8900    2.2559132E-05    6.7787554E-03   -6.7787554E-03
 4.9000    2.2053429E-05    6.6539288E-03   -6.6539288E-03
 4.9100    2.1517725E-05    6.5188233E-03   -6.5188233E-03
 4.9200    2.0965191E-05    6.3773301E-03   -6.3773301E-03
 4.9300    2.0416606E-05    6.2357292E-03   -6.2357292E-03
 4.9400    1.9889945E-05    6.0995436E-03   -6.0995436E-03
 4.9500    1.9395429E-05    5.9719980E-03   -5.9719980E-03
 4.9600    1.8937934E-05    5.8547159E-03   -5.8547159E-03
 4.9700    1.8520396E-05    5.7487433E-03   -5.7487433E-03
 4.9800    1.8141636E-05    5.6538592E-03   -5.6538592E-03
 4.9900    1.7790161E-05    5.5666105E-03   -5.5666105E-03
 5.0000    1.7442604E-05    5.4797556E-03   -5.4797556E-03
 5.0100    1.7072734E-05    5.3850332E-03   -5.3850332E-03
 5.0200    1.6666346E-05    5.2778579E-03   -5.2778579E-03
 5.0300    1.6230186E-05    5.1602332E-03   -5.1602332E-03
 5.0400    1.5787596E-05    5.0394940E-03   -5.0394940E-03
 5.0500    1.5364830E-05    4.9240264E-03   -4.9240264E-03
 5.0600    1.4978199E-05    4.8191505E-03   -4.8191505E-03
 5.0700    1.4628893E-05    4.7253855E-03   -4.7253855E-03
 5.0800    1.4305496E-05    4.6391693E-03   -4.6391693E-03
 5.0900    1.3990750E-05    4.5549795E-03   -4.5549795E-03
 5.1000    1.3669496E-05    4.4678926E-03   -4.4678926E-03
 5.1100    1.3335491E-05    4.3758323E-03   -4.3758323E-03
 5.1200    1.2994468E-05    4.2806360E-03   -4.2806360E-03
 5.1300    1.2661344E-05    4.1872068E-03   -4.1872068E-03
 5.1400    1.2352355E-05    4.1009631E-03   -4.1009631E-03
 5.1500    1.2076527E-05    4.0250046E-03   -4.0250046E-03
 5.1600    1.1831603E-05    3.9587024E-03   -3.9587024E-03
 5.1700    1.1606177E-05    3.8983439E-03   -3.8983439E-03
 5.1800    1.1385480E-05    3.8390233E-03   -3.8390233E-03
 5.1900    1.1156860E-05    3.7764744E-03   -3.7764744E-03
 5.2000    1.0912931E-05    3.7081557E-03   -3.7081557E-03
 5.2100    1.0652605E-05    3.6336337E-03   -3.6336337E-03
 5.2200    1.0380615E-05    3.5544628E-03   -3.5544628E-03
 5.2300    1.0105604E-05    3.4735656E-03   -3.4735656E-03
 5.2400    9.8370381E-06    3.3941950E-03   -3.3941950E-03
 5.2500    9.5821840E-06    3.3188909E-03   -3.3188909E-03
 5.2600    9.3445610E-06    3.2489293E-03   -3.2489293E-03
 5.2700    9.1241278E-06    3.1843621E-03   -3.1843621E-03
 5.2800    8.9181477E-06    3.1242974E-03   -3.1242974E-03
 5.2900    8.7218271E-06    3.0671053E-03   -3.0671053E-03
 5.3000    8.5290704E-06    3.0106710E-03   -3.0106710E-03
 5.3100    8.3342312E-06    2.9530068E-03   -2.9530068E-03
 5.3200    8.1346120E-06    2.8931435E-03   -2.8931435E-03
 5.3300    7.9319727E-06    2.8316886E-03   -2.8316886E-03
 5.3400    7.7315036E-06    2.7704884E-03   -2.7704884E-03
 5.3500    7.5387398E-06    2.7115410E-03   -2.7115410E-03
 5.3600    7.3566491E-06    2.6559475E-03   -2.6559475E-03
 5.3700    7.1847896E-06    2.6035894E-03   -2.6035894E-03
 5.3800    7.0205682E-06    2.5535636E-03   -2.5535636E-03
 5.3900    6.8612494E-06    2.5049012E-03   -2.5049012E-03
 5.4000    6.7054737E-06    2.4571227E-03   -2.4571227E-03
 5.4100    6.5538381E-06    2.4104610E-03   -2.4104610E-03
 5.4200    6.4084596E-06    2.3657132E-03   -2.3657132E-03
 5.4300    6.2715421E-06    2.3237204E-03   -2.3237204E-03
 5.4400    6.1435622E-06    2.2846934E-03   -2.2846934E-03
 5.4500    6.0224177E-06    2.2478832E-03   -2.2478832E-03
 5.4600    5.9044643E-06    2.2119518E-03   -2.2119518E-03
 5.4700    5.7867460E-06    2.1757998E-03   -2.1757998E-03
 5.4800    5.6686042E-06    2.1391789E-03   -2.1391789E-03
 5.4900    5.5515398E-06    2.1026549E-03   -2.1026549E-03
 5.5000    5.4378841E-06    2.0671176E-03   -2.0671176E-03
 5.5100    5.3296842E-06    2.0333612E-03   -2.0333612E-03
 5.5200    5.2285447E-06    2.0020220E-03   -2.0020220E-03
 5.5300    5.1359579E-06    1.9737020E-03   -1.9737020E-03
 5.5400    5.0532028E-06    1.9489295E-03   -1.9489295E-03
 5.5500    4.9804970E-06    1.9278290E-03   -1.9278290E-03
 5.5600    4.9159783E-06    1.9097187E-03   -1.9097187E-03
 5.5700    4.8554448E-06    1.8929942E-03   -1.8929942E-03
 5.5800    4.7933787E-06    1.8755127E-03   -1.8755127E-03
 5.5900    4.7249321E-06    1.8553637E-03   -1.8553637E-03
 5.6000    4.6477362E-06    1.8315863E-03   -1.8315863E-03
 5.6100    4.5621826E-06    1.8042979E-03   -1.8042979E-03
 5.6200    4.4697628E-06    1.7740546E-03   -1.7740546E-03
 5.6300    4.3708157E-06    1.7409614E-03   -1.7409614E-03
 5.6400    4.2639304E-06    1.7044261E-03   -1.7044261E-03
 5.6500    4.1478940E-06    1.6639275E-03   -1.6639275E-03
 5.6600    4.0245434E-06    1.6201654E-03   -1.6201654E-03
 5.6700    3.8999401E-06    1.5755563E-03   -1.5755563E-03
 5.6800    3.7828579E-06    1.5336511E-03   -1.5336511E-03
 5.6900    3.6817595E-06    1.4979241E-03   -1.4979241E-03
 5.7000    3.6022614E-06    1.4707363E-03   -1.4707363E-03
 5.7100    3.5465461E-06    1.4530738E-03   -1.4530738E-03
 5.7200    3.5149043E-06    1.4451583E-03   -1.4451583E-03
 5.7300    3.5077480E-06    1.4472631E-03   -1.4472631E-03
 5.7400    3.5250354E-06    1.4594766E-03   -1.4594766E-03
 5.7500    3.5614799E-06    1.4797081E-03   -1.4797081E-03
 5.7600    3.6007874E-06    1.5012476E-03   -1.5012476E-03
 5.7700    3.6162616E-06    1.5129387E-03   -1.5129387E-03
 5.7800    3.5821953E-06    1.5038856E-03   -1.5038856E-03
 5.7900    3.4904091E-06    1.4704265E-03   -1.4704265E-03
 5.8000    3.3586222E-06    1.4197995E-03   -1.4197995E-03
 5.8100    3.2219668E-06    1.3667315E-03   -1.3667315E-03
 5.8200    3.1130940E-06    1.3250982E-03   -1.3250982E-03
 5.8300    3.0457693E-06    1.3009002E-03   -1.3009002E-03
 5.8400    3.0124299E-06    1.2910781E-03   -1.2910781E-03
 5.8500    2.9939072E-06    1.2875377E-03   -1.2875377E-03
 5.8600    2.9718263E-06    1.2824148E-03   -1.2824148E-03
 5.8700    2.9357987E-06    1.2711955E-03   -1.2711955E-03
 5.8800    2.8838166E-06    1.2529454E-03   -1.2529454E-03
 5.8900    2.8191181E-06    1.2290052E-03   -1.2290052E-03
 5.9000    2.7475665E-06    1.2018827E-03   -1.2018827E-03
 5.9100    2.6767291E-06    1.1748685E-03   -1.1748685E-03
 5.9200    2.6144523E-06    1.1514206E-03   -1.1514206E-03
 5.9300    2.5649322E-06    1.1334312E-03   -1.1334312E-03
 5.9400    2.5244274E-06    1.1192978E-03   -1.1192978E-03
 5.9500    2.4816007E-06    1.1040168E-03   -1.1040168E-03
 5.9600    2.4242629E-06    1.0821366E-03   -1.0821366E-03
 5.9700    2.3477138E-06    1.0514864E-03   -1.0514864E-03
 5.9800    2.2576193E-06    1.0145254E-03   -1.0145254E-03
 5.9900    2.1654556E-06    9.7636634E-04   -9.7636634E-04
 6.0000    2.0813832E-06    9.4159559E-04   -9.4159559E-04
 6.0100    2.0106649E-06    9.1263789E-04   -9.1263789E-04
 6.0200    1.9550862E-06    8.9036641E-04   -8.9036641E-04
 6.0300    1.9161630E-06    8.7554192E-04   -8.7554192E-04
 6.0400    1.8966479E-06    8.6950173E-04   -8.6950173E-04
 6.0500    1.8997059E-06    8.7378982E-04   -8.7378982E-04
 6.0600    1.9271735E-06    8.8935660E-04   -8.8935660E-04
 6.0700    1.9777567E-06    9.1571454E-04   -9.1571454E-04
 6.0800    2.0446773E-06    9.4982104E-04   -9.4982104E-04
 6.0900    2.1131182E-06    9.8484580E-04   -9.8484580E-04
 6.1000    2.1606436E-06    1.0103054E-03   -1.0103054E-03
 6.1100    2.1640465E-06    1.0152170E-03   -1.0152170E-03
 6.1200    2.1107153E-06    9.9344164E-04   -9.9344164E-04
 6.1300    2.0063388E-06    9.4740373E-04   -9.4740373E-04
 6.1400    1.8719287E-06    8.8682090E-04   -8.8682090E-04
 6.1500    1.7321396E-06    8.2327133E-04   -8.2327133E-04
 6.1600    1.6042381E-06    7.6496247E-04   -7.6496247E-04
 6.1700    1.4950120E-06    7.1519566E-04   -7.1519566E-04
 6.1800    1.4046813E-06    6.7416256E-04   -6.7416256E-04
 6.1900    1.3317789E-06    6.4124394E-04   -6.4124394E-04
 6.2000    1.2750260E-06    6.1590296E-04   -6.1590296E-04
 6.2100    1.2330332E-06    5.9754115E-04   -5.9754115E-04
 6.2200    1.2042648E-06    5.8548075E-04   -5.8548075E-04
 6.2300    1.1876328E-06    5.7925280E-04   -5.7925280E-04
 6.2400    1.1822362E-06    5.7847329E-04   -5.7847329E-04
 6.2500    1.1856984E-06    5.8202834E-04   -5.8202834E-04
 6.2600    1.1927030E-06    5.8734168E-04   -5.8734168E-04
 6.2700    1.1957513E-06    5.9072563E-04   -5.9072563E-04
 6.2800    1.1882033E-06    5.8887066E-04   -5.8887066E-04
 6.2900    1.1673973E-06    5.8040328E-04   -5.8040328E-04
 6.3000    1.1354410E-06    5.6631171E-04   -5.6631171E-04
 6.3100    1.0973600E-06    5.4905736E-04   -5.4905736E-04
 6.3200    1.0585439E-06    5.3131599E-04   -5.3131599E-04
 6.3300    1.0235096E-06    5.1535819E-04   -5.1535819E-04
 6.3400    9.9605251E-07    5.0311888E-04   -5.0311888E-04
 6.3500    9.7930364E-07    4.9622048E-04   -4.9622048E-04
 6.3600    9.7470114E-07    4.9544514E-04   -4.9544514E-04
 6.3700    9.8042166E-07    4.9992128E-04   -4.9992128E-04
 6.3800    9.9058523E-07    5.0669086E-04   -5.0669086E-04
 6.3900    9.9620431E-07    5.1116369E-04   -5.1116369E-04
 6.4000    9.8800827E-07    5.0854618E-04   -5.0854618E-04
 6.4100    9.6019206E-07    4.9577433E-04   -4.9577433E-04
 6.4200    9.1314333E-07    4.7295397E-04   -4.7295397E-04
 6.4300    8.5336277E-07    4.4336918E-04   -4.4336918E-04
 6.4400    7.9058225E-07    4.1202983E-04   -4.1202983E-04
 6.4500    7.3405023E-07    3.8375590E-04   -3.8375590E-04
 6.4600    6.9013117E-07    3.6191496E-04   -3.6191496E-04
 6.4700    6.6175900E-07    3.4811143E-04   -3.4811143E-04
 6.4800    6.4878527E-07    3.4234253E-04   -3.4234253E-04
 6.4900    6.4827026E-07    3.4312736E-04   -3.4312736E-04
 6.5000    6.5478834E-07    3.4764622E-04   -3.4764622E-04
 6.5100    6.6142407E-07    3.5225068E-04   -3.5225068E-04
 6.5200    6.6164532E-07    3.5345188E-04   -3.5345188E-04
 6.5300    6.5131674E-07    3.4900244E-04   -3.4900244E-04
 6.5400    6.2983690E-07    3.3852712E-04   -3.3852712E-04
 6.5500    5.9997002E-07    3.2346107E-04   -3.2346107E-04
 6.5600    5.6665602E-07    3.0643407E-04   -3.0643407E-04
 6.5700    5.3530969E-07    2.9036597E-04   -2.9036597E-04
 6.5800    5.1007961E-07    2.7752340E-04   -2.7752340E-04
 6.5900    4.9263160E-07    2.6884561E-04   -2.6884561E-04
 6.6000    4.8202370E-07    2.6385549E-04   -2.6385549E-04
 6.6100    4.7572497E-07    2.6119733E-04   -2.6119733E-04
 6.6200    4.7108827E-07    2.5943474E-04   -2.5943474E-04
 6.6300    4.6639323E-07    2.5762569E-04   -2.5762569E-04
 6.6400    4.6110729E-07    2.5547476E-04   -2.5547476E-04
 6.6500    4.5562460E-07    2.5319803E-04   -2.5319803E-04
 6.6600    4.5086553E-07    2.5130745E-04   -2.5130745E-04
 6.6700    4.4786944E-07    2.5038768E-04   -2.5038768E-04
 6.6800    4.4732902E-07    2.5083600E-04   -2.5083600E-04
 6.6900    4.4909163E-07    2.5257889E-04   -2.5257889E-04
 6.7000    4.5186376E-07    2.5489833E-04   -2.5489833E-04
 6.7100    4.5343493E-07    2.5654873E-04   -2.5654873E-04
 6.7200    4.5150209E-07    2.5621714E-04   -2.5621714E-04
 6.7300    4.4473323E-07    2.5312764E-04   -2.5312764E-04
 6.7400    4.3344204E-07    2.4743475E-04   -2.4743475E-04
 6.7500    4.1943847E-07    2.4015170E-04   -2.4015170E-04
 6.7600    4.0514040E-07    2.3265308E-04   -2.3265308E-04
 6.7700    3.9248007E-07    2.2605016E-04   -2.2605016E-04
 6.7800    3.8221222E-07    2.2078716E-04   -2.2078716E-04
 6.7900    3.7392746E-07    2.1663907E-04   -2.1663907E-04
 6.8000    3.6663512E-07    2.1304030E-04   -2.1304030E-04
 6.8100    3.5949567E-07    2.0950662E-04   -2.0950662E-04
 6.8200    3.5228197E-07    2.0590601E-04   -2.0590601E-04
 6.8300    3.4535531E-07    2.0244983E-04   -2.0244983E-04
 6.8400    3.3921744E-07    1.9943448E-04   -1.9943448E-04
 6.8500    3.3394705E-07    1.9691038E-04   -1.9691038E-04
 6.8600    3.2893563E-07    1.9452213E-04   -1.9452213E-04
 6.8700    3.2317739E-07    1.9167449E-04   -1.9167449E-04
 6.8800    3.1597144E-07    1.8794664E-04   -1.8794664E-04
 6.8900    3.0753673E-07    1.8346165E-04   -1.8346165E-04
 6.9000    2.9903696E-07    1.7890930E-04   -1.7890930E-04
 6.9100    2.9192956E-07    1.7516367E-04   -1.7516367E-04
 6.9200    2.8710023E-07    1.7276493E-04   -1.7276493E-04
 6.9300    2.8444482E-07    1.7166208E-04   -1.7166208E-04
 6.9400    2.8315491E-07    1.7137715E-04   -1.7137715E-04
 6.9500    2.8229937E-07    1.7135208E-04   -1.7135208E-04
 6.9600    2.8108922E-07    1.7110887E-04   -1.7110887E-04
 6.9700    2.7872536E-07    1.7015781E-04   -1.7015781E-04
 6.9800    2.7431536E-07    1.6794645E-04   -1.6794645E-04
 6.9900    2.6722795E-07    1.6407639E-04   -1.6407639E-04
 7.0000    2.5757888E-07    1.5860475E-04   -1.5860475E-04
 7.0100    2.4623559E-07    1.5205361E-04   -1.5205361E-04
 7.0200    2.3424048E-07    1.4505945E-04   -1.4505945E-04
 7.0300    2.2224527E-07    1.3802350E-04   -1.3802350E-04
 7.0400    2.1055118E-07    1.3113326E-04   -1.3113326E-04
 7.0500    1.9965833E-07    1.2470261E-04   -1.2470261E-04
 7.0600    1.9064037E-07    1.1940819E-04   -1.1940819E-04
 7.0700    1.8480571E-07    1.1608178E-04   -1.1608178E-04
 7.0800    1.8281703E-07    1.1515771E-04   -1.1515771E-04
 7.0900    1.8400660E-07    1.1623468E-04   -1.1623468E-04
 7.1000    1.8651547E-07    1.1815210E-04   -1.1815210E-04
 7.1100    1.8821573E-07    1.1956525E-04   -1.1956525E-04
 7.1200    1.8775444E-07    1.1960796E-04   -1.1960796E-04
 7.1300    1.8501141E-07    1.1819183E-04   -1.1819183E-04
 7.1400    1.8077614E-07    1.1581036E-04   -1.1581036E-04
 7.1500    1.7603240E-07    1.1308749E-04   -1.1308749E-04
 7.1600    1.7140829E-07    1.1042509E-04   -1.1042509E-04
 7.1700    1.6706732E-07    1.0792938E-04   -1.0792938E-04
 7.1800    1.6293605E-07    1.0555430E-04   -1.0555430E-04
 7.1900    1.5900164E-07    1.0329261E-04   -1.0329261E-04
 7.2000    1.5547182E-07    1.0128067E-04   -1.0128067E-04
 7.2100    1.5272514E-07    9.9767924E-05   -9.9767924E-05
 7.2200    1.5110443E-07    9.8983193E-05   -9.8983193E-05
 7.2300    1.5069507E-07    9.8988674E-05   -9.8988674E-05
 7.2400    1.5123533E-07    9.9618556E-05   -9.9618556E-05
 7.2500    1.5221590E-07    1.0054162E-04   -1.0054162E-04
 7.2600    1.5309775E-07    1.0140326E-04   -1.0140326E-04
 7.2700    1.5350609E-07    1.0195401E-04   -1.0195401E-04
 7.2800    1.5330002E-07    1.0209743E-04   -1.0209743E-04
 7.2900    1.5252401E-07    1.0185988E-04   -1.0185988E-04
