# total charge: 6.000000 
# r(A)     rho (e/A^3)     4*pi*r^2*rho(e/A)  dip  
 0.0000    1.5648634E+00    0.0000000E+00    4.7873074E+01
 0.0100    1.5634944E+00    1.9647450E-03    4.7632341E+01
 0.0200    1.5617661E+00    7.8502928E-03    4.6917273E+01
 0.0300    1.5596080E+00    1.7638751E-02    4.5748899E+01
 0.0400    1.5569463E+00    3.1304262E-02    4.4161113E+01
 0.0500    1.5537017E+00    4.8810978E-02    4.2199028E+01
 0.0600    1.5497882E+00    7.0110766E-02    3.9916842E+01
 0.0700    1.5451203E+00    9.5141116E-02    3.7375331E+01
 0.0800    1.5396315E+00    1.2382451E-01    3.4639162E+01
 0.0900    1.5332928E+00    1.5607019E-01    3.1774160E+01
 0.1000    1.5261183E+00    1.9177768E-01    2.8844709E+01
 0.1100    1.5181547E+00    2.3084011E-01    2.5911421E+01
 0.1200    1.5094634E+00    2.7314606E-01    2.3029181E+01
 0.1300    1.5001055E+00    3.1857989E-01    2.0245651E+01
 0.1400    1.4901353E+00    3.6702161E-01    1.7600274E+01
 0.1500    1.4796003E+00    4.1834714E-01    1.5123764E+01
 0.1600    1.4685448E+00    4.7242952E-01    1.2838071E+01
 0.1700    1.4570127E+00    5.2914056E-01    1.0756749E+01
 0.1800    1.4450492E+00    5.8835237E-01    8.8856666E+00
 0.1900    1.4326987E+00    6.4993802E-01    7.2239598E+00
 0.2000    1.4200031E+00    7.1377143E-01    5.7651446E+00
 0.2100    1.4070004E+00    7.7972720E-01    4.4983043E+00
 0.2200    1.3937258E+00    8.4768123E-01    3.4092699E+00
 0.2300    1.3802135E+00    9.1751211E-01    2.4817324E+00
 0.2400    1.3664983E+00    9.8910282E-01    1.6982408E+00
 0.2500    1.3526158E+00    1.0623419E+00    1.0410541E+00
 0.2600    1.3386019E+00    1.1371244E+00    4.9283186E-01
 0.2700    1.3244923E+00    1.2133521E+00    3.7160117E-02
 0.2800    1.3103213E+00    1.2909331E+00   -3.4107891E-01
 0.2900    1.2961210E+00    1.3697818E+00   -6.5547795E-01
 0.3000    1.2819201E+00    1.4498174E+00   -9.1799563E-01
 0.3100    1.2677437E+00    1.5309631E+00   -1.1389448E+00
 0.3200    1.2536138E+00    1.6131457E+00   -1.3270551E+00
 0.3300    1.2395499E+00    1.6962965E+00   -1.4895883E+00
 0.3400    1.2255702E+00    1.7803521E+00   -1.6324858E+00
 0.3500    1.2116915E+00    1.8652541E+00   -1.7605322E+00
 0.3600    1.1979288E+00    1.9509488E+00   -1.8775206E+00
 0.3700    1.1842944E+00    2.0373845E+00   -1.9864109E+00
 0.3800    1.1707975E+00    2.1245102E+00   -2.0894766E+00
 0.3900    1.1574437E+00    2.2122743E+00   -2.1884356E+00
 0.4000    1.1442365E+00    2.3006239E+00   -2.2845643E+00
 0.4100    1.1311770E+00    2.3895060E+00   -2.3787946E+00
 0.4200    1.1182653E+00    2.4788673E+00   -2.4717942E+00
 0.4300    1.1055005E+00    2.5686547E+00   -2.5640304E+00
 0.4400    1.0928802E+00    2.6588129E+00   -2.6558198E+00
 0.4500    1.0803991E+00    2.7492808E+00   -2.7473628E+00
 0.4600    1.0680479E+00    2.8399864E+00   -2.8387695E+00
 0.4700    1.0558137E+00    2.9308452E+00   -2.9300808E+00
 0.4800    1.0436818E+00    3.0217634E+00   -3.0212881E+00
 0.4900    1.0316380E+00    3.1126434E+00   -3.1123507E+00
 0.5000    1.0196697E+00    3.2033869E+00   -3.2032084E+00
 0.5100    1.0077646E+00    3.2938917E+00   -3.2937840E+00
 0.5200    9.9590849E-01    3.3840439E+00   -3.3839795E+00
 0.5300    9.8408410E-01    3.4737121E+00   -3.4736740E+00
 0.5400    9.7227251E-01    3.5627503E+00   -3.5627281E+00
 0.5500    9.6045639E-01    3.6510089E+00   -3.6509960E+00
 0.5600    9.4862248E-01    3.7383446E+00   -3.7383372E+00
 0.5700    9.3676108E-01    3.8246211E+00   -3.8246169E+00
 0.5800    9.2486268E-01    3.9096971E+00   -3.9096947E+00
 0.5900    9.1291416E-01    3.9934093E+00   -3.9934080E+00
 0.6000    9.0089748E-01    4.0755642E+00   -4.0755635E+00
 0.6100    8.8879192E-01    4.1559435E+00   -4.1559431E+00
 0.6200    8.7657823E-01    4.2343224E+00   -4.2343222E+00
 0.6300    8.6424214E-01    4.3104876E+00   -4.3104875E+00
 0.6400    8.5177509E-01    4.3842443E+00   -4.3842442E+00
 0.6500    8.3917237E-01    4.4554108E+00   -4.4554107E+00
 0.6600    8.2643021E-01    4.5238054E+00   -4.5238054E+00
 0.6700    8.1354383E-01    4.5892363E+00   -4.5892363E+00
 0.6800    8.0050710E-01    4.6514984E+00   -4.6514984E+00
 0.6900    7.8731384E-01    4.7103799E+00   -4.7103799E+00
 0.7000    7.7396005E-01    4.7656757E+00   -4.7656757E+00
 0.7100    7.6044611E-01    4.8172036E+00   -4.8172036E+00
 0.7200    7.4677730E-01    4.8648109E+00   -4.8648109E+00
 0.7300    7.3296218E-01    4.9083684E+00   -4.9083684E+00
 0.7400    7.1901007E-01    4.9477560E+00   -4.9477560E+00
 0.7500    7.0493033E-01    4.9828589E+00   -4.9828589E+00
 0.7600    6.9073380E-01    5.0135778E+00   -5.0135778E+00
 0.7700    6.7643444E-01    5.0398432E+00   -5.0398432E+00
 0.7800    6.6204899E-01    5.0616161E+00   -5.0616161E+00
 0.7900    6.4759421E-01    5.0788689E+00   -5.0788689E+00
 0.8000    6.3308390E-01    5.0915628E+00   -5.0915628E+00
 0.8100    6.1852815E-01    5.0996383E+00   -5.0996383E+00
 0.8200    6.0393568E-01    5.1030316E+00   -5.1030316E+00
 0.8300    5.8931800E-01    5.1017098E+00   -5.1017098E+00
 0.8400    5.7469301E-01    5.0957059E+00   -5.0957059E+00
 0.8500    5.6008588E-01    5.0851332E+00   -5.0851332E+00
 0.8600    5.4552638E-01    5.0701700E+00   -5.0701700E+00
 0.8700    5.3104408E-01    5.0510183E+00   -5.0510183E+00
 0.8800    5.1666392E-01    5.0278620E+00   -5.0278620E+00
 0.8900    5.0240480E-01    5.0008480E+00   -5.0008480E+00
 0.9000    4.8828163E-01    4.9701017E+00   -4.9701017E+00
 0.9100    4.7430890E-01    4.9357587E+00   -4.9357587E+00
 0.9200    4.6050268E-01    4.8979876E+00   -4.8979876E+00
 0.9300    4.4688034E-01    4.8569878E+00   -4.8569878E+00
 0.9400    4.3345909E-01    4.8129759E+00   -4.8129759E+00
 0.9500    4.2025515E-01    4.7661764E+00   -4.7661764E+00
 0.9600    4.0728408E-01    4.7168250E+00   -4.7168250E+00
 0.9700    3.9456118E-01    4.6651722E+00   -4.6651722E+00
 0.9800    3.8210106E-01    4.6114792E+00   -4.6114792E+00
 0.9900    3.6991718E-01    4.5560109E+00   -4.5560109E+00
 1.0000    3.5802181E-01    4.4990347E+00   -4.4990347E+00
 1.0100    3.4642648E-01    4.4408253E+00   -4.4408253E+00
 1.0200    3.3514186E-01    4.3816621E+00   -4.3816621E+00
 1.0300    3.2417690E-01    4.3218170E+00   -4.3218170E+00
 1.0400    3.1353780E-01    4.2615389E+00   -4.2615389E+00
 1.0500    3.0322757E-01    4.2010432E+00   -4.2010432E+00
 1.0600    2.9324628E-01    4.1405125E+00   -4.1405125E+00
 1.0700    2.8359200E-01    4.0801055E+00   -4.0801055E+00
 1.0800    2.7426190E-01    4.0199704E+00   -4.0199704E+00
 1.0900    2.6525283E-01    3.9602526E+00   -3.9602526E+00
 1.1000    2.5656125E-01    3.9010929E+00   -3.9010929E+00
 1.1100    2.4818274E-01    3.8426196E+00   -3.8426196E+00
 1.1200    2.4011168E-01    3.7849417E+00   -3.7849417E+00
 1.1300    2.3234131E-01    3.7281484E+00   -3.7281484E+00
 1.1400    2.2486384E-01    3.6723088E+00   -3.6723088E+00
 1.1500    2.1767041E-01    3.6174700E+00   -3.6174700E+00
 1.1600    2.1075095E-01    3.5636528E+00   -3.5636528E+00
 1.1700    2.0409427E-01    3.5108511E+00   -3.5108511E+00
 1.1800    1.9768828E-01    3.4590338E+00   -3.4590338E+00
 1.1900    1.9152023E-01    3.4081480E+00   -3.4081480E+00
 1.2000    1.8557697E-01    3.3581217E+00   -3.3581217E+00
 1.2100    1.7984535E-01    3.3088708E+00   -3.3088708E+00
 1.2200    1.7431288E-01    3.2603108E+00   -3.2603108E+00
 1.2300    1.6896849E-01    3.2123719E+00   -3.2123719E+00
 1.2400    1.6380289E-01    3.1650079E+00   -3.1650079E+00
 1.2500    1.5880851E-01    3.1181978E+00   -3.1181978E+00
 1.2600    1.5397920E-01    3.0719421E+00   -3.0719421E+00
 1.2700    1.4930988E-01    3.0262574E+00   -3.0262574E+00
 1.2800    1.4479629E-01    2.9811734E+00   -2.9811734E+00
 1.2900    1.4043472E-01    2.9367283E+00   -2.9367283E+00
 1.3000    1.3622166E-01    2.8929621E+00   -2.8929621E+00
 1.3100    1.3215339E-01    2.8499075E+00   -2.8499075E+00
 1.3200    1.2822575E-01    2.8075853E+00   -2.8075853E+00
 1.3300    1.2443423E-01    2.7660053E+00   -2.7660053E+00
 1.3400    1.2077426E-01    2.7251716E+00   -2.7251716E+00
 1.3500    1.1724138E-01    2.6850868E+00   -2.6850868E+00
 1.3600    1.1383122E-01    2.6457516E+00   -2.6457516E+00
 1.3700    1.1053934E-01    2.6071610E+00   -2.6071610E+00
 1.3800    1.0736103E-01    2.5692995E+00   -2.5692995E+00
 1.3900    1.0429144E-01    2.5321425E+00   -2.5321425E+00
 1.4000    1.0132584E-01    2.4956642E+00   -2.4956642E+00
 1.4100    9.8460112E-02    2.4598488E+00   -2.4598488E+00
 1.4200    9.5690964E-02    2.4246970E+00   -2.4246970E+00
 1.4300    9.3015708E-02    2.3902220E+00   -2.3902220E+00
 1.4400    9.0431701E-02    2.3564355E+00   -2.3564355E+00
 1.4500    8.7935844E-02    2.3233348E+00   -2.3233348E+00
 1.4600    8.5524449E-02    2.2908986E+00   -2.2908986E+00
 1.4700    8.3193523E-02    2.2590927E+00   -2.2590927E+00
 1.4800    8.0939174E-02    2.2278814E+00   -2.2278814E+00
 1.4900    7.8757848E-02    2.1972336E+00   -2.1972336E+00
 1.5000    7.6646333E-02    2.1671240E+00   -2.1671240E+00
 1.5100    7.4601682E-02    2.1375308E+00   -2.1375308E+00
 1.5200    7.2621202E-02    2.1084362E+00   -2.1084362E+00
 1.5300    7.0702546E-02    2.0798297E+00   -2.0798297E+00
 1.5400    6.8843750E-02    2.0517093E+00   -2.0517093E+00
 1.5500    6.7043099E-02    2.0240785E+00   -2.0240785E+00
 1.5600    6.5298849E-02    1.9969380E+00   -1.9969380E+00
 1.5700    6.3608991E-02    1.9702787E+00   -1.9702787E+00
 1.5800    6.1971235E-02    1.9440803E+00   -1.9440803E+00
 1.5900    6.0383221E-02    1.9183170E+00   -1.9183170E+00
 1.6000    5.8842741E-02    1.8929656E+00   -1.8929656E+00
 1.6100    5.7347834E-02    1.8680076E+00   -1.8680076E+00
 1.6200    5.5896738E-02    1.8434288E+00   -1.8434288E+00
 1.6300    5.4487837E-02    1.8192176E+00   -1.8192176E+00
 1.6400    5.3119638E-02    1.7953646E+00   -1.7953646E+00
 1.6500    5.1790738E-02    1.7718618E+00   -1.7718618E+00
 1.6600    5.0499784E-02    1.7487010E+00   -1.7487010E+00
 1.6700    4.9245456E-02    1.7258735E+00   -1.7258735E+00
 1.6800    4.8026491E-02    1.7033711E+00   -1.7033711E+00
 1.6900    4.6841695E-02    1.6811864E+00   -1.6811864E+00
 1.7000    4.5689911E-02    1.6593119E+00   -1.6593119E+00
 1.7100    4.4569942E-02    1.6377370E+00   -1.6377370E+00
 1.7200    4.3480548E-02    1.6164481E+00   -1.6164481E+00
 1.7300    4.2420535E-02    1.5954317E+00   -1.5954317E+00
 1.7400    4.1388918E-02    1.5746805E+00   -1.5746805E+00
 1.7500    4.0385022E-02    1.5541978E+00   -1.5541978E+00
 1.7600    3.9408409E-02    1.5339956E+00   -1.5339956E+00
 1.7700    3.8458643E-02    1.5140853E+00   -1.5140853E+00
 1.7800    3.7535032E-02    1.4944681E+00   -1.4944681E+00
 1.7900    3.6636578E-02    1.4751318E+00   -1.4751318E+00
 1.8000    3.5762228E-02    1.4560606E+00   -1.4560606E+00
 1.8100    3.4911268E-02    1.4372511E+00   -1.4372511E+00
 1.8200    3.4083446E-02    1.4187182E+00   -1.4187182E+00
 1.8300    3.3278606E-02    1.4004808E+00   -1.4004808E+00
 1.8400    3.2496021E-02    1.3825336E+00   -1.3825336E+00
 1.8500    3.1734069E-02    1.3648317E+00   -1.3648317E+00
 1.8600    3.0990693E-02    1.3473085E+00   -1.3473085E+00
 1.8700    3.0264394E-02    1.3299186E+00   -1.3299186E+00
 1.8800    2.9554919E-02    1.3126693E+00   -1.3126693E+00
 1.8900    2.8863026E-02    1.2956131E+00   -1.2956131E+00
 1.9000    2.8189567E-02    1.2788084E+00   -1.2788084E+00
 1.9100    2.7534683E-02    1.2622829E+00   -1.2622829E+00
 1.9200    2.6897718E-02    1.2460279E+00   -1.2460279E+00
 1.9300    2.6277734E-02    1.2300206E+00   -1.2300206E+00
 1.9400    2.5674068E-02    1.2142497E+00   -1.2142497E+00
 1.9500    2.5086522E-02    1.1987249E+00   -1.1987249E+00
 1.9600    2.4515150E-02    1.1834681E+00   -1.1834681E+00
 1.9700    2.3959902E-02    1.1684963E+00   -1.1684963E+00
 1.9800    2.3420340E-02    1.1538077E+00   -1.1538077E+00
 1.9900    2.2895541E-02    1.1393756E+00   -1.1393756E+00
 2.0000    2.2384221E-02    1.1251537E+00   -1.1251537E+00
 2.0100    2.1885003E-02    1.1110883E+00   -1.1110883E+00
 2.0200    2.1396700E-02    1.0971333E+00   -1.0971333E+00
 2.0300    2.0918497E-02    1.0832593E+00   -1.0832593E+00
 2.0400    2.0449957E-02    1.0694552E+00   -1.0694552E+00
 2.0500    1.9990894E-02    1.0557226E+00   -1.0557226E+00
 2.0600    1.9541154E-02    1.0420643E+00   -1.0420643E+00
 2.0700    1.9100438E-02    1.0284753E+00   -1.0284753E+00
 2.0800    1.8668275E-02    1.0149409E+00   -1.0149409E+00
 2.0900    1.8244184E-02    1.0014445E+00   -1.0014445E+00
 2.1000    1.7827895E-02    9.8798082E-01   -9.8798082E-01
 2.1100    1.7419473E-02    9.7456268E-01   -9.7456268E-01
 2.1200    1.7019246E-02    9.6121799E-01   -9.6121799E-01
 2.1300    1.6627578E-02    9.4797755E-01   -9.4797755E-01
 2.1400    1.6244598E-02    9.3485955E-01   -9.3485955E-01
 2.1500    1.5869982E-02    9.2185630E-01   -9.2185630E-01
 2.1600    1.5502845E-02    9.0892653E-01   -9.0892653E-01
 2.1700    1.5141784E-02    8.9599666E-01   -8.9599666E-01
 2.1800    1.4785153E-02    8.8297557E-01   -8.8297557E-01
 2.1900    1.4431556E-02    8.6978367E-01   -8.6978367E-01
 2.2000    1.4080372E-02    8.5638563E-01   -8.5638563E-01
 2.2100    1.3732002E-02    8.4280724E-01   -8.4280724E-01
 2.2200    1.3387637E-02    8.2912446E-01   -8.2912446E-01
 2.2300    1.3048722E-02    8.1543163E-01   -8.1543163E-01
 2.2400    1.2716437E-02    8.0180978E-01   -8.0180978E-01
 2.2500    1.2391489E-02    7.8831249E-01   -7.8831249E-01
 2.2600    1.2074223E-02    7.7497189E-01   -7.7497189E-01
 2.2700    1.1764834E-02    7.6181126E-01   -7.6181126E-01
 2.2800    1.1463405E-02    7.4884716E-01   -7.4884716E-01
 2.2900    1.1169712E-02    7.3607628E-01   -7.3607628E-01
 2.3000    1.0883010E-02    7.2346005E-01   -7.2346005E-01
 2.3100    1.0602049E-02    7.1092474E-01   -7.1092474E-01
 2.3200    1.0325412E-02    6.9838229E-01   -6.9838229E-01
 2.3300    1.0051981E-02    6.8576194E-01   -6.8576194E-01
 2.3400    9.7813385E-03    6.7303844E-01   -6.7303844E-01
 2.3500    9.5139347E-03    6.6024596E-01   -6.6024596E-01
 2.3600    9.2509692E-03    6.4747217E-01   -6.4747217E-01
 2.3700    8.9939875E-03    6.3483203E-01   -6.3483203E-01
 2.3800    8.7443170E-03    6.2242879E-01   -6.2242879E-01
 2.3900    8.5025790E-03    6.1031823E-01   -6.1031823E-01
 2.4000    8.2685343E-03    5.9849549E-01   -5.9849549E-01
 2.4100    8.0413657E-03    5.8691304E-01   -5.8691304E-01
 2.4200    7.8202260E-03    5.7551931E-01   -5.7551931E-01
 2.4300    7.6046991E-03    5.6429271E-01   -5.6429271E-01
 2.4400    7.3948993E-03    5.5325046E-01   -5.5325046E-01
 2.4500    7.1912244E-03    5.4243147E-01   -5.4243147E-01
 2.4600    6.9940218E-03    5.3187192E-01   -5.3187192E-01
 2.4700    6.8034329E-03    5.2159314E-01   -5.2159314E-01
 2.4800    6.6194474E-03    5.1160521E-01   -5.1160521E-01
 2.4900    6.4419849E-03    5.0191279E-01   -5.0191279E-01
 2.5000    6.2708533E-03    4.9251167E-01   -4.9251167E-01
 2.5100    6.1056420E-03    4.8337996E-01   -4.8337996E-01
 2.5200    5.9457284E-03    4.7447793E-01   -4.7447793E-01
 2.5300    5.7904831E-03    4.6576377E-01   -4.6576377E-01
 2.5400    5.6395584E-03    4.5721702E-01   -4.5721702E-01
 2.5500    5.4930494E-03    4.4885258E-01   -4.4885258E-01
 2.5600    5.3513818E-03    4.4071287E-01   -4.4071287E-01
 2.5700    5.2149718E-03    4.3284069E-01   -4.3284069E-01
 2.5800    5.0838886E-03    4.2525096E-01   -4.2525096E-01
 2.5900    4.9577709E-03    4.1792259E-01   -4.1792259E-01
 2.6000    4.8360565E-03    4.1081654E-01   -4.1081654E-01
 2.6100    4.7183105E-03    4.0390329E-01   -4.0390329E-01
 2.6200    4.6043490E-03    3.9717389E-01   -3.9717389E-01
 2.6300    4.4940504E-03    3.9062433E-01   -3.9062433E-01
 2.6400    4.3870664E-03    3.8423058E-01   -3.8423058E-01
 2.6500    4.2827764E-03    3.7794361E-01   -3.7794361E-01
 2.6600    4.1805945E-03    3.7171594E-01   -3.7171594E-01
 2.6700    4.0803726E-03    3.6553773E-01   -3.6553773E-01
 2.6800    3.9825202E-03    3.5944913E-01   -3.5944913E-01
 2.6900    3.8877229E-03    3.5351654E-01   -3.5351654E-01
 2.7000    3.7964931E-03    3.4779234E-01   -3.4779234E-01
 2.7100    3.7088899E-03    3.4228856E-01   -3.4228856E-01
 2.7200    3.6245661E-03    3.3697967E-01   -3.3697967E-01
 2.7300    3.5430506E-03    3.3182760E-01   -3.3182760E-01
 2.7400    3.4640307E-03    3.2680803E-01   -3.2680803E-01
 2.7500    3.3874340E-03    3.2191862E-01   -3.2191862E-01
 2.7600    3.3132830E-03    3.1716596E-01   -3.1716596E-01
 2.7700    3.2414953E-03    3.1254661E-01   -3.1254661E-01
 2.7800    3.1718329E-03    3.0804187E-01   -3.0804187E-01
 2.7900    3.1040439E-03    3.0363101E-01   -3.0363101E-01
 2.8000    3.0380516E-03    2.9930989E-01   -2.9930989E-01
 2.8100    2.9740165E-03    2.9509773E-01   -2.9509773E-01
 2.8200    2.9122184E-03    2.9102615E-01   -2.9102615E-01
 2.8300    2.8528453E-03    2.8711835E-01   -2.8711835E-01
 2.8400    2.7958276E-03    2.8337200E-01   -2.8337200E-01
 2.8500    2.7407928E-03    2.7975367E-01   -2.7975367E-01
 2.8600    2.6871174E-03    2.7620312E-01   -2.7620312E-01
 2.8700    2.6340360E-03    2.7264363E-01   -2.7264363E-01
 2.8800    2.5808312E-03    2.6900134E-01   -2.6900134E-01
 2.8900    2.5271285E-03    2.6523625E-01   -2.6523625E-01
 2.9000    2.4731554E-03    2.6137092E-01   -2.6137092E-01
 2.9100    2.4196943E-03    2.5748762E-01   -2.5748762E-01
 2.9200    2.3676187E-03    2.5368064E-01   -2.5368064E-01
 2.9300    2.3172853E-03    2.4999114E-01   -2.4999114E-01
 2.9400    2.2682594E-03    2.4637534E-01   -2.4637534E-01
 2.9500    2.2196246E-03    2.4273557E-01   -2.4273557E-01
 2.9600    2.1706653E-03    2.3899354E-01   -2.3899354E-01
 2.9700    2.1214031E-03    2.3515053E-01   -2.3515053E-01
 2.9800    2.0725918E-03    2.3128963E-01   -2.3128963E-01
 2.9900    2.0252101E-03    2.2752144E-01   -2.2752144E-01
 3.0000    1.9798663E-03    2.2391760E-01   -2.2391760E-01
 3.0100    1.9365343E-03    2.2047941E-01   -2.2047941E-01
 3.0200    1.8947243E-03    2.1715497E-01   -2.1715497E-01
 3.0300    1.8538768E-03    2.1388286E-01   -2.1388286E-01
 3.0400    1.8136846E-03    2.1062931E-01   -2.1062931E-01
 3.0500    1.7741770E-03    2.0739892E-01   -2.0739892E-01
 3.0600    1.7355857E-03    2.0422024E-01   -2.0422024E-01
 3.0700    1.6981377E-03    2.0112198E-01   -2.0112198E-01
 3.0800    1.6619221E-03    1.9811710E-01   -1.9811710E-01
 3.0900    1.6268819E-03    1.9520136E-01   -1.9520136E-01
 3.1000    1.5928799E-03    1.9236067E-01   -1.9236067E-01
 3.1100    1.5597569E-03    1.8957784E-01   -1.8957784E-01
 3.1200    1.5273480E-03    1.8683449E-01   -1.8683449E-01
 3.1300    1.4954784E-03    1.8411055E-01   -1.8411055E-01
 3.1400    1.4639783E-03    1.8138602E-01   -1.8138602E-01
 3.1500    1.4327304E-03    1.7864688E-01   -1.7864688E-01
 3.1600    1.4017281E-03    1.7589270E-01   -1.7589270E-01
 3.1700    1.3711010E-03    1.7314017E-01   -1.7314017E-01
 3.1800    1.3410739E-03    1.7041853E-01   -1.7041853E-01
 3.1900    1.3118731E-03    1.6775793E-01   -1.6775793E-01
 3.2000    1.2836246E-03    1.6517635E-01   -1.6517635E-01
 3.2100    1.2563013E-03    1.6267235E-01   -1.6267235E-01
 3.2200    1.2297465E-03    1.6022755E-01   -1.6022755E-01
 3.2300    1.2037571E-03    1.5781700E-01   -1.5781700E-01
 3.2400    1.1781799E-03    1.5542165E-01   -1.5542165E-01
 3.2500    1.1529772E-03    1.5303731E-01   -1.5303731E-01
 3.2600    1.1282406E-03    1.5067693E-01   -1.5067693E-01
 3.2700    1.1041400E-03    1.4836433E-01   -1.4836433E-01
 3.2800    1.0808141E-03    1.4611962E-01   -1.4611962E-01
 3.2900    1.0582470E-03    1.4394239E-01   -1.4394239E-01
 3.3000    1.0362223E-03    1.4180471E-01   -1.4180471E-01
 3.3100    1.0144120E-03    1.3966264E-01   -1.3966264E-01
 3.3200    9.9256156E-04    1.3748125E-01   -1.3748125E-01
 3.3300    9.7063999E-04    1.3525599E-01   -1.3525599E-01
 3.3400    9.4885083E-04    1.3301504E-01   -1.3301504E-01
 3.3500    9.2750146E-04    1.3080191E-01   -1.3080191E-01
 3.3600    9.0683168E-04    1.2865157E-01   -1.2865157E-01
 3.3700    8.8691762E-04    1.2657646E-01   -1.2657646E-01
 3.3800    8.6769621E-04    1.2456928E-01   -1.2456928E-01
 3.3900    8.4905995E-04    1.2261613E-01   -1.2261613E-01
 3.4000    8.3093165E-04    1.2070715E-01   -1.2070715E-01
 3.4100    8.1327000E-04    1.1883746E-01   -1.1883746E-01
 3.4200    7.9603218E-04    1.1700184E-01   -1.1700184E-01
 3.4300    7.7915445E-04    1.1519183E-01   -1.1519183E-01
 3.4400    7.6257836E-04    1.1339952E-01   -1.1339952E-01
 3.4500    7.4629212E-04    1.1162383E-01   -1.1162383E-01
 3.4600    7.3033722E-04    1.0987161E-01   -1.0987161E-01
 3.4700    7.1476829E-04    1.0815188E-01   -1.0815188E-01
 3.4800    6.9960343E-04    1.0646829E-01   -1.0646829E-01
 3.4900    6.8480999E-04    1.0481678E-01   -1.0481678E-01
 3.5000    6.7033348E-04    1.0318982E-01   -1.0318982E-01
 3.5100    6.5614056E-04    1.0158299E-01   -1.0158299E-01
 3.5200    6.4224404E-04    9.9998912E-02   -9.9998912E-02
 3.5300    6.2869823E-04    9.8446780E-02   -9.8446780E-02
 3.5400    6.1557072E-04    9.6938064E-02   -9.6938064E-02
 3.5500    6.0290351E-04    9.5480434E-02   -9.5480434E-02
 3.5600    5.9068055E-04    9.4072467E-02   -9.4072467E-02
 3.5700    5.7882064E-04    9.2702257E-02   -9.2702257E-02
 3.5800    5.6720576E-04    9.1351682E-02   -9.1351682E-02
 3.5900    5.5573256E-04    9.0004578E-02   -9.0004578E-02
 3.6000    5.4435554E-04    8.8653833E-02   -8.8653833E-02
 3.6100    5.3309429E-04    8.7302826E-02   -8.7302826E-02
 3.6200    5.2200358E-04    8.5960807E-02   -8.5960807E-02
 3.6300    5.1113179E-04    8.4636172E-02   -8.4636172E-02
 3.6400    5.0049765E-04    8.3332551E-02   -8.3332551E-02
 3.6500    4.9009731E-04    8.2049873E-02   -8.2049873E-02
 3.6600    4.7992977E-04    8.0788533E-02   -8.0788533E-02
 3.6700    4.7001431E-04    7.9552361E-02   -7.9552361E-02
 3.6800    4.6038033E-04    7.8346979E-02   -7.8346979E-02
 3.6900    4.5103346E-04    7.7174062E-02   -7.7174062E-02
 3.7000    4.4192629E-04    7.6026176E-02   -7.6026176E-02
 3.7100    4.3296429E-04    7.4887574E-02   -7.4887574E-02
 3.7200    4.2405276E-04    7.3742123E-02   -7.3742123E-02
 3.7300    4.1515392E-04    7.2583293E-02   -7.2583293E-02
 3.7400    4.0631020E-04    7.1418512E-02   -7.1418512E-02
 3.7500    3.9761502E-04    7.0264374E-02   -7.0264374E-02
 3.7600    3.8915500E-04    6.9136623E-02   -6.9136623E-02
 3.7700    3.8096703E-04    6.8042453E-02   -6.8042453E-02
 3.7800    3.7303434E-04    6.6979558E-02   -6.6979558E-02
 3.7900    3.6531160E-04    6.5940425E-02   -6.5940425E-02
 3.8000    3.5775281E-04    6.4917250E-02   -6.4917250E-02
 3.8100    3.5032444E-04    6.3904325E-02   -6.3904325E-02
 3.8200    3.4300611E-04    6.2898234E-02   -6.2898234E-02
 3.8300    3.3579081E-04    6.1897944E-02   -6.1897944E-02
 3.8400    3.2868956E-04    6.0905740E-02   -6.0905740E-02
 3.8500    3.2173332E-04    5.9927666E-02   -5.9927666E-02
 3.8600    3.1496262E-04    5.8971678E-02   -5.8971678E-02
 3.8700    3.0840641E-04    5.8043713E-02   -5.8043713E-02
 3.8800    3.0206386E-04    5.7144190E-02   -5.7144190E-02
 3.8900    2.9590316E-04    5.6267635E-02   -5.6267635E-02
 3.9000    2.8987878E-04    5.5405836E-02   -5.5405836E-02
 3.9100    2.8395478E-04    5.4552237E-02   -5.4552237E-02
 3.9200    2.7811812E-04    5.3704576E-02   -5.3704576E-02
 3.9300    2.7237666E-04    5.2864587E-02   -5.2864587E-02
 3.9400    2.6674869E-04    5.2036084E-02   -5.2036084E-02
 3.9500    2.6125483E-04    5.1223398E-02   -5.1223398E-02
 3.9600    2.5591450E-04    5.0430716E-02   -5.0430716E-02
 3.9700    2.5074151E-04    4.9661188E-02   -4.9661188E-02
 3.9800    2.4573444E-04    4.8914997E-02   -4.8914997E-02
 3.9900    2.4086767E-04    4.8187475E-02   -4.8187475E-02
 4.0000    2.3609427E-04    4.7469571E-02   -4.7469571E-02
 4.0100    2.3136480E-04    4.6751537E-02   -4.6751537E-02
 4.0200    2.2665111E-04    4.6027757E-02   -4.6027757E-02
 4.0300    2.2195817E-04    4.5299258E-02   -4.5299258E-02
 4.0400    2.1731617E-04    4.4572258E-02   -4.4572258E-02
 4.0500    2.1276036E-04    4.3854143E-02   -4.3854143E-02
 4.0600    2.0831230E-04    4.3149608E-02   -4.3149608E-02
 4.0700    2.0397159E-04    4.2458864E-02   -4.2458864E-02
 4.0800    1.9971940E-04    4.1778269E-02   -4.1778269E-02
 4.0900    1.9553018E-04    4.1102693E-02   -4.1102693E-02
 4.1000    1.9138576E-04    4.0428459E-02   -4.0428459E-02
 4.1100    1.8728516E-04    3.9755469E-02   -3.9755469E-02
 4.1200    1.8324557E-04    3.9087490E-02   -3.9087490E-02
 4.1300    1.7929395E-04    3.8430461E-02   -3.8430461E-02
 4.1400    1.7545408E-04    3.7789750E-02   -3.7789750E-02
 4.1500    1.7173644E-04    3.7167942E-02   -3.7167942E-02
 4.1600    1.6813660E-04    3.6564428E-02   -3.6564428E-02
 4.1700    1.6464234E-04    3.5976880E-02   -3.5976880E-02
 4.1800    1.6124271E-04    3.5403199E-02   -3.5403199E-02
 4.1900    1.5793008E-04    3.4841974E-02   -3.4841974E-02
 4.2000    1.5469311E-04    3.4290942E-02   -3.4290942E-02
 4.2100    1.5150943E-04    3.3745334E-02   -3.3745334E-02
 4.2200    1.4834970E-04    3.3198729E-02   -3.3198729E-02
 4.2300    1.4519365E-04    3.2646620E-02   -3.2646620E-02
 4.2400    1.4204446E-04    3.2089716E-02   -3.2089716E-02
 4.2500    1.3892757E-04    3.1533790E-02   -3.1533790E-02
 4.2600    1.3587460E-04    3.0986131E-02   -3.0986131E-02
 4.2700    1.3290626E-04    3.0451666E-02   -3.0451666E-02
 4.2800    1.3002660E-04    2.9931577E-02   -2.9931577E-02
 4.2900    1.2722911E-04    2.9424625E-02   -2.9424625E-02
 4.3000    1.2450689E-04    2.8929450E-02   -2.8929450E-02
 4.3100    1.2185941E-04    2.8446149E-02   -2.8446149E-02
 4.3200    1.1929313E-04    2.7976461E-02   -2.7976461E-02
 4.3300    1.1681695E-04    2.7522731E-02   -2.7522731E-02
 4.3400    1.1443493E-04    2.7086191E-02   -2.7086191E-02
 4.3500    1.1213870E-04    2.6665142E-02   -2.6665142E-02
 4.3600    1.0990351E-04    2.6253936E-02   -2.6253936E-02
 4.3700    1.0769295E-04    2.5844017E-02   -2.5844017E-02
 4.3800    1.0547404E-04    2.5427501E-02   -2.5427501E-02
 4.3900    1.0323499E-04    2.5001486E-02   -2.5001486E-02
 4.4000    1.0099115E-04    2.4569626E-02   -2.4569626E-02
 4.4100    9.8772233E-05    2.4139147E-02   -2.4139147E-02
 4.4200    9.6600563E-05    2.3715597E-02   -2.3715597E-02
 4.4300    9.4479213E-05    2.3299875E-02   -2.3299875E-02
 4.4400    9.2398588E-05    2.2889755E-02   -2.2889755E-02
 4.4500    9.0352194E-05    2.2483742E-02   -2.2483742E-02
 4.4600    8.8345129E-05    2.2083209E-02   -2.2083209E-02
 4.4700    8.6388947E-05    2.1691176E-02   -2.1691176E-02
 4.4800    8.4491182E-05    2.1309697E-02   -2.1309697E-02
 4.4900    8.2650956E-05    2.0938734E-02   -2.0938734E-02
 4.5000    8.0862995E-05    2.0577126E-02   -2.0577126E-02
 4.5100    7.9123369E-05    2.0224031E-02   -2.0224031E-02
 4.5200    7.7430982E-05    1.9879319E-02   -1.9879319E-02
 4.5300    7.5785304E-05    1.9543001E-02   -1.9543001E-02
 4.5400    7.4184162E-05    1.9214663E-02   -1.9214663E-02
 4.5500    7.2623338E-05    1.8893345E-02   -1.8893345E-02
 4.5600    7.1096984E-05    1.8577648E-02   -1.8577648E-02
 4.5700    6.9598026E-05    1.8265821E-02   -1.8265821E-02
 4.5800    6.8119144E-05    1.7956017E-02   -1.7956017E-02
 4.5900    6.6654846E-05    1.7646841E-02   -1.7646841E-02
 4.6000    6.5203677E-05    1.7337945E-02   -1.7337945E-02
 4.6100    6.3768925E-05    1.7030242E-02   -1.7030242E-02
 4.6200    6.2357420E-05    1.6725609E-02   -1.6725609E-02
 4.6300    6.0977668E-05    1.6426410E-02   -1.6426410E-02
 4.6400    5.9638333E-05    1.6135087E-02   -1.6135087E-02
 4.6500    5.8346295E-05    1.5853642E-02   -1.5853642E-02
 4.6600    5.7103240E-05    1.5582691E-02   -1.5582691E-02
 4.6700    5.5902291E-05    1.5320510E-02   -1.5320510E-02
 4.6800    5.4728543E-05    1.5063138E-02   -1.5063138E-02
 4.6900    5.3565164E-05    1.4806008E-02   -1.4806008E-02
 4.7000    5.2401604E-05    1.4546220E-02   -1.4546220E-02
 4.7100    5.1238060E-05    1.4283819E-02   -1.4283819E-02
 4.7200    5.0083384E-05    1.4021276E-02   -1.4021276E-02
 4.7300    4.8948803E-05    1.3761768E-02   -1.3761768E-02
 4.7400    4.7842429E-05    1.3507649E-02   -1.3507649E-02
 4.7500    4.6768096E-05    1.3260099E-02   -1.3260099E-02
 4.7600    4.5727919E-05    1.3019827E-02   -1.3019827E-02
 4.7700    4.4724677E-05    1.2787741E-02   -1.2787741E-02
 4.7800    4.3760663E-05    1.2564626E-02   -1.2564626E-02
 4.7900    4.2833950E-05    1.2350059E-02   -1.2350059E-02
 4.8000    4.1936607E-05    1.2141871E-02   -1.2141871E-02
 4.8100    4.1057867E-05    1.1937033E-02   -1.1937033E-02
 4.8200    4.0190223E-05    1.1733413E-02   -1.1733413E-02
 4.8300    3.9333413E-05    1.1530968E-02   -1.1530968E-02
 4.8400    3.8493249E-05    1.1331441E-02   -1.1331441E-02
 4.8500    3.7676548E-05    1.1136903E-02   -1.1136903E-02
 4.8600    3.6885788E-05    1.0948168E-02   -1.0948168E-02
 4.8700    3.6116644E-05    1.0764037E-02   -1.0764037E-02
 4.8800    3.5359561E-05    1.0581723E-02   -1.0581723E-02
 4.8900    3.4604476E-05    1.0398241E-02   -1.0398241E-02
 4.9000    3.3846008E-05    1.0211969E-02   -1.0211969E-02
 4.9100    3.3085849E-05    1.0023402E-02   -1.0023402E-02
 4.9200    3.2330943E-05    9.8346395E-03   -9.8346395E-03
 4.9300    3.1589600E-05    9.6482340E-03   -9.6482340E-03
 4.9400    3.0869664E-05    9.4666357E-03   -9.4666357E-03
 4.9500    3.0180278E-05    9.2927337E-03   -9.2927337E-03
 4.9600    2.9533549E-05    9.1303802E-03   -9.1303802E-03
 4.9700    2.8940420E-05    8.9831256E-03   -8.9831256E-03
 4.9800    2.8399941E-05    8.8508706E-03   -8.8508706E-03
 4.9900    2.7889768E-05    8.7268166E-03   -8.7268166E-03
 5.0000    2.7369063E-05    8.5982448E-03   -8.5982448E-03
 5.0100    2.6797129E-05    8.4522742E-03   -8.4522742E-03
 5.0200    2.6156914E-05    8.2833077E-03   -8.2833077E-03
 5.0300    2.5466052E-05    8.0966891E-03   -8.0966891E-03
 5.0400    2.4767148E-05    7.9058203E-03   -7.9058203E-03
 5.0500    2.4105159E-05    7.7250734E-03   -7.7250734E-03
 5.0600    2.3507191E-05    7.5633054E-03   -7.5633054E-03
 5.0700    2.2974214E-05    7.4210687E-03   -7.4210687E-03
 5.0800    2.2484590E-05    7.2915904E-03   -7.2915904E-03
 5.0900    2.2005261E-05    7.1642700E-03   -7.1642700E-03
 5.1000    2.1506957E-05    7.0295770E-03   -7.0295770E-03
 5.1100    2.0979113E-05    6.8839673E-03   -6.8839673E-03
 5.1200    2.0437477E-05    6.7325109E-03   -6.7325109E-03
 5.1300    1.9918151E-05    6.5870904E-03   -6.5870904E-03
 5.1400    1.9459253E-05    6.4604426E-03   -6.4604426E-03
 5.1500    1.9080391E-05    6.3593334E-03   -6.3593334E-03
 5.1600    1.8772045E-05    6.2808851E-03   -6.2808851E-03
 5.1700    1.8499851E-05    6.2138274E-03   -6.2138274E-03
 5.1800    1.8219701E-05    6.1434259E-03   -6.1434259E-03
 5.1900    1.7895235E-05    6.0573405E-03   -6.0573405E-03
 5.2000    1.7510334E-05    5.9499182E-03   -5.9499182E-03
 5.2100    1.7072446E-05    5.8234593E-03   -5.8234593E-03
 5.2200    1.6606540E-05    5.6863034E-03   -5.6863034E-03
 5.2300    1.6143375E-05    5.5489087E-03   -5.5489087E-03
 5.2400    1.5707934E-05    5.4199030E-03   -5.4199030E-03
 5.2500    1.5312896E-05    5.3037835E-03   -5.3037835E-03
 5.2600    1.4958379E-05    5.2007489E-03   -5.2007489E-03
 5.2700    1.4635697E-05    5.1079249E-03   -5.1079249E-03
 5.2800    1.4331838E-05    5.0208772E-03   -5.0208772E-03
 5.2900    1.4033093E-05    4.9348576E-03   -4.9348576E-03
 5.3000    1.3728266E-05    4.8459315E-03   -4.8459315E-03
 5.3100    1.3411906E-05    4.7521421E-03   -4.7521421E-03
 5.3200    1.3086326E-05    4.6542625E-03   -4.6542625E-03
 5.3300    1.2760222E-05    4.5553578E-03   -4.5553578E-03
 5.3400    1.2443679E-05    4.4590382E-03   -4.4590382E-03
 5.3500    1.2142640E-05    4.3674760E-03   -4.3674760E-03
 5.3600    1.1856950E-05    4.2806766E-03   -4.2806766E-03
 5.3700    1.1583141E-05    4.1974428E-03   -4.1974428E-03
 5.3800    1.1318809E-05    4.1169456E-03   -4.1169456E-03
 5.3900    1.1064498E-05    4.0394209E-03   -4.0394209E-03
 5.4000    1.0822100E-05    3.9656004E-03   -3.9656004E-03
 5.4100    1.0592211E-05    3.8957496E-03   -3.8957496E-03
 5.4200    1.0373132E-05    3.8292908E-03   -3.8292908E-03
 5.4300    1.0161752E-05    3.7651140E-03   -3.7651140E-03
 5.4400    9.9548407E-06    3.7020474E-03   -3.7020474E-03
 5.4500    9.7498311E-06    3.6391500E-03   -3.6391500E-03
 5.4600    9.5453953E-06    3.5759305E-03   -3.5759305E-03
 5.4700    9.3420536E-06    3.5125852E-03   -3.5125852E-03
 5.4800    9.1422502E-06    3.4500396E-03   -3.4500396E-03
 5.4900    8.9493119E-06    3.3895668E-03   -3.3895668E-03
 5.5000    8.7657927E-06    3.3321645E-03   -3.3321645E-03
 5.5100    8.5925238E-06    3.2781876E-03   -3.2781876E-03
 5.5200    8.4290528E-06    3.2275040E-03   -3.2275040E-03
 5.5300    8.2747223E-06    3.1799007E-03   -3.1799007E-03
 5.5400    8.1291473E-06    3.1352659E-03   -3.1352659E-03
 5.5500    7.9918448E-06    3.0934484E-03   -3.0934484E-03
 5.5600    7.8618142E-06    3.0540928E-03   -3.0540928E-03
 5.5700    7.7375547E-06    3.0166435E-03   -3.0166435E-03
 5.5800    7.6170508E-06    2.9803352E-03   -2.9803352E-03
 5.5900    7.4973555E-06    2.9440256E-03   -2.9440256E-03
 5.6000    7.3744221E-06    2.9061225E-03   -2.9061225E-03
 5.6100    7.2439069E-06    2.8648932E-03   -2.8648932E-03
 5.6200    7.1023543E-06    2.8189335E-03   -2.8189335E-03
 5.6300    6.9475231E-06    2.7673026E-03   -2.7673026E-03
 5.6400    6.7779140E-06    2.7093439E-03   -2.7093439E-03
 5.6500    6.5931246E-06    2.6448317E-03   -2.6448317E-03
 5.6600    6.3960810E-06    2.5748781E-03   -2.5748781E-03
 5.6700    6.1957769E-06    2.5030628E-03   -2.5030628E-03
 5.6800    6.0074310E-06    2.4355403E-03   -2.4355403E-03
 5.6900    5.8480827E-06    2.3792929E-03   -2.3792929E-03
 5.7000    5.7293541E-06    2.3391886E-03   -2.3391886E-03
 5.7100    5.6525016E-06    2.3159158E-03   -2.3159158E-03
 5.7200    5.6100772E-06    2.3065919E-03   -2.3065919E-03
 5.7300    5.5927887E-06    2.3075309E-03   -2.3075309E-03
 5.7400    5.5945167E-06    2.3163076E-03   -2.3163076E-03
 5.7500    5.6094990E-06    2.3306101E-03   -2.3306101E-03
 5.7600    5.6239768E-06    2.3447598E-03   -2.3447598E-03
 5.7700    5.6124466E-06    2.3480844E-03   -2.3480844E-03
 5.7800    5.5469132E-06    2.3287181E-03   -2.3287181E-03
 5.7900    5.4155526E-06    2.2814438E-03   -2.2814438E-03
 5.8000    5.2358586E-06    2.2133687E-03   -2.2133687E-03
 5.8100    5.0493615E-06    2.1418971E-03   -2.1418971E-03
 5.8200    4.9000184E-06    2.0857082E-03   -2.0857082E-03
 5.8300    4.8117081E-06    2.0551629E-03   -2.0551629E-03
 5.8400    4.7793278E-06    2.0483416E-03   -2.0483416E-03
 5.8500    4.7760390E-06    2.0539481E-03   -2.0539481E-03
 5.8600    4.7688906E-06    2.0578914E-03   -2.0578914E-03
 5.8700    4.7330989E-06    2.0494232E-03   -2.0494232E-03
 5.8800    4.6591825E-06    2.0242970E-03   -2.0242970E-03
 5.8900    4.5524637E-06    1.9846638E-03   -1.9846638E-03
 5.9000    4.4282394E-06    1.9370685E-03   -1.9370685E-03
 5.9100    4.3059798E-06    1.8899783E-03   -1.8899783E-03
 5.9200    4.2029718E-06    1.8510142E-03   -1.8510142E-03
 5.9300    4.1268784E-06    1.8236476E-03   -1.8236476E-03
 5.9400    4.0702804E-06    1.8047086E-03   -1.8047086E-03
 5.9500    4.0130345E-06    1.7853225E-03   -1.7853225E-03
 5.9600    3.9337639E-06    1.7559440E-03   -1.7559440E-03
 5.9700    3.8230787E-06    1.7122681E-03   -1.7122681E-03
 5.9800    3.6884303E-06    1.6575011E-03   -1.6575011E-03
 5.9900    3.5478440E-06    1.5996613E-03   -1.5996613E-03
 6.0000    3.4192803E-06    1.5468459E-03   -1.5468459E-03
 6.0100    3.3141739E-06    1.5042988E-03   -1.5042988E-03
 6.0200    3.2375854E-06    1.4744297E-03   -1.4744297E-03
 6.0300    3.1913212E-06    1.4581930E-03   -1.4581930E-03
 6.0400    3.1759880E-06    1.4560041E-03   -1.4560041E-03
 6.0500    3.1913323E-06    1.4678871E-03   -1.4678871E-03
 6.0600    3.2362089E-06    1.4934534E-03   -1.4934534E-03
 6.0700    3.3080130E-06    1.5316321E-03   -1.5316321E-03
 6.0800    3.3995081E-06    1.5791853E-03   -1.5791853E-03
 6.0900    3.4932413E-06    1.6280699E-03   -1.6280699E-03
 6.1000    3.5593921E-06    1.6643527E-03   -1.6643527E-03
 6.1100    3.5640607E-06    1.6720043E-03   -1.6720043E-03
 6.1200    3.4862901E-06    1.6408777E-03   -1.6408777E-03
 6.1300    3.3312380E-06    1.5730281E-03   -1.5730281E-03
 6.1400    3.1277439E-06    1.4817597E-03   -1.4817597E-03
 6.1500    2.9122563E-06    1.3841708E-03   -1.3841708E-03
 6.1600    2.7126782E-06    1.2935093E-03   -1.2935093E-03
 6.1700    2.5428084E-06    1.2164488E-03   -1.2164488E-03
 6.1800    2.4060956E-06    1.1547812E-03   -1.1547812E-03
 6.1900    2.3007602E-06    1.1078030E-03   -1.1078030E-03
 6.2000    2.2220654E-06    1.0733716E-03   -1.0733716E-03
 6.2100    2.1637684E-06    1.0485855E-03   -1.0485855E-03
 6.2200    2.1211218E-06    1.0312317E-03   -1.0312317E-03
 6.2300    2.0935015E-06    1.0210787E-03   -1.0210787E-03
 6.2400    2.0830281E-06    1.0192346E-03   -1.0192346E-03
 6.2500    2.0893171E-06    1.0255911E-03   -1.0255911E-03
 6.2600    2.1051278E-06    1.0366615E-03   -1.0366615E-03
 6.2700    2.1175193E-06    1.0460979E-03   -1.0460979E-03
 6.2800    2.1141446E-06    1.0477649E-03   -1.0477649E-03
 6.2900    2.0896592E-06    1.0389308E-03   -1.0389308E-03
 6.3000    2.0473485E-06    1.0211340E-03   -1.0211340E-03
 6.3100    1.9955433E-06    9.9845784E-04   -9.9845784E-04
 6.3200    1.9427090E-06    9.7510589E-04   -9.7510589E-04
 6.3300    1.8951470E-06    9.5424564E-04   -9.5424564E-04
 6.3400    1.8575439E-06    9.3826920E-04   -9.3826920E-04
 6.3500    1.8336098E-06    9.2910381E-04   -9.2910381E-04
 6.3600    1.8248324E-06    9.2757083E-04   -9.2757083E-04
 6.3700    1.8282150E-06    9.3221482E-04   -9.3221482E-04
 6.3800    1.8352235E-06    9.3872891E-04   -9.3872891E-04
 6.3900    1.8332515E-06    9.4066209E-04   -9.4066209E-04
 6.4000    1.8093970E-06    9.3133020E-04   -9.3133020E-04
 6.4100    1.7552285E-06    9.0627413E-04   -9.0627413E-04
 6.4200    1.6704523E-06    8.6519501E-04   -8.6519501E-04
 6.4300    1.5635047E-06    8.1232721E-04   -8.1232721E-04
 6.4400    1.4487400E-06    7.5504362E-04   -7.5504362E-04
 6.4500    1.3419991E-06    7.0158699E-04   -7.0158699E-04
 6.4600    1.2568189E-06    6.5909437E-04   -6.5909437E-04
 6.4700    1.2020679E-06    6.3233528E-04   -6.3233528E-04
 6.4800    1.1803776E-06    6.2284624E-04   -6.2284624E-04
 6.4900    1.1870542E-06    6.2830399E-04   -6.2830399E-04
 6.5000    1.2104268E-06    6.4265090E-04   -6.4265090E-04
 6.5100    1.2347125E-06    6.5756346E-04   -6.5756346E-04
 6.5200    1.2448252E-06    6.6498743E-04   -6.6498743E-04
 6.5300    1.2309296E-06    6.5958299E-04   -6.5958299E-04
 6.5400    1.1908215E-06    6.4004723E-04   -6.4004723E-04
 6.5500    1.1298639E-06    6.0914207E-04   -6.0914207E-04
 6.5600    1.0591113E-06    5.7274215E-04   -5.7274215E-04
 6.5700    9.9194120E-07    5.3805483E-04   -5.3805483E-04
 6.5800    9.3960880E-07    5.1122105E-04   -5.1122105E-04
 6.5900    9.0735922E-07    4.9517641E-04   -4.9517641E-04
 6.6000    8.9330924E-07    4.8898953E-04   -4.8898953E-04
 6.6100    8.9070660E-07    4.8904346E-04   -4.8904346E-04
 6.6200    8.9178388E-07    4.9111756E-04   -4.9111756E-04
 6.6300    8.9080990E-07    4.9206441E-04   -4.9206441E-04
 6.6400    8.8534990E-07    4.9052480E-04   -4.9052480E-04
 6.6500    8.7616549E-07    4.8689947E-04   -4.8689947E-04
 6.6600    8.6634339E-07    4.8289019E-04   -4.8289019E-04
 6.6700    8.5984792E-07    4.8071002E-04   -4.8071002E-04
 6.6800    8.5979889E-07    4.8212502E-04   -4.8212502E-04
 6.6900    8.6722686E-07    4.8774724E-04   -4.8774724E-04
 6.7000    8.8096426E-07    4.9695579E-04   -4.9695579E-04
 6.7100    8.9854096E-07    5.0838506E-04   -5.0838506E-04
 6.7200    9.1732479E-07    5.2056090E-04   -5.2056090E-04
