# total charge: 7.000000 
# r(A)     rho (e/A^3)     4*pi*r^2*rho(e/A)  dip  
 0.0000    2.5213789E+00    0.0000000E+00    5.5851919E+01
 0.0100    2.5189314E+00    3.1653826E-03    5.5570191E+01
 0.0200    2.5158412E+00    1.2645997E-02    5.4733331E+01
 0.0300    2.5119808E+00    2.8409833E-02    5.3365884E+01
 0.0400    2.5072166E+00    5.0410580E-02    5.1507409E+01
 0.0500    2.5014041E+00    7.8583926E-02    4.9210562E+01
 0.0600    2.4943851E+00    1.1284332E-01    4.6538601E+01
 0.0700    2.4860016E+00    1.5307608E-01    4.3562475E+01
 0.0800    2.4761284E+00    1.9914206E-01    4.0357675E+01
 0.0900    2.4647069E+00    2.5087661E-01    3.7001058E+01
 0.1000    2.4517553E+00    3.0809666E-01    3.3567805E+01
 0.1100    2.4373491E+00    3.7060645E-01    3.0128698E+01
 0.1200    2.4215894E+00    4.3820049E-01    2.6747847E+01
 0.1300    2.4045758E+00    5.1066377E-01    2.3480939E+01
 0.1400    2.3863952E+00    5.8777120E-01    2.0374074E+01
 0.1500    2.3671219E+00    6.6928794E-01    1.7463175E+01
 0.1600    2.3468246E+00    7.5497134E-01    1.4773946E+01
 0.1700    2.3255731E+00    8.4457400E-01    1.2322297E+01
 0.1800    2.3034395E+00    9.3784635E-01    1.0115176E+01
 0.1900    2.2804955E+00    1.0345376E+00    8.1516765E+00
 0.2000    2.2568073E+00    1.1343951E+00    6.4243403E+00
 0.2100    2.2324337E+00    1.2371633E+00    4.9205402E+00
 0.2200    2.2074287E+00    1.3425853E+00    3.6238577E+00
 0.2300    2.1818456E+00    1.4504059E+00    2.5153794E+00
 0.2400    2.1557410E+00    1.5603748E+00    1.5748595E+00
 0.2500    2.1291742E+00    1.6722495E+00    7.8171256E-01
 0.2600    2.1022056E+00    1.7857956E+00    1.1582010E-01
 0.2700    2.0748938E+00    1.9007861E+00   -4.4185526E-01
 0.2800    2.0472941E+00    2.0170012E+00   -9.0883799E-01
 0.2900    2.0194588E+00    2.1342282E+00   -1.3008736E+00
 0.3000    1.9914373E+00    2.2522626E+00   -1.6318038E+00
 0.3100    1.9632776E+00    2.3709094E+00   -1.9135547E+00
 0.3200    1.9350256E+00    2.4899839E+00   -2.1562116E+00
 0.3300    1.9067255E+00    2.6093114E+00   -2.3681517E+00
 0.3400    1.8784179E+00    2.7287259E+00   -2.5562152E+00
 0.3500    1.8501395E+00    2.8480685E+00   -2.7258929E+00
 0.3600    1.8219227E+00    2.9671863E+00   -2.8815200E+00
 0.3700    1.7937957E+00    3.0859316E+00   -3.0264624E+00
 0.3800    1.7657840E+00    3.2041633E+00   -3.1632907E+00
 0.3900    1.7379111E+00    3.3217476E+00   -3.2939359E+00
 0.4000    1.7101989E+00    3.4385588E+00   -3.4198226E+00
 0.4100    1.6826664E+00    3.5544760E+00   -3.5419794E+00
 0.4200    1.6553282E+00    3.6693788E+00   -3.6611268E+00
 0.4300    1.6281932E+00    3.7831426E+00   -3.7777476E+00
 0.4400    1.6012663E+00    3.8956396E+00   -3.8921477E+00
 0.4500    1.5745518E+00    4.0067463E+00   -4.0045086E+00
 0.4600    1.5480570E+00    4.1163517E+00   -4.1149320E+00
 0.4700    1.5217918E+00    4.2243590E+00   -4.2234673E+00
 0.4800    1.4957646E+00    4.3306748E+00   -4.3301203E+00
 0.4900    1.4699767E+00    4.4351926E+00   -4.4348511E+00
 0.5000    1.4444216E+00    4.5377842E+00   -4.5375761E+00
 0.5100    1.4190884E+00    4.6383089E+00   -4.6381833E+00
 0.5200    1.3939688E+00    4.7366316E+00   -4.7365565E+00
 0.5300    1.3690596E+00    4.8326346E+00   -4.8325902E+00
 0.5400    1.3443596E+00    4.9262092E+00   -4.9261832E+00
 0.5500    1.3198631E+00    5.0172312E+00   -5.0172161E+00
 0.5600    1.2955547E+00    5.1055397E+00   -5.1055311E+00
 0.5700    1.2714120E+00    5.1909383E+00   -5.1909334E+00
 0.5800    1.2474125E+00    5.2732205E+00   -5.2732178E+00
 0.5900    1.2235419E+00    5.3522047E+00   -5.3522032E+00
 0.6000    1.1997967E+00    5.4277522E+00   -5.4277514E+00
 0.6100    1.1761808E+00    5.4997584E+00   -5.4997579E+00
 0.6200    1.1526981E+00    5.5681228E+00   -5.5681226E+00
 0.6300    1.1293467E+00    5.6327210E+00   -5.6327208E+00
 0.6400    1.1061185E+00    5.6933972E+00   -5.6933971E+00
 0.6500    1.0830038E+00    5.7499830E+00   -5.7499830E+00
 0.6600    1.0599963E+00    5.8023255E+00   -5.8023255E+00
 0.6700    1.0370962E+00    5.8503052E+00   -5.8503052E+00
 0.6800    1.0143085E+00    5.8938317E+00   -5.8938317E+00
 0.6900    9.9163862E-01    5.9328242E+00   -5.9328242E+00
 0.7000    9.6908986E-01    5.9671917E+00   -5.9671917E+00
 0.7100    9.4666218E-01    5.9968279E+00   -5.9968279E+00
 0.7200    9.2435458E-01    6.0216215E+00   -6.0216215E+00
 0.7300    9.0216848E-01    6.0414785E+00   -6.0414785E+00
 0.7400    8.8011025E-01    6.0563419E+00   -6.0563419E+00
 0.7500    8.5819079E-01    6.0661933E+00   -6.0661933E+00
 0.7600    8.3642273E-01    6.0710370E+00   -6.0710370E+00
 0.7700    8.1481779E-01    6.0708823E+00   -6.0708823E+00
 0.7800    7.9338705E-01    6.0657454E+00   -6.0657454E+00
 0.7900    7.7214420E-01    6.0556736E+00   -6.0556736E+00
 0.8000    7.5110866E-01    6.0407742E+00   -6.0407742E+00
 0.8100    7.3030557E-01    6.0212203E+00   -6.0212203E+00
 0.8200    7.0976196E-01    5.9972242E+00   -5.9972242E+00
 0.8300    6.8950142E-01    5.9689950E+00   -5.9689950E+00
 0.8400    6.6954073E-01    5.9367045E+00   -5.9367045E+00
 0.8500    6.4988992E-01    5.9004824E+00   -5.9004824E+00
 0.8600    6.3055566E-01    5.8604396E+00   -5.8604396E+00
 0.8700    6.1154574E-01    5.8167087E+00   -5.8167087E+00
 0.8800    5.9287260E-01    5.7694789E+00   -5.7694789E+00
 0.8900    5.7455382E-01    5.7190066E+00   -5.7190066E+00
 0.9000    5.5660970E-01    5.6655967E+00   -5.6655967E+00
 0.9100    5.3905980E-01    5.6095703E+00   -5.6095703E+00
 0.9200    5.2192084E-01    5.5512419E+00   -5.5512419E+00
 0.9300    5.0520676E-01    5.4909175E+00   -5.4909175E+00
 0.9400    4.8892986E-01    5.4289037E+00   -5.4289037E+00
 0.9500    4.7310105E-01    5.3655097E+00   -5.3655097E+00
 0.9600    4.5772892E-01    5.3010351E+00   -5.3010351E+00
 0.9700    4.4281849E-01    5.2357522E+00   -5.2357522E+00
 0.9800    4.2837085E-01    5.1698975E+00   -5.1698975E+00
 0.9900    4.1438359E-01    5.1036726E+00   -5.1036726E+00
 1.0000    4.0085166E-01    5.0372505E+00   -5.0372505E+00
 1.0100    3.8776856E-01    4.9707876E+00   -4.9707876E+00
 1.0200    3.7512811E-01    4.9044444E+00   -4.9044444E+00
 1.0300    3.6292601E-01    4.8384072E+00   -4.8384072E+00
 1.0400    3.5115984E-01    4.7728896E+00   -4.7728896E+00
 1.0500    3.3982673E-01    4.7081034E+00   -4.7081034E+00
 1.0600    3.2892021E-01    4.6442132E+00   -4.6442132E+00
 1.0700    3.1842845E-01    4.5813058E+00   -4.5813058E+00
 1.0800    3.0833492E-01    4.5193928E+00   -4.5193928E+00
 1.0900    2.9862067E-01    4.4584379E+00   -4.4584379E+00
 1.1000    2.8926644E-01    4.3983855E+00   -4.3983855E+00
 1.1100    2.8025340E-01    4.3391704E+00   -4.3391704E+00
 1.1200    2.7156272E-01    4.2807124E+00   -4.2807124E+00
 1.1300    2.6317518E-01    4.2229085E+00   -4.2229085E+00
 1.1400    2.5507154E-01    4.1656385E+00   -4.1656385E+00
 1.1500    2.4723363E-01    4.1087819E+00   -4.1087819E+00
 1.1600    2.3964538E-01    4.0522377E+00   -4.0522377E+00
 1.1700    2.3229338E-01    3.9959351E+00   -3.9959351E+00
 1.1800    2.2516678E-01    3.9398366E+00   -3.9398366E+00
 1.1900    2.1825706E-01    3.8839362E+00   -3.8839362E+00
 1.2000    2.1155770E-01    3.8282580E+00   -3.8282580E+00
 1.2100    2.0506384E-01    3.7728514E+00   -3.7728514E+00
 1.2200    1.9877168E-01    3.7177829E+00   -3.7177829E+00
 1.2300    1.9267779E-01    3.6631250E+00   -3.6631250E+00
 1.2400    1.8677866E-01    3.6089469E+00   -3.6089469E+00
 1.2500    1.8107045E-01    3.5553100E+00   -3.5553100E+00
 1.2600    1.7554895E-01    3.5022664E+00   -3.5022664E+00
 1.2700    1.7020964E-01    3.4498600E+00   -3.4498600E+00
 1.2800    1.6504778E-01    3.3981261E+00   -3.3981261E+00
 1.2900    1.6005833E-01    3.3470913E+00   -3.3470913E+00
 1.3000    1.5523601E-01    3.2967730E+00   -3.2967730E+00
 1.3100    1.5057546E-01    3.2471822E+00   -3.2471822E+00
 1.3200    1.4607150E-01    3.1983296E+00   -3.1983296E+00
 1.3300    1.4171925E-01    3.1502281E+00   -3.1502281E+00
 1.3400    1.3751405E-01    3.1028912E+00   -3.1028912E+00
 1.3500    1.3345104E-01    3.0563237E+00   -3.0563237E+00
 1.3600    1.2952482E-01    3.0105143E+00   -3.0105143E+00
 1.3700    1.2572958E-01    2.9654353E+00   -2.9654353E+00
 1.3800    1.2205934E-01    2.9210504E+00   -2.9210504E+00
 1.3900    1.1850852E-01    2.8773259E+00   -2.8773259E+00
 1.4000    1.1507222E-01    2.8342387E+00   -2.8342387E+00
 1.4100    1.1174626E-01    2.7917793E+00   -2.7917793E+00
 1.4200    1.0852702E-01    2.7499478E+00   -2.7499478E+00
 1.4300    1.0541107E-01    2.7087451E+00   -2.7087451E+00
 1.4400    1.0239478E-01    2.6681649E+00   -2.6681649E+00
 1.4500    9.9474275E-02    2.6281893E+00   -2.6281893E+00
 1.4600    9.6645511E-02    2.5887926E+00   -2.5887926E+00
 1.4700    9.3904544E-02    2.5499469E+00   -2.5499469E+00
 1.4800    9.1247722E-02    2.5116281E+00   -2.5116281E+00
 1.4900    8.8671684E-02    2.4738158E+00   -2.4738158E+00
 1.5000    8.6173266E-02    2.4364917E+00   -2.4364917E+00
 1.5100    8.3749452E-02    2.3996380E+00   -2.3996380E+00
 1.5200    8.1397483E-02    2.3632410E+00   -2.3632410E+00
 1.5300    7.9115040E-02    2.3272968E+00   -2.3272968E+00
 1.5400    7.6900319E-02    2.2918144E+00   -2.2918144E+00
 1.5500    7.4751857E-02    2.2568113E+00   -2.2568113E+00
 1.5600    7.2668134E-02    2.2223020E+00   -2.2223020E+00
 1.5700    7.0647229E-02    2.1882871E+00   -2.1882871E+00
 1.5800    6.8686761E-02    2.1547509E+00   -2.1547509E+00
 1.5900    6.6784159E-02    2.1216687E+00   -2.1216687E+00
 1.6000    6.4936986E-02    2.0890169E+00   -2.0890169E+00
 1.6100    6.3143096E-02    2.0567783E+00   -2.0567783E+00
 1.6200    6.1400605E-02    2.0249418E+00   -2.0249418E+00
 1.6300    5.9707807E-02    1.9934998E+00   -1.9934998E+00
 1.6400    5.8063140E-02    1.9624476E+00   -1.9624476E+00
 1.6500    5.6465166E-02    1.9317831E+00   -1.9317831E+00
 1.6600    5.4912559E-02    1.9015061E+00   -1.9015061E+00
 1.6700    5.3404117E-02    1.8716194E+00   -1.8716194E+00
 1.6800    5.1938783E-02    1.8421297E+00   -1.8421297E+00
 1.6900    5.0515599E-02    1.8130458E+00   -1.8130458E+00
 1.7000    4.9133562E-02    1.7843743E+00   -1.7843743E+00
 1.7100    4.7791471E-02    1.7561131E+00   -1.7561131E+00
 1.7200    4.6487907E-02    1.7282507E+00   -1.7282507E+00
 1.7300    4.5221387E-02    1.7007714E+00   -1.7007714E+00
 1.7400    4.3990582E-02    1.6736632E+00   -1.6736632E+00
 1.7500    4.2794446E-02    1.6469233E+00   -1.6469233E+00
 1.7600    4.1632146E-02    1.6205558E+00   -1.6205558E+00
 1.7700    4.0502886E-02    1.5945655E+00   -1.5945655E+00
 1.7800    3.9405752E-02    1.5689514E+00   -1.5689514E+00
 1.7900    3.8339702E-02    1.5437062E+00   -1.5437062E+00
 1.8000    3.7303687E-02    1.5188211E+00   -1.5188211E+00
 1.8100    3.6296805E-02    1.4942918E+00   -1.4942918E+00
 1.8200    3.5318338E-02    1.4701204E+00   -1.4701204E+00
 1.8300    3.4367638E-02    1.4463111E+00   -1.4463111E+00
 1.8400    3.3443945E-02    1.4228628E+00   -1.4228628E+00
 1.8500    3.2546286E-02    1.3997638E+00   -1.3997638E+00
 1.8600    3.1673561E-02    1.3769959E+00   -1.3769959E+00
 1.8700    3.0824755E-02    1.3545427E+00   -1.3545427E+00
 1.8800    2.9999118E-02    1.3323982E+00   -1.3323982E+00
 1.8900    2.9196156E-02    1.3105668E+00   -1.3105668E+00
 1.9000    2.8415477E-02    1.2890567E+00   -1.2890567E+00
 1.9100    2.7656621E-02    1.2678729E+00   -1.2678729E+00
 1.9200    2.6919015E-02    1.2470144E+00   -1.2470144E+00
 1.9300    2.6202035E-02    1.2264773E+00   -1.2264773E+00
 1.9400    2.5505086E-02    1.2062577E+00   -1.2062577E+00
 1.9500    2.4827622E-02    1.1863538E+00   -1.1863538E+00
 1.9600    2.4169124E-02    1.1667637E+00   -1.1667637E+00
 1.9700    2.3529056E-02    1.1474845E+00   -1.1474845E+00
 1.9800    2.2906841E-02    1.1285101E+00   -1.1285101E+00
 1.9900    2.2301843E-02    1.1098308E+00   -1.1098308E+00
 2.0000    2.1713379E-02    1.0914335E+00   -1.0914335E+00
 2.0100    2.1140769E-02    1.0733040E+00   -1.0733040E+00
 2.0200    2.0583404E-02    1.0554309E+00   -1.0554309E+00
 2.0300    2.0040796E-02    1.0378078E+00   -1.0378078E+00
 2.0400    1.9512569E-02    1.0204334E+00   -1.0204334E+00
 2.0500    1.8998402E-02    1.0033089E+00   -1.0033089E+00
 2.0600    1.8497967E-02    9.8643462E-01   -9.8643462E-01
 2.0700    1.8010916E-02    9.6980934E-01   -9.6980934E-01
 2.0800    1.7536914E-02    9.5343196E-01   -9.5343196E-01
 2.0900    1.7075692E-02    9.3730458E-01   -9.3730458E-01
 2.1000    1.6627050E-02    9.2143278E-01   -9.2143278E-01
 2.1100    1.6190795E-02    9.0582218E-01   -9.0582218E-01
 2.1200    1.5766652E-02    8.9047365E-01   -8.9047365E-01
 2.1300    1.5354237E-02    8.7538138E-01   -8.7538138E-01
 2.1400    1.4953098E-02    8.6053510E-01   -8.6053510E-01
 2.1500    1.4562789E-02    8.4592397E-01   -8.4592397E-01
 2.1600    1.4182901E-02    8.3153867E-01   -8.3153867E-01
 2.1700    1.3813057E-02    8.1737085E-01   -8.1737085E-01
 2.1800    1.3452889E-02    8.0341218E-01   -8.0341218E-01
 2.1900    1.3102055E-02    7.8965520E-01   -7.8965520E-01
 2.2000    1.2760276E-02    7.7609575E-01   -7.7609575E-01
 2.2100    1.2427367E-02    7.6273474E-01   -7.6273474E-01
 2.2200    1.2103211E-02    7.4957731E-01   -7.4957731E-01
 2.2300    1.1787717E-02    7.3662981E-01   -7.3662981E-01
 2.2400    1.1480755E-02    7.2389627E-01   -7.2389627E-01
 2.2500    1.1182133E-02    7.1137655E-01   -7.1137655E-01
 2.2600    1.0891607E-02    6.9906687E-01   -6.9906687E-01
 2.2700    1.0608914E-02    6.8696169E-01   -6.8696169E-01
 2.2800    1.0333797E-02    6.7505548E-01   -6.7505548E-01
 2.2900    1.0066017E-02    6.6334348E-01   -6.6334348E-01
 2.3000    9.8053542E-03    6.5182171E-01   -6.5182171E-01
 2.3100    9.5516064E-03    6.4048688E-01   -6.4048688E-01
 2.3200    9.3045835E-03    6.2933629E-01   -6.2933629E-01
 2.3300    9.0641029E-03    6.1836732E-01   -6.1836732E-01
 2.3400    8.8299792E-03    6.0757691E-01   -6.0757691E-01
 2.3500    8.6020286E-03    5.9696171E-01   -5.9696171E-01
 2.3600    8.3800849E-03    5.8651927E-01   -5.8651927E-01
 2.3700    8.1640140E-03    5.7624915E-01   -5.7624915E-01
 2.3800    7.9537070E-03    5.6615242E-01   -5.6615242E-01
 2.3900    7.7490526E-03    5.5622983E-01   -5.5622983E-01
 2.4000    7.5499102E-03    5.4647983E-01   -5.4647983E-01
 2.4100    7.3561057E-03    5.3689815E-01   -5.3689815E-01
 2.4200    7.1674487E-03    5.2747902E-01   -5.2747902E-01
 2.4300    6.9837572E-03    5.1821686E-01   -5.1821686E-01
 2.4400    6.8048717E-03    5.0910745E-01   -5.0910745E-01
 2.4500    6.6306588E-03    5.0014821E-01   -5.0014821E-01
 2.4600    6.4610075E-03    4.9133797E-01   -4.9133797E-01
 2.4700    6.2958223E-03    4.8267659E-01   -4.8267659E-01
 2.4800    6.1350142E-03    4.7416424E-01   -4.7416424E-01
 2.4900    5.9784873E-03    4.6580041E-01   -4.6580041E-01
 2.5000    5.8261276E-03    4.5758299E-01   -4.5758299E-01
 2.5100    5.6778012E-03    4.4950807E-01   -4.4950807E-01
 2.5200    5.5333656E-03    4.4157076E-01   -4.4157076E-01
 2.5300    5.3926863E-03    4.3376656E-01   -4.3376656E-01
 2.5400    5.2556509E-03    4.2609242E-01   -4.2609242E-01
 2.5500    5.1221712E-03    4.1854708E-01   -4.1854708E-01
 2.5600    4.9921741E-03    4.1113033E-01   -4.1113033E-01
 2.5700    4.8655860E-03    4.0384179E-01   -4.0384179E-01
 2.5800    4.7423186E-03    3.9667972E-01   -3.9667972E-01
 2.5900    4.6222666E-03    3.8964076E-01   -3.8964076E-01
 2.6000    4.5053186E-03    3.8272080E-01   -3.8272080E-01
 2.6100    4.3913725E-03    3.7591630E-01   -3.7591630E-01
 2.6200    4.2803449E-03    3.6922509E-01   -3.6922509E-01
 2.6300    4.1721632E-03    3.6264580E-01   -3.6264580E-01
 2.6400    4.0667512E-03    3.5617655E-01   -3.5617655E-01
 2.6500    3.9640203E-03    3.4981424E-01   -3.4981424E-01
 2.6600    3.8638797E-03    3.4355536E-01   -3.4355536E-01
 2.6700    3.7662578E-03    3.3739794E-01   -3.3739794E-01
 2.6800    3.6711147E-03    3.3134270E-01   -3.3134270E-01
 2.6900    3.5784332E-03    3.2539235E-01   -3.2539235E-01
 2.7000    3.4881934E-03    3.1954936E-01   -3.1954936E-01
 2.7100    3.4003500E-03    3.1381382E-01   -3.1381382E-01
 2.7200    3.3148271E-03    3.0818291E-01   -3.0818291E-01
 2.7300    3.2315328E-03    3.0265212E-01   -3.0265212E-01
 2.7400    3.1503797E-03    2.9721716E-01   -2.9721716E-01
 2.7500    3.0712972E-03    2.9187514E-01   -2.9187514E-01
 2.7600    2.9942293E-03    2.8662435E-01   -2.8662435E-01
 2.7700    2.9191230E-03    2.8146332E-01   -2.8146332E-01
 2.7800    2.8459222E-03    2.7639010E-01   -2.7639010E-01
 2.7900    2.7745690E-03    2.7140247E-01   -2.7140247E-01
 2.8000    2.7050117E-03    2.6649869E-01   -2.6649869E-01
 2.8100    2.6372118E-03    2.6167818E-01   -2.6167818E-01
 2.8200    2.5711446E-03    2.5694170E-01   -2.5694170E-01
 2.8300    2.5067947E-03    2.5229085E-01   -2.5229085E-01
 2.8400    2.4441459E-03    2.4772719E-01   -2.4772719E-01
 2.8500    2.3831688E-03    2.4325086E-01   -2.4325086E-01
 2.8600    2.3238095E-03    2.3885946E-01   -2.3885946E-01
 2.8700    2.2659880E-03    2.3454774E-01   -2.3454774E-01
 2.8800    2.2096118E-03    2.3030895E-01   -2.3030895E-01
 2.8900    2.1546016E-03    2.2613747E-01   -2.2613747E-01
 2.9000    2.1009148E-03    2.2203135E-01   -2.2203135E-01
 2.9100    2.0485501E-03    2.1799294E-01   -2.1799294E-01
 2.9200    1.9975274E-03    2.1402688E-01   -2.1402688E-01
 2.9300    1.9478552E-03    2.1013664E-01   -2.1013664E-01
 2.9400    1.8995072E-03    2.0632197E-01   -2.0632197E-01
 2.9500    1.8524228E-03    2.0257880E-01   -2.0257880E-01
 2.9600    1.8065301E-03    1.9890170E-01   -1.9890170E-01
 2.9700    1.7617743E-03    1.9528686E-01   -1.9528686E-01
 2.9800    1.7181292E-03    1.9173360E-01   -1.9173360E-01
 2.9900    1.6755874E-03    1.8824322E-01   -1.8824322E-01
 3.0000    1.6341391E-03    1.8481678E-01   -1.8481678E-01
 3.0100    1.5937600E-03    1.8145368E-01   -1.8145368E-01
 3.0200    1.5544149E-03    1.7815200E-01   -1.7815200E-01
 3.0300    1.5160703E-03    1.7490992E-01   -1.7490992E-01
 3.0400    1.4787008E-03    1.7172650E-01   -1.7172650E-01
 3.0500    1.4422855E-03    1.6860124E-01   -1.6860124E-01
 3.0600    1.4067985E-03    1.6553301E-01   -1.6553301E-01
 3.0700    1.3722050E-03    1.6251955E-01   -1.6251955E-01
 3.0800    1.3384673E-03    1.5955817E-01   -1.5955817E-01
 3.0900    1.3055548E-03    1.5664695E-01   -1.5664695E-01
 3.1000    1.2734514E-03    1.5378558E-01   -1.5378558E-01
 3.1100    1.2421515E-03    1.5097506E-01   -1.5097506E-01
 3.1200    1.2116497E-03    1.4821635E-01   -1.4821635E-01
 3.1300    1.1819292E-03    1.4550904E-01   -1.4550904E-01
 3.1400    1.1529594E-03    1.4285096E-01   -1.4285096E-01
 3.1500    1.1247023E-03    1.4023892E-01   -1.4023892E-01
 3.1600    1.0971234E-03    1.3767006E-01   -1.3767006E-01
 3.1700    1.0701995E-03    1.3514286E-01   -1.3514286E-01
 3.1800    1.0439202E-03    1.3265738E-01   -1.3265738E-01
 3.1900    1.0182837E-03    1.3021471E-01   -1.3021471E-01
 3.2000    9.9328839E-04    1.2781599E-01   -1.2781599E-01
 3.2100    9.6892590E-04    1.2546150E-01   -1.2546150E-01
 3.2200    9.4517855E-04    1.2315030E-01   -1.2315030E-01
 3.2300    9.2202206E-04    1.2088049E-01   -1.2088049E-01
 3.2400    8.9943195E-04    1.1865012E-01   -1.1865012E-01
 3.2500    8.7738966E-04    1.1645794E-01   -1.1645794E-01
 3.2600    8.5588548E-04    1.1430381E-01   -1.1430381E-01
 3.2700    8.3491638E-04    1.1218850E-01   -1.1218850E-01
 3.2800    8.1447906E-04    1.1011272E-01   -1.1011272E-01
 3.2900    7.9456167E-04    1.0807600E-01   -1.0807600E-01
 3.3000    7.7514043E-04    1.0607624E-01   -1.0607624E-01
 3.3100    7.5618518E-04    1.0411038E-01   -1.0411038E-01
 3.3200    7.3767140E-04    1.0217602E-01   -1.0217602E-01
 3.3300    7.1958968E-04    1.0027283E-01   -1.0027283E-01
 3.3400    7.0194531E-04    9.8402487E-02   -9.8402487E-02
 3.3500    6.8474813E-04    9.6567354E-02   -9.6567354E-02
 3.3600    6.6800075E-04    9.4768797E-02   -9.4768797E-02
 3.3700    6.5169380E-04    9.3006489E-02   -9.3006489E-02
 3.3800    6.3581039E-04    9.1279003E-02   -9.1279003E-02
 3.3900    6.2033418E-04    8.9584932E-02   -8.9584932E-02
 3.4000    6.0525332E-04    8.7923482E-02   -8.7923482E-02
 3.4100    5.9055806E-04    8.6294123E-02   -8.6294123E-02
 3.4200    5.7623590E-04    8.4695900E-02   -8.4695900E-02
 3.4300    5.6227046E-04    8.3127243E-02   -8.3127243E-02
 3.4400    5.4864551E-04    8.1586552E-02   -8.1586552E-02
 3.4500    5.3535019E-04    8.0072984E-02   -8.0072984E-02
 3.4600    5.2238015E-04    7.8586641E-02   -7.8586641E-02
 3.4700    5.0973346E-04    7.7127980E-02   -7.7127980E-02
 3.4800    4.9740533E-04    7.5697021E-02   -7.5697021E-02
 3.4900    4.8538630E-04    7.4293057E-02   -7.4293057E-02
 3.5000    4.7366464E-04    7.2915006E-02   -7.2915006E-02
 3.5100    4.6223038E-04    7.1562019E-02   -7.1562019E-02
 3.5200    4.5107786E-04    7.0233886E-02   -7.0233886E-02
 3.5300    4.4020561E-04    6.8931043E-02   -6.8931043E-02
 3.5400    4.2961375E-04    6.7654169E-02   -6.7654169E-02
 3.5500    4.1929957E-04    6.6403502E-02   -6.6403502E-02
 3.5600    4.0925350E-04    6.5178184E-02   -6.5178184E-02
 3.5700    3.9945827E-04    6.3976093E-02   -6.3976093E-02
 3.5800    3.8989276E-04    6.2794426E-02   -6.2794426E-02
 3.5900    3.8053871E-04    6.1630771E-02   -6.1630771E-02
 3.6000    3.7138591E-04    6.0483970E-02   -6.0483970E-02
 3.6100    3.6243259E-04    5.9354208E-02   -5.9354208E-02
 3.6200    3.5368175E-04    5.8242453E-02   -5.8242453E-02
 3.6300    3.4513690E-04    5.7149773E-02   -5.7149773E-02
 3.6400    3.3680016E-04    5.6077019E-02   -5.6077019E-02
 3.6500    3.2867263E-04    5.5024884E-02   -5.5024884E-02
 3.6600    3.2075548E-04    5.3994078E-02   -5.3994078E-02
 3.6700    3.1304947E-04    5.2985248E-02   -5.2985248E-02
 3.6800    3.0555203E-04    5.1998483E-02   -5.1998483E-02
 3.6900    2.9825289E-04    5.1032549E-02   -5.1032549E-02
 3.7000    2.9113194E-04    5.0084479E-02   -5.0084479E-02
 3.7100    2.8416299E-04    4.9150190E-02   -4.9150190E-02
 3.7200    2.7732400E-04    4.8226217E-02   -4.8226217E-02
 3.7300    2.7060771E-04    4.7311606E-02   -4.7311606E-02
 3.7400    2.6402487E-04    4.6408540E-02   -4.6408540E-02
 3.7500    2.5759650E-04    4.5521058E-02   -4.5521058E-02
 3.7600    2.5134070E-04    4.4652767E-02   -4.4652767E-02
 3.7700    2.4526318E-04    4.3805124E-02   -4.3805124E-02
 3.7800    2.3935664E-04    4.2977282E-02   -4.2977282E-02
 3.7900    2.3360708E-04    4.2167154E-02   -4.2167154E-02
 3.8000    2.2800078E-04    4.1372655E-02   -4.1372655E-02
 3.8100    2.2252776E-04    4.0592334E-02   -4.0592334E-02
 3.8200    2.1718193E-04    3.9825412E-02   -3.9825412E-02
 3.8300    2.1196023E-04    3.9071654E-02   -3.9071654E-02
 3.8400    2.0686262E-04    3.8331368E-02   -3.8331368E-02
 3.8500    2.0189190E-04    3.7605400E-02   -3.7605400E-02
 3.8600    1.9705193E-04    3.6894801E-02   -3.6894801E-02
 3.8700    1.9234417E-04    3.6200189E-02   -3.6200189E-02
 3.8800    1.8776472E-04    3.5521174E-02   -3.5521174E-02
 3.8900    1.8330430E-04    3.4856334E-02   -3.4856334E-02
 3.9000    1.7895179E-04    3.4203861E-02   -3.4203861E-02
 3.9100    1.7469894E-04    3.3562450E-02   -3.3562450E-02
 3.9200    1.7054283E-04    3.2931799E-02   -3.2931799E-02
 3.9300    1.6648478E-04    3.2312421E-02   -3.2312421E-02
 3.9400    1.6252740E-04    3.1705084E-02   -3.1705084E-02
 3.9500    1.5867256E-04    3.1110420E-02   -3.1110420E-02
 3.9600    1.5492139E-04    3.0528933E-02   -3.0528933E-02
 3.9700    1.5127510E-04    2.9961139E-02   -2.9961139E-02
 3.9800    1.4773447E-04    2.9407482E-02   -2.9407482E-02
 3.9900    1.4429816E-04    2.8867984E-02   -2.8867984E-02
 4.0000    1.4096128E-04    2.8341946E-02   -2.8341946E-02
 4.0100    1.3771558E-04    2.7827980E-02   -2.7827980E-02
 4.0200    1.3455089E-04    2.7324268E-02   -2.7324268E-02
 4.0300    1.3145620E-04    2.6828786E-02   -2.6828786E-02
 4.0400    1.2842056E-04    2.6339477E-02   -2.6339477E-02
 4.0500    1.2543489E-04    2.5854626E-02   -2.5854626E-02
 4.0600    1.2249481E-04    2.5373456E-02   -2.5373456E-02
 4.0700    1.1960210E-04    2.4896453E-02   -2.4896453E-02
 4.0800    1.1676272E-04    2.4424990E-02   -2.4424990E-02
 4.0900    1.1398262E-04    2.3960457E-02   -2.3960457E-02
 4.1000    1.1126471E-04    2.3503635E-02   -2.3503635E-02
 4.1100    1.0860943E-04    2.3054783E-02   -2.3054783E-02
 4.1200    1.0601708E-04    2.2614143E-02   -2.2614143E-02
 4.1300    1.0348937E-04    2.2182257E-02   -2.2182257E-02
 4.1400    1.0102864E-04    2.1759808E-02   -2.1759808E-02
 4.1500    9.8635984E-05    2.1347226E-02   -2.1347226E-02
 4.1600    9.6310196E-05    2.0944442E-02   -2.0944442E-02
 4.1700    9.4048233E-05    2.0550984E-02   -2.0550984E-02
 4.1800    9.1846500E-05    2.0166245E-02   -2.0166245E-02
 4.1900    8.9701435E-05    1.9789613E-02   -1.9789613E-02
 4.2000    8.7609035E-05    1.9420363E-02   -1.9420363E-02
 4.2100    8.5564650E-05    1.9057610E-02   -1.9057610E-02
 4.2200    8.3564261E-05    1.8700592E-02   -1.8700592E-02
 4.2300    8.1606254E-05    1.8349069E-02   -1.8349069E-02
 4.2400    7.9691428E-05    1.8003344E-02   -1.8003344E-02
 4.2500    7.7820845E-05    1.7663781E-02   -1.7663781E-02
 4.2600    7.5993746E-05    1.7330333E-02   -1.7330333E-02
 4.2700    7.4207553E-05    1.7002537E-02   -1.7002537E-02
 4.2800    7.2459373E-05    1.6679844E-02   -1.6679844E-02
 4.2900    7.0747085E-05    1.6361872E-02   -1.6361872E-02
 4.3000    6.9069536E-05    1.6048458E-02   -1.6048458E-02
 4.3100    6.7427012E-05    1.5739768E-02   -1.5739768E-02
 4.3200    6.5822673E-05    1.5436643E-02   -1.5436643E-02
 4.3300    6.4263565E-05    1.5140858E-02   -1.5140858E-02
 4.3400    6.2758839E-05    1.4854711E-02   -1.4854711E-02
 4.3500    6.1314514E-05    1.4579803E-02   -1.4579803E-02
 4.3600    5.9927871E-05    1.4315670E-02   -1.4315670E-02
 4.3700    5.8586528E-05    1.4059520E-02   -1.4059520E-02
 4.3800    5.7274291E-05    1.3807588E-02   -1.3807588E-02
 4.3900    5.5979607E-05    1.3557161E-02   -1.3557161E-02
 4.4000    5.4699731E-05    1.3307621E-02   -1.3307621E-02
 4.4100    5.3438015E-05    1.3059825E-02   -1.3059825E-02
 4.4200    5.2198422E-05    1.2814798E-02   -1.2814798E-02
 4.4300    5.0982823E-05    1.2573066E-02   -1.2573066E-02
 4.4400    4.9792071E-05    1.2334910E-02   -1.2334910E-02
 4.4500    4.8627542E-05    1.2100748E-02   -1.2100748E-02
 4.4600    4.7490577E-05    1.1870992E-02   -1.1870992E-02
 4.4700    4.6380940E-05    1.1645669E-02   -1.1645669E-02
 4.4800    4.5296855E-05    1.1424414E-02   -1.1424414E-02
 4.4900    4.4236986E-05    1.1206966E-02   -1.1206966E-02
 4.5000    4.3202152E-05    1.0993609E-02   -1.0993609E-02
 4.5100    4.2194834E-05    1.0785052E-02   -1.0785052E-02
 4.5200    4.1217096E-05    1.0581911E-02   -1.0581911E-02
 4.5300    4.0269088E-05    1.0384320E-02   -1.0384320E-02
 4.5400    3.9349342E-05    1.0191991E-02   -1.0191991E-02
 4.5500    3.8455983E-05    1.0004527E-02   -1.0004527E-02
 4.5600    3.7587366E-05    9.8215820E-03   -9.8215820E-03
 4.5700    3.6741748E-05    9.6427761E-03   -9.6427761E-03
 4.5800    3.5916895E-05    9.4675936E-03   -9.4675936E-03
 4.5900    3.5110524E-05    9.2954955E-03   -9.2954955E-03
 4.6000    3.4321322E-05    9.1261907E-03   -9.1261907E-03
 4.6100    3.3549427E-05    8.9597691E-03   -8.9597691E-03
 4.6200    3.2795593E-05    8.7964877E-03   -8.7964877E-03
 4.6300    3.2059526E-05    8.6363243E-03   -8.6363243E-03
 4.6400    3.1338747E-05    8.4786646E-03   -8.4786646E-03
 4.6500    3.0629116E-05    8.3224315E-03   -8.3224315E-03
 4.6600    2.9926866E-05    8.1666311E-03   -8.1666311E-03
 4.6700    2.9230791E-05    8.0109531E-03   -8.0109531E-03
 4.6800    2.8542975E-05    7.8559880E-03   -7.8559880E-03
 4.6900    2.7867518E-05    7.7028924E-03   -7.7028924E-03
 4.7000    2.7208240E-05    7.5527661E-03   -7.5527661E-03
 4.7100    2.6567163E-05    7.4062244E-03   -7.4062244E-03
 4.7200    2.5944747E-05    7.2634558E-03   -7.2634558E-03
 4.7300    2.5341334E-05    7.1246187E-03   -7.1246187E-03
 4.7400    2.4758333E-05    6.9901735E-03   -6.9901735E-03
 4.7500    2.4198012E-05    6.8608319E-03   -6.8608319E-03
 4.7600    2.3661733E-05    6.7370585E-03   -6.7370585E-03
 4.7700    2.3147469E-05    6.6183560E-03   -6.6183560E-03
 4.7800    2.2648515E-05    6.5028748E-03   -6.5028748E-03
 4.7900    2.2155453E-05    6.3879503E-03   -6.3879503E-03
 4.8000    2.1661344E-05    6.2715910E-03   -6.2715910E-03
 4.8100    2.1166871E-05    6.1539885E-03   -6.1539885E-03
 4.8200    2.0681153E-05    6.0377995E-03   -6.0377995E-03
 4.8300    2.0217124E-05    5.9268440E-03   -5.9268440E-03
 4.8400    1.9784882E-05    5.8241700E-03   -5.8241700E-03
 4.8500    1.9387489E-05    5.7307953E-03   -5.7307953E-03
 4.8600    1.9020512E-05    5.6455285E-03   -5.6455285E-03
 4.8700    1.8673245E-05    5.5652871E-03   -5.5652871E-03
 4.8800    1.8330087E-05    5.4854723E-03   -5.4854723E-03
 4.8900    1.7973588E-05    5.4008530E-03   -5.4008530E-03
 4.9000    1.7590785E-05    5.3074662E-03   -5.3074662E-03
 4.9100    1.7180108E-05    5.2047362E-03   -5.2047362E-03
 4.9200    1.6752894E-05    5.0960056E-03   -5.0960056E-03
 4.9300    1.6327118E-05    4.9866999E-03   -4.9866999E-03
 4.9400    1.5918366E-05    4.8816005E-03   -4.8816005E-03
 4.9500    1.5535518E-05    4.7835024E-03   -4.7835024E-03
 4.9600    1.5182885E-05    4.6938319E-03   -4.6938319E-03
 4.9700    1.4863257E-05    4.6135648E-03   -4.6135648E-03
 4.9800    1.4576048E-05    4.5426400E-03   -4.5426400E-03
 4.9900    1.4311805E-05    4.4782193E-03   -4.4782193E-03
 5.0000    1.4050634E-05    4.4141369E-03   -4.4141369E-03
 5.0100    1.3769861E-05    4.3432504E-03   -4.3432504E-03
 5.0200    1.3456923E-05    4.2615055E-03   -4.2615055E-03
 5.0300    1.3117186E-05    4.1704845E-03   -4.1704845E-03
 5.0400    1.2770283E-05    4.0763499E-03   -4.0763499E-03
 5.0500    1.2438416E-05    3.9861872E-03   -3.9861872E-03
 5.0600    1.2135473E-05    3.9045196E-03   -3.9045196E-03
 5.0700    1.1862801E-05    3.8318901E-03   -3.8318901E-03
 5.0800    1.1611402E-05    3.7654940E-03   -3.7654940E-03
 5.0900    1.1367393E-05    3.7008912E-03   -3.7008912E-03
 5.1000    1.1118193E-05    3.6339957E-03   -3.6339957E-03
 5.1100    1.0857860E-05    3.5628365E-03   -3.5628365E-03
 5.1200    1.0589824E-05    3.4884985E-03   -3.4884985E-03
 5.1300    1.0325275E-05    3.4146504E-03   -3.4146504E-03
 5.1400    1.0077401E-05    3.3456819E-03   -3.3456819E-03
 5.1500    9.8545850E-06    3.2844501E-03   -3.2844501E-03
 5.1600    9.6566664E-06    3.2309965E-03   -3.2309965E-03
 5.1700    9.4760393E-06    3.1828620E-03   -3.1828620E-03
 5.1800    9.3018028E-06    3.1364366E-03   -3.1364366E-03
 5.1900    9.1238294E-06    3.0883160E-03   -3.0883160E-03
 5.2000    8.9351822E-06    3.0361272E-03   -3.0361272E-03
 5.2100    8.7332450E-06    2.9789345E-03   -2.9789345E-03
 5.2200    8.5200907E-06    2.9173940E-03   -2.9173940E-03
 5.2300    8.3017350E-06    2.8535278E-03   -2.8535278E-03
 5.2400    8.0859596E-06    2.7899987E-03   -2.7899987E-03
 5.2500    7.8795541E-06    2.7291670E-03   -2.7291670E-03
 5.2600    7.6864706E-06    2.6724422E-03   -2.6724422E-03
 5.2700    7.5075222E-06    2.6201595E-03   -2.6201595E-03
 5.2800    7.3409241E-06    2.5717482E-03   -2.5717482E-03
 5.2900    7.1828181E-06    2.5258996E-03   -2.5258996E-03
 5.3000    7.0279344E-06    2.4807860E-03   -2.4807860E-03
 5.3100    6.8711227E-06    2.4345944E-03   -2.4345944E-03
 5.3200    6.7096166E-06    2.3863318E-03   -2.3863318E-03
 5.3300    6.5445603E-06    2.3363869E-03   -2.3363869E-03
 5.3400    6.3803567E-06    2.2863217E-03   -2.2863217E-03
 5.3500    6.2220617E-06    2.2379570E-03   -2.2379570E-03
 5.3600    6.0726706E-06    2.1923968E-03   -2.1923968E-03
 5.3700    5.9320681E-06    2.1496342E-03   -2.1496342E-03
 5.3800    5.7979363E-06    2.1088605E-03   -2.1088605E-03
 5.3900    5.6676186E-06    2.0691311E-03   -2.0691311E-03
 5.4000    5.5397731E-06    2.0299688E-03   -2.0299688E-03
 5.4100    5.4151484E-06    1.9916580E-03   -1.9916580E-03
 5.4200    5.2961811E-06    1.9551103E-03   -1.9551103E-03
 5.4300    5.1854207E-06    1.9212926E-03   -1.9212926E-03
 5.4400    5.0835386E-06    1.8904874E-03   -1.8904874E-03
 5.4500    4.9883855E-06    1.8619280E-03   -1.8619280E-03
 5.4600    4.8960482E-06    1.8341753E-03   -1.8341753E-03
 5.4700    4.8031785E-06    1.8059813E-03   -1.8059813E-03
 5.4800    4.7087423E-06    1.7769529E-03   -1.7769529E-03
 5.4900    4.6140245E-06    1.7475695E-03   -1.7475695E-03
 5.5000    4.5213766E-06    1.7187232E-03   -1.7187232E-03
 5.5100    4.4330535E-06    1.6912820E-03   -1.6912820E-03
 5.5200    4.3508839E-06    1.6659636E-03   -1.6659636E-03
 5.5300    4.2764272E-06    1.6433921E-03   -1.6433921E-03
 5.5400    4.2108573E-06    1.6240520E-03   -1.6240520E-03
 5.5500    4.1543003E-06    1.6080284E-03   -1.6080284E-03
 5.5600    4.1050541E-06    1.5946976E-03   -1.5946976E-03
 5.5700    4.0594023E-06    1.5826408E-03   -1.5826408E-03
 5.5800    4.0124539E-06    1.5699590E-03   -1.5699590E-03
 5.5900    3.9598039E-06    1.5549168E-03   -1.5549168E-03
 5.6000    3.8991015E-06    1.5365633E-03   -1.5365633E-03
 5.6100    3.8303296E-06    1.5148573E-03   -1.5148573E-03
 5.6200    3.7543918E-06    1.4901229E-03   -1.4901229E-03
 5.6300    3.6712239E-06    1.4623035E-03   -1.4623035E-03
 5.6400    3.5794726E-06    1.4308270E-03   -1.4308270E-03
 5.6500    3.4784111E-06    1.3953645E-03   -1.3953645E-03
 5.6600    3.3703789E-06    1.3568175E-03   -1.3568175E-03
 5.6700    3.2613852E-06    1.3175833E-03   -1.3175833E-03
 5.6800    3.1593267E-06    1.2808583E-03   -1.2808583E-03
 5.6900    3.0713120E-06    1.2495635E-03   -1.2495635E-03
 5.7000    3.0019081E-06    1.2256232E-03   -1.2256232E-03
 5.7100    2.9531834E-06    1.2099641E-03   -1.2099641E-03
 5.7200    2.9263625E-06    1.2031784E-03   -1.2031784E-03
 5.7300    2.9238291E-06    1.2063438E-03   -1.2063438E-03
 5.7400    2.9495329E-06    1.2212003E-03   -1.2212003E-03
 5.7500    3.0069253E-06    1.2493042E-03   -1.2493042E-03
 5.7600    3.0960390E-06    1.2908068E-03   -1.2908068E-03
 5.7700    3.2122765E-06    1.3439231E-03   -1.3439231E-03
 5.7800    3.3476680E-06    1.4054258E-03   -1.4054258E-03
