# total charge: 8.000000 
# r(A)     rho (e/A^3)     4*pi*r^2*rho(e/A)  dip  
 0.0000    3.3077244E+00    0.0000000E+00    6.3830765E+01
 0.0100    3.3049209E+00    4.1530861E-03    6.3508255E+01
 0.0200    3.3013801E+00    1.6594546E-02    6.2550236E+01
 0.0300    3.2969549E+00    3.7287682E-02    6.0984763E+01
 0.0400    3.2914901E+00    6.6179336E-02    5.8857043E+01
 0.0500    3.2848165E+00    1.0319555E-01    5.6227257E+01
 0.0600    3.2767478E+00    1.4823658E-01    5.3167700E+01
 0.0700    3.2670968E+00    2.0117219E-01    4.9759457E+01
 0.0800    3.2557132E+00    2.6183999E-01    4.6088808E+01
 0.0900    3.2425230E+00    3.3004864E-01    4.2243591E+01
 0.1000    3.2275390E+00    4.0558451E-01    3.8309731E+01
 0.1100    3.2108397E+00    4.8821808E-01    3.4368130E+01
 0.1200    3.1925315E+00    5.7770689E-01    3.0492062E+01
 0.1300    3.1727182E+00    6.7379543E-01    2.6745179E+01
 0.1400    3.1514880E+00    7.7621421E-01    2.3180180E+01
 0.1500    3.1289150E+00    8.8467987E-01    1.9838135E+01
 0.1600    3.1050675E+00    9.9889737E-01    1.6748436E+01
 0.1700    3.0800151E+00    1.1185633E+00    1.3929289E+01
 0.1800    3.0538310E+00    1.2433685E+00    1.1388657E+01
 0.1900    3.0265874E+00    1.3729992E+00    9.1255312E+00
 0.2000    2.9983503E+00    1.5071352E+00    7.1314194E+00
 0.2100    2.9691775E+00    1.6454497E+00    5.3919256E+00
 0.2200    2.9391221E+00    1.7876103E+00    3.8883245E+00
 0.2300    2.9082389E+00    1.9332838E+00    2.5990422E+00
 0.2400    2.8765885E+00    2.0821408E+00    1.5009841E+00
 0.2500    2.8442363E+00    2.2338579E+00    5.7067015E-01
 0.2600    2.8112462E+00    2.3881161E+00   -2.1484106E-01
 0.2700    2.7776752E+00    2.5445961E+00   -8.7724651E-01
 0.2800    2.7435719E+00    2.7029765E+00   -1.4365043E+00
 0.2900    2.7089817E+00    2.8629379E+00   -1.9105327E+00
 0.3000    2.6739542E+00    3.0241709E+00   -2.3150752E+00
 0.3100    2.6385477E+00    3.1863847E+00   -2.6636936E+00
 0.3200    2.6028271E+00    3.3493084E+00   -2.9678543E+00
 0.3300    2.5668552E+00    3.5126843E+00   -3.2370733E+00
 0.3400    2.5306846E+00    3.6762558E+00   -3.4791008E+00
 0.3500    2.4943541E+00    3.8397598E+00   -3.7001305E+00
 0.3600    2.4578931E+00    4.0029288E+00   -3.9050245E+00
 0.3700    2.4213301E+00    4.1655018E+00   -4.0975369E+00
 0.3800    2.3846984E+00    4.3272354E+00   -4.2805239E+00
 0.3900    2.3480376E+00    4.4879098E+00   -4.4561249E+00
 0.4000    2.3113899E+00    4.6473251E+00   -4.6259122E+00
 0.4100    2.2747928E+00    4.8052881E+00   -4.7910062E+00
 0.4200    2.2382706E+00    4.9615919E+00   -4.9521610E+00
 0.4300    2.2018301E+00    5.1160004E+00   -5.1098348E+00
 0.4400    2.1654670E+00    5.2682549E+00   -5.2642641E+00
 0.4500    2.1291811E+00    5.4181059E+00   -5.4155485E+00
 0.4600    2.0929896E+00    5.5653515E+00   -5.5637290E+00
 0.4700    2.0569276E+00    5.7098485E+00   -5.7088293E+00
 0.4800    2.0210330E+00    5.8514802E+00   -5.8508464E+00
 0.4900    1.9853281E+00    5.9901032E+00   -5.9897130E+00
 0.5000    1.9498122E+00    6.1255156E+00   -6.1252777E+00
 0.5100    1.9144726E+00    6.2574787E+00   -6.2573352E+00
 0.5200    1.8793055E+00    6.3857796E+00   -6.3856938E+00
 0.5300    1.8443268E+00    6.5102772E+00   -6.5102265E+00
 0.5400    1.8095629E+00    6.6308783E+00   -6.6308486E+00
 0.5500    1.7750225E+00    6.7474411E+00   -6.7474238E+00
 0.5600    1.7406755E+00    6.8596779E+00   -6.8596680E+00
 0.5700    1.7064577E+00    6.9671491E+00   -6.9671434E+00
 0.5800    1.6723048E+00    7.0693795E+00   -7.0693764E+00
 0.5900    1.6381923E+00    7.1660325E+00   -7.1660308E+00
 0.6000    1.6041530E+00    7.2570172E+00   -7.2570162E+00
 0.6100    1.5702597E+00    7.3424505E+00   -7.3424499E+00
 0.6200    1.5365855E+00    7.4224962E+00   -7.4224959E+00
 0.6300    1.5031679E+00    7.4971889E+00   -7.4971887E+00
 0.6400    1.4699989E+00    7.5663569E+00   -7.5663568E+00
 0.6500    1.4370425E+00    7.6296776E+00   -7.6296776E+00
 0.6600    1.4042615E+00    7.6868028E+00   -7.6868028E+00
 0.6700    1.3716360E+00    7.7374590E+00   -7.7374590E+00
 0.6800    1.3391667E+00    7.7814821E+00   -7.7814821E+00
 0.6900    1.3068700E+00    7.8188059E+00   -7.8188059E+00
 0.7000    1.2747711E+00    7.8494305E+00   -7.8494305E+00
 0.7100    1.2428951E+00    7.8733770E+00   -7.8733770E+00
 0.7200    1.2112599E+00    7.8906391E+00   -7.8906391E+00
 0.7300    1.1798736E+00    7.9011637E+00   -7.9011637E+00
 0.7400    1.1487384E+00    7.9048646E+00   -7.9048646E+00
 0.7500    1.1178530E+00    7.9016375E+00   -7.9016375E+00
 0.7600    1.0872126E+00    7.8913537E+00   -7.8913537E+00
 0.7700    1.0568091E+00    7.8738628E+00   -7.8738628E+00
 0.7800    1.0266394E+00    7.8490484E+00   -7.8490484E+00
 0.7900    9.9671757E-01    7.8169289E+00   -7.8169289E+00
 0.8000    9.6708269E-01    7.7777405E+00   -7.7777405E+00
 0.8100    9.3779628E-01    7.7319388E+00   -7.7319388E+00
 0.8200    9.0892693E-01    7.6800941E+00   -7.6800941E+00
 0.8300    8.8052852E-01    7.6227114E+00   -7.6227114E+00
 0.8400    8.5262113E-01    7.5600475E+00   -7.5600475E+00
 0.8500    8.2518512E-01    7.4920231E+00   -7.4920231E+00
 0.8600    7.9817498E-01    7.4183082E+00   -7.4183082E+00
 0.8700    7.7154862E-01    7.3385738E+00   -7.3385738E+00
 0.8800    7.4529599E-01    7.2527715E+00   -7.2527715E+00
 0.8900    7.1944855E-01    7.1612630E+00   -7.1612630E+00
 0.9000    6.9406509E-01    7.0647221E+00   -7.0647221E+00
 0.9100    6.6920719E-01    6.9639116E+00   -6.9639116E+00
 0.9200    6.4492277E-01    6.8595122E+00   -6.8595122E+00
 0.9300    6.2124448E-01    6.7520913E+00   -6.7520913E+00
 0.9400    5.9819583E-01    6.6421542E+00   -6.6421542E+00
 0.9500    5.7579453E-01    6.5301719E+00   -6.5301719E+00
 0.9600    5.5405136E-01    6.4165614E+00   -6.4165614E+00
 0.9700    5.3297015E-01    6.3016781E+00   -6.3016781E+00
 0.9800    5.1255127E-01    6.1858493E+00   -6.1858493E+00
 0.9900    4.9279368E-01    6.0693947E+00   -6.0693947E+00
 1.0000    4.7369202E-01    5.9525895E+00   -5.9525895E+00
 1.0100    4.5523319E-01    5.8356137E+00   -5.8356137E+00
 1.0200    4.3739885E-01    5.7185753E+00   -5.7185753E+00
 1.0300    4.2017322E-01    5.6016076E+00   -5.6016076E+00
 1.0400    4.0354974E-01    5.4849619E+00   -5.4849619E+00
 1.0500    3.8753197E-01    5.3690320E+00   -5.3690320E+00
 1.0600    3.7212955E-01    5.2543107E+00   -5.2543107E+00
 1.0700    3.5735203E-01    5.1413085E+00   -5.1413085E+00
 1.0800    3.4320310E-01    5.0304702E+00   -5.0304702E+00
 1.0900    3.2967798E-01    4.9221268E+00   -4.9221268E+00
 1.1000    3.1676491E-01    4.8165081E+00   -4.8165081E+00
 1.1100    3.0444857E-01    4.7137849E+00   -4.7137849E+00
 1.1200    2.9271147E-01    4.6140856E+00   -4.6140856E+00
 1.1300    2.8153258E-01    4.5174715E+00   -4.5174715E+00
 1.1400    2.7088639E-01    4.4239147E+00   -4.4239147E+00
 1.1500    2.6074498E-01    4.3333273E+00   -4.3333273E+00
 1.1600    2.5108166E-01    4.2456172E+00   -4.2456172E+00
 1.1700    2.4187228E-01    4.1607124E+00   -4.1607124E+00
 1.1800    2.3309324E-01    4.0785290E+00   -4.0785290E+00
 1.1900    2.2471867E-01    3.9989222E+00   -3.9989222E+00
 1.2000    2.1672007E-01    3.9216741E+00   -3.9216741E+00
 1.2100    2.0906846E-01    3.8465299E+00   -3.8465299E+00
 1.2200    2.0173727E-01    3.7732507E+00   -3.7732507E+00
 1.2300    1.9470404E-01    3.7016475E+00   -3.7016475E+00
 1.2400    1.8795032E-01    3.6315858E+00   -3.6315858E+00
 1.2500    1.8146063E-01    3.5629711E+00   -3.5629711E+00
 1.2600    1.7522130E-01    3.4957297E+00   -3.4957297E+00
 1.2700    1.6921973E-01    3.4297961E+00   -3.4297961E+00
 1.2800    1.6344396E-01    3.3651055E+00   -3.3651055E+00
 1.2900    1.5788261E-01    3.3015934E+00   -3.3015934E+00
 1.3000    1.5252523E-01    3.2392036E+00   -3.2392036E+00
 1.3100    1.4736324E-01    3.1779102E+00   -3.1779102E+00
 1.3200    1.4239115E-01    3.1177460E+00   -3.1177460E+00
 1.3300    1.3760665E-01    3.0588104E+00   -3.0588104E+00
 1.3400    1.3300869E-01    3.0012313E+00   -3.0012313E+00
 1.3500    1.2859429E-01    2.9450935E+00   -2.9450935E+00
 1.3600    1.2435615E-01    2.8903800E+00   -2.8903800E+00
 1.3700    1.2028289E-01    2.8369706E+00   -2.8369706E+00
 1.3800    1.1636162E-01    2.7846961E+00   -2.7846961E+00
 1.3900    1.1258126E-01    2.7334151E+00   -2.7334151E+00
 1.4000    1.0893458E-01    2.6830682E+00   -2.6830682E+00
 1.4100    1.0541803E-01    2.6336799E+00   -2.6336799E+00
 1.4200    1.0202945E-01    2.5853070E+00   -2.5853070E+00
 1.4300    9.8765579E-02    2.5379762E+00   -2.5379762E+00
 1.4400    9.5621134E-02    2.4916598E+00   -2.4916598E+00
 1.4500    9.2590055E-02    2.4463028E+00   -2.4463028E+00
 1.4600    8.9667149E-02    2.4018669E+00   -2.4018669E+00
 1.4700    8.6848588E-02    2.3583448E+00   -2.3583448E+00
 1.4800    8.4131104E-02    2.3157405E+00   -2.3157405E+00
 1.4900    8.1511010E-02    2.2740430E+00   -2.2740430E+00
 1.5000    7.8983999E-02    2.2332200E+00   -2.2332200E+00
 1.5100    7.6545755E-02    2.1932335E+00   -2.1932335E+00
 1.5200    7.4192675E-02    2.1540614E+00   -2.1540614E+00
 1.5300    7.1921973E-02    2.1157011E+00   -2.1157011E+00
 1.5400    6.9730990E-02    2.0781512E+00   -2.0781512E+00
 1.5500    6.7616306E-02    2.0413840E+00   -2.0413840E+00
 1.5600    6.5573563E-02    2.0053392E+00   -2.0053392E+00
 1.5700    6.3598241E-02    1.9699458E+00   -1.9699458E+00
 1.5800    6.1686752E-02    1.9351558E+00   -1.9351558E+00
 1.5900    5.9836951E-02    1.9009626E+00   -1.9009626E+00
 1.6000    5.8047782E-02    1.8673919E+00   -1.8673919E+00
 1.6100    5.6318488E-02    1.8344784E+00   -1.8344784E+00
 1.6200    5.4647930E-02    1.8022441E+00   -1.8022441E+00
 1.6300    5.3034271E-02    1.7706865E+00   -1.7706865E+00
 1.6400    5.1474950E-02    1.7397766E+00   -1.7397766E+00
 1.6500    4.9966886E-02    1.7094643E+00   -1.7094643E+00
 1.6600    4.8506909E-02    1.6796919E+00   -1.6796919E+00
 1.6700    4.7092339E-02    1.6504147E+00   -1.6504147E+00
 1.6800    4.5721379E-02    1.6216150E+00   -1.6216150E+00
 1.6900    4.4392997E-02    1.5933007E+00   -1.5933007E+00
 1.7000    4.3106379E-02    1.5654862E+00   -1.5654862E+00
 1.7100    4.1860388E-02    1.5381735E+00   -1.5381735E+00
 1.7200    4.0653487E-02    1.5113483E+00   -1.5113483E+00
 1.7300    3.9484096E-02    1.4849925E+00   -1.4849925E+00
 1.7400    3.8350993E-02    1.4590997E+00   -1.4590997E+00
 1.7500    3.7253385E-02    1.4336783E+00   -1.4336783E+00
 1.7600    3.6190588E-02    1.4087400E+00   -1.4087400E+00
 1.7700    3.5161577E-02    1.3842826E+00   -1.3842826E+00
 1.7800    3.4164760E-02    1.3602798E+00   -1.3602798E+00
 1.7900    3.3198195E-02    1.3366891E+00   -1.3366891E+00
 1.8000    3.2260109E-02    1.3134717E+00   -1.3134717E+00
 1.8100    3.1349319E-02    1.2906103E+00   -1.2906103E+00
 1.8200    3.0465276E-02    1.2681124E+00   -1.2681124E+00
 1.8300    2.9607844E-02    1.2460022E+00   -1.2460022E+00
 1.8400    2.8777012E-02    1.2243095E+00   -1.2243095E+00
 1.8500    2.7972640E-02    1.2030586E+00   -1.2030586E+00
 1.8600    2.7194197E-02    1.1822573E+00   -1.1822573E+00
 1.8700    2.6440617E-02    1.1618891E+00   -1.1618891E+00
 1.8800    2.5710479E-02    1.1419201E+00   -1.1419201E+00
 1.8900    2.5002461E-02    1.1223188E+00   -1.1223188E+00
 1.9000    2.4315689E-02    1.1030715E+00   -1.1030715E+00
 1.9100    2.3649668E-02    1.0841806E+00   -1.0841806E+00
 1.9200    2.3003872E-02    1.0656467E+00   -1.0656467E+00
 1.9300    2.2377486E-02    1.0474560E+00   -1.0474560E+00
 1.9400    2.1769612E-02    1.0295893E+00   -1.0295893E+00
 1.9500    2.1179737E-02    1.0120446E+00   -1.0120446E+00
 1.9600    2.0607974E-02    9.9484932E-01   -9.9484932E-01
 1.9700    2.0054723E-02    9.7804531E-01   -9.7804531E-01
 1.9800    1.9519945E-02    9.6165400E-01   -9.6165400E-01
 1.9900    1.9002633E-02    9.4564862E-01   -9.4564862E-01
 2.0000    1.8500896E-02    9.2995646E-01   -9.2995646E-01
 2.0100    1.8012631E-02    9.1449034E-01   -9.1449034E-01
 2.0200    1.7536277E-02    8.9918697E-01   -8.9918697E-01
 2.0300    1.7071207E-02    8.8402829E-01   -8.8402829E-01
 2.0400    1.6617601E-02    8.6903749E-01   -8.6903749E-01
 2.0500    1.6175997E-02    8.5425720E-01   -8.5425720E-01
 2.0600    1.5746784E-02    8.3972326E-01   -8.3972326E-01
 2.0700    1.5329855E-02    8.2544588E-01   -8.2544588E-01
 2.0800    1.4924570E-02    8.1140629E-01   -8.1140629E-01
 2.0900    1.4530035E-02    7.9757055E-01   -7.9757055E-01
 2.1000    1.4145533E-02    7.8391284E-01   -7.8391284E-01
 2.1100    1.3770841E-02    7.7043363E-01   -7.7043363E-01
 2.1200    1.3406233E-02    7.5716122E-01   -7.5716122E-01
 2.1300    1.3052199E-02    7.4413678E-01   -7.4413678E-01
 2.1400    1.2709058E-02    7.3139298E-01   -7.3139298E-01
 2.1500    1.2376687E-02    7.1893760E-01   -7.1893760E-01
 2.1600    1.2054444E-02    7.0674791E-01   -7.0674791E-01
 2.1700    1.1741286E-02    6.9477632E-01   -6.9477632E-01
 2.1800    1.1436041E-02    6.8296517E-01   -6.8296517E-01
 2.1900    1.1137738E-02    6.7126670E-01   -6.7126670E-01
 2.2000    1.0845890E-02    6.5966043E-01   -6.5966043E-01
 2.2100    1.0560559E-02    6.4815862E-01   -6.4815862E-01
 2.2200    1.0282176E-02    6.3679679E-01   -6.3679679E-01
 2.2300    1.0011245E-02    6.2561574E-01   -6.2561574E-01
 2.2400    9.7480761E-03    6.1464565E-01   -6.1464565E-01
 2.2500    9.4926797E-03    6.0389819E-01   -6.0389819E-01
 2.2600    9.2447761E-03    5.9336666E-01   -5.9336666E-01
 2.2700    9.0038931E-03    5.8303135E-01   -5.8303135E-01
 2.2800    8.7694961E-03    5.7286752E-01   -5.7286752E-01
 2.2900    8.5411140E-03    5.6285347E-01   -5.6285347E-01
 2.3000    8.3184238E-03    5.5297637E-01   -5.5297637E-01
 2.3100    8.1012607E-03    5.4323336E-01   -5.4323336E-01
 2.3200    7.8895512E-03    5.3362742E-01   -5.3362742E-01
 2.3300    7.6832029E-03    5.2416016E-01   -5.2416016E-01
 2.3400    7.4820319E-03    5.1482678E-01   -5.1482678E-01
 2.3500    7.2857897E-03    5.0561764E-01   -5.0561764E-01
 2.3600    7.0942750E-03    4.9652588E-01   -4.9652588E-01
 2.3700    6.9074264E-03    4.8755411E-01   -4.8755411E-01
 2.3800    6.7253047E-03    4.7871358E-01   -4.7871358E-01
 2.3900    6.5479706E-03    4.7001572E-01   -4.7001572E-01
 2.4000    6.3753557E-03    4.6146287E-01   -4.6146287E-01
 2.4100    6.2072266E-03    4.5304522E-01   -4.5304522E-01
 2.4200    6.0432553E-03    4.4474547E-01   -4.4474547E-01
 2.4300    5.8831332E-03    4.3654709E-01   -4.3654709E-01
 2.4400    5.7266573E-03    4.2844069E-01   -4.2844069E-01
 2.4500    5.5737555E-03    4.2042637E-01   -4.2042637E-01
 2.4600    5.4244628E-03    4.1251222E-01   -4.1251222E-01
 2.4700    5.2788695E-03    4.0471071E-01   -4.0471071E-01
 2.4800    5.1370553E-03    3.9703379E-01   -3.9703379E-01
 2.4900    4.9990258E-03    3.8948787E-01   -3.8948787E-01
 2.5000    4.8646744E-03    3.8207064E-01   -3.8207064E-01
 2.5100    4.7337986E-03    3.7477196E-01   -3.7477196E-01
 2.5200    4.6061658E-03    3.6757884E-01   -3.6757884E-01
 2.5300    4.4815955E-03    3.6048198E-01   -3.6048198E-01
 2.5400    4.3600143E-03    3.5348030E-01   -3.5348030E-01
 2.5500    4.2414561E-03    3.4658136E-01   -3.4658136E-01
 2.5600    4.1260085E-03    3.3979729E-01   -3.3979729E-01
 2.5700    4.0137291E-03    3.3313800E-01   -3.3313800E-01
 2.5800    3.9045808E-03    3.2660565E-01   -3.2660565E-01
 2.5900    3.7984265E-03    3.2019395E-01   -3.2019395E-01
 2.6000    3.6950924E-03    3.1389317E-01   -3.1389317E-01
 2.6100    3.5944536E-03    3.0769735E-01   -3.0769735E-01
 2.6200    3.4964746E-03    3.0160797E-01   -3.0160797E-01
 2.6300    3.4011722E-03    2.9563100E-01   -2.9563100E-01
 2.6400    3.3085326E-03    2.8976981E-01   -2.8976981E-01
 2.6500    3.2184632E-03    2.8402081E-01   -2.8402081E-01
 2.6600    3.1308340E-03    2.7837689E-01   -2.7837689E-01
 2.6700    3.0455794E-03    2.7283640E-01   -2.7283640E-01
 2.6800    2.9627624E-03    2.6740915E-01   -2.6740915E-01
 2.6900    2.8825336E-03    2.6211314E-01   -2.6211314E-01
 2.7000    2.8050108E-03    2.5696379E-01   -2.5696379E-01
 2.7100    2.7301764E-03    2.5196438E-01   -2.5196438E-01
 2.7200    2.6578693E-03    2.4710487E-01   -2.4710487E-01
 2.7300    2.5878679E-03    2.4236911E-01   -2.4236911E-01
 2.7400    2.5199914E-03    2.3774426E-01   -2.3774426E-01
 2.7500    2.4541437E-03    2.3322508E-01   -2.3322508E-01
 2.7600    2.3902821E-03    2.2881115E-01   -2.2881115E-01
 2.7700    2.3283547E-03    2.2450113E-01   -2.2450113E-01
 2.7800    2.2682700E-03    2.2028971E-01   -2.2028971E-01
 2.7900    2.2099181E-03    2.1616951E-01   -2.1616951E-01
 2.8000    2.1532163E-03    2.1213561E-01   -2.1213561E-01
 2.8100    2.0981394E-03    2.0818855E-01   -2.0818855E-01
 2.8200    2.0447110E-03    2.0433371E-01   -2.0433371E-01
 2.8300    1.9929616E-03    2.0057725E-01   -2.0057725E-01
 2.8400    1.9428800E-03    1.9692122E-01   -1.9692122E-01
 2.8500    1.8943864E-03    1.9336067E-01   -1.9336067E-01
 2.8600    1.8473464E-03    1.8988483E-01   -1.8988483E-01
 2.8700    1.8016180E-03    1.8648176E-01   -1.8648176E-01
 2.8800    1.7571009E-03    1.8314352E-01   -1.8314352E-01
 2.8900    1.7137593E-03    1.7986861E-01   -1.7986861E-01
 2.9000    1.6716055E-03    1.7666058E-01   -1.7666058E-01
 2.9100    1.6306595E-03    1.7352383E-01   -1.7352383E-01
 2.9200    1.5909063E-03    1.7045909E-01   -1.7045909E-01
 2.9300    1.5522729E-03    1.6746081E-01   -1.6746081E-01
 2.9400    1.5146364E-03    1.6451781E-01   -1.6451781E-01
 2.9500    1.4778629E-03    1.6161737E-01   -1.6161737E-01
 2.9600    1.4418629E-03    1.5875129E-01   -1.5875129E-01
 2.9700    1.4066293E-03    1.5592021E-01   -1.5592021E-01
 2.9800    1.3722287E-03    1.5313304E-01   -1.5313304E-01
 2.9900    1.3387456E-03    1.5040085E-01   -1.5040085E-01
 3.0000    1.3062159E-03    1.4772954E-01   -1.4772954E-01
 3.0100    1.2746026E-03    1.4511679E-01   -1.4511679E-01
 3.0200    1.2438270E-03    1.4255542E-01   -1.4255542E-01
 3.0300    1.2138253E-03    1.4003975E-01   -1.4003975E-01
 3.0400    1.1845777E-03    1.3756901E-01   -1.3756901E-01
 3.0500    1.1560898E-03    1.3514535E-01   -1.3514535E-01
 3.0600    1.1283518E-03    1.3276917E-01   -1.3276917E-01
 3.0700    1.1013177E-03    1.3043653E-01   -1.3043653E-01
 3.0800    1.0749215E-03    1.2814099E-01   -1.2814099E-01
 3.0900    1.0491148E-03    1.2587800E-01   -1.2587800E-01
 3.1000    1.0238897E-03    1.2364781E-01   -1.2364781E-01
 3.1100    9.9927103E-04    1.2145459E-01   -1.2145459E-01
 3.1200    9.7528600E-04    1.1930291E-01   -1.1930291E-01
 3.1300    9.5193629E-04    1.1719428E-01   -1.1719428E-01
 3.1400    9.2919081E-04    1.1512617E-01   -1.1512617E-01
 3.1500    9.0699831E-04    1.1309345E-01   -1.1309345E-01
 3.1600    8.8530736E-04    1.1109080E-01   -1.1109080E-01
 3.1700    8.6408298E-04    1.0911485E-01   -1.0911485E-01
 3.1800    8.4331601E-04    1.0716537E-01   -1.0716537E-01
 3.1900    8.2302258E-04    1.0524537E-01   -1.0524537E-01
 3.2000    8.0323190E-04    1.0335959E-01   -1.0335959E-01
 3.2100    7.8396645E-04    1.0151200E-01   -1.0151200E-01
 3.2200    7.6522628E-04    9.9703748E-02   -9.9703748E-02
 3.2300    7.4698714E-04    9.7932768E-02   -9.7932768E-02
 3.2400    7.2921147E-04    9.6195194E-02   -9.6195194E-02
 3.2500    7.1186290E-04    9.4487192E-02   -9.4487192E-02
 3.2600    6.9491546E-04    9.2806210E-02   -9.2806210E-02
 3.2700    6.7835488E-04    9.1151186E-02   -9.1151186E-02
 3.2800    6.6217325E-04    8.9521878E-02   -8.9521878E-02
 3.2900    6.4636079E-04    8.7917770E-02   -8.7917770E-02
 3.3000    6.3090086E-04    8.6337380E-02   -8.6337380E-02
 3.3100    6.1577407E-04    8.4778797E-02   -8.4778797E-02
 3.3200    6.0097025E-04    8.3241328E-02   -8.3241328E-02
 3.3300    5.8649826E-04    8.1726906E-02   -8.1726906E-02
 3.3400    5.7238199E-04    8.0239601E-02   -8.0239601E-02
 3.3500    5.5864235E-04    7.8783148E-02   -7.8783148E-02
 3.3600    5.4527931E-04    7.7358393E-02   -7.7358393E-02
 3.3700    5.3227033E-04    7.5962968E-02   -7.5962968E-02
 3.3800    5.1958623E-04    7.4593486E-02   -7.4593486E-02
 3.3900    5.0720934E-04    7.3248123E-02   -7.3248123E-02
 3.4000    4.9513711E-04    7.1927203E-02   -7.1927203E-02
 3.4100    4.8337028E-04    7.0631523E-02   -7.0631523E-02
 3.4200    4.7189893E-04    6.9360317E-02   -6.9360317E-02
 3.4300    4.6070005E-04    6.8110860E-02   -6.8110860E-02
 3.4400    4.4974773E-04    6.6879918E-02   -6.6879918E-02
 3.4500    4.3902585E-04    6.5665635E-02   -6.5665635E-02
 3.4600    4.2853266E-04    6.4468265E-02   -6.4468265E-02
 3.4700    4.1827547E-04    6.3289433E-02   -6.3289433E-02
 3.4800    4.0826157E-04    6.2130786E-02   -6.2130786E-02
 3.4900    3.9849256E-04    6.0993133E-02   -6.0993133E-02
 3.5000    3.8896473E-04    5.9876469E-02   -5.9876469E-02
 3.5100    3.7967347E-04    5.8780645E-02   -5.8780645E-02
 3.5200    3.7061803E-04    5.7706101E-02   -5.7706101E-02
 3.5300    3.6180264E-04    5.6654056E-02   -5.6654056E-02
 3.5400    3.5323179E-04    5.5625787E-02   -5.5625787E-02
 3.5500    3.4490143E-04    5.4621241E-02   -5.4621241E-02
 3.5600    3.3679222E-04    5.3637918E-02   -5.3637918E-02
 3.5700    3.2887115E-04    5.2671062E-02   -5.2671062E-02
 3.5800    3.2110288E-04    5.1715428E-02   -5.1715428E-02
 3.5900    3.1346480E-04    5.0767706E-02   -5.0767706E-02
 3.6000    3.0595624E-04    4.9828083E-02   -4.9828083E-02
 3.6100    2.9859572E-04    4.8899886E-02   -4.8899886E-02
 3.6200    2.9140851E-04    4.7987622E-02   -4.7987622E-02
 3.6300    2.8441293E-04    4.7094745E-02   -4.7094745E-02
 3.6400    2.7761355E-04    4.6222486E-02   -4.6222486E-02
 3.6500    2.7100374E-04    4.5370220E-02   -4.5370220E-02
 3.6600    2.6457372E-04    4.4536772E-02   -4.4536772E-02
 3.6700    2.5831726E-04    4.3721537E-02   -4.3721537E-02
 3.6800    2.5223170E-04    4.2924493E-02   -4.2924493E-02
 3.6900    2.4631178E-04    4.2145167E-02   -4.2145167E-02
 3.7000    2.4054349E-04    4.1381565E-02   -4.1381565E-02
 3.7100    2.3490482E-04    4.0630261E-02   -4.0630261E-02
 3.7200    2.2937473E-04    3.9887913E-02   -3.9887913E-02
 3.7300    2.2394419E-04    3.9153206E-02   -3.9153206E-02
 3.7400    2.1862042E-04    3.8427648E-02   -3.8427648E-02
 3.7500    2.1342042E-04    3.7714502E-02   -3.7714502E-02
 3.7600    2.0835847E-04    3.7016616E-02   -3.7016616E-02
 3.7700    2.0343688E-04    3.6334756E-02   -3.6334756E-02
 3.7800    1.9864596E-04    3.5667544E-02   -3.5667544E-02
 3.7900    1.9397136E-04    3.5012723E-02   -3.5012723E-02
 3.8000    1.8940195E-04    3.4368574E-02   -3.4368574E-02
 3.8100    1.8493270E-04    3.3734442E-02   -3.3734442E-02
 3.8200    1.8056249E-04    3.3110376E-02   -3.3110376E-02
 3.8300    1.7629122E-04    3.2496613E-02   -3.2496613E-02
 3.8400    1.7211962E-04    3.1893538E-02   -3.1893538E-02
 3.8500    1.6805087E-04    3.1301999E-02   -3.1301999E-02
 3.8600    1.6409062E-04    3.0723326E-02   -3.0723326E-02
 3.8700    1.6024354E-04    3.0158679E-02   -3.0158679E-02
 3.8800    1.5650812E-04    2.9608076E-02   -2.9608076E-02
 3.8900    1.5287450E-04    2.9069940E-02   -2.9069940E-02
 3.9000    1.4932775E-04    2.8541684E-02   -2.8541684E-02
 3.9100    1.4585476E-04    2.8021023E-02   -2.8021023E-02
 3.9200    1.4244947E-04    2.7506976E-02   -2.7506976E-02
 3.9300    1.3911285E-04    2.6999903E-02   -2.6999903E-02
 3.9400    1.3584901E-04    2.6500788E-02   -2.6500788E-02
 3.9500    1.3266186E-04    2.6010587E-02   -2.6010587E-02
 3.9600    1.2955428E-04    2.5530070E-02   -2.5530070E-02
 3.9700    1.2652888E-04    2.5059969E-02   -2.5059969E-02
 3.9800    1.2358790E-04    2.4600955E-02   -2.4600955E-02
 3.9900    1.2073185E-04    2.4153357E-02   -2.4153357E-02
 4.0000    1.1795815E-04    2.3716893E-02   -2.3716893E-02
 4.0100    1.1526146E-04    2.3290710E-02   -2.3290710E-02
 4.0200    1.1263510E-04    2.2873663E-02   -2.2873663E-02
 4.0300    1.1007206E-04    2.2464514E-02   -2.2464514E-02
 4.0400    1.0756480E-04    2.2061894E-02   -2.2061894E-02
 4.0500    1.0510505E-04    2.1664242E-02   -2.1664242E-02
 4.0600    1.0268507E-04    2.1270085E-02   -2.1270085E-02
 4.0700    1.0030045E-04    2.0878609E-02   -2.0878609E-02
 4.0800    9.7952212E-05    2.0490117E-02   -2.0490117E-02
 4.0900    9.5646387E-05    2.0105971E-02   -2.0105971E-02
 4.1000    9.3391322E-05    1.9728047E-02   -1.9728047E-02
 4.1100    9.1194261E-05    1.9358024E-02   -1.9358024E-02
 4.1200    8.9058933E-05    1.8996858E-02   -1.8996858E-02
 4.1300    8.6985128E-05    1.8644682E-02   -1.8644682E-02
 4.1400    8.4970114E-05    1.8301081E-02   -1.8301081E-02
 4.1500    8.3010636E-05    1.7965520E-02   -1.7965520E-02
 4.1600    8.1104076E-05    1.7637588E-02   -1.7637588E-02
 4.1700    7.9248366E-05    1.7316985E-02   -1.7316985E-02
 4.1800    7.7441288E-05    1.7003369E-02   -1.7003369E-02
 4.1900    7.5679970E-05    1.6696247E-02   -1.6696247E-02
 4.2000    7.3961095E-05    1.6395014E-02   -1.6395014E-02
 4.2100    7.2281874E-05    1.6099169E-02   -1.6099169E-02
 4.2200    7.0641123E-05    1.5808562E-02   -1.5808562E-02
 4.2300    6.9039169E-05    1.5523375E-02   -1.5523375E-02
 4.2400    6.7476036E-05    1.5243726E-02   -1.5243726E-02
 4.2500    6.5949424E-05    1.4969205E-02   -1.4969205E-02
 4.2600    6.4454734E-05    1.4698868E-02   -1.4698868E-02
 4.2700    6.2987395E-05    1.4431759E-02   -1.4431759E-02
 4.2800    6.1545141E-05    1.4167433E-02   -1.4167433E-02
 4.2900    6.0127962E-05    1.3905959E-02   -1.3905959E-02
 4.3000    5.8736343E-05    1.3647518E-02   -1.3647518E-02
 4.3100    5.7370326E-05    1.3392194E-02   -1.3392194E-02
 4.3200    5.6030839E-05    1.3140276E-02   -1.3140276E-02
 4.3300    5.4721858E-05    1.2892778E-02   -1.2892778E-02
 4.3400    5.3450649E-05    1.2651508E-02   -1.2651508E-02
 4.3500    5.2224931E-05    1.2418418E-02   -1.2418418E-02
 4.3600    5.1048869E-05    1.2194640E-02   -1.2194640E-02
 4.3700    4.9921036E-05    1.1979986E-02   -1.1979986E-02
 4.3800    4.8835622E-05    1.1773208E-02   -1.1773208E-02
 4.3900    4.7785009E-05    1.1572590E-02   -1.1572590E-02
 4.4000    4.6761158E-05    1.1376285E-02   -1.1376285E-02
 4.4100    4.5755662E-05    1.1182319E-02   -1.1182319E-02
 4.4200    4.4760446E-05    1.0988763E-02   -1.0988763E-02
 4.4300    4.3770132E-05    1.0794317E-02   -1.0794317E-02
 4.4400    4.2784426E-05    1.0598918E-02   -1.0598918E-02
 4.4500    4.1808042E-05    1.0403745E-02   -1.0403745E-02
 4.4600    4.0847806E-05    1.0210531E-02   -1.0210531E-02
 4.4700    3.9909184E-05    1.0020693E-02   -1.0020693E-02
 4.4800    3.8994682E-05    9.8349301E-03   -9.8349301E-03
 4.4900    3.8104562E-05    9.6533827E-03   -9.6533827E-03
 4.5000    3.7238335E-05    9.4760020E-03   -9.4760020E-03
 4.5100    3.6395551E-05    9.3027478E-03   -9.3027478E-03
 4.5200    3.5575827E-05    9.1335949E-03   -9.1335949E-03
 4.5300    3.4778980E-05    8.9685682E-03   -8.9685682E-03
 4.5400    3.4005537E-05    8.8078763E-03   -8.8078763E-03
 4.5500    3.3256822E-05    8.6519382E-03   -8.6519382E-03
 4.5600    3.2533862E-05    8.5011010E-03   -8.5011010E-03
 4.5700    3.1835652E-05    8.3551840E-03   -8.3551840E-03
 4.5800    3.1158418E-05    8.2132724E-03   -8.2132724E-03
 4.5900    3.0496961E-05    8.0740567E-03   -8.0740567E-03
 4.6000    2.9847364E-05    7.9365454E-03   -7.9365454E-03
 4.6100    2.9208981E-05    7.8006019E-03   -7.8006019E-03
 4.6200    2.8583962E-05    7.6668371E-03   -7.6668371E-03
 4.6300    2.7974492E-05    7.5358813E-03   -7.5358813E-03
 4.6400    2.7379818E-05    7.4075807E-03   -7.4075807E-03
 4.6500    2.6795568E-05    7.2807940E-03   -7.2807940E-03
 4.6600    2.6216236E-05    7.1540510E-03   -7.1540510E-03
 4.6700    2.5639150E-05    7.0266326E-03   -7.0266326E-03
 4.6800    2.5066758E-05    6.8992158E-03   -6.8992158E-03
 4.6900    2.4505277E-05    6.7735317E-03   -6.7735317E-03
 4.7000    2.3960819E-05    6.6513107E-03   -6.6513107E-03
 4.7100    2.3436164E-05    6.5333842E-03   -6.5333842E-03
 4.7200    2.2930500E-05    6.4195913E-03   -6.4195913E-03
 4.7300    2.2441681E-05    6.3093922E-03   -6.3093922E-03
 4.7400    2.1968688E-05    6.2025557E-03   -6.2025557E-03
 4.7500    2.1512270E-05    6.0993468E-03   -6.0993468E-03
 4.7600    2.1073248E-05    6.0000552E-03   -6.0000552E-03
 4.7700    2.0649664E-05    5.9041804E-03   -5.9041804E-03
 4.7800    2.0235265E-05    5.8099790E-03   -5.8099790E-03
 4.7900    1.9821707E-05    5.7150750E-03   -5.7150750E-03
 4.8000    1.9404130E-05    5.6180618E-03   -5.6180618E-03
 4.8100    1.8986028E-05    5.5199373E-03   -5.5199373E-03
 4.8200    1.8578778E-05    5.4240175E-03   -5.4240175E-03
 4.8300    1.8195412E-05    5.3341596E-03   -5.3341596E-03
 4.8400    1.7843339E-05    5.2526289E-03   -5.2526289E-03
 4.8500    1.7521331E-05    5.1791732E-03   -5.1791732E-03
 4.8600    1.7221641E-05    5.1116009E-03   -5.1116009E-03
 4.8700    1.6933656E-05    5.0468282E-03   -5.0468282E-03
 4.8800    1.6645850E-05    4.9814467E-03   -4.9814467E-03
 4.8900    1.6346932E-05    4.9120619E-03   -4.9120619E-03
 4.9000    1.6028830E-05    4.8361955E-03   -4.8361955E-03
 4.9100    1.5690925E-05    4.7535864E-03   -4.7535864E-03
 4.9200    1.5341331E-05    4.6666271E-03   -4.6666271E-03
 4.9300    1.4992961E-05    4.5792158E-03   -4.5792158E-03
 4.9400    1.4657718E-05    4.4950044E-03   -4.4950044E-03
 4.9500    1.4344102E-05    4.4166566E-03   -4.4166566E-03
 4.9600    1.4058903E-05    4.3463496E-03   -4.3463496E-03
 4.9700    1.3808051E-05    4.2860282E-03   -4.2860282E-03
 4.9800    1.3592367E-05    4.2360750E-03   -4.2360750E-03
 4.9900    1.3400838E-05    4.1931744E-03   -4.1931744E-03
 5.0000    1.3209639E-05    4.1499305E-03   -4.1499305E-03
 5.0100    1.2991899E-05    4.0978679E-03   -4.0978679E-03
 5.0200    1.2732952E-05    4.0322401E-03   -4.0322401E-03
 5.0300    1.2439108E-05    3.9548961E-03   -3.9548961E-03
 5.0400    1.2132906E-05    3.8728956E-03   -3.8728956E-03
 5.0500    1.1839334E-05    3.7941971E-03   -3.7941971E-03
 5.0600    1.1573697E-05    3.7237714E-03   -3.7237714E-03
 5.0700    1.1337780E-05    3.6622991E-03   -3.6622991E-03
 5.0800    1.1123196E-05    3.6071721E-03   -3.6071721E-03
 5.0900    1.0917316E-05    3.5543593E-03   -3.5543593E-03
 5.1000    1.0708660E-05    3.5001394E-03   -3.5001394E-03
 5.1100    1.0490924E-05    3.4424324E-03   -3.4424324E-03
 5.1200    1.0265203E-05    3.3815618E-03   -3.3815618E-03
 5.1300    1.0039277E-05    3.3200685E-03   -3.3200685E-03
 5.1400    9.8235929E-06    3.2614180E-03   -3.2614180E-03
 5.1500    9.6258802E-06    3.2082247E-03   -3.2082247E-03
 5.1600    9.4479357E-06    3.1611579E-03   -3.1611579E-03
 5.1700    9.2864756E-06    3.1191903E-03   -3.1191903E-03
 5.1800    9.1363906E-06    3.0806619E-03   -3.0806619E-03
 5.1900    8.9931341E-06    3.0440771E-03   -3.0440771E-03
 5.2000    8.8529663E-06    3.0081907E-03   -3.0081907E-03
 5.2100    8.7124835E-06    2.9718527E-03   -2.9718527E-03
 5.2200    8.5689820E-06    2.9341351E-03   -2.9341351E-03
 5.2300    8.4213710E-06    2.8946499E-03   -2.8946499E-03
 5.2400    8.2704601E-06    2.8536592E-03   -2.8536592E-03
 5.2500    8.1183616E-06    2.8118805E-03   -2.8118805E-03
 5.2600    7.9677172E-06    2.7702264E-03   -2.7702264E-03
 5.2700    7.8212081E-06    2.7296373E-03   -2.7296373E-03
 5.2800    7.6810422E-06    2.6909019E-03   -2.6909019E-03
 5.2900    7.5480841E-06    2.6543485E-03   -2.6543485E-03
 5.3000    7.4210253E-06    2.6195429E-03   -2.6195429E-03
 5.3100    7.2965155E-06    2.5853206E-03   -2.5853206E-03
 5.3200    7.1707299E-06    2.5503307E-03   -2.5503307E-03
 5.3300    7.0416693E-06    2.5138532E-03   -2.5138532E-03
 5.3400    6.9106128E-06    2.4763324E-03   -2.4763324E-03
 5.3500    6.7814903E-06    2.4391728E-03   -2.4391728E-03
 5.3600    6.6584499E-06    2.4038789E-03   -2.4038789E-03
 5.3700    6.5433859E-06    2.3711606E-03   -2.3711606E-03
 5.3800    6.4352562E-06    2.3406704E-03   -2.3406704E-03
 5.3900    6.3315177E-06    2.3115070E-03   -2.3115070E-03
 5.4000    6.2303717E-06    2.2830285E-03   -2.2830285E-03
 5.4100    6.1322024E-06    2.2553860E-03   -2.2553860E-03
 5.4200    6.0394251E-06    2.2294823E-03   -2.2294823E-03
 5.4300    5.9548963E-06    2.2063974E-03   -2.2063974E-03
 5.4400    5.8797847E-06    2.1865987E-03   -2.1865987E-03
 5.4500    5.8123509E-06    2.1694752E-03   -2.1694752E-03
 5.4600    5.7487391E-06    2.1536134E-03   -2.1536134E-03
 5.4700    5.6852706E-06    2.1376454E-03   -2.1376454E-03
 5.4800    5.6203030E-06    2.1209514E-03   -2.1209514E-03
 5.4900    5.5542060E-06    2.1036648E-03   -2.1036648E-03
 5.5000    5.4879947E-06    2.0861663E-03   -2.0861663E-03
 5.5100    5.4223773E-06    2.0687252E-03   -2.0687252E-03
 5.5200    5.3581720E-06    2.0516566E-03   -2.0516566E-03
 5.5300    5.2973449E-06    2.0357215E-03   -2.0357215E-03
 5.5400    5.2432065E-06    2.0222105E-03   -2.0222105E-03
 5.5500    5.1991043E-06    2.0124466E-03   -2.0124466E-03
 5.5600    5.1663153E-06    2.0069676E-03   -2.0069676E-03
 5.5700    5.1425777E-06    2.0049388E-03   -2.0049388E-03
 5.5800    5.1223747E-06    2.0042394E-03   -2.0042394E-03
 5.5900    5.0989840E-06    2.0022446E-03   -2.0022446E-03
 5.6000    5.0670866E-06    1.9968445E-03   -1.9968445E-03
 5.6100    5.0242238E-06    1.9870307E-03   -1.9870307E-03
 5.6200    4.9702930E-06    1.9727157E-03   -1.9727157E-03
 5.6300    4.9060972E-06    1.9541721E-03   -1.9541721E-03
 5.6400    4.8328147E-06    1.9318269E-03   -1.9318269E-03
 5.6500    4.7528699E-06    1.9066136E-03   -1.9066136E-03
 5.6600    4.6706362E-06    1.8802637E-03   -1.8802637E-03
 5.6700    4.5914859E-06    1.8549373E-03   -1.8549373E-03
 5.6800    4.5198817E-06    1.8324562E-03   -1.8324562E-03
 5.6900    4.4585105E-06    1.8139453E-03   -1.8139453E-03
 5.7000    4.4092994E-06    1.8002349E-03   -1.8002349E-03
 5.7100    4.3753676E-06    1.7926546E-03   -1.7926546E-03
 5.7200    4.3624501E-06    1.7936281E-03   -1.7936281E-03
 5.7300    4.3783712E-06    1.8064739E-03   -1.8064739E-03
 5.7400    4.4289629E-06    1.8337313E-03   -1.8337313E-03
 5.7500    4.5103136E-06    1.8739254E-03   -1.8739254E-03
 5.7600    4.6018579E-06    1.9186159E-03   -1.9186159E-03
 5.7700    4.6686087E-06    1.9532101E-03   -1.9532101E-03
 5.7800    4.6766860E-06    1.9633773E-03   -1.9633773E-03
 5.7900    4.6141640E-06    1.9438378E-03   -1.9438378E-03
 5.8000    4.5007214E-06    1.9026021E-03   -1.9026021E-03
 5.8100    4.3762779E-06    1.8563806E-03   -1.8563806E-03
 5.8200    4.2765112E-06    1.8203104E-03   -1.8203104E-03
 5.8300    4.2141627E-06    1.7999410E-03   -1.7999410E-03
 5.8400    4.1785125E-06    1.7908420E-03   -1.7908420E-03
 5.8500    4.1493481E-06    1.7844380E-03   -1.7844380E-03
 5.8600    4.1121073E-06    1.7744736E-03   -1.7744736E-03
 5.8700    4.0640004E-06    1.7597048E-03   -1.7597048E-03
 5.8800    4.0105282E-06    1.7424731E-03   -1.7424731E-03
 5.8900    3.9586681E-06    1.7257963E-03   -1.7257963E-03
 5.9000    3.9129746E-06    1.7116735E-03   -1.7116735E-03
 5.9100    3.8758706E-06    1.7011950E-03   -1.7011950E-03
 5.9200    3.8487500E-06    1.6950128E-03   -1.6950128E-03
 5.9300    3.8306685E-06    1.6927539E-03   -1.6927539E-03
 5.9400    3.8157710E-06    1.6918625E-03   -1.6918625E-03
 5.9500    3.7937082E-06    1.6877485E-03   -1.6877485E-03
 5.9600    3.7548434E-06    1.6760779E-03   -1.6760779E-03
 5.9700    3.6965316E-06    1.6555906E-03   -1.6555906E-03
 5.9800    3.6247926E-06    1.6289036E-03   -1.6289036E-03
 5.9900    3.5499485E-06    1.6006101E-03   -1.6006101E-03
 6.0000    3.4805238E-06    1.5745519E-03   -1.5745519E-03
 6.0100    3.4206504E-06    1.5526283E-03   -1.5526283E-03
 6.0200    3.3720309E-06    1.5356576E-03   -1.5356576E-03
 6.0300    3.3372779E-06    1.5248842E-03   -1.5248842E-03
 6.0400    3.3211412E-06    1.5225483E-03   -1.5225483E-03
 6.0500    3.3288811E-06    1.5311541E-03   -1.5311541E-03
 6.0600    3.3634788E-06    1.5521861E-03   -1.5521861E-03
 6.0700    3.4234433E-06    1.5850771E-03   -1.5850771E-03
 6.0800    3.5014541E-06    1.6265427E-03   -1.6265427E-03
 6.0900    3.5834968E-06    1.6701346E-03   -1.6701346E-03
 6.1000    3.6497074E-06    1.7065837E-03   -1.7065837E-03
 6.1100    3.6792944E-06    1.7260637E-03   -1.7260637E-03
 6.1200    3.6591951E-06    1.7222582E-03   -1.7222582E-03
 6.1300    3.5911277E-06    1.6957494E-03   -1.6957494E-03
 6.1400    3.4907896E-06    1.6537516E-03   -1.6537516E-03
 6.1500    3.3789180E-06    1.6059712E-03   -1.6059712E-03
 6.1600    3.2710640E-06    1.5597692E-03   -1.5597692E-03
 6.1700    3.1735039E-06    1.5181659E-03   -1.5181659E-03
 6.1800    3.0863858E-06    1.4812796E-03   -1.4812796E-03
 6.1900    3.0091475E-06    1.4488874E-03   -1.4488874E-03
 6.2000    2.9432437E-06    1.4217377E-03   -1.4217377E-03
 6.2100    2.8915867E-06    1.4012941E-03   -1.4012941E-03
 6.2200    2.8570493E-06    1.3890196E-03   -1.3890196E-03
 6.2300    2.8414769E-06    1.3858942E-03   -1.3858942E-03
 6.2400    2.8446360E-06    1.3918926E-03   -1.3918926E-03
 6.2500    2.8625952E-06    1.4051731E-03   -1.4051731E-03
 6.2600    2.8868021E-06    1.4215939E-03   -1.4215939E-03
 6.2700    2.9057674E-06    1.4355086E-03   -1.4355086E-03
 6.2800    2.9093749E-06    1.4418791E-03   -1.4418791E-03
 6.2900    2.8931829E-06    1.4384244E-03   -1.4384244E-03
 6.3000    2.8596467E-06    1.4262752E-03   -1.4262752E-03
 6.3100    2.8157867E-06    1.4088616E-03   -1.4088616E-03
 6.3200    2.7698116E-06    1.3902543E-03   -1.3902543E-03
 6.3300    2.7293368E-06    1.3742774E-03   -1.3742774E-03
 6.3400    2.7012168E-06    1.3644192E-03   -1.3644192E-03
 6.3500    2.6910172E-06    1.3635585E-03   -1.3635585E-03
 6.3600    2.7010158E-06    1.3729389E-03   -1.3729389E-03
 6.3700    2.7278275E-06    1.3909311E-03   -1.3909311E-03
 6.3800    2.7616819E-06    1.4126184E-03   -1.4126184E-03
 6.3900    2.7885775E-06    1.4308506E-03   -1.4308506E-03
 6.4000    2.7949786E-06    1.4386273E-03   -1.4386273E-03
 6.4100    2.7730854E-06    1.4318225E-03   -1.4318225E-03
 6.4200    2.7237722E-06    1.4107521E-03   -1.4107521E-03
 6.4300    2.6553460E-06    1.3795992E-03   -1.3795992E-03
 6.4400    2.5792022E-06    1.3442096E-03   -1.3442096E-03
 6.4500    2.5056547E-06    1.3099373E-03   -1.3099373E-03
 6.4600    2.4423591E-06    1.2808091E-03   -1.2808091E-03
 6.4700    2.3948425E-06    1.2597820E-03   -1.2597820E-03
 6.4800    2.3668310E-06    1.2488985E-03   -1.2488985E-03
 6.4900    2.3589654E-06    1.2485928E-03   -1.2485928E-03
 6.5000    2.3668453E-06    1.2566272E-03   -1.2566272E-03
 6.5100    2.3806532E-06    1.2678503E-03   -1.2678503E-03
 6.5200    2.3876831E-06    1.2755037E-03   -1.2755037E-03
 6.5300    2.3769229E-06    1.2736536E-03   -1.2736536E-03
 6.5400    2.3434341E-06    1.2595578E-03   -1.2595578E-03
 6.5500    2.2905283E-06    1.2348896E-03   -1.2348896E-03
 6.5600    2.2288232E-06    1.2052945E-03   -1.2052945E-03
 6.5700    2.1722803E-06    1.1783016E-03   -1.1783016E-03
 6.5800    2.1325133E-06    1.1602549E-03   -1.1602549E-03
 6.5900    2.1140097E-06    1.1536861E-03   -1.1536861E-03
 6.6000    2.1130438E-06    1.1566614E-03   -1.1566614E-03
 6.6100    2.1208766E-06    1.1644697E-03   -1.1644697E-03
 6.6200    2.1288499E-06    1.1723867E-03   -1.1723867E-03
 6.6300    2.1320585E-06    1.1777037E-03   -1.1777037E-03
 6.6400    2.1300967E-06    1.1801721E-03   -1.1801721E-03
 6.6500    2.1257048E-06    1.1812888E-03   -1.1812888E-03
 6.6600    2.1228671E-06    1.1832626E-03   -1.1832626E-03
 6.6700    2.1251869E-06    1.1881155E-03   -1.1881155E-03
 6.6800    2.1345791E-06    1.1969473E-03   -1.1969473E-03
 6.6900    2.1502641E-06    1.2093553E-03   -1.2093553E-03
 6.7000    2.1684608E-06    1.2232382E-03   -1.2232382E-03
 6.7100    2.1833847E-06    1.2353362E-03   -1.2353362E-03
 6.7200    2.1896034E-06    1.2425500E-03   -1.2425500E-03
 6.7300    2.1847058E-06    1.2434632E-03   -1.2434632E-03
 6.7400    2.1706422E-06    1.2391329E-03   -1.2391329E-03
 6.7500    2.1527563E-06    1.2325720E-03   -1.2325720E-03
 6.7600    2.1370219E-06    1.2271912E-03   -1.2271912E-03
 6.7700    2.1270869E-06    1.2251025E-03   -1.2251025E-03
 6.7800    2.1227185E-06    1.2262010E-03   -1.2262010E-03
 6.7900    2.1203423E-06    1.2284441E-03   -1.2284441E-03
 6.8000    2.1152474E-06    1.2291047E-03   -1.2291047E-03
 6.8100    2.1042360E-06    1.2263051E-03   -1.2263051E-03
 6.8200    2.0873218E-06    1.2200230E-03   -1.2200230E-03
 6.8300    2.0675549E-06    1.2120159E-03   -1.2120159E-03
 6.8400    2.0490105E-06    1.2046649E-03   -1.2046649E-03
 6.8500    2.0340883E-06    1.1993911E-03   -1.1993911E-03
 6.8600    2.0219050E-06    1.1956907E-03   -1.1956907E-03
 6.8700    2.0090140E-06    1.1915336E-03   -1.1915336E-03
 6.8800    1.9920584E-06    1.1849194E-03   -1.1849194E-03
 6.8900    1.9704440E-06    1.1754723E-03   -1.1754723E-03
 6.9000    1.9470794E-06    1.1649082E-03   -1.1649082E-03
 6.9100    1.9267738E-06    1.1561034E-03   -1.1561034E-03
 6.9200    1.9136822E-06    1.1515740E-03   -1.1515740E-03
 6.9300    1.9096670E-06    1.1524816E-03   -1.1524816E-03
 6.9400    1.9142429E-06    1.1585795E-03   -1.1585795E-03
 6.9500    1.9251978E-06    1.1685702E-03   -1.1685702E-03
 6.9600    1.9388237E-06    1.1802301E-03   -1.1802301E-03
 6.9700    1.9500329E-06    1.1904670E-03   -1.1904670E-03
 6.9800    1.9535613E-06    1.1960456E-03   -1.1960456E-03
 6.9900    1.9463495E-06    1.1950472E-03   -1.1950472E-03
 7.0000    1.9291673E-06    1.1878889E-03   -1.1878889E-03
 7.0100    1.9054493E-06    1.1766392E-03   -1.1766392E-03
 7.0200    1.8779512E-06    1.1629697E-03   -1.1629697E-03
 7.0300    1.8464967E-06    1.1467508E-03   -1.1467508E-03
 7.0400    1.8095074E-06    1.1269783E-03   -1.1269783E-03
 7.0500    1.7682639E-06    1.1044223E-03   -1.1044223E-03
 7.0600    1.7296281E-06    1.0833580E-03   -1.0833580E-03
 7.0700    1.7037635E-06    1.0701829E-03   -1.0701829E-03
 7.0800    1.6978808E-06    1.0695068E-03   -1.0695068E-03
 7.0900    1.7109767E-06    1.0808027E-03   -1.0808027E-03
 7.1000    1.7339958E-06    1.0984356E-03   -1.0984356E-03
 7.1100    1.7552804E-06    1.1150532E-03   -1.1150532E-03
 7.1200    1.7669626E-06    1.1256340E-03   -1.1256340E-03
 7.1300    1.7677529E-06    1.1293030E-03   -1.1293030E-03
 7.1400    1.7610404E-06    1.1281728E-03   -1.1281728E-03
 7.1500    1.7508528E-06    1.1247903E-03   -1.1247903E-03
 7.1600    1.7390826E-06    1.1203562E-03   -1.1203562E-03
 7.1700    1.7254696E-06    1.1146936E-03   -1.1146936E-03
 7.1800    1.7094250E-06    1.1074109E-03   -1.1074109E-03
 7.1900    1.6918391E-06    1.0990734E-03   -1.0990734E-03
 7.2000    1.6755761E-06    1.0915384E-03   -1.0915384E-03
 7.2100    1.6644479E-06    1.0873031E-03   -1.0873031E-03
 7.2200    1.6613579E-06    1.0882971E-03   -1.0882971E-03
 7.2300    1.6666977E-06    1.0948215E-03   -1.0948215E-03
 7.2400    1.6778139E-06    1.1051743E-03   -1.1051743E-03
 7.2500    1.6897009E-06    1.1160810E-03   -1.1160810E-03
 7.2600    1.6965858E-06    1.1237222E-03   -1.1237222E-03
 7.2700    1.6939555E-06    1.1250730E-03   -1.1250730E-03
 7.2800    1.6804443E-06    1.1191718E-03   -1.1191718E-03
 7.2900    1.6586992E-06    1.1077266E-03   -1.1077266E-03
 7.3000    1.6343898E-06    1.0944886E-03   -1.0944886E-03
 7.3100    1.6134838E-06    1.0834509E-03   -1.0834509E-03
 7.3200    1.5992643E-06    1.0768427E-03   -1.0768427E-03
 7.3300    1.5910173E-06    1.0742187E-03   -1.0742187E-03
 7.3400    1.5852006E-06    1.0732137E-03   -1.0732137E-03
 7.3500    1.5780689E-06    1.0712985E-03   -1.0712985E-03
 7.3600    1.5677505E-06    1.0671917E-03   -1.0671917E-03
 7.3700    1.5544722E-06    1.0610303E-03   -1.0610303E-03
 7.3800    1.5393057E-06    1.0535314E-03   -1.0535314E-03
 7.3900    1.5228988E-06    1.0451288E-03   -1.0451288E-03
 7.4000    1.5052164E-06    1.0357913E-03   -1.0357913E-03
 7.4100    1.4860594E-06    1.0253744E-03   -1.0253744E-03
 7.4200    1.4655478E-06    1.0139526E-03   -1.0139526E-03
 7.4300    1.4442943E-06    1.0019434E-03   -1.0019434E-03
 7.4400    1.4235864E-06    9.9023797E-04   -9.9023797E-04
 7.4500    1.4056040E-06    9.8035954E-04   -9.8035954E-04
 7.4600    1.3930756E-06    9.7423161E-04   -9.7423161E-04
 7.4700    1.3880010E-06    9.7328685E-04   -9.7328685E-04
 7.4800    1.3901045E-06    9.7737340E-04   -9.7737340E-04
 7.4900    1.3962861E-06    9.8434627E-04   -9.8434627E-04
 7.5000    1.4016645E-06    9.9077826E-04   -9.9077826E-04
 7.5100    1.4016059E-06    9.9338057E-04   -9.9338057E-04
 7.5200    1.3936169E-06    9.9035055E-04   -9.9035055E-04
 7.5300    1.3782878E-06    9.8206385E-04   -9.8206385E-04
 7.5400    1.3588690E-06    9.7080088E-04   -9.7080088E-04
 7.5500    1.3394738E-06    9.5948455E-04   -9.5948455E-04
 7.5600    1.3227817E-06    9.5003947E-04   -9.5003947E-04
 7.5700    1.3088993E-06    9.4255749E-04   -9.4255749E-04
 7.5800    1.2963337E-06    9.3597682E-04   -9.3597682E-04
 7.5900    1.2840475E-06    9.2955371E-04   -9.2955371E-04
 7.6000    1.2724672E-06    9.2359938E-04   -9.2359938E-04
 7.6100    1.2625451E-06    9.1881081E-04   -9.1881081E-04
 7.6200    1.2541286E-06    9.1508590E-04   -9.1508590E-04
 7.6300    1.2455895E-06    9.1124229E-04   -9.1124229E-04
 7.6400    1.2352658E-06    9.0606011E-04   -9.0606011E-04
 7.6500    1.2232992E-06    8.9963313E-04   -8.9963313E-04
 7.6600    1.2119380E-06    8.9360957E-04   -8.9360957E-04
 7.6700    1.2038738E-06    8.8998265E-04   -8.8998265E-04
 7.6800    1.2001744E-06    8.8956289E-04   -8.8956289E-04
 7.6900    1.1997152E-06    8.9153972E-04   -8.9153972E-04
 7.7000    1.2003472E-06    8.9433082E-04   -8.9433082E-04
 7.7100    1.2003210E-06    8.9663567E-04   -8.9663567E-04
 7.7200    1.1985971E-06    8.9767203E-04   -8.9767203E-04
 7.7300    1.1942654E-06    8.9674651E-04   -8.9674651E-04
 7.7400    1.1863431E-06    8.9310415E-04   -8.9310415E-04
 7.7500    1.1745307E-06    8.8649779E-04   -8.8649779E-04
 7.7600    1.1600146E-06    8.7780241E-04   -8.7780241E-04
 7.7700    1.1450348E-06    8.6870151E-04   -8.6870151E-04
 7.7800    1.1312048E-06    8.6041963E-04   -8.6041963E-04
 7.7900    1.1180510E-06    8.5260210E-04   -8.5260210E-04
 7.8000    1.1032678E-06    8.4349017E-04   -8.4349017E-04
 7.8100    1.0847529E-06    8.3146267E-04   -8.3146267E-04
 7.8200    1.0629603E-06    8.1684643E-04   -8.1684643E-04
 7.8300    1.0417303E-06    8.0258068E-04   -8.0258068E-04
 7.8400    1.0267054E-06    7.9302676E-04   -7.9302676E-04
 7.8500    1.0220907E-06    7.9147755E-04   -7.9147755E-04
 7.8600    1.0278040E-06    7.9793083E-04   -7.9793083E-04
 7.8700    1.0389544E-06    8.0864112E-04   -8.0864112E-04
 7.8800    1.0480041E-06    8.1775887E-04   -8.1775887E-04
 7.8900    1.0481804E-06    8.1997369E-04   -8.1997369E-04
 7.9000    1.0361866E-06    8.1264717E-04   -8.1264717E-04
 7.9100    1.0130800E-06    7.9653817E-04   -7.9653817E-04
 7.9200    9.8331273E-07    7.7508956E-04   -7.7508956E-04
 7.9300    9.5268491E-07    7.5284492E-04   -7.5284492E-04
 7.9400    9.2635913E-07    7.3388880E-04   -7.3388880E-04
 7.9500    9.0789404E-07    7.2107309E-04   -7.2107309E-04
 7.9600    8.9927110E-07    7.1602244E-04   -7.1602244E-04
 7.9700    9.0095500E-07    7.1916676E-04   -7.1916676E-04
 7.9800    9.1143298E-07    7.2935739E-04   -7.2935739E-04
 7.9900    9.2704202E-07    7.4370867E-04   -7.4370867E-04
 8.0000    9.4316017E-07    7.5853442E-04   -7.5853442E-04
 8.0100    9.5624062E-07    7.7097818E-04   -7.7097818E-04
 8.0200    9.6483755E-07    7.7985309E-04   -7.7985309E-04
 8.0300    9.6882990E-07    7.8503404E-04   -7.8503404E-04
 8.0400    9.6817098E-07    7.8645526E-04   -7.8645526E-04
 8.0500    9.6270663E-07    7.8396304E-04   -7.8396304E-04
 8.0600    9.5280312E-07    7.7782719E-04   -7.7782719E-04
 8.0700    9.3945506E-07    7.6883464E-04   -7.6883464E-04
 8.0800    9.2349049E-07    7.5764369E-04   -7.5764369E-04
 8.0900    9.0475995E-07    7.4411537E-04   -7.4411537E-04
 8.1000    8.8216652E-07    7.2732828E-04   -7.2732828E-04
 8.1100    8.5459297E-07    7.0633526E-04   -7.0633526E-04
 8.1200    8.2230904E-07    6.8132918E-04   -6.8132918E-04
 8.1300    7.8824058E-07    6.5471116E-04   -6.5471116E-04
 8.1400    7.5814379E-07    6.3126288E-04   -6.3126288E-04
 8.1500    7.3881413E-07    6.1668059E-04   -6.1668059E-04
 8.1600    7.3472954E-07    6.1477710E-04   -6.1477710E-04
 8.1700    7.4518143E-07    6.2505178E-04   -6.2505178E-04
 8.1800    7.6402315E-07    6.4242582E-04   -6.4242582E-04
 8.1900    7.8219494E-07    6.5931457E-04   -6.5931457E-04
 8.2000    7.9119610E-07    6.6853124E-04   -6.6853124E-04
 8.2100    7.8563282E-07    6.6545056E-04   -6.6545056E-04
 8.2200    7.6428593E-07    6.4894720E-04   -6.4894720E-04
 8.2300    7.2995306E-07    6.2130445E-04   -6.2130445E-04
 8.2400    6.8823658E-07    5.8722162E-04   -5.8722162E-04
 8.2500    6.4552306E-07    5.5211497E-04   -5.5211497E-04
 8.2600    6.0695728E-07    5.2038897E-04   -5.2038897E-04
 8.2700    5.7536242E-07    4.9449553E-04   -4.9449553E-04
 8.2800    5.5135793E-07    4.7501155E-04   -4.7501155E-04
 8.2900    5.3415122E-07    4.6129967E-04   -4.6129967E-04
