# total charge: 9.000000 
# r(A)     rho (e/A^3)     4*pi*r^2*rho(e/A)  dip  
 0.0000    4.8262783E+00    0.0000000E+00    7.1809610E+01
 0.0100    4.8216637E+00    6.0590813E-03    7.1445399E+01
 0.0200    4.8158356E+00    2.4207030E-02    7.0363478E+01
 0.0300    4.8085518E+00    5.4383440E-02    6.8595423E+01
 0.0400    4.7995567E+00    9.6500813E-02    6.6192124E+01
 0.0500    4.7885718E+00    1.5043742E-01    6.3221321E+01
 0.0600    4.7752906E+00    2.1602906E-01    5.9764399E+01
 0.0700    4.7594048E+00    2.9306138E-01    5.5912647E+01
 0.0800    4.7406669E+00    3.8126706E-01    5.1763212E+01
 0.0900    4.7189544E+00    4.8033105E-01    4.7415014E+01
 0.1000    4.6942879E+00    5.8990161E-01    4.2964829E+01
 0.1100    4.6667952E+00    7.0960060E-01    3.8503791E+01
 0.1200    4.6366502E+00    8.3902845E-01    3.4114461E+01
 0.1300    4.6040227E+00    9.7776396E-01    2.9868583E+01
 0.1400    4.5690566E+00    1.1253626E+00    2.5825581E+01
 0.1500    4.5318729E+00    1.2813569E+00    2.2031810E+01
 0.1600    4.4925841E+00    1.4452602E+00    1.8520490E+01
 0.1700    4.4513068E+00    1.6165727E+00    1.5312261E+01
 0.1800    4.4081641E+00    1.7947858E+00    1.2416243E+01
 0.1900    4.3632778E+00    1.9793834E+00    9.8314632E+00
 0.2000    4.3167568E+00    2.1698387E+00    7.5485353E+00
 0.2100    4.2686936E+00    2.3656115E+00    5.5514357E+00
 0.2200    4.2191704E+00    2.5661515E+00    3.8192752E+00
 0.2300    4.1682723E+00    2.7709049E+00    2.3279619E+00
 0.2400    4.1160944E+00    2.9793236E+00    1.0516919E+00
 0.2500    4.0627415E+00    3.1908697E+00   -3.5775615E-02
 0.2600    4.0083193E+00    3.4050137E+00   -9.6007926E-01
 0.2700    3.9529268E+00    3.6212304E+00   -1.7454622E+00
 0.2800    3.8966540E+00    3.8389970E+00   -2.4142157E+00
 0.2900    3.8395859E+00    4.0577964E+00   -2.9863406E+00
 0.3000    3.7818094E+00    4.2771256E+00   -3.4793929E+00
 0.3100    3.7234172E+00    4.4965037E+00   -3.9084763E+00
 0.3200    3.6645083E+00    4.7154759E+00   -4.2863400E+00
 0.3300    3.6051817E+00    4.9336110E+00   -4.6235486E+00
 0.3400    3.5455295E+00    5.1504930E+00   -4.9286935E+00
 0.3500    3.4856301E+00    5.3657107E+00   -5.2086278E+00
 0.3600    3.4255477E+00    5.5788525E+00   -5.4687102E+00
 0.3700    3.3653370E+00    5.7895108E+00   -5.7130504E+00
 0.3800    3.3050516E+00    5.9972935E+00   -5.9447431E+00
 0.3900    3.2447504E+00    6.2018373E+00   -6.1660793E+00
 0.4000    3.1844972E+00    6.4028116E+00   -6.3787221E+00
 0.4100    3.1243532E+00    6.5999052E+00   -6.5838381E+00
 0.4200    3.0643642E+00    6.7927999E+00   -6.7821901E+00
 0.4300    3.0045545E+00    6.9811483E+00   -6.9742119E+00
 0.4400    2.9449349E+00    7.1645829E+00   -7.1600933E+00
 0.4500    2.8855236E+00    7.3427633E+00   -7.3398862E+00
 0.4600    2.8263654E+00    7.5154300E+00   -7.5136047E+00
 0.4700    2.7675301E+00    7.6824179E+00   -7.6812713E+00
 0.4800    2.7090885E+00    7.8436016E+00   -7.8428885E+00
 0.4900    2.6510831E+00    7.9988097E+00   -7.9983707E+00
 0.5000    2.5935190E+00    8.1477802E+00   -8.1475126E+00
 0.5100    2.5363840E+00    8.2902040E+00   -8.2900425E+00
 0.5200    2.4796818E+00    8.4258263E+00   -8.4257298E+00
 0.5300    2.4234479E+00    8.5545130E+00   -8.5544559E+00
 0.5400    2.3677317E+00    8.6762062E+00   -8.6761728E+00
 0.5500    2.3125574E+00    8.7907871E+00   -8.7907677E+00
 0.5600    2.2578969E+00    8.8979514E+00   -8.8979402E+00
 0.5700    2.2036792E+00    8.9972119E+00   -8.9972055E+00
 0.5800    2.1498343E+00    9.0880528E+00   -9.0880492E+00
 0.5900    2.0963412E+00    9.1701376E+00   -9.1701356E+00
 0.6000    2.0432454E+00    9.2434243E+00   -9.2434232E+00
 0.6100    1.9906351E+00    9.3081033E+00   -9.3081027E+00
 0.6200    1.9385940E+00    9.3644032E+00   -9.3644029E+00
 0.6300    1.8871630E+00    9.4124001E+00   -9.4123999E+00
 0.6400    1.8363350E+00    9.4519569E+00   -9.4519568E+00
 0.6500    1.7860799E+00    9.4828191E+00   -9.4828191E+00
 0.6600    1.7363784E+00    9.5047807E+00   -9.5047806E+00
 0.6700    1.6872404E+00    9.5177972E+00   -9.5177972E+00
 0.6800    1.6387014E+00    9.5219853E+00   -9.5219853E+00
 0.6900    1.5908027E+00    9.5175326E+00   -9.5175326E+00
 0.7000    1.5435733E+00    9.5045859E+00   -9.5045859E+00
 0.7100    1.4970189E+00    9.4831769E+00   -9.4831769E+00
 0.7200    1.4511266E+00    9.4532287E+00   -9.4532287E+00
 0.7300    1.4058809E+00    9.4146487E+00   -9.4146487E+00
 0.7400    1.3612804E+00    9.3674392E+00   -9.3674392E+00
 0.7500    1.3173401E+00    9.3117283E+00   -9.3117283E+00
 0.7600    1.2740786E+00    9.2476904E+00   -9.2476904E+00
 0.7700    1.2315044E+00    9.1754482E+00   -9.1754482E+00
 0.7800    1.1896179E+00    9.0950809E+00   -9.0950809E+00
 0.7900    1.1484304E+00    9.0067632E+00   -9.0067632E+00
 0.8000    1.1079832E+00    8.9109297E+00   -8.9109297E+00
 0.8100    1.0683486E+00    8.8083157E+00   -8.8083157E+00
 0.8200    1.0296092E+00    8.6998144E+00   -8.6998144E+00
 0.8300    9.9182756E-01    8.5862241E+00   -8.5862241E+00
 0.8400    9.5502362E-01    8.4680332E+00   -8.4680332E+00
 0.8500    9.1917323E-01    8.3453602E+00   -8.3453602E+00
 0.8600    8.8422744E-01    8.2180874E+00   -8.2180874E+00
 0.8700    8.5014298E-01    8.0861230E+00   -8.0861230E+00
 0.8800    8.1690756E-01    7.9496521E+00   -7.9496521E+00
 0.8900    7.8454590E-01    7.8092303E+00   -7.8092303E+00
 0.9000    7.5310491E-01    7.6656743E+00   -7.6656743E+00
 0.9100    7.2263109E-01    7.5198519E+00   -7.5198519E+00
 0.9200    6.9315640E-01    7.3725335E+00   -7.3725335E+00
 0.9300    6.6469897E-01    7.2243831E+00   -7.2243831E+00
 0.9400    6.3727079E-01    7.0760286E+00   -7.0760286E+00
 0.9500    6.1088136E-01    6.9280968E+00   -6.9280968E+00
 0.9600    5.8553414E-01    6.7811687E+00   -6.7811687E+00
 0.9700    5.6122160E-01    6.6357147E+00   -6.6357147E+00
 0.9800    5.3792465E-01    6.4920740E+00   -6.4920740E+00
 0.9900    5.1561537E-01    6.3504735E+00   -6.3504735E+00
 1.0000    4.9425953E-01    6.2110485E+00   -6.2110485E+00
 1.0100    4.7381985E-01    6.0738752E+00   -6.0738752E+00
 1.0200    4.5426255E-01    5.9390522E+00   -5.9390522E+00
 1.0300    4.3556515E-01    5.8068076E+00   -5.8068076E+00
 1.0400    4.1771852E-01    5.6775409E+00   -5.6775409E+00
 1.0500    4.0071970E-01    5.5517405E+00   -5.5517405E+00
 1.0600    3.8455986E-01    5.4298213E+00   -5.4298213E+00
 1.0700    3.6921574E-01    5.3119946E+00   -5.3119946E+00
 1.0800    3.5464959E-01    5.1982462E+00   -5.1982462E+00
 1.0900    3.4081564E-01    5.0884133E+00   -5.0884133E+00
 1.1000    3.2766744E-01    4.9822845E+00   -4.9822845E+00
 1.1100    3.1516127E-01    4.8796499E+00   -4.8796499E+00
 1.1200    3.0325508E-01    4.7802873E+00   -4.7802873E+00
 1.1300    2.9190605E-01    4.6839240E+00   -4.6839240E+00
 1.1400    2.8107020E-01    4.5902292E+00   -4.5902292E+00
 1.1500    2.7070482E-01    4.4988502E+00   -4.4988502E+00
 1.1600    2.6077107E-01    4.4094584E+00   -4.4094584E+00
 1.1700    2.5123477E-01    4.3217669E+00   -4.3217669E+00
 1.1800    2.4206581E-01    4.2355258E+00   -4.2355258E+00
 1.1900    2.3323787E-01    4.1505233E+00   -4.1505233E+00
 1.2000    2.2472942E-01    4.0666078E+00   -4.0666078E+00
 1.2100    2.1652456E-01    3.9837105E+00   -3.9837105E+00
 1.2200    2.0861251E-01    3.9018438E+00   -3.9018438E+00
 1.2300    2.0098585E-01    3.8210751E+00   -3.8210751E+00
 1.2400    1.9363852E-01    3.7414935E+00   -3.7414935E+00
 1.2500    1.8656467E-01    3.6631887E+00   -3.6631887E+00
 1.2600    1.7975812E-01    3.5862410E+00   -3.5862410E+00
 1.2700    1.7321212E-01    3.5107151E+00   -3.5107151E+00
 1.2800    1.6691901E-01    3.4366524E+00   -3.4366524E+00
 1.2900    1.6087001E-01    3.3640650E+00   -3.3640650E+00
 1.3000    1.5505562E-01    3.2929419E+00   -3.2929419E+00
 1.3100    1.4946671E-01    3.2232718E+00   -3.2232718E+00
 1.3200    1.4409581E-01    3.1550706E+00   -3.1550706E+00
 1.3300    1.3893746E-01    3.0883925E+00   -3.0883925E+00
 1.3400    1.3398693E-01    3.0233045E+00   -3.0233045E+00
 1.3500    1.2923814E-01    2.9598392E+00   -2.9598392E+00
 1.3600    1.2468232E-01    2.8979611E+00   -2.8979611E+00
 1.3700    1.2030861E-01    2.8375773E+00   -2.8375773E+00
 1.3800    1.1610621E-01    2.7785837E+00   -2.7785837E+00
 1.3900    1.1206634E-01    2.7209131E+00   -2.7209131E+00
 1.4000    1.0818277E-01    2.6645510E+00   -2.6645510E+00
 1.4100    1.0445064E-01    2.6095114E+00   -2.6095114E+00
 1.4200    1.0086466E-01    2.5557925E+00   -2.5557925E+00
 1.4300    9.7417993E-02    2.5033474E+00   -2.5033474E+00
 1.4400    9.4102594E-02    2.4520902E+00   -2.4520902E+00
 1.4500    9.0910621E-02    2.4019308E+00   -2.4019308E+00
 1.4600    8.7835687E-02    2.3528085E+00   -2.3528085E+00
 1.4700    8.4873090E-02    2.3047008E+00   -2.3047008E+00
 1.4800    8.2019039E-02    2.2576051E+00   -2.2576051E+00
 1.4900    7.9269622E-02    2.2115114E+00   -2.2115114E+00
 1.5000    7.6620313E-02    2.1663883E+00   -2.1663883E+00
 1.5100    7.4066311E-02    2.1221910E+00   -2.1221910E+00
 1.5200    7.1603338E-02    2.0788842E+00   -2.0788842E+00
 1.5300    6.9228230E-02    2.0364603E+00   -2.0364603E+00
 1.5400    6.6938817E-02    1.9949377E+00   -1.9949377E+00
 1.5500    6.4733164E-02    1.9543399E+00   -1.9543399E+00
 1.5600    6.2608704E-02    1.9146693E+00   -1.9146693E+00
 1.5700    6.0561892E-02    1.8758953E+00   -1.8758953E+00
 1.5800    5.8588577E-02    1.8379639E+00   -1.8379639E+00
 1.5900    5.6684788E-02    1.8008214E+00   -1.8008214E+00
 1.6000    5.4847303E-02    1.7644327E+00   -1.7644327E+00
 1.6100    5.3073649E-02    1.7287833E+00   -1.7287833E+00
 1.6200    5.1361692E-02    1.6938666E+00   -1.6938666E+00
 1.6300    4.9709237E-02    1.6596716E+00   -1.6596716E+00
 1.6400    4.8113882E-02    1.6261775E+00   -1.6261775E+00
 1.6500    4.6573125E-02    1.5933572E+00   -1.5933572E+00
 1.6600    4.5084583E-02    1.5611840E+00   -1.5611840E+00
 1.6700    4.3646225E-02    1.5296409E+00   -1.5296409E+00
 1.6800    4.2256477E-02    1.4987242E+00   -1.4987242E+00
 1.6900    4.0914049E-02    1.4684384E+00   -1.4684384E+00
 1.7000    3.9617581E-02    1.4387842E+00   -1.4387842E+00
 1.7100    3.8365355E-02    1.4097474E+00   -1.4097474E+00
 1.7200    3.7155321E-02    1.3812992E+00   -1.3812992E+00
 1.7300    3.5985451E-02    1.3534089E+00   -1.3534089E+00
 1.7400    3.4854153E-02    1.3260591E+00   -1.3260591E+00
 1.7500    3.3760433E-02    1.2992537E+00   -1.2992537E+00
 1.7600    3.2703693E-02    1.2730105E+00   -1.2730105E+00
 1.7700    3.1683259E-02    1.2473440E+00   -1.2473440E+00
 1.7800    3.0697992E-02    1.2222494E+00   -1.2222494E+00
 1.7900    2.9746257E-02    1.1977006E+00   -1.1977006E+00
 1.8000    2.8826307E-02    1.1736643E+00   -1.1736643E+00
 1.8100    2.7936786E-02    1.1501208E+00   -1.1501208E+00
 1.8200    2.7076934E-02    1.1270732E+00   -1.1270732E+00
 1.8300    2.6246274E-02    1.1045355E+00   -1.1045355E+00
 1.8400    2.5443999E-02    1.0825074E+00   -1.0825074E+00
 1.8500    2.4668613E-02    1.0609577E+00   -1.0609577E+00
 1.8600    2.3918163E-02    1.0398330E+00   -1.0398330E+00
 1.8700    2.3190941E-02    1.0190874E+00   -1.0190874E+00
 1.8800    2.2486041E-02    9.9870807E-01   -9.9870807E-01
 1.8900    2.1803330E-02    9.7871511E-01   -9.7871511E-01
 1.9000    2.1142901E-02    9.5913923E-01   -9.5913923E-01
 1.9100    2.0504529E-02    9.3999683E-01   -9.3999683E-01
 1.9200    1.9887512E-02    9.2128238E-01   -9.2128238E-01
 1.9300    1.9290920E-02    9.0297854E-01   -9.0297854E-01
 1.9400    1.8713916E-02    8.8507079E-01   -8.8507079E-01
 1.9500    1.8155901E-02    8.6755473E-01   -8.6755473E-01
 1.9600    1.7616445E-02    8.5043334E-01   -8.5043334E-01
 1.9700    1.7095111E-02    8.3370851E-01   -8.3370851E-01
 1.9800    1.6591267E-02    8.1737206E-01   -8.1737206E-01
 1.9900    1.6103994E-02    8.0140054E-01   -8.0140054E-01
 2.0000    1.5632145E-02    7.8575731E-01   -7.8575731E-01
 2.0100    1.5174541E-02    7.7040224E-01   -7.7040224E-01
 2.0200    1.4730225E-02    7.5530433E-01   -7.5530433E-01
 2.0300    1.4298610E-02    7.4045006E-01   -7.4045006E-01
 2.0400    1.3879457E-02    7.2584297E-01   -7.2584297E-01
 2.0500    1.3472702E-02    7.1149571E-01   -7.1149571E-01
 2.0600    1.3078255E-02    6.9741953E-01   -6.9741953E-01
 2.0700    1.2695870E-02    6.8361726E-01   -6.8361726E-01
 2.0800    1.2325152E-02    6.7008333E-01   -6.7008333E-01
 2.0900    1.1965678E-02    6.5680999E-01   -6.5680999E-01
 2.1000    1.1617124E-02    6.4379421E-01   -6.4379421E-01
 2.1100    1.1279295E-02    6.3103976E-01   -6.3103976E-01
 2.1200    1.0952055E-02    6.1855343E-01   -6.1855343E-01
 2.1300    1.0635224E-02    6.0633928E-01   -6.0633928E-01
 2.1400    1.0328514E-02    5.9439516E-01   -5.9439516E-01
 2.1500    1.0031531E-02    5.8271205E-01   -5.8271205E-01
 2.1600    9.7437814E-03    5.7127458E-01   -5.7127458E-01
 2.1700    9.4646969E-03    5.6006191E-01   -5.6006191E-01
 2.1800    9.1936838E-03    5.4905065E-01   -5.4905065E-01
 2.1900    8.9302254E-03    5.3822085E-01   -5.3822085E-01
 2.2000    8.6739953E-03    5.2756310E-01   -5.2756310E-01
 2.2100    8.4249040E-03    5.1708194E-01   -5.1708194E-01
 2.2200    8.1830343E-03    5.0679250E-01   -5.0679250E-01
 2.2300    7.9485027E-03    4.9671230E-01   -4.9671230E-01
 2.2400    7.7213326E-03    4.8685335E-01   -4.8685335E-01
 2.2500    7.5014036E-03    4.7721868E-01   -4.7721868E-01
 2.2600    7.2884835E-03    4.6780399E-01   -4.6780399E-01
 2.2700    7.0822956E-03    4.5860167E-01   -4.5860167E-01
 2.2800    6.8825658E-03    4.4960375E-01   -4.4960375E-01
 2.2900    6.6890274E-03    4.4080225E-01   -4.4080225E-01
 2.3000    6.5014068E-03    4.3218817E-01   -4.3218817E-01
 2.3100    6.3194198E-03    4.2375128E-01   -4.2375128E-01
 2.3200    6.1427874E-03    4.1548115E-01   -4.1548115E-01
 2.3300    5.9712534E-03    4.0736828E-01   -4.0736828E-01
 2.3400    5.8045971E-03    3.9940515E-01   -3.9940515E-01
 2.3500    5.6426509E-03    3.9158745E-01   -3.9158745E-01
 2.3600    5.4853183E-03    3.8391555E-01   -3.8391555E-01
 2.3700    5.3325725E-03    3.7639455E-01   -3.7639455E-01
 2.3800    5.1844120E-03    3.6903137E-01   -3.6903137E-01
 2.3900    5.0407913E-03    3.6182985E-01   -3.6182985E-01
 2.4000    4.9015710E-03    3.5478696E-01   -3.5478696E-01
 2.4100    4.7665250E-03    3.4789311E-01   -3.4789311E-01
 2.4200    4.6353987E-03    3.4113611E-01   -3.4113611E-01
 2.4300    4.5079729E-03    3.3450585E-01   -3.3450585E-01
 2.4400    4.3840946E-03    3.2799667E-01   -3.2799667E-01
 2.4500    4.2636687E-03    3.2160699E-01   -3.2160699E-01
 2.4600    4.1466326E-03    3.1533751E-01   -3.1533751E-01
 2.4700    4.0329347E-03    3.0918966E-01   -3.0918966E-01
 2.4800    3.9225210E-03    3.0316461E-01   -3.0316461E-01
 2.4900    3.8153228E-03    2.9726231E-01   -2.9726231E-01
 2.5000    3.7112422E-03    2.9148028E-01   -2.9148028E-01
 2.5100    3.6101476E-03    2.8581319E-01   -2.8581319E-01
 2.5200    3.5118877E-03    2.8025384E-01   -2.8025384E-01
 2.5300    3.4163216E-03    2.7479552E-01   -2.7479552E-01
 2.5400    3.3233467E-03    2.6943434E-01   -2.6943434E-01
 2.5500    3.2329092E-03    2.6417014E-01   -2.6417014E-01
 2.5600    3.1449886E-03    2.5900543E-01   -2.5900543E-01
 2.5700    3.0595644E-03    2.5394269E-01   -2.5394269E-01
 2.5800    2.9765842E-03    2.4898171E-01   -2.4898171E-01
 2.5900    2.8959566E-03    2.4411892E-01   -2.4411892E-01
 2.6000    2.8175718E-03    2.3934897E-01   -2.3934897E-01
 2.6100    2.7413349E-03    2.3466752E-01   -2.3466752E-01
 2.6200    2.6671815E-03    2.3007266E-01   -2.3007266E-01
 2.6300    2.5950633E-03    2.2556376E-01   -2.2556376E-01
 2.6400    2.5249195E-03    2.2113896E-01   -2.2113896E-01
 2.6500    2.4566648E-03    2.1679412E-01   -2.1679412E-01
 2.6600    2.3902122E-03    2.1252479E-01   -2.1252479E-01
 2.6700    2.3255139E-03    2.0832976E-01   -2.0832976E-01
 2.6800    2.2625802E-03    2.0421302E-01   -2.0421302E-01
 2.6900    2.2014562E-03    2.0018174E-01   -2.0018174E-01
 2.7000    2.1421723E-03    1.9624192E-01   -1.9624192E-01
 2.7100    2.0847056E-03    1.9239473E-01   -1.9239473E-01
 2.7200    2.0289766E-03    1.8863606E-01   -1.8863606E-01
 2.7300    1.9748799E-03    1.8495916E-01   -1.8495916E-01
 2.7400    1.9223212E-03    1.8135809E-01   -1.8135809E-01
 2.7500    1.8712361E-03    1.7782951E-01   -1.7782951E-01
 2.7600    1.8215817E-03    1.7437198E-01   -1.7437198E-01
 2.7700    1.7733158E-03    1.7098401E-01   -1.7098401E-01
 2.7800    1.7263857E-03    1.6766302E-01   -1.6766302E-01
 2.7900    1.6807352E-03    1.6440596E-01   -1.6440596E-01
 2.8000    1.6363202E-03    1.6121083E-01   -1.6121083E-01
 2.8100    1.5931177E-03    1.5807761E-01   -1.5807761E-01
 2.8200    1.5511230E-03    1.5500807E-01   -1.5500807E-01
 2.8300    1.5103361E-03    1.5200446E-01   -1.5200446E-01
 2.8400    1.4707461E-03    1.4906794E-01   -1.4906794E-01
 2.8500    1.4323181E-03    1.4619720E-01   -1.4619720E-01
 2.8600    1.3949876E-03    1.4338782E-01   -1.4338782E-01
 2.8700    1.3586673E-03    1.4063285E-01   -1.4063285E-01
 2.8800    1.3232669E-03    1.3792478E-01   -1.3792478E-01
 2.8900    1.2887201E-03    1.3525837E-01   -1.3525837E-01
 2.9000    1.2550058E-03    1.3263300E-01   -1.3263300E-01
 2.9100    1.2221458E-03    1.3005255E-01   -1.3005255E-01
 2.9200    1.1901759E-03    1.2752247E-01   -1.2752247E-01
 2.9300    1.1591075E-03    1.2504571E-01   -1.2504571E-01
 2.9400    1.1289068E-03    1.2262037E-01   -1.2262037E-01
 2.9500    1.0995053E-03    1.2024063E-01   -1.2024063E-01
 2.9600    1.0708348E-03    1.1790053E-01   -1.1790053E-01
 2.9700    1.0428600E-03    1.1559758E-01   -1.1559758E-01
 2.9800    1.0155867E-03    1.1333379E-01   -1.1333379E-01
 2.9900    9.8904008E-04    1.1111332E-01   -1.1111332E-01
 3.0000    9.6323337E-04    1.0893913E-01   -1.0893913E-01
 3.0100    9.3815156E-04    1.0681097E-01   -1.0681097E-01
 3.0200    9.1375916E-04    1.0472624E-01   -1.0472624E-01
 3.0300    8.9002034E-04    1.0268217E-01   -1.0268217E-01
 3.0400    8.6691215E-04    1.0067743E-01   -1.0067743E-01
 3.0500    8.4442227E-04    9.8711834E-02   -9.8711834E-02
 3.0600    8.2253742E-04    9.6785073E-02   -9.6785073E-02
 3.0700    8.0123565E-04    9.4895775E-02   -9.4895775E-02
 3.0800    7.8048957E-04    9.3041864E-02   -9.3041864E-02
 3.0900    7.6027685E-04    9.1221790E-02   -9.1221790E-02
 3.1000    7.4058767E-04    8.9435457E-02   -8.9435457E-02
 3.1100    7.2142253E-04    8.7683998E-02   -8.7683998E-02
 3.1200    7.0278191E-04    8.5968555E-02   -8.5968555E-02
 3.1300    6.8465591E-04    8.4289000E-02   -8.4289000E-02
 3.1400    6.6702150E-04    8.2643556E-02   -8.2643556E-02
 3.1500    6.4984874E-04    8.1029518E-02   -8.1029518E-02
 3.1600    6.3311104E-04    7.9444515E-02   -7.9444515E-02
 3.1700    6.1679289E-04    7.7887497E-02   -7.7887497E-02
 3.1800    6.0089149E-04    7.6358987E-02   -7.6358987E-02
 3.1900    5.8541198E-04    7.4860520E-02   -7.4860520E-02
 3.2000    5.7035891E-04    7.3393576E-02   -7.3393576E-02
 3.2100    5.5572825E-04    7.1958550E-02   -7.1958550E-02
 3.2200    5.4150464E-04    7.0554349E-02   -7.0554349E-02
 3.2300    5.2766511E-04    6.9178842E-02   -6.9178842E-02
 3.2400    5.1418683E-04    6.7829846E-02   -6.7829846E-02
 3.2500    5.0105389E-04    6.6506030E-02   -6.6506030E-02
 3.2600    4.8826004E-04    6.5207305E-02   -6.5207305E-02
 3.2700    4.7580593E-04    6.3934493E-02   -6.3934493E-02
 3.2800    4.6369162E-04    6.2688344E-02   -6.2688344E-02
 3.2900    4.5190801E-04    6.1468370E-02   -6.1468370E-02
 3.3000    4.4043345E-04    6.0272338E-02   -6.0272338E-02
 3.3100    4.2923979E-04    5.9097053E-02   -5.9097053E-02
 3.3200    4.1830497E-04    5.7940076E-02   -5.7940076E-02
 3.3300    4.0762308E-04    5.6801146E-02   -5.6801146E-02
 3.3400    3.9720370E-04    5.5682161E-02   -5.5682161E-02
 3.3500    3.8706115E-04    5.4585722E-02   -5.4585722E-02
 3.3600    3.7720198E-04    5.3513381E-02   -5.3513381E-02
 3.3700    3.6761989E-04    5.2464878E-02   -5.2464878E-02
 3.3800    3.5830027E-04    5.1438749E-02   -5.1438749E-02
 3.3900    3.4922867E-04    5.0433505E-02   -5.0433505E-02
 3.4000    3.4039548E-04    4.9448313E-02   -4.9448313E-02
 3.4100    3.3179418E-04    4.8482766E-02   -4.8482766E-02
 3.4200    3.2341709E-04    4.7536264E-02   -4.7536264E-02
 3.4300    3.1525368E-04    4.6607764E-02   -4.6607764E-02
 3.4400    3.0729311E-04    4.5696146E-02   -4.5696146E-02
 3.4500    2.9952796E-04    4.4800764E-02   -4.4800764E-02
 3.4600    2.9195518E-04    4.3921609E-02   -4.3921609E-02
 3.4700    2.8457353E-04    4.3058939E-02   -4.3058939E-02
 3.4800    2.7738033E-04    4.2212786E-02   -4.2212786E-02
 3.4900    2.7037025E-04    4.1382776E-02   -4.1382776E-02
 3.5000    2.6353688E-04    4.0568350E-02   -4.0568350E-02
 3.5100    2.5687526E-04    3.9769156E-02   -3.9769156E-02
 3.5200    2.5038384E-04    3.8985354E-02   -3.8985354E-02
 3.5300    2.4406462E-04    3.8217661E-02   -3.8217661E-02
 3.5400    2.3792100E-04    3.7467022E-02   -3.7467022E-02
 3.5500    2.3195356E-04    3.6733949E-02   -3.6733949E-02
 3.5600    2.2615576E-04    3.6017827E-02   -3.6017827E-02
 3.5700    2.2051278E-04    3.5316695E-02   -3.5316695E-02
 3.5800    2.1500536E-04    3.4627824E-02   -3.4627824E-02
 3.5900    2.0961703E-04    3.3948870E-02   -3.3948870E-02
 3.6000    2.0434012E-04    3.3278865E-02   -3.3278865E-02
 3.6100    1.9917677E-04    3.2618422E-02   -3.2618422E-02
 3.6200    1.9413477E-04    3.1969094E-02   -3.1969094E-02
 3.6300    1.8922180E-04    3.1332445E-02   -3.1332445E-02
 3.6400    1.8444185E-04    3.0709454E-02   -3.0709454E-02
 3.6500    1.7979540E-04    3.0100532E-02   -3.0100532E-02
 3.6600    1.7528197E-04    2.9505929E-02   -2.9505929E-02
 3.6700    1.7090153E-04    2.8925971E-02   -2.8925971E-02
 3.6800    1.6665250E-04    2.8360725E-02   -2.8360725E-02
 3.6900    1.6252715E-04    2.7809201E-02   -2.7809201E-02
 3.7000    1.5850880E-04    2.7268841E-02   -2.7268841E-02
 3.7100    1.5457521E-04    2.6736067E-02   -2.6736067E-02
 3.7200    1.5070812E-04    2.6207911E-02   -2.6207911E-02
 3.7300    1.4690283E-04    2.5683707E-02   -2.5683707E-02
 3.7400    1.4317042E-04    2.5165547E-02   -2.5165547E-02
 3.7500    1.3953036E-04    2.4657049E-02   -2.4657049E-02
 3.7600    1.3599879E-04    2.4161317E-02   -2.4161317E-02
 3.7700    1.3258081E-04    2.3679538E-02   -2.3679538E-02
 3.7800    1.2927052E-04    2.3210953E-02   -2.3210953E-02
 3.7900    1.2605674E-04    2.2753821E-02   -2.2753821E-02
 3.8000    1.2292883E-04    2.2306468E-02   -2.2306468E-02
 3.8100    1.1987944E-04    2.1867770E-02   -2.1867770E-02
 3.8200    1.1690412E-04    2.1437119E-02   -2.1437119E-02
 3.8300    1.1400038E-04    2.1014240E-02   -2.1014240E-02
 3.8400    1.1116727E-04    2.0599148E-02   -2.0599148E-02
 3.8500    1.0840553E-04    2.0192159E-02   -2.0192159E-02
 3.8600    1.0571683E-04    1.9793775E-02   -1.9793775E-02
 3.8700    1.0310218E-04    1.9404373E-02   -1.9404373E-02
 3.8800    1.0056032E-04    1.9023917E-02   -1.9023917E-02
 3.8900    9.8087508E-05    1.8651887E-02   -1.8651887E-02
 3.9000    9.5678680E-05    1.8287496E-02   -1.8287496E-02
 3.9100    9.3329144E-05    1.7930015E-02   -1.7930015E-02
 3.9200    9.1035704E-05    1.7578983E-02   -1.7578983E-02
 3.9300    8.8796727E-05    1.7234232E-02   -1.7234232E-02
 3.9400    8.6611768E-05    1.6895817E-02   -1.6895817E-02
 3.9500    8.4481413E-05    1.6564000E-02   -1.6564000E-02
 3.9600    8.2407360E-05    1.6239260E-02   -1.6239260E-02
 3.9700    8.0392039E-05    1.5922231E-02   -1.5922231E-02
 3.9800    7.8437307E-05    1.5613443E-02   -1.5613443E-02
 3.9900    7.6542728E-05    1.5312976E-02   -1.5312976E-02
 4.0000    7.4704675E-05    1.5020266E-02   -1.5020266E-02
 4.0100    7.2916958E-05    1.4734220E-02   -1.4734220E-02
 4.0200    7.1172461E-05    1.4453531E-02   -1.4453531E-02
 4.0300    6.9464628E-05    1.4176978E-02   -1.4176978E-02
 4.0400    6.7788402E-05    1.3903623E-02   -1.3903623E-02
 4.0500    6.6140976E-05    1.3632971E-02   -1.3632971E-02
 4.0600    6.4522292E-05    1.3365085E-02   -1.3365085E-02
 4.0700    6.2934507E-05    1.3100489E-02   -1.3100489E-02
 4.0800    6.1380165E-05    1.2839800E-02   -1.2839800E-02
 4.0900    5.9860418E-05    1.2583348E-02   -1.2583348E-02
 4.1000    5.8374918E-05    1.2331158E-02   -1.2331158E-02
 4.1100    5.6923362E-05    1.2083258E-02   -1.2083258E-02
 4.1200    5.5506904E-05    1.1839989E-02   -1.1839989E-02
 4.1300    5.4127982E-05    1.1601972E-02   -1.1601972E-02
 4.1400    5.2788817E-05    1.1369791E-02   -1.1369791E-02
 4.1500    5.1490074E-05    1.1143704E-02   -1.1143704E-02
 4.1600    5.0230693E-05    1.0923598E-02   -1.0923598E-02
 4.1700    4.9008729E-05    1.0709160E-02   -1.0709160E-02
 4.1800    4.7822297E-05    1.0500086E-02   -1.0500086E-02
 4.1900    4.6669784E-05    1.0296122E-02   -1.0296122E-02
 4.2000    4.5549319E-05    1.0096953E-02   -1.0096953E-02
 4.2100    4.4458344E-05    9.9021007E-03   -9.9021007E-03
 4.2200    4.3394099E-05    9.7110332E-03   -9.7110332E-03
 4.2300    4.2354708E-05    9.5234057E-03   -9.5234057E-03
 4.2400    4.1339683E-05    9.3391794E-03   -9.3391794E-03
 4.2500    4.0349273E-05    9.1584809E-03   -9.1584809E-03
 4.2600    3.9383418E-05    8.9813675E-03   -8.9813675E-03
 4.2700    3.8441380E-05    8.8077419E-03   -8.8077419E-03
 4.2800    3.7522154E-05    8.6374424E-03   -8.6374424E-03
 4.2900    3.6624937E-05    8.4703497E-03   -8.4703497E-03
 4.3000    3.5749254E-05    8.3064176E-03   -8.3064176E-03
 4.3100    3.4895009E-05    8.1456870E-03   -8.1456870E-03
 4.3200    3.4062786E-05    7.9883581E-03   -7.9883581E-03
 4.3300    3.3254125E-05    7.8348590E-03   -7.8348590E-03
 4.3400    3.2471072E-05    7.6857447E-03   -7.6857447E-03
 4.3500    3.1714688E-05    7.5413451E-03   -7.5413451E-03
 4.3600    3.0983346E-05    7.4013537E-03   -7.4013537E-03
 4.3700    3.0272474E-05    7.2647498E-03   -7.2647498E-03
 4.3800    2.9576536E-05    7.1302605E-03   -7.1302605E-03
 4.3900    2.8891937E-05    6.9970595E-03   -6.9970595E-03
 4.4000    2.8218368E-05    6.8651037E-03   -6.8651037E-03
 4.4100    2.7557538E-05    6.7348427E-03   -6.7348427E-03
 4.4200    2.6910812E-05    6.6066486E-03   -6.6066486E-03
 4.4300    2.6278073E-05    6.4805347E-03   -6.4805347E-03
 4.4400    2.5658437E-05    6.3563236E-03   -6.3563236E-03
 4.4500    2.5051425E-05    6.2339358E-03   -6.2339358E-03
 4.4600    2.4457153E-05    6.1134376E-03   -6.1134376E-03
 4.4700    2.3875642E-05    5.9948727E-03   -5.9948727E-03
 4.4800    2.3306470E-05    5.8781734E-03   -5.8781734E-03
 4.4900    2.2749340E-05    5.7633017E-03   -5.7633017E-03
 4.5000    2.2204854E-05    5.6504472E-03   -5.6504472E-03
 4.5100    2.1674483E-05    5.5400246E-03   -5.5400246E-03
 4.5200    2.1159667E-05    5.4324478E-03   -5.4324478E-03
 4.5300    2.0660873E-05    5.3278862E-03   -5.3278862E-03
 4.5400    2.0177342E-05    5.2261940E-03   -5.2261940E-03
 4.5500    1.9707508E-05    5.1270125E-03   -5.1270125E-03
 4.5600    1.9249616E-05    5.0299262E-03   -5.0299262E-03
 4.5700    1.8802163E-05    4.9345785E-03   -4.9345785E-03
 4.5800    1.8364160E-05    4.8407413E-03   -4.8407413E-03
 4.5900    1.7935271E-05    4.7483549E-03   -4.7483549E-03
 4.6000    1.7515786E-05    4.6575245E-03   -4.6575245E-03
 4.6100    1.7106322E-05    4.5684445E-03   -4.5684445E-03
 4.6200    1.6707339E-05    4.4812699E-03   -4.4812699E-03
 4.6300    1.6318764E-05    4.3960144E-03   -4.3960144E-03
 4.6400    1.5939992E-05    4.3125478E-03   -4.3125478E-03
 4.6500    1.5570214E-05    4.2306818E-03   -4.2306818E-03
 4.6600    1.5208794E-05    4.1502712E-03   -4.1502712E-03
 4.6700    1.4855442E-05    4.0712635E-03   -4.0712635E-03
 4.6800    1.4510173E-05    3.9936883E-03   -3.9936883E-03
 4.6900    1.4173137E-05    3.9176130E-03   -3.9176130E-03
 4.7000    1.3844447E-05    3.8430957E-03   -3.8430957E-03
 4.7100    1.3524135E-05    3.7701720E-03   -3.7701720E-03
 4.7200    1.3212259E-05    3.6988859E-03   -3.6988859E-03
 4.7300    1.2909089E-05    3.6293407E-03   -3.6293407E-03
 4.7400    1.2615158E-05    3.5617155E-03   -3.5617155E-03
 4.7500    1.2331063E-05    3.4962106E-03   -3.4962106E-03
 4.7600    1.2057041E-05    3.4329264E-03   -3.4329264E-03
 4.7700    1.1792496E-05    3.3717266E-03   -3.3717266E-03
 4.7800    1.1535800E-05    3.3121758E-03   -3.3121758E-03
 4.7900    1.1284713E-05    3.2536545E-03   -3.2536545E-03
 4.8000    1.1037428E-05    3.1956575E-03   -3.1956575E-03
 4.8100    1.0793686E-05    3.1381217E-03   -3.1381217E-03
 4.8200    1.0555185E-05    3.0815540E-03   -3.0815540E-03
 4.8300    1.0324983E-05    3.0268679E-03   -3.0268679E-03
 4.8400    1.0106308E-05    2.9750420E-03   -2.9750420E-03
 4.8500    9.9013572E-06    2.9267665E-03   -2.9267665E-03
 4.8600    9.7101999E-06    2.8821101E-03   -2.8821101E-03
 4.8700    9.5296757E-06    2.8401803E-03   -2.8401803E-03
 4.8800    9.3529024E-06    2.7989550E-03   -2.7989550E-03
 4.8900    9.1707204E-06    2.7556943E-03   -2.7556943E-03
 4.9000    8.9755146E-06    2.7080793E-03   -2.7080793E-03
 4.9100    8.7654046E-06    2.6554909E-03   -2.6554909E-03
 4.9200    8.5454862E-06    2.5994224E-03   -2.5994224E-03
 4.9300    8.3248709E-06    2.5426185E-03   -2.5426185E-03
 4.9400    8.1120022E-06    2.4876646E-03   -2.4876646E-03
 4.9500    7.9120114E-06    2.4361676E-03   -2.4361676E-03
 4.9600    7.7272483E-06    2.3889006E-03   -2.3889006E-03
 4.9700    7.5586616E-06    2.3462136E-03   -2.3462136E-03
 4.9800    7.4053179E-06    2.3078749E-03   -2.3078749E-03
 4.9900    7.2623476E-06    2.2724168E-03   -2.2724168E-03
 5.0000    7.1204743E-06    2.2369630E-03   -2.2369630E-03
 5.0100    6.9694539E-06    2.1982853E-03   -2.1982853E-03
 5.0200    6.8037369E-06    2.1545909E-03   -2.1545909E-03
 5.0300    6.6258415E-06    2.1066233E-03   -2.1066233E-03
 5.0400    6.4446187E-06    2.0571604E-03   -2.0571604E-03
 5.0500    6.2700044E-06    2.0093725E-03   -2.0093725E-03
 5.0600    6.1082831E-06    1.9653054E-03   -1.9653054E-03
 5.0700    5.9604538E-06    1.9253297E-03   -1.9253297E-03
 5.0800    5.8234143E-06    1.8884912E-03   -1.8884912E-03
 5.0900    5.6923101E-06    1.8532499E-03   -1.8532499E-03
 5.1000    5.5628008E-06    1.8182087E-03   -1.8182087E-03
 5.1100    5.4326999E-06    1.7826553E-03   -1.7826553E-03
 5.1200    5.3026323E-06    1.7467924E-03   -1.7467924E-03
 5.1300    5.1754286E-06    1.7115552E-03   -1.7115552E-03
 5.1400    5.0544522E-06    1.6780705E-03   -1.6780705E-03
 5.1500    4.9417130E-06    1.6470313E-03   -1.6470313E-03
 5.1600    4.8368032E-06    1.6183322E-03   -1.6183322E-03
 5.1700    4.7371534E-06    1.5911400E-03   -1.5911400E-03
 5.1800    4.6392746E-06    1.5642979E-03   -1.5642979E-03
 5.1900    4.5401772E-06    1.5368001E-03   -1.5368001E-03
 5.2000    4.4382908E-06    1.5081075E-03   -1.5081075E-03
 5.2100    4.3336921E-06    1.4782346E-03   -1.4782346E-03
 5.2200    4.2278299E-06    1.4476660E-03   -1.4476660E-03
 5.2300    4.1229941E-06    1.4171831E-03   -1.4171831E-03
 5.2400    4.0216630E-06    1.3876442E-03   -1.3876442E-03
 5.2500    3.9258257E-06    1.3597513E-03   -1.3597513E-03
 5.2600    3.8364309E-06    1.3338553E-03   -1.3338553E-03
 5.2700    3.7530898E-06    1.3098454E-03   -1.3098454E-03
 5.2800    3.6740781E-06    1.2871409E-03   -1.2871409E-03
 5.2900    3.5966886E-06    1.2648064E-03   -1.2648064E-03
 5.3000    3.5180393E-06    1.2418304E-03   -1.2418304E-03
 5.3100    3.4362382E-06    1.2175370E-03   -1.2175370E-03
 5.3200    3.3513469E-06    1.1919348E-03   -1.1919348E-03
 5.3300    3.2653966E-06    1.1657360E-03   -1.1657360E-03
 5.3400    3.1812569E-06    1.1399640E-03   -1.1399640E-03
 5.3500    3.1010786E-06    1.1153989E-03   -1.1153989E-03
 5.3600    3.0253861E-06    1.0922455E-03   -1.0922455E-03
 5.3700    2.9532779E-06    1.0701946E-03   -1.0701946E-03
 5.3800    2.8833032E-06    1.0487325E-03   -1.0487325E-03
 5.3900    2.8143084E-06    1.0274462E-03   -1.0274462E-03
 5.4000    2.7459048E-06    1.0061966E-03   -1.0061966E-03
 5.4100    2.6785362E-06    9.8514899E-04   -9.8514899E-04
 5.4200    2.6131440E-06    9.6465448E-04   -9.6465448E-04
 5.4300    2.5505000E-06    9.4500664E-04   -9.4500664E-04
 5.4400    2.4905942E-06    9.2621250E-04   -9.2621250E-04
 5.4500    2.4325812E-06    9.0796732E-04   -9.0796732E-04
 5.4600    2.3753561E-06    8.8986448E-04   -8.8986448E-04
 5.4700    2.3182639E-06    8.7166053E-04   -8.7166053E-04
 5.4800    2.2614059E-06    8.5339384E-04   -8.5339384E-04
 5.4900    2.2054681E-06    8.3532473E-04   -8.3532473E-04
 5.5000    2.1513838E-06    8.1781135E-04   -8.1781135E-04
 5.5100    2.1001096E-06    8.0122598E-04   -8.0122598E-04
 5.5200    2.0525431E-06    7.8592354E-04   -7.8592354E-04
 5.5300    2.0094678E-06    7.7222025E-04   -7.7222025E-04
 5.5400    1.9714542E-06    7.6035444E-04   -7.6035444E-04
 5.5500    1.9387426E-06    7.5044000E-04   -7.5044000E-04
 5.5600    1.9111903E-06    7.4244347E-04   -7.4244347E-04
 5.5700    1.8883298E-06    7.3620389E-04   -7.3620389E-04
 5.5800    1.8695071E-06    7.3148494E-04   -7.3148494E-04
