# total charge: 10.000000 
# r(A)     rho (e/A^3)     4*pi*r^2*rho(e/A)  dip  
 0.0000    6.6795426E+00    0.0000000E+00    7.9788456E+01
 0.0100    6.6723949E+00    8.3847787E-03    7.9382125E+01
 0.0200    6.6633705E+00    3.3493753E-02    7.8175045E+01
 0.0300    6.6520982E+00    7.5233458E-02    7.6202330E+01
 0.0400    6.6381885E+00    1.3346870E-01    7.3520559E+01
 0.0500    6.6212196E+00    2.0801175E-01    7.0205054E+01
 0.0600    6.6007278E+00    2.9860989E-01    6.6346311E+01
 0.0700    6.5762449E+00    4.0493370E-01    6.2045853E+01
 0.0800    6.5473930E+00    5.2657259E-01    5.7411738E+01
 0.0900    6.5139819E+00    6.6304259E-01    5.2554007E+01
 0.1000    6.4760400E+00    8.1380318E-01    4.7580342E+01
 0.1100    6.4337624E+00    9.7827342E-01    4.2592162E+01
 0.1200    6.3874195E+00    1.1558402E+00    3.7681371E+01
 0.1300    6.3372801E+00    1.3458587E+00    3.2927860E+01
 0.1400    6.2835759E+00    1.5476502E+00    2.8397843E+01
 0.1500    6.2265030E+00    1.7605022E+00    2.4143017E+01
 0.1600    6.1662420E+00    1.9836744E+00    2.0200493E+01
 0.1700    6.1029782E+00    2.2164070E+00    1.6593408E+01
 0.1800    6.0369064E+00    2.4579289E+00    1.3332103E+01
 0.1900    5.9682207E+00    2.7074593E+00    1.0415704E+01
 0.2000    5.8970978E+00    2.9642047E+00    7.8339886E+00
 0.2100    5.8236898E+00    3.2273546E+00    5.5693646E+00
 0.2200    5.7481314E+00    3.4960844E+00    3.5988341E+00
 0.2300    5.6705557E+00    3.7695643E+00    1.8958433E+00
 0.2400    5.5911061E+00    4.0469709E+00    4.3193516E-01
 0.2500    5.5099397E+00    4.3274965E+00   -8.2183640E-01
 0.2600    5.4272228E+00    4.6103533E+00   -1.8937595E+00
 0.2700    5.3431240E+00    4.8947741E+00   -2.8105871E+00
 0.2800    5.2578077E+00    5.1800103E+00   -3.5969200E+00
 0.2900    5.1714291E+00    5.4653305E+00   -4.2748240E+00
 0.3000    5.0841334E+00    5.7500194E+00   -4.8636497E+00
 0.3100    4.9960576E+00    6.0333801E+00   -5.3800163E+00
 0.3200    4.9073334E+00    6.3147387E+00   -5.8379210E+00
 0.3300    4.8180889E+00    6.5934475E+00   -6.2489337E+00
 0.3400    4.7284486E+00    6.8688870E+00   -6.6224432E+00
 0.3500    4.6385320E+00    7.1404652E+00   -6.9659287E+00
 0.3600    4.5484520E+00    7.4076164E+00   -7.2852360E+00
 0.3700    4.4583148E+00    7.6698001E+00   -7.5848440E+00
 0.3800    4.3682196E+00    7.9265011E+00   -7.8681117E+00
 0.3900    4.2782595E+00    8.1772298E+00   -8.1374987E+00
 0.4000    4.1885213E+00    8.4215218E+00   -8.3947558E+00
 0.4100    4.0990860E+00    8.6589376E+00   -8.6410852E+00
 0.4200    4.0100283E+00    8.8890609E+00   -8.8772723E+00
 0.4300    3.9214167E+00    9.1114978E+00   -9.1037907E+00
 0.4400    3.8333138E+00    9.3258749E+00   -9.3208864E+00
 0.4500    3.7457758E+00    9.5318383E+00   -9.5286416E+00
 0.4600    3.6588535E+00    9.7290526E+00   -9.7270245E+00
 0.4700    3.5725929E+00    9.9172008E+00   -9.9159268E+00
 0.4800    3.4870351E+00    1.0095984E+01   -1.0095192E+01
 0.4900    3.4022176E+00    1.0265122E+01   -1.0264634E+01
 0.5000    3.3181743E+00    1.0424352E+01   -1.0424055E+01
 0.5100    3.2349350E+00    1.0573427E+01   -1.0573248E+01
 0.5200    3.1525257E+00    1.0712114E+01   -1.0712007E+01
 0.5300    3.0709687E+00    1.0840193E+01   -1.0840129E+01
 0.5400    2.9902836E+00    1.0957457E+01   -1.0957420E+01
 0.5500    2.9104884E+00    1.1063719E+01   -1.1063697E+01
 0.5600    2.8316001E+00    1.1158809E+01   -1.1158796E+01
 0.5700    2.7536348E+00    1.1242578E+01   -1.1242571E+01
 0.5800    2.6766078E+00    1.1314897E+01   -1.1314893E+01
 0.5900    2.6005328E+00    1.1375650E+01   -1.1375648E+01
 0.6000    2.5254229E+00    1.1424744E+01   -1.1424743E+01
 0.6100    2.4512909E+00    1.1462105E+01   -1.1462104E+01
 0.6200    2.3781500E+00    1.1487684E+01   -1.1487684E+01
 0.6300    2.3060144E+00    1.1501460E+01   -1.1501460E+01
 0.6400    2.2348989E+00    1.1503439E+01   -1.1503439E+01
 0.6500    2.1648195E+00    1.1493658E+01   -1.1493658E+01
 0.6600    2.0957930E+00    1.1472184E+01   -1.1472184E+01
 0.6700    2.0278373E+00    1.1439119E+01   -1.1439119E+01
 0.6800    1.9609715E+00    1.1394597E+01   -1.1394597E+01
 0.6900    1.8952155E+00    1.1338788E+01   -1.1338788E+01
 0.7000    1.8305902E+00    1.1271899E+01   -1.1271899E+01
 0.7100    1.7671177E+00    1.1194173E+01   -1.1194173E+01
 0.7200    1.7048211E+00    1.1105898E+01   -1.1105898E+01
 0.7300    1.6437248E+00    1.1007398E+01   -1.1007398E+01
 0.7400    1.5838535E+00    1.0899042E+01   -1.0899042E+01
 0.7500    1.5252325E+00    1.0781233E+01   -1.0781233E+01
 0.7600    1.4678871E+00    1.0654417E+01   -1.0654417E+01
 0.7700    1.4118427E+00    1.0519077E+01   -1.0519077E+01
 0.7800    1.3571248E+00    1.0375735E+01   -1.0375735E+01
 0.7900    1.3037584E+00    1.0224950E+01   -1.0224950E+01
 0.8000    1.2517677E+00    1.0067313E+01   -1.0067313E+01
 0.8100    1.2011752E+00    9.9034443E+00   -9.9034443E+00
 0.8200    1.1520014E+00    9.7339832E+00   -9.7339832E+00
 0.8300    1.1042649E+00    9.5595915E+00   -9.5595915E+00
 0.8400    1.0579823E+00    9.3809499E+00   -9.3809499E+00
 0.8500    1.0131679E+00    9.1987566E+00   -9.1987566E+00
 0.8600    9.6983388E-01    9.0137211E+00   -9.0137211E+00
 0.8700    9.2798919E-01    8.8265561E+00   -8.8265561E+00
 0.8800    8.8763892E-01    8.6379671E+00   -8.6379671E+00
 0.8900    8.4878423E-01    8.4486472E+00   -8.4486472E+00
 0.9000    8.1142240E-01    8.2592740E+00   -8.2592740E+00
 0.9100    7.7554718E-01    8.0705080E+00   -8.0705080E+00
 0.9200    7.4114876E-01    7.8829887E+00   -7.8829887E+00
 0.9300    7.0821342E-01    7.6973266E+00   -7.6973266E+00
 0.9400    6.7672317E-01    7.5140939E+00   -7.5140939E+00
 0.9500    6.4665528E-01    7.3338142E+00   -7.3338142E+00
 0.9600    6.1798223E-01    7.1569555E+00   -7.1569555E+00
 0.9700    5.9067182E-01    6.9839252E+00   -6.9839252E+00
 0.9800    5.6468758E-01    6.8150689E+00   -6.8150689E+00
 0.9900    5.3998924E-01    6.6506694E+00   -6.6506694E+00
 1.0000    5.1653308E-01    6.4909462E+00   -6.4909462E+00
 1.0100    4.9427198E-01    6.3360501E+00   -6.3360501E+00
 1.0200    4.7315536E-01    6.1860578E+00   -6.1860578E+00
 1.0300    4.5312916E-01    6.0409651E+00   -6.0409651E+00
 1.0400    4.3413603E-01    5.9006843E+00   -5.9006843E+00
 1.0500    4.1611573E-01    5.7650436E+00   -5.7650436E+00
 1.0600    3.9900574E-01    5.6337911E+00   -5.6337911E+00
 1.0700    3.8274198E-01    5.5065998E+00   -5.5065998E+00
 1.0800    3.6725979E-01    5.3830790E+00   -5.3830790E+00
 1.0900    3.5249518E-01    5.2627900E+00   -5.2627900E+00
 1.1000    3.3838655E-01    5.1452719E+00   -5.1452719E+00
 1.1100    3.2487689E-01    5.0300771E+00   -5.0300771E+00
 1.1200    3.1191603E-01    4.9168120E+00   -4.9168120E+00
 1.1300    2.9946244E-01    4.8051739E+00   -4.8051739E+00
 1.1400    2.8748391E-01    4.6949730E+00   -4.6949730E+00
 1.1500    2.7595678E-01    4.5861327E+00   -4.5861327E+00
 1.1600    2.6486418E-01    4.4786701E+00   -4.4786701E+00
 1.1700    2.5419367E-01    4.3726661E+00   -4.3726661E+00
 1.1800    2.4393513E-01    4.2682340E+00   -4.2682340E+00
 1.1900    2.3407919E-01    4.1654947E+00   -4.1654947E+00
 1.2000    2.2461635E-01    4.0645617E+00   -4.0645617E+00
 1.2100    2.1553662E-01    3.9655340E+00   -3.9655340E+00
 1.2200    2.0682945E-01    3.8684938E+00   -3.8684938E+00
 1.2300    1.9848381E-01    3.7735072E+00   -3.7735072E+00
 1.2400    1.9048823E-01    3.6806235E+00   -3.6806235E+00
 1.2500    1.8283089E-01    3.5898760E+00   -3.5898760E+00
 1.2600    1.7549966E-01    3.5012832E+00   -3.5012832E+00
 1.2700    1.6848233E-01    3.4148503E+00   -3.4148503E+00
 1.2800    1.6176668E-01    3.3305724E+00   -3.3305724E+00
 1.2900    1.5534060E-01    3.2484356E+00   -3.2484356E+00
 1.3000    1.4919215E-01    3.1684185E+00   -3.1684185E+00
 1.3100    1.4330957E-01    3.0904921E+00   -3.0904921E+00
 1.3200    1.3768126E-01    3.0146199E+00   -3.0146199E+00
 1.3300    1.3229588E-01    2.9407593E+00   -2.9407593E+00
 1.3400    1.2714236E-01    2.8688625E+00   -2.8688625E+00
 1.3500    1.2220994E-01    2.7988779E+00   -2.7988779E+00
 1.3600    1.1748823E-01    2.7307507E+00   -2.7307507E+00
 1.3700    1.1296723E-01    2.6644249E+00   -2.6644249E+00
 1.3800    1.0863738E-01    2.5998441E+00   -2.5998441E+00
 1.3900    1.0448957E-01    2.5369529E+00   -2.5369529E+00
 1.4000    1.0051517E-01    2.4756974E+00   -2.4756974E+00
 1.4100    9.6705975E-02    2.4160249E+00   -2.4160249E+00
 1.4200    9.3054135E-02    2.3578829E+00   -2.3578829E+00
 1.4300    8.9552162E-02    2.3012193E+00   -2.3012193E+00
 1.4400    8.6192913E-02    2.2459827E+00   -2.2459827E+00
 1.4500    8.2969609E-02    2.1921230E+00   -2.1921230E+00
 1.4600    7.9875865E-02    2.1395929E+00   -2.1395929E+00
 1.4700    7.6905683E-02    2.0883485E+00   -2.0883485E+00
 1.4800    7.4053434E-02    2.0383488E+00   -2.0383488E+00
 1.4900    7.1313816E-02    1.9895556E+00   -1.9895556E+00
 1.5000    6.8681821E-02    1.9419327E+00   -1.9419327E+00
 1.5100    6.6152713E-02    1.8954460E+00   -1.8954460E+00
 1.5200    6.3722027E-02    1.8500634E+00   -1.8500634E+00
 1.5300    6.1385562E-02    1.8057556E+00   -1.8057556E+00
 1.5400    5.9139363E-02    1.7624952E+00   -1.7624952E+00
 1.5500    5.6979688E-02    1.7202570E+00   -1.7202570E+00
 1.5600    5.4902990E-02    1.6790168E+00   -1.6790168E+00
 1.5700    5.2905892E-02    1.6387519E+00   -1.6387519E+00
 1.5800    5.0985185E-02    1.5994403E+00   -1.5994403E+00
 1.5900    4.9137821E-02    1.5610615E+00   -1.5610615E+00
 1.6000    4.7360914E-02    1.5235963E+00   -1.5235963E+00
 1.6100    4.5651727E-02    1.4870269E+00   -1.4870269E+00
 1.6200    4.4007662E-02    1.4513367E+00   -1.4513367E+00
 1.6300    4.2426231E-02    1.4165096E+00   -1.4165096E+00
 1.6400    4.0905038E-02    1.3825294E+00   -1.3825294E+00
 1.6500    3.9441779E-02    1.3493799E+00   -1.3493799E+00
 1.6600    3.8034233E-02    1.3170453E+00   -1.3170453E+00
 1.6700    3.6680275E-02    1.2855098E+00   -1.2855098E+00
 1.6800    3.5377862E-02    1.2547581E+00   -1.2547581E+00
 1.6900    3.4125030E-02    1.2247750E+00   -1.2247750E+00
 1.7000    3.2919878E-02    1.1955450E+00   -1.1955450E+00
 1.7100    3.1760567E-02    1.1670523E+00   -1.1670523E+00
 1.7200    3.0645320E-02    1.1392812E+00   -1.1392812E+00
 1.7300    2.9572419E-02    1.1122154E+00   -1.1122154E+00
 1.7400    2.8540203E-02    1.0858389E+00   -1.0858389E+00
 1.7500    2.7547065E-02    1.0601353E+00   -1.0601353E+00
 1.7600    2.6591449E-02    1.0350878E+00   -1.0350878E+00
 1.7700    2.5671850E-02    1.0106798E+00   -1.0106798E+00
 1.7800    2.4786815E-02    9.8689419E-01   -9.8689419E-01
 1.7900    2.3934945E-02    9.6371444E-01   -9.6371444E-01
 1.8000    2.3114901E-02    9.4112415E-01   -9.4112415E-01
 1.8100    2.2325398E-02    9.1910730E-01   -9.1910730E-01
 1.8200    2.1565194E-02    8.9764789E-01   -8.9764789E-01
 1.8300    2.0833088E-02    8.7672963E-01   -8.7672963E-01
 1.8400    2.0127904E-02    8.5633574E-01   -8.5633574E-01
 1.8500    1.9448508E-02    8.3644929E-01   -8.3644929E-01
 1.8600    1.8793813E-02    8.1705378E-01   -8.1705378E-01
 1.8700    1.8162792E-02    7.9813377E-01   -7.9813377E-01
 1.8800    1.7554485E-02    7.7967508E-01   -7.7967508E-01
 1.8900    1.6967983E-02    7.6166448E-01   -7.6166448E-01
 1.9000    1.6402419E-02    7.4408914E-01   -7.4408914E-01
 1.9100    1.5856951E-02    7.2693619E-01   -7.2693619E-01
 1.9200    1.5330768E-02    7.1019277E-01   -7.1019277E-01
 1.9300    1.4823093E-02    6.9384637E-01   -6.9384637E-01
 1.9400    1.4333189E-02    6.7788522E-01   -6.7788522E-01
 1.9500    1.3860363E-02    6.6229836E-01   -6.6229836E-01
 1.9600    1.3403955E-02    6.4707553E-01   -6.4707553E-01
 1.9700    1.2963338E-02    6.3220681E-01   -6.3220681E-01
 1.9800    1.2537908E-02    6.1768254E-01   -6.1768254E-01
 1.9900    1.2127086E-02    6.0349332E-01   -6.0349332E-01
 2.0000    1.1730321E-02    5.8963022E-01   -5.8963022E-01
 2.0100    1.1347090E-02    5.7608490E-01   -5.7608490E-01
 2.0200    1.0976903E-02    5.6284970E-01   -5.6284970E-01
 2.0300    1.0619294E-02    5.4991756E-01   -5.4991756E-01
 2.0400    1.0273821E-02    5.3728189E-01   -5.3728189E-01
 2.0500    9.9400632E-03    5.2493645E-01   -5.2493645E-01
 2.0600    9.6176174E-03    5.1287532E-01   -5.1287532E-01
 2.0700    9.3060987E-03    5.0109285E-01   -5.0109285E-01
 2.0800    9.0051381E-03    4.8958366E-01   -4.8958366E-01
 2.0900    8.7143822E-03    4.7834258E-01   -4.7834258E-01
 2.1000    8.4334907E-03    4.6736461E-01   -4.6736461E-01
 2.1100    8.1621354E-03    4.5664486E-01   -4.5664486E-01
 2.1200    7.8999979E-03    4.4617842E-01   -4.4617842E-01
 2.1300    7.6467685E-03    4.3596037E-01   -4.3596037E-01
 2.1400    7.4021461E-03    4.2598574E-01   -4.2598574E-01
 2.1500    7.1658390E-03    4.1624960E-01   -4.1624960E-01
 2.1600    6.9375644E-03    4.0674703E-01   -4.0674703E-01
 2.1700    6.7170474E-03    3.9747310E-01   -3.9747310E-01
 2.1800    6.5040193E-03    3.8842276E-01   -3.8842276E-01
 2.1900    6.2982185E-03    3.7959092E-01   -3.7959092E-01
 2.2000    6.0993923E-03    3.7097256E-01   -3.7097256E-01
 2.2100    5.9072981E-03    3.6256285E-01   -3.6256285E-01
 2.2200    5.7217041E-03    3.5435715E-01   -3.5435715E-01
 2.2300    5.5423870E-03    3.4635100E-01   -3.4635100E-01
 2.2400    5.3691299E-03    3.3853986E-01   -3.3853986E-01
 2.2500    5.2017192E-03    3.3091908E-01   -3.3091908E-01
 2.2600    5.0399437E-03    3.2348372E-01   -3.2348372E-01
 2.2700    4.8835952E-03    3.1622867E-01   -3.1622867E-01
 2.2800    4.7324698E-03    3.0914869E-01   -3.0914869E-01
 2.2900    4.5863705E-03    3.0223863E-01   -3.0223863E-01
 2.3000    4.4451078E-03    2.9549343E-01   -2.9549343E-01
 2.3100    4.3084992E-03    2.8890818E-01   -2.8890818E-01
 2.3200    4.1763691E-03    2.8247805E-01   -2.8247805E-01
 2.3300    4.0485476E-03    2.7619827E-01   -2.7619827E-01
 2.3400    3.9248714E-03    2.7006420E-01   -2.7006420E-01
 2.3500    3.8051853E-03    2.6407142E-01   -2.6407142E-01
 2.3600    3.6893427E-03    2.5821584E-01   -2.5821584E-01
 2.3700    3.5772065E-03    2.5249372E-01   -2.5249372E-01
 2.3800    3.4686463E-03    2.4690154E-01   -2.4690154E-01
 2.3900    3.3635358E-03    2.4143583E-01   -2.4143583E-01
 2.4000    3.2617505E-03    2.3609298E-01   -2.3609298E-01
 2.4100    3.1631675E-03    2.3086928E-01   -2.3086928E-01
 2.4200    3.0676679E-03    2.2576101E-01   -2.2576101E-01
 2.4300    2.9751388E-03    2.2076470E-01   -2.2076470E-01
 2.4400    2.8854759E-03    2.1587730E-01   -2.1587730E-01
 2.4500    2.7985834E-03    2.1109614E-01   -2.1109614E-01
 2.4600    2.7143719E-03    2.0641889E-01   -2.0641889E-01
 2.4700    2.6327564E-03    2.0184335E-01   -2.0184335E-01
 2.4800    2.5536547E-03    1.9736739E-01   -1.9736739E-01
 2.4900    2.4769868E-03    1.9298886E-01   -1.9298886E-01
 2.5000    2.4026744E-03    1.8870561E-01   -1.8870561E-01
 2.5100    2.3306414E-03    1.8451546E-01   -1.8451546E-01
 2.5200    2.2608143E-03    1.8041633E-01   -1.8041633E-01
 2.5300    2.1931239E-03    1.7640629E-01   -1.7640629E-01
 2.5400    2.1275060E-03    1.7248371E-01   -1.7248371E-01
 2.5500    2.0639015E-03    1.6864722E-01   -1.6864722E-01
 2.5600    2.0022553E-03    1.6489567E-01   -1.6489567E-01
 2.5700    1.9425136E-03    1.6122789E-01   -1.6122789E-01
 2.5800    1.8846222E-03    1.5764259E-01   -1.5764259E-01
 2.5900    1.8285259E-03    1.5413828E-01   -1.5413828E-01
 2.6000    1.7741695E-03    1.5071333E-01   -1.5071333E-01
 2.6100    1.7215003E-03    1.4736623E-01   -1.4736623E-01
 2.6200    1.6704689E-03    1.4409564E-01   -1.4409564E-01
 2.6300    1.6210293E-03    1.4090040E-01   -1.4090040E-01
 2.6400    1.5731361E-03    1.3777931E-01   -1.3777931E-01
 2.6500    1.5267427E-03    1.3473098E-01   -1.3473098E-01
 2.6600    1.4818009E-03    1.3175376E-01   -1.3175376E-01
 2.6700    1.4382631E-03    1.2884593E-01   -1.2884593E-01
 2.6800    1.3960843E-03    1.2600597E-01   -1.2600597E-01
 2.6900    1.3552239E-03    1.2323256E-01   -1.2323256E-01
 2.7000    1.3156436E-03    1.2052459E-01   -1.2052459E-01
 2.7100    1.2773061E-03    1.1788090E-01   -1.1788090E-01
 2.7200    1.2401729E-03    1.1530016E-01   -1.1530016E-01
 2.7300    1.2042040E-03    1.1278081E-01   -1.1278081E-01
 2.7400    1.1693589E-03    1.1032116E-01   -1.1032116E-01
 2.7500    1.1355971E-03    1.0791940E-01   -1.0791940E-01
 2.7600    1.1028786E-03    1.0557370E-01   -1.0557370E-01
 2.7700    1.0711637E-03    1.0328215E-01   -1.0328215E-01
 2.7800    1.0404141E-03    1.0104287E-01   -1.0104287E-01
 2.7900    1.0105933E-03    9.8854103E-02   -9.8854103E-02
 2.8000    9.8166789E-04    9.6714260E-02   -9.6714260E-02
 2.8100    9.5360738E-04    9.4621997E-02   -9.4621997E-02
 2.8200    9.2638412E-04    9.2576164E-02   -9.2576164E-02
 2.8300    8.9997207E-04    9.0575714E-02   -9.0575714E-02
 2.8400    8.7434547E-04    8.8619564E-02   -8.8619564E-02
 2.8500    8.4947737E-04    8.6706449E-02   -8.6706449E-02
 2.8600    8.2533871E-04    8.4834820E-02   -8.4834820E-02
 2.8700    8.0189865E-04    8.3002875E-02   -8.3002875E-02
 2.8800    7.7912671E-04    8.1208770E-02   -8.1208770E-02
 2.8900    7.5699596E-04    7.9450953E-02   -7.9450953E-02
 2.9000    7.3548547E-04    7.7728441E-02   -7.7728441E-02
 2.9100    7.1458013E-04    7.6040817E-02   -7.6040817E-02
 2.9200    6.9426757E-04    7.4387925E-02   -7.4387925E-02
 2.9300    6.7453409E-04    7.2769436E-02   -7.2769436E-02
 2.9400    6.5536242E-04    7.1184602E-02   -7.1184602E-02
 2.9500    6.3673280E-04    6.9632360E-02   -6.9632360E-02
 2.9600    6.1862615E-04    6.8111675E-02   -6.8111675E-02
 2.9700    6.0102693E-04    6.6621851E-02   -6.6621851E-02
 2.9800    5.8392345E-04    6.5162585E-02   -6.5162585E-02
 2.9900    5.6730582E-04    6.3733752E-02   -6.3733752E-02
 3.0000    5.5116348E-04    6.2335121E-02   -6.2335121E-02
 3.0100    5.3548420E-04    6.0966255E-02   -6.0966255E-02
 3.0200    5.2025517E-04    5.9626615E-02   -5.9626615E-02
 3.0300    5.0546469E-04    5.8315760E-02   -5.8315760E-02
 3.0400    4.9110295E-04    5.7033441E-02   -5.7033441E-02
 3.0500    4.7716133E-04    5.5779521E-02   -5.5779521E-02
 3.0600    4.6363083E-04    5.4553802E-02   -5.4553802E-02
 3.0700    4.5050102E-04    5.3355893E-02   -5.3355893E-02
 3.0800    4.3776027E-04    5.2185235E-02   -5.2185235E-02
 3.0900    4.2539695E-04    5.1041237E-02   -5.1041237E-02
 3.1000    4.1340054E-04    4.9923416E-02   -4.9923416E-02
 3.1100    4.0176177E-04    4.8831409E-02   -4.8831409E-02
 3.1200    3.9047173E-04    4.7764876E-02   -4.7764876E-02
 3.1300    3.7952088E-04    4.6723376E-02   -4.6723376E-02
 3.1400    3.6889868E-04    4.5706320E-02   -4.5706320E-02
 3.1500    3.5859406E-04    4.4713026E-02   -4.4713026E-02
 3.1600    3.4859639E-04    4.3742834E-02   -4.3742834E-02
 3.1700    3.3889621E-04    4.2795203E-02   -4.2795203E-02
 3.1800    3.2948550E-04    4.1869754E-02   -4.1869754E-02
 3.1900    3.2035737E-04    4.0966225E-02   -4.0966225E-02
 3.2000    3.1150499E-04    4.0084348E-02   -4.0084348E-02
 3.2100    3.0292043E-04    3.9223694E-02   -3.9223694E-02
 3.2200    2.9459395E-04    3.8383575E-02   -3.8383575E-02
 3.2300    2.8651432E-04    3.7563084E-02   -3.7563084E-02
 3.2400    2.7867003E-04    3.6761240E-02   -3.6761240E-02
 3.2500    2.7105068E-04    3.5977178E-02   -3.5977178E-02
 3.2600    2.6364779E-04    3.5210257E-02   -3.5210257E-02
 3.2700    2.5645460E-04    3.4460047E-02   -3.4460047E-02
 3.2800    2.4946500E-04    3.3726181E-02   -3.3726181E-02
 3.2900    2.4267206E-04    3.3008169E-02   -3.3008169E-02
 3.3000    2.3606742E-04    3.2305302E-02   -3.2305302E-02
 3.3100    2.2964198E-04    3.1616743E-02   -3.1616743E-02
 3.3200    2.2338753E-04    3.0941756E-02   -3.0941756E-02
 3.3300    2.1729818E-04    3.0279899E-02   -3.0279899E-02
 3.3400    2.1137042E-04    2.9631048E-02   -2.9631048E-02
 3.3500    2.0560172E-04    2.8995208E-02   -2.8995208E-02
 3.3600    1.9998888E-04    2.8372282E-02   -2.8372282E-02
 3.3700    1.9452734E-04    2.7761972E-02   -2.7761972E-02
 3.3800    1.8921189E-04    2.7163872E-02   -2.7163872E-02
 3.3900    1.8403787E-04    2.6577642E-02   -2.6577642E-02
 3.4000    1.7900165E-04    2.6003077E-02   -2.6003077E-02
 3.4100    1.7409998E-04    2.5440013E-02   -2.5440013E-02
 3.4200    1.6932890E-04    2.4888182E-02   -2.4888182E-02
 3.4300    1.6468349E-04    2.4347152E-02   -2.4347152E-02
 3.4400    1.6015868E-04    2.3816462E-02   -2.3816462E-02
 3.4500    1.5575068E-04    2.3295820E-02   -2.3295820E-02
 3.4600    1.5145757E-04    2.2785210E-02   -2.2785210E-02
 3.4700    1.4727873E-04    2.2284805E-02   -2.2284805E-02
 3.4800    1.4321360E-04    2.1794786E-02   -2.1794786E-02
 3.4900    1.3926091E-04    2.1315226E-02   -2.1315226E-02
 3.5000    1.3541871E-04    2.0846092E-02   -2.0846092E-02
 3.5100    1.3168499E-04    2.0387331E-02   -2.0387331E-02
 3.5200    1.2805809E-04    1.9938946E-02   -1.9938946E-02
 3.5300    1.2453676E-04    1.9500998E-02   -1.9500998E-02
 3.5400    1.2111981E-04    1.9073551E-02   -1.9073551E-02
 3.5500    1.1780529E-04    1.8656551E-02   -1.8656551E-02
 3.5600    1.1458998E-04    1.8249732E-02   -1.8249732E-02
 3.5700    1.1146939E-04    1.7852619E-02   -1.7852619E-02
 3.5800    1.0843870E-04    1.7464663E-02   -1.7464663E-02
 3.5900    1.0549400E-04    1.7085453E-02   -1.7085453E-02
 3.6000    1.0263305E-04    1.6714836E-02   -1.6714836E-02
 3.6100    9.9854969E-05    1.6352869E-02   -1.6352869E-02
 3.6200    9.7159146E-05    1.5999658E-02   -1.5999658E-02
 3.6300    9.4544405E-05    1.5655212E-02   -1.5655212E-02
 3.6400    9.2008834E-05    1.5319414E-02   -1.5319414E-02
 3.6500    8.9550263E-05    1.4992100E-02   -1.4992100E-02
 3.6600    8.7166805E-05    1.4673143E-02   -1.4673143E-02
 3.6700    8.4856900E-05    1.4362471E-02   -1.4362471E-02
 3.6800    8.2618612E-05    1.4059938E-02   -1.4059938E-02
 3.6900    8.0448505E-05    1.3765138E-02   -1.3765138E-02
 3.7000    7.8340939E-05    1.3477275E-02   -1.3477275E-02
 3.7100    7.6288721E-05    1.3195262E-02   -1.3195262E-02
 3.7200    7.4285264E-05    1.2918093E-02   -1.2918093E-02
 3.7300    7.2327058E-05    1.2645276E-02   -1.2645276E-02
 3.7400    7.0414607E-05    1.2377013E-02   -1.2377013E-02
 3.7500    6.8550956E-05    1.2113954E-02   -1.2113954E-02
 3.7600    6.6738811E-05    1.1856705E-02   -1.1856705E-02
 3.7700    6.4978347E-05    1.1605430E-02   -1.1605430E-02
 3.7800    6.3266954E-05    1.1359792E-02   -1.1359792E-02
 3.7900    6.1600634E-05    1.1119198E-02   -1.1119198E-02
 3.8000    5.9975678E-05    1.0883090E-02   -1.0883090E-02
 3.8100    5.8389573E-05    1.0651116E-02   -1.0651116E-02
 3.8200    5.6840959E-05    1.0423126E-02   -1.0423126E-02
 3.8300    5.5329183E-05    1.0199096E-02   -1.0199096E-02
 3.8400    5.3853983E-05    9.9790717E-03   -9.9790717E-03
 3.8500    5.2415399E-05    9.7631557E-03   -9.7631557E-03
 3.8600    5.1013634E-05    9.5514815E-03   -9.5514815E-03
 3.8700    4.9648718E-05    9.3441506E-03   -9.3441506E-03
 3.8800    4.8320093E-05    9.1411552E-03   -9.1411552E-03
 3.8900    4.7026475E-05    8.9423464E-03   -8.9423464E-03
 3.9000    4.5766105E-05    8.7474816E-03   -8.7474816E-03
 3.9100    4.4537275E-05    8.5563200E-03   -8.5563200E-03
 3.9200    4.3338753E-05    8.3687080E-03   -8.3687080E-03
 3.9300    4.2169978E-05    8.1846166E-03   -8.1846166E-03
 3.9400    4.1031049E-05    8.0041447E-03   -8.0041447E-03
 3.9500    3.9922660E-05    7.8275080E-03   -7.8275080E-03
 3.9600    3.8845908E-05    7.6550057E-03   -7.6550057E-03
 3.9700    3.7801851E-05    7.4869330E-03   -7.4869330E-03
 3.9800    3.6790819E-05    7.3234458E-03   -7.3234458E-03
 3.9900    3.5811878E-05    7.1644483E-03   -7.1644483E-03
 4.0000    3.4862879E-05    7.0095978E-03   -7.0095978E-03
 4.0100    3.3941177E-05    6.8584427E-03   -6.8584427E-03
 4.0200    3.3044487E-05    6.7105944E-03   -6.7105944E-03
 4.0300    3.2171293E-05    6.5658124E-03   -6.5658124E-03
 4.0400    3.1320726E-05    6.4239834E-03   -6.4239834E-03
 4.0500    3.0492356E-05    6.2850812E-03   -6.2850812E-03
 4.0600    2.9686187E-05    6.1491679E-03   -6.1491679E-03
 4.0700    2.8902659E-05    6.0163968E-03   -6.0163968E-03
 4.0800    2.8142309E-05    5.8869442E-03   -5.8869442E-03
 4.0900    2.7405220E-05    5.7608925E-03   -5.7608925E-03
 4.1000    2.6690724E-05    5.6381669E-03   -5.6381669E-03
 4.1100    2.5997669E-05    5.5185874E-03   -5.5185874E-03
 4.1200    2.5324966E-05    5.4019823E-03   -5.4019823E-03
 4.1300    2.4671920E-05    5.2882614E-03   -5.2882614E-03
 4.1400    2.4038151E-05    5.1773986E-03   -5.1773986E-03
 4.1500    2.3423276E-05    5.0693666E-03   -5.0693666E-03
 4.1600    2.2826723E-05    4.9640951E-03   -4.9640951E-03
 4.1700    2.2247784E-05    4.8614825E-03   -4.8614825E-03
 4.1800    2.1685743E-05    4.7614227E-03   -4.7614227E-03
 4.1900    2.1139804E-05    4.6637888E-03   -4.6637888E-03
 4.2000    2.0608814E-05    4.5683719E-03   -4.5683719E-03
 4.2100    2.0091166E-05    4.4748573E-03   -4.4748573E-03
 4.2200    1.9585189E-05    4.3829099E-03   -4.3829099E-03
 4.2300    1.9089815E-05    4.2923223E-03   -4.2923223E-03
 4.2400    1.8604882E-05    4.2030882E-03   -4.2030882E-03
 4.2500    1.8130768E-05    4.1153229E-03   -4.1153229E-03
 4.2600    1.7667691E-05    4.0291076E-03   -4.0291076E-03
 4.2700    1.7215294E-05    3.9443919E-03   -3.9443919E-03
 4.2800    1.6772706E-05    3.8610066E-03   -3.8610066E-03
 4.2900    1.6338917E-05    3.7787462E-03   -3.7787462E-03
 4.3000    1.5913183E-05    3.6974631E-03   -3.6974631E-03
 4.3100    1.5495385E-05    3.6171521E-03   -3.6171521E-03
 4.3200    1.5086262E-05    3.5380096E-03   -3.5380096E-03
 4.3300    1.4687362E-05    3.4604252E-03   -3.4604252E-03
 4.3400    1.4300488E-05    3.3848559E-03   -3.3848559E-03
 4.3500    1.3926692E-05    3.3115884E-03   -3.3115884E-03
 4.3600    1.3565331E-05    3.2405090E-03   -3.2405090E-03
 4.3700    1.3213983E-05    3.1710748E-03   -3.1710748E-03
 4.3800    1.2869583E-05    3.1025770E-03   -3.1025770E-03
 4.3900    1.2530075E-05    3.0345380E-03   -3.0345380E-03
 4.4000    1.2195326E-05    2.9669392E-03   -2.9669392E-03
 4.4100    1.1866697E-05    2.9001262E-03   -2.9001262E-03
 4.4200    1.1545885E-05    2.8345338E-03   -2.8345338E-03
 4.4300    1.1234105E-05    2.7704849E-03   -2.7704849E-03
 4.4400    1.0931978E-05    2.7081615E-03   -2.7081615E-03
 4.4500    1.0639726E-05    2.6476485E-03   -2.6476485E-03
 4.4600    1.0357195E-05    2.5889386E-03   -2.5889386E-03
 4.4700    1.0083804E-05    2.5319161E-03   -2.5319161E-03
 4.4800    9.8187233E-06    2.4764007E-03   -2.4764007E-03
 4.4900    9.5613277E-06    2.4222600E-03   -2.4222600E-03
 4.5000    9.3115537E-06    2.3695018E-03   -2.3695018E-03
 4.5100    9.0698323E-06    2.3182603E-03   -2.3182603E-03
 4.5200    8.8366846E-06    2.2686949E-03   -2.2686949E-03
 4.5300    8.6123457E-06    2.2208935E-03   -2.2208935E-03
 4.5400    8.3966505E-06    2.1748417E-03   -2.1748417E-03
 4.5500    8.1890970E-06    2.1304369E-03   -2.1304369E-03
 4.5600    7.9889034E-06    2.0875011E-03   -2.0875011E-03
 4.5700    7.7950466E-06    2.0457897E-03   -2.0457897E-03
 4.5800    7.6064319E-06    2.0050343E-03   -2.0050343E-03
 4.5900    7.4222326E-06    1.9650328E-03   -1.9650328E-03
 4.6000    7.2421907E-06    1.9257304E-03   -1.9257304E-03
 4.6100    7.0665921E-06    1.8872165E-03   -1.8872165E-03
 4.6200    6.8958657E-06    1.8496204E-03   -1.8496204E-03
 4.6300    6.7300880E-06    1.8129782E-03   -1.8129782E-03
 4.6400    6.5687569E-06    1.7771702E-03   -1.7771702E-03
 4.6500    6.4109710E-06    1.7419656E-03   -1.7419656E-03
 4.6600    6.2558391E-06    1.7071327E-03   -1.7071327E-03
 4.6700    6.1028254E-06    1.6725325E-03   -1.6725325E-03
 4.6800    5.9518579E-06    1.6381517E-03   -1.6381517E-03
 4.6900    5.8032154E-06    1.6040734E-03   -1.6040734E-03
 4.7000    5.6573287E-06    1.5704243E-03   -1.5704243E-03
 4.7100    5.5146315E-06    1.5373338E-03   -1.5373338E-03
 4.7200    5.3755090E-06    1.5049202E-03   -1.5049202E-03
 4.7300    5.2402911E-06    1.4732877E-03   -1.4732877E-03
 4.7400    5.1092141E-06    1.4425160E-03   -1.4425160E-03
 4.7500    4.9823388E-06    1.4126362E-03   -1.4126362E-03
 4.7600    4.8594508E-06    1.3836013E-03   -1.3836013E-03
 4.7700    4.7399747E-06    1.3552601E-03   -1.3552601E-03
 4.7800    4.6229784E-06    1.3273563E-03   -1.3273563E-03
 4.7900    4.5074099E-06    1.2995948E-03   -1.2995948E-03
 4.8000    4.3926051E-06    1.2717873E-03   -1.2717873E-03
 4.8100    4.2788037E-06    1.2440057E-03   -1.2440057E-03
 4.8200    4.1672490E-06    1.2166156E-03   -1.2166156E-03
 4.8300    4.0597056E-06    1.1901417E-03   -1.1901417E-03
 4.8400    3.9576958E-06    1.1650458E-03   -1.1650458E-03
 4.8500    3.8619044E-06    1.1415498E-03   -1.1415498E-03
 4.8600    3.7719157E-06    1.1195523E-03   -1.1195523E-03
 4.8700    3.6861471E-06    1.0986022E-03   -1.0986022E-03
 4.8800    3.6019763E-06    1.0779295E-03   -1.0779295E-03
 4.8900    3.5163671E-06    1.0566272E-03   -1.0566272E-03
 4.9000    3.4271188E-06    1.0340253E-03   -1.0340253E-03
 4.9100    3.3341134E-06    1.0100741E-03   -1.0100741E-03
 4.9200    3.2395053E-06    9.8541409E-04   -9.8541409E-04
 4.9300    3.1465107E-06    9.6102108E-04   -9.6102108E-04
 4.9400    3.0577273E-06    9.3769696E-04   -9.3769696E-04
 4.9500    2.9743173E-06    9.1581460E-04   -9.1581460E-04
 4.9600    2.8964242E-06    8.9543771E-04   -8.9543771E-04
 4.9700    2.8239599E-06    8.7655903E-04   -8.7655903E-04
 4.9800    2.7567448E-06    8.5914232E-04   -8.5914232E-04
 4.9900    2.6939541E-06    8.4294869E-04   -8.4294869E-04
 5.0000    2.6337631E-06    8.2742110E-04   -8.2742110E-04
 5.0100    2.5739299E-06    8.1186167E-04   -8.1186167E-04
 5.0200    2.5130253E-06    7.9581874E-04   -7.9581874E-04
 5.0300    2.4512877E-06    7.7936359E-04   -7.7936359E-04
 5.0400    2.3904030E-06    7.6303079E-04   -7.6303079E-04
 5.0500    2.3324393E-06    7.4748585E-04   -7.4748585E-04
 5.0600    2.2787068E-06    7.3316097E-04   -7.3316097E-04
 5.0700    2.2291412E-06    7.2005117E-04   -7.2005117E-04
 5.0800    2.1823686E-06    7.0772640E-04   -7.0772640E-04
 5.0900    2.1363371E-06    6.9552895E-04   -6.9552895E-04
 5.1000    2.0892717E-06    6.8288118E-04   -6.8288118E-04
 5.1100    2.0405598E-06    6.6957771E-04   -6.6957771E-04
 5.1200    1.9910873E-06    6.5590371E-04   -6.5590371E-04
 5.1300    1.9427553E-06    6.4248457E-04   -6.4248457E-04
 5.1400    1.8974095E-06    6.2993707E-04   -6.2993707E-04
 5.1500    1.8558470E-06    6.1853816E-04   -6.1853816E-04
 5.1600    1.8174992E-06    6.0811190E-04   -6.0811190E-04
 5.1700    1.7808445E-06    5.9815942E-04   -5.9815942E-04
 5.1800    1.7441178E-06    5.8809190E-04   -5.8809190E-04
 5.1900    1.7058703E-06    5.7741834E-04   -5.7741834E-04
 5.2000    1.6652656E-06    5.6584836E-04   -5.6584836E-04
 5.2100    1.6222214E-06    5.5334428E-04   -5.5334428E-04
 5.2200    1.5774305E-06    5.4013347E-04   -5.4013347E-04
 5.2300    1.5321684E-06    5.2664715E-04   -5.2664715E-04
 5.2400    1.4878652E-06    5.1337656E-04   -5.1337656E-04
 5.2500    1.4456321E-06    5.0070998E-04   -5.0070998E-04
 5.2600    1.4060020E-06    4.8884064E-04   -4.8884064E-04
 5.2700    1.3689595E-06    4.7777310E-04   -4.7777310E-04
 5.2800    1.3340968E-06    4.6737453E-04   -4.6737453E-04
 5.2900    1.3007327E-06    4.5741380E-04   -4.5741380E-04
 5.3000    1.2680301E-06    4.4760112E-04   -4.4760112E-04
 5.3100    1.2352541E-06    4.3767849E-04   -4.3767849E-04
 5.3200    1.2021348E-06    4.2754938E-04   -4.2754938E-04
 5.3300    1.1690545E-06    4.1734866E-04   -4.1734866E-04
 5.3400    1.1368267E-06    4.0736775E-04   -4.0736775E-04
 5.3500    1.1061915E-06    3.9787601E-04   -3.9787601E-04
 5.3600    1.0774192E-06    3.8897721E-04   -3.8897721E-04
 5.3700    1.0502929E-06    3.8060009E-04   -3.8060009E-04
 5.3800    1.0243889E-06    3.7259695E-04   -3.7259695E-04
 5.3900    9.9938518E-07    3.6485500E-04   -3.6485500E-04
 5.4000    9.7522337E-07    3.5735633E-04   -3.5735633E-04
 5.4100    9.5210529E-07    3.5017841E-04   -3.5017841E-04
 5.4200    9.3035003E-07    3.4344311E-04   -3.4344311E-04
 5.4300    9.1015180E-07    3.3722779E-04   -3.3722779E-04
 5.4400    8.9136842E-07    3.3148578E-04   -3.3148578E-04
 5.4500    8.7352485E-07    3.2604544E-04   -3.2604544E-04
 5.4600    8.5607239E-07    3.2070493E-04   -3.2070493E-04
 5.4700    8.3871056E-07    3.1535275E-04   -3.1535275E-04
 5.4800    8.2152409E-07    3.1002112E-04   -3.1002112E-04
 5.4900    8.0487136E-07    3.0484637E-04   -3.0484637E-04
 5.5000    7.8916395E-07    2.9998703E-04   -2.9998703E-04
 5.5100    7.7470517E-07    2.9556262E-04   -2.9556262E-04
 5.5200    7.6164168E-07    2.9163438E-04   -2.9163438E-04
 5.5300    7.4997961E-07    2.8821036E-04   -2.8821036E-04
 5.5400    7.3960256E-07    2.8525141E-04   -2.8525141E-04
 5.5500    7.3027117E-07    2.8267017E-04   -2.8267017E-04
 5.5600    7.2161865E-07    2.8032846E-04   -2.8032846E-04
 5.5700    7.1316788E-07    2.7804304E-04   -2.7804304E-04
 5.5800    7.0439495E-07    2.7560970E-04   -2.7560970E-04
 5.5900    6.9484868E-07    2.7284985E-04   -2.7284985E-04
 5.6000    6.8427824E-07    2.6966132E-04   -2.6966132E-04
 5.6100    6.7264959E-07    2.6602624E-04   -2.6602624E-04
 5.6200    6.5997104E-07    2.6194335E-04   -2.6194335E-04
 5.6300    6.4605005E-07    2.5733142E-04   -2.5733142E-04
 5.6400    6.3046736E-07    2.5201749E-04   -2.5201749E-04
 5.6500    6.1291244E-07    2.4586980E-04   -2.4586980E-04
 5.6600    5.9365594E-07    2.3898880E-04   -2.3898880E-04
 5.6700    5.7374882E-07    2.3179165E-04   -2.3179165E-04
 5.6800    5.5475095E-07    2.2490784E-04   -2.2490784E-04
 5.6900    5.3816565E-07    2.1895273E-04   -2.1895273E-04
 5.7000    5.2494989E-07    2.1432726E-04   -2.1432726E-04
 5.7100    5.1540088E-07    2.1116758E-04   -2.1116758E-04
 5.7200    5.0946321E-07    2.0946658E-04   -2.0946658E-04
 5.7300    5.0714252E-07    2.0924213E-04   -2.0924213E-04
 5.7400    5.0847752E-07    2.1052584E-04   -2.1052584E-04
 5.7500    5.1278177E-07    2.1304833E-04   -2.1304833E-04
 5.7600    5.1767587E-07    2.1583047E-04   -2.1583047E-04
 5.7700    5.1910180E-07    2.1717710E-04   -2.1717710E-04
 5.7800    5.1306087E-07    2.1539441E-04   -2.1539441E-04
 5.7900    4.9822216E-07    2.0988917E-04   -2.0988917E-04
 5.8000    4.7729903E-07    2.0176991E-04   -2.0176991E-04
 5.8100    4.5577287E-07    1.9333505E-04   -1.9333505E-04
 5.8200    4.3876575E-07    1.8676202E-04   -1.8676202E-04
 5.8300    4.2840692E-07    1.8297993E-04   -1.8297993E-04
 5.8400    4.2340932E-07    1.8146629E-04   -1.8146629E-04
 5.8500    4.2063778E-07    1.8089638E-04   -1.8089638E-04
 5.8600    4.1715665E-07    1.8001317E-04   -1.8001317E-04
 5.8700    4.1142362E-07    1.7814568E-04   -1.7814568E-04
 5.8800    4.0331190E-07    1.7522883E-04   -1.7522883E-04
 5.8900    3.9351270E-07    1.7155335E-04   -1.7155335E-04
 5.9000    3.8305077E-07    1.6755995E-04   -1.6755995E-04
 5.9100    3.7314234E-07    1.6377943E-04   -1.6377943E-04
 5.9200    3.6499964E-07    1.6074805E-04   -1.6074805E-04
 5.9300    3.5920986E-07    1.5873310E-04   -1.5873310E-04
 5.9400    3.5504401E-07    1.5742183E-04   -1.5742183E-04
 5.9500    3.5053890E-07    1.5594807E-04   -1.5594807E-04
 5.9600    3.4363227E-07    1.5338974E-04   -1.5338974E-04
 5.9700    3.3352658E-07    1.4937880E-04   -1.4937880E-04
 5.9800    3.2112032E-07    1.4430455E-04   -1.4430455E-04
 5.9900    3.0822990E-07    1.3897551E-04   -1.3897551E-04
 6.0000    2.9643639E-07    1.3410466E-04   -1.3410466E-04
 6.0100    2.8654094E-07    1.3006052E-04   -1.3006052E-04
 6.0200    2.7882005E-07    1.2697752E-04   -1.2697752E-04
 6.0300    2.7353644E-07    1.2498551E-04   -1.2498551E-04
 6.0400    2.7115852E-07    1.2431027E-04   -1.2431027E-04
 6.0500    2.7221012E-07    1.2520593E-04   -1.2520593E-04
 6.0600    2.7697846E-07    1.2782068E-04   -1.2782068E-04
 6.0700    2.8520803E-07    1.3205322E-04   -1.3205322E-04
 6.0800    2.9571699E-07    1.3737044E-04   -1.3737044E-04
 6.0900    3.0603117E-07    1.4262975E-04   -1.4262975E-04
 6.1000    3.1255099E-07    1.4614717E-04   -1.4614717E-04
 6.1100    3.1172864E-07    1.4624095E-04   -1.4624095E-04
 6.1200    3.0184343E-07    1.4206740E-04   -1.4206740E-04
 6.1300    2.8405966E-07    1.3413446E-04   -1.3413446E-04
 6.1400    2.6178928E-07    1.2402193E-04   -1.2402193E-04
 6.1500    2.3884330E-07    1.1352020E-04   -1.1352020E-04
 6.1600    2.1785991E-07    1.0388399E-04   -1.0388399E-04
 6.1700    1.9997509E-07    9.5665663E-05   -9.5665663E-05
 6.1800    1.8540155E-07    8.8981591E-05   -8.8981591E-05
 6.1900    1.7399549E-07    8.3777840E-05   -8.3777840E-05
 6.2000    1.6541181E-07    7.9902385E-05   -7.9902385E-05
 6.2100    1.5914741E-07    7.7124552E-05   -7.7124552E-05
 6.2200    1.5477235E-07    7.5246100E-05   -7.5246100E-05
 6.2300    1.5216140E-07    7.4214787E-05   -7.4214787E-05
 6.2400    1.5136561E-07    7.4063844E-05   -7.4063844E-05
 6.2500    1.5215302E-07    7.4687940E-05   -7.4687940E-05
 6.2600    1.5367365E-07    7.5675962E-05   -7.5675962E-05
 6.2700    1.5462977E-07    7.6390273E-05   -7.6390273E-05
 6.2800    1.5385715E-07    7.6251225E-05   -7.6251225E-05
 6.2900    1.5086172E-07    7.5004999E-05   -7.5004999E-05
 6.3000    1.4593573E-07    7.2786795E-05   -7.2786795E-05
 6.3100    1.3986063E-07    6.9978407E-05   -6.9978407E-05
 6.3200    1.3350148E-07    6.7008530E-05   -6.7008530E-05
 6.3300    1.2756097E-07    6.4229580E-05   -6.4229580E-05
 6.3400    1.2251503E-07    6.1883908E-05   -6.1883908E-05
 6.3500    1.1861286E-07    6.0102021E-05   -6.0102021E-05
 6.3600    1.1588560E-07    5.8905190E-05   -5.8905190E-05
 6.3700    1.1418721E-07    5.8224556E-05   -5.8224556E-05
