# total charge: 11.000000 
# r(A)     rho (e/A^3)     4*pi*r^2*rho(e/A)  dip  
 0.0000    7.8764547E+00    0.0000000E+00    8.7767302E+01
 0.0100    7.8681930E+00    9.8874629E-03    8.7319673E+01
 0.0200    7.8577570E+00    3.9497395E-02    8.5989895E+01
 0.0300    7.8447111E+00    8.8721593E-02    8.3816598E+01
 0.0400    7.8285939E+00    1.5740322E-01    8.0862028E+01
 0.0500    7.8089021E+00    2.4532389E-01    7.7209048E+01
 0.0600    7.7850822E+00    3.5218882E-01    7.2957224E+01
 0.0700    7.7565793E+00    4.7761305E-01    6.8218252E+01
 0.0800    7.7229508E+00    6.2111656E-01    6.3111025E+01
 0.0900    7.6839802E+00    7.8213392E-01    5.7756621E+01
 0.1000    7.6397087E+00    9.6003411E-01    5.2273525E+01
 0.1100    7.5903683E+00    1.1541389E+00    4.6773340E+01
 0.1200    7.5362720E+00    1.3637317E+00    4.1357200E+01
 0.1300    7.4777248E+00    1.5880568E+00    3.6113033E+01
 0.1400    7.4149853E+00    1.8263173E+00    3.1113725E+01
 0.1500    7.3482693E+00    2.0776742E+00    2.6416197E+01
 0.1600    7.2777742E+00    2.3412533E+00    2.2061330E+01
 0.1700    7.2037009E+00    2.6161545E+00    1.8074643E+01
 0.1800    7.1262625E+00    2.9014607E+00    1.4467574E+01
 0.1900    7.0456732E+00    3.1962413E+00    1.1239238E+01
 0.2000    6.9621309E+00    3.4995487E+00    8.3784640E+00
 0.2100    6.8758072E+00    3.8104138E+00    5.8659773E+00
 0.2200    6.7868539E+00    4.1278483E+00    3.6765621E+00
 0.2300    6.6954195E+00    4.4508538E+00    1.7810945E+00
 0.2400    6.6016640E+00    4.7784359E+00    1.4836077E-01
 0.2500    6.5057640E+00    5.1096151E+00   -1.2533890E+00
 0.2600    6.4079083E+00    5.4434326E+00   -2.4551793E+00
 0.2700    6.3082890E+00    5.7789505E+00   -3.4863448E+00
 0.2800    6.2070922E+00    6.1152487E+00   -4.3738493E+00
 0.2900    6.1044920E+00    6.4514211E+00   -5.1418640E+00
 0.3000    6.0006496E+00    6.7865748E+00   -5.8115682E+00
 0.3100    5.8957170E+00    7.1198342E+00   -6.4011340E+00
 0.3200    5.7898427E+00    7.4503485E+00   -6.9258491E+00
 0.3300    5.6831749E+00    7.7772985E+00   -7.3983333E+00
 0.3400    5.5758603E+00    8.0998986E+00   -7.8288104E+00
 0.3500    5.4680404E+00    8.4173943E+00   -8.2254041E+00
 0.3600    5.3598490E+00    8.7290589E+00   -8.5944405E+00
 0.3700    5.2514112E+00    9.0341925E+00   -8.9407409E+00
 0.3800    5.1428446E+00    9.3321231E+00   -9.2678948E+00
 0.3900    5.0342603E+00    9.6222080E+00   -9.5785038E+00
 0.4000    4.9257635E+00    9.9038351E+00   -9.8743925E+00
 0.4100    4.8174538E+00    1.0176423E+01   -1.0156785E+01
 0.4200    4.7094250E+00    1.0439419E+01   -1.0426451E+01
 0.4300    4.6017646E+00    1.0692301E+01   -1.0683823E+01
 0.4400    4.4945542E+00    1.0934573E+01   -1.0929086E+01
 0.4500    4.3878696E+00    1.1165768E+01   -1.1162252E+01
 0.4600    4.2817809E+00    1.1385444E+01   -1.1383213E+01
 0.4700    4.1763530E+00    1.1593185E+01   -1.1591784E+01
 0.4800    4.0716461E+00    1.1788604E+01   -1.1787732E+01
 0.4900    3.9677162E+00    1.1971336E+01   -1.1970800E+01
 0.5000    3.8646159E+00    1.2141049E+01   -1.2140722E+01
 0.5100    3.7623943E+00    1.2297435E+01   -1.2297237E+01
 0.5200    3.6610972E+00    1.2440213E+01   -1.2440095E+01
 0.5300    3.5607673E+00    1.2569129E+01   -1.2569060E+01
 0.5400    3.4614444E+00    1.2683956E+01   -1.2683916E+01
 0.5500    3.3631665E+00    1.2784496E+01   -1.2784472E+01
 0.5600    3.2659704E+00    1.2870581E+01   -1.2870568E+01
 0.5700    3.1698919E+00    1.2942078E+01   -1.2942071E+01
 0.5800    3.0749652E+00    1.2998884E+01   -1.2998879E+01
 0.5900    2.9812237E+00    1.3040927E+01   -1.3040924E+01
 0.6000    2.8886996E+00    1.3068169E+01   -1.3068168E+01
 0.6100    2.7974251E+00    1.3080610E+01   -1.3080609E+01
 0.6200    2.7074324E+00    1.3078287E+01   -1.3078287E+01
 0.6300    2.6187544E+00    1.3061280E+01   -1.3061280E+01
 0.6400    2.5314237E+00    1.3029707E+01   -1.3029707E+01
 0.6500    2.4454731E+00    1.2983730E+01   -1.2983730E+01
 0.6600    2.3609351E+00    1.2923549E+01   -1.2923549E+01
 0.6700    2.2778425E+00    1.2849409E+01   -1.2849409E+01
 0.6800    2.1962284E+00    1.2761602E+01   -1.2761602E+01
 0.6900    2.1161266E+00    1.2660466E+01   -1.2660466E+01
 0.7000    2.0375711E+00    1.2546388E+01   -1.2546388E+01
 0.7100    1.9605962E+00    1.2419804E+01   -1.2419804E+01
 0.7200    1.8852357E+00    1.2281192E+01   -1.2281192E+01
 0.7300    1.8115225E+00    1.2131076E+01   -1.2131076E+01
 0.7400    1.7394885E+00    1.1970020E+01   -1.1970020E+01
 0.7500    1.6691644E+00    1.1798628E+01   -1.1798628E+01
 0.7600    1.6005800E+00    1.1617547E+01   -1.1617547E+01
 0.7700    1.5337639E+00    1.1427463E+01   -1.1427463E+01
 0.7800    1.4687438E+00    1.1229104E+01   -1.1229104E+01
 0.7900    1.4055461E+00    1.1023237E+01   -1.1023237E+01
 0.8000    1.3441956E+00    1.0810662E+01   -1.0810662E+01
 0.8100    1.2847145E+00    1.0592209E+01   -1.0592209E+01
 0.8200    1.2271222E+00    1.0368726E+01   -1.0368726E+01
 0.8300    1.1714345E+00    1.0141076E+01   -1.0141076E+01
 0.8400    1.1176633E+00    9.9101320E+00   -9.9101320E+00
 0.8500    1.0658172E+00    9.6767702E+00   -9.6767702E+00
 0.8600    1.0159003E+00    9.4418663E+00   -9.4418663E+00
 0.8700    9.6791254E-01    9.2062865E+00   -9.2062865E+00
 0.8800    9.2184901E-01    8.9708790E+00   -8.9708790E+00
 0.8900    8.7769995E-01    8.7364692E+00   -8.7364692E+00
 0.9000    8.3545126E-01    8.5038581E+00   -8.5038581E+00
 0.9100    7.9508484E-01    8.2738210E+00   -8.2738210E+00
 0.9200    7.5657868E-01    8.0471041E+00   -8.0471041E+00
 0.9300    7.1990652E-01    7.8244149E+00   -7.8244149E+00
 0.9400    6.8503714E-01    7.6064092E+00   -7.6064092E+00
 0.9500    6.5193378E-01    7.3936785E+00   -7.3936785E+00
 0.9600    6.2055401E-01    7.1867398E+00   -7.1867398E+00
 0.9700    5.9085001E-01    6.9860322E+00   -6.9860322E+00
 0.9800    5.6276928E-01    6.7919174E+00   -6.7919174E+00
 0.9900    5.3625534E-01    6.6046816E+00   -6.6046816E+00
 1.0000    5.1124823E-01    6.4245347E+00   -6.4245347E+00
 1.0100    4.8768449E-01    6.2516053E+00   -6.2516053E+00
 1.0200    4.6549705E-01    6.0859327E+00   -6.0859327E+00
 1.0300    4.4461523E-01    5.9274603E+00   -5.9274603E+00
 1.0400    4.2496491E-01    5.7760323E+00   -5.7760323E+00
 1.0500    4.0646901E-01    5.6313939E+00   -5.6313939E+00
 1.0600    3.8904818E-01    5.4931946E+00   -5.4931946E+00
 1.0700    3.7262153E-01    5.3609946E+00   -5.3609946E+00
 1.0800    3.5710754E-01    5.2342733E+00   -5.2342733E+00
 1.0900    3.4242525E-01    5.1124450E+00   -5.1124450E+00
 1.1000    3.2849590E-01    4.9948814E+00   -4.9948814E+00
 1.1100    3.1524516E-01    4.8809487E+00   -4.8809487E+00
 1.1200    3.0260587E-01    4.7700535E+00   -4.7700535E+00
 1.1300    2.9052051E-01    4.6616917E+00   -4.6616917E+00
 1.1400    2.7894275E-01    4.5554852E+00   -4.5554852E+00
 1.1500    2.6783740E-01    4.4511964E+00   -4.4511964E+00
 1.1600    2.5717883E-01    4.3487162E+00   -4.3487162E+00
 1.1700    2.4694843E-01    4.2480328E+00   -4.2480328E+00
 1.1800    2.3713184E-01    4.1491940E+00   -4.1491940E+00
 1.1900    2.2771674E-01    4.0522735E+00   -4.0522735E+00
 1.2000    2.1869148E-01    3.9573478E+00   -3.9573478E+00
 1.2100    2.1004431E-01    3.8644841E+00   -3.8644841E+00
 1.2200    2.0176321E-01    3.7737359E+00   -3.7737359E+00
 1.2300    1.9383588E-01    3.6851422E+00   -3.6851422E+00
 1.2400    1.8624973E-01    3.5987268E+00   -3.5987268E+00
 1.2500    1.7899196E-01    3.5144989E+00   -3.5144989E+00
 1.2600    1.7204963E-01    3.4324538E+00   -3.4324538E+00
 1.2700    1.6540981E-01    3.3525754E+00   -3.3525754E+00
 1.2800    1.5905965E-01    3.2748381E+00   -3.2748381E+00
 1.2900    1.5298656E-01    3.1992086E+00   -3.1992086E+00
 1.3000    1.4717816E-01    3.1256470E+00   -3.1256470E+00
 1.3100    1.4162236E-01    3.0541073E+00   -3.0541073E+00
 1.3200    1.3630737E-01    2.9845377E+00   -2.9845377E+00
 1.3300    1.3122171E-01    2.9168818E+00   -2.9168818E+00
 1.3400    1.2635426E-01    2.8510797E+00   -2.8510797E+00
 1.3500    1.2169431E-01    2.7870686E+00   -2.7870686E+00
 1.3600    1.1723155E-01    2.7247846E+00   -2.7247846E+00
 1.3700    1.1295617E-01    2.6641641E+00   -2.6641641E+00
 1.3800    1.0885890E-01    2.6051455E+00   -2.6051455E+00
 1.3900    1.0493100E-01    2.5476705E+00   -2.5476705E+00
 1.4000    1.0116421E-01    2.4916831E+00   -2.4916831E+00
 1.4100    9.7550709E-02    2.4371290E+00   -2.4371290E+00
 1.4200    9.4083030E-02    2.3839539E+00   -2.3839539E+00
 1.4300    9.0754039E-02    2.3321039E+00   -2.3321039E+00
 1.4400    8.7556982E-02    2.2815271E+00   -2.2815271E+00
 1.4500    8.4485524E-02    2.2321746E+00   -2.2321746E+00
 1.4600    8.1533754E-02    2.1840019E+00   -2.1840019E+00
 1.4700    7.8696155E-02    2.1369681E+00   -2.1369681E+00
 1.4800    7.5967548E-02    2.0910355E+00   -2.0910355E+00
 1.4900    7.3343049E-02    2.0461683E+00   -2.0461683E+00
 1.5000    7.0818042E-02    2.0023330E+00   -2.0023330E+00
 1.5100    6.8388186E-02    1.9594981E+00   -1.9594981E+00
 1.5200    6.6049407E-02    1.9176351E+00   -1.9176351E+00
 1.5300    6.3797893E-02    1.8767182E+00   -1.8767182E+00
 1.5400    6.1630065E-02    1.8367241E+00   -1.8367241E+00
 1.5500    5.9542548E-02    1.7976315E+00   -1.7976315E+00
 1.5600    5.7532142E-02    1.7594203E+00   -1.7594203E+00
 1.5700    5.5595803E-02    1.7220715E+00   -1.7220715E+00
 1.5800    5.3730620E-02    1.6855665E+00   -1.6855665E+00
 1.5900    5.1933811E-02    1.6498874E+00   -1.6498874E+00
 1.6000    5.0202721E-02    1.6150170E+00   -1.6150170E+00
 1.6100    4.8534825E-02    1.5809389E+00   -1.5809389E+00
 1.6200    4.6927714E-02    1.5476377E+00   -1.5476377E+00
 1.6300    4.5379082E-02    1.5150982E+00   -1.5150982E+00
 1.6400    4.3886708E-02    1.4833054E+00   -1.4833054E+00
 1.6500    4.2448452E-02    1.4522441E+00   -1.4522441E+00
 1.6600    4.1062249E-02    1.4218991E+00   -1.4218991E+00
 1.6700    3.9726110E-02    1.3922552E+00   -1.3922552E+00
 1.6800    3.8438121E-02    1.3632973E+00   -1.3632973E+00
 1.6900    3.7196432E-02    1.3350101E+00   -1.3350101E+00
 1.7000    3.5999252E-02    1.3073780E+00   -1.3073780E+00
 1.7100    3.4844843E-02    1.2803850E+00   -1.2803850E+00
 1.7200    3.3731524E-02    1.2540150E+00   -1.2540150E+00
 1.7300    3.2657674E-02    1.2282516E+00   -1.2282516E+00
 1.7400    3.1621733E-02    1.2030787E+00   -1.2030787E+00
 1.7500    3.0622200E-02    1.1784804E+00   -1.1784804E+00
 1.7600    2.9657630E-02    1.1544407E+00   -1.1544407E+00
 1.7700    2.8726630E-02    1.1309439E+00   -1.1309439E+00
 1.7800    2.7827855E-02    1.1079741E+00   -1.1079741E+00
 1.7900    2.6960010E-02    1.0855154E+00   -1.0855154E+00
 1.8000    2.6121852E-02    1.0635523E+00   -1.0635523E+00
 1.8100    2.5312197E-02    1.0420699E+00   -1.0420699E+00
 1.8200    2.4529919E-02    1.0210541E+00   -1.0210541E+00
 1.8300    2.3773943E-02    1.0004912E+00   -1.0004912E+00
 1.8400    2.3043241E-02    9.8036789E-01   -9.8036789E-01
 1.8500    2.2336821E-02    9.6067102E-01   -9.6067102E-01
 1.8600    2.1653734E-02    9.4138776E-01   -9.4138776E-01
 1.8700    2.0993075E-02    9.2250587E-01   -9.2250587E-01
 1.8800    2.0353992E-02    9.0401401E-01   -9.0401401E-01
 1.8900    1.9735680E-02    8.8590174E-01   -8.8590174E-01
 1.9000    1.9137376E-02    8.6815937E-01   -8.6815937E-01
 1.9100    1.8558356E-02    8.5077773E-01   -8.5077773E-01
 1.9200    1.7997927E-02    8.3374801E-01   -8.3374801E-01
 1.9300    1.7455425E-02    8.1706182E-01   -8.1706182E-01
 1.9400    1.6930219E-02    8.0071120E-01   -8.0071120E-01
 1.9500    1.6421709E-02    7.8468878E-01   -7.8468878E-01
 1.9600    1.5929327E-02    7.6898776E-01   -7.6898776E-01
 1.9700    1.5452530E-02    7.5360178E-01   -7.5360178E-01
 1.9800    1.4990800E-02    7.3852474E-01   -7.3852474E-01
 1.9900    1.4543634E-02    7.2375065E-01   -7.2375065E-01
 2.0000    1.4110552E-02    7.0927371E-01   -7.0927371E-01
 2.0100    1.3691093E-02    6.9508849E-01   -6.9508849E-01
 2.0200    1.3284820E-02    6.8119000E-01   -6.8119000E-01
 2.0300    1.2891317E-02    6.6757373E-01   -6.6757373E-01
 2.0400    1.2510189E-02    6.5423543E-01   -6.5423543E-01
 2.0500    1.2141048E-02    6.4117084E-01   -6.4117084E-01
 2.0600    1.1783518E-02    6.2837552E-01   -6.2837552E-01
 2.0700    1.1437227E-02    6.1584482E-01   -6.1584482E-01
 2.0800    1.1101812E-02    6.0357384E-01   -6.0357384E-01
 2.0900    1.0776919E-02    5.9155760E-01   -5.9155760E-01
 2.1000    1.0462202E-02    5.7979109E-01   -5.7979109E-01
 2.1100    1.0157330E-02    5.6826948E-01   -5.6826948E-01
 2.1200    9.8619850E-03    5.5698811E-01   -5.5698811E-01
 2.1300    9.5758613E-03    5.4594251E-01   -5.4594251E-01
 2.1400    9.2986624E-03    5.3512827E-01   -5.3512827E-01
 2.1500    9.0300990E-03    5.2454082E-01   -5.2454082E-01
 2.1600    8.7698863E-03    5.1417544E-01   -5.1417544E-01
 2.1700    8.5177448E-03    5.0402718E-01   -5.0402718E-01
 2.1800    8.2734005E-03    4.9409095E-01   -4.9409095E-01
 2.1900    8.0365860E-03    4.8436158E-01   -4.8436158E-01
 2.2000    7.8070415E-03    4.7483390E-01   -4.7483390E-01
 2.2100    7.5845154E-03    4.6550275E-01   -4.6550275E-01
 2.2200    7.3687656E-03    4.5636314E-01   -4.5636314E-01
 2.2300    7.1595601E-03    4.4741025E-01   -4.4741025E-01
 2.2400    6.9566764E-03    4.3863947E-01   -4.3863947E-01
 2.2500    6.7599005E-03    4.3004629E-01   -4.3004629E-01
 2.2600    6.5690251E-03    4.2162627E-01   -4.2162627E-01
 2.2700    6.3838497E-03    4.1337502E-01   -4.1337502E-01
 2.2800    6.2041797E-03    4.0528817E-01   -4.0528817E-01
 2.2900    6.0298270E-03    3.9736140E-01   -3.9736140E-01
 2.3000    5.8606109E-03    3.8959056E-01   -3.8959056E-01
 2.3100    5.6963585E-03    3.8197166E-01   -3.8197166E-01
 2.3200    5.5369056E-03    3.7450098E-01   -3.7450098E-01
 2.3300    5.3820959E-03    3.6717503E-01   -3.6717503E-01
 2.3400    5.2317802E-03    3.5999052E-01   -3.5999052E-01
 2.3500    5.0858160E-03    3.5294435E-01   -3.5294435E-01
 2.3600    4.9440676E-03    3.4603360E-01   -3.4603360E-01
 2.3700    4.8064062E-03    3.3925560E-01   -3.3925560E-01
 2.3800    4.6727094E-03    3.3260789E-01   -3.3260789E-01
 2.3900    4.5428602E-03    3.2608816E-01   -3.2608816E-01
 2.4000    4.4167452E-03    3.1969415E-01   -3.1969415E-01
 2.4100    4.2942543E-03    3.1342361E-01   -3.1342361E-01
 2.4200    4.1752802E-03    3.0727429E-01   -3.0727429E-01
 2.4300    4.0597195E-03    3.0124402E-01   -3.0124402E-01
 2.4400    3.9474730E-03    2.9533076E-01   -2.9533076E-01
 2.4500    3.8384462E-03    2.8953262E-01   -2.8953262E-01
 2.4600    3.7325488E-03    2.8384782E-01   -2.8384782E-01
 2.4700    3.6296941E-03    2.7827475E-01   -2.7827475E-01
 2.4800    3.5297984E-03    2.7281178E-01   -2.7281178E-01
 2.4900    3.4327794E-03    2.6745730E-01   -2.6745730E-01
 2.5000    3.3385559E-03    2.6220956E-01   -2.6220956E-01
 2.5100    3.2470466E-03    2.5706670E-01   -2.5706670E-01
 2.5200    3.1581713E-03    2.5202674E-01   -2.5202674E-01
 2.5300    3.0718517E-03    2.4708771E-01   -2.4708771E-01
 2.5400    2.9880127E-03    2.4224774E-01   -2.4224774E-01
 2.5500    2.9065831E-03    2.3750512E-01   -2.3750512E-01
 2.5600    2.8274950E-03    2.3285825E-01   -2.3285825E-01
 2.5700    2.7506816E-03    2.2830553E-01   -2.2830553E-01
 2.5800    2.6760757E-03    2.2384514E-01   -2.2384514E-01
 2.5900    2.6036095E-03    2.1947509E-01   -2.1947509E-01
 2.6000    2.5332155E-03    2.1519328E-01   -2.1519328E-01
 2.6100    2.4648287E-03    2.1099765E-01   -2.1099765E-01
 2.6200    2.3983868E-03    2.0688627E-01   -2.0688627E-01
 2.6300    2.3338297E-03    2.0285725E-01   -2.0285725E-01
 2.6400    2.2710981E-03    1.9890862E-01   -1.9890862E-01
 2.6500    2.2101328E-03    1.9503834E-01   -1.9503834E-01
 2.6600    2.1508774E-03    1.9124443E-01   -1.9124443E-01
 2.6700    2.0932796E-03    1.8752519E-01   -1.8752519E-01
 2.6800    2.0372917E-03    1.8387922E-01   -1.8387922E-01
 2.6900    1.9828682E-03    1.8030521E-01   -1.8030521E-01
 2.7000    1.9299627E-03    1.7680165E-01   -1.7680165E-01
 2.7100    1.8785268E-03    1.7336676E-01   -1.7336676E-01
 2.7200    1.8285110E-03    1.6999856E-01   -1.6999856E-01
 2.7300    1.7798677E-03    1.6669512E-01   -1.6669512E-01
 2.7400    1.7325532E-03    1.6345476E-01   -1.6345476E-01
 2.7500    1.6865278E-03    1.6027609E-01   -1.6027609E-01
 2.7600    1.6417540E-03    1.5715786E-01   -1.5715786E-01
 2.7700    1.5981955E-03    1.5409882E-01   -1.5409882E-01
 2.7800    1.5558162E-03    1.5109767E-01   -1.5109767E-01
 2.7900    1.5145810E-03    1.4815311E-01   -1.4815311E-01
 2.8000    1.4744568E-03    1.4526399E-01   -1.4526399E-01
 2.8100    1.4354132E-03    1.4242933E-01   -1.4242933E-01
 2.8200    1.3974224E-03    1.3964834E-01   -1.3964834E-01
 2.8300    1.3604577E-03    1.3692028E-01   -1.3692028E-01
 2.8400    1.3244926E-03    1.3424437E-01   -1.3424437E-01
 2.8500    1.2894998E-03    1.3161969E-01   -1.3161969E-01
 2.8600    1.2554510E-03    1.2904515E-01   -1.2904515E-01
 2.8700    1.2223170E-03    1.2651951E-01   -1.2651951E-01
 2.8800    1.1900692E-03    1.2404152E-01   -1.2404152E-01
 2.8900    1.1586819E-03    1.2161013E-01   -1.2161013E-01
 2.9000    1.1281334E-03    1.1922472E-01   -1.1922472E-01
 2.9100    1.0984062E-03    1.1688501E-01   -1.1688501E-01
 2.9200    1.0694846E-03    1.1459090E-01   -1.1459090E-01
 2.9300    1.0413507E-03    1.1234199E-01   -1.1234199E-01
 2.9400    1.0139830E-03    1.1013750E-01   -1.1013750E-01
 2.9500    9.8735767E-04    1.0797629E-01   -1.0797629E-01
 2.9600    9.6145146E-04    1.0585726E-01   -1.0585726E-01
 2.9700    9.3624450E-04    1.0377961E-01   -1.0377961E-01
 2.9800    9.1172032E-04    1.0174288E-01   -1.0174288E-01
 2.9900    8.8786368E-04    9.9746699E-02   -9.9746699E-02
 3.0000    8.6465815E-04    9.7790533E-02   -9.7790533E-02
 3.0100    8.4208529E-04    9.5873578E-02   -9.5873578E-02
 3.0200    8.2012580E-04    9.3994886E-02   -9.3994886E-02
 3.0300    7.9876138E-04    9.2153573E-02   -9.2153573E-02
 3.0400    7.7797550E-04    9.0348917E-02   -9.0348917E-02
 3.0500    7.5775285E-04    8.8580294E-02   -8.8580294E-02
 3.0600    7.3807795E-04    8.6847026E-02   -8.6847026E-02
 3.0700    7.1893445E-04    8.5148286E-02   -8.5148286E-02
 3.0800    7.0030542E-04    8.3483141E-02   -8.3483141E-02
 3.0900    6.8217442E-04    8.1850672E-02   -8.1850672E-02
 3.1000    6.6452620E-04    8.0250059E-02   -8.0250059E-02
 3.1100    6.4734659E-04    7.8680571E-02   -7.8680571E-02
 3.1200    6.3062181E-04    7.7141493E-02   -7.7141493E-02
 3.1300    6.1433799E-04    7.5632057E-02   -7.5632057E-02
 3.1400    5.9848124E-04    7.4151460E-02   -7.4151460E-02
 3.1500    5.8303826E-04    7.2698932E-02   -7.2698932E-02
 3.1600    5.6799684E-04    7.1273806E-02   -7.1273806E-02
 3.1700    5.5334611E-04    6.9875551E-02   -6.9875551E-02
 3.1800    5.3907636E-04    6.8503757E-02   -6.8503757E-02
 3.1900    5.2517868E-04    6.7158087E-02   -6.7158087E-02
 3.2000    5.1164423E-04    6.5838193E-02   -6.5838193E-02
 3.2100    4.9846360E-04    6.4543629E-02   -6.4543629E-02
 3.2200    4.8562646E-04    6.3273804E-02   -6.3273804E-02
 3.2300    4.7312191E-04    6.2028028E-02   -6.2028028E-02
 3.2400    4.6093934E-04    6.0805611E-02   -6.0805611E-02
 3.2500    4.4906918E-04    5.9605981E-02   -5.9605981E-02
 3.2600    4.3750336E-04    5.8428731E-02   -5.8428731E-02
 3.2700    4.2623495E-04    5.7273593E-02   -5.7273593E-02
 3.2800    4.1525742E-04    5.6140328E-02   -5.6140328E-02
 3.2900    4.0456356E-04    5.5028594E-02   -5.5028594E-02
 3.3000    3.9414519E-04    5.3937893E-02   -5.3937893E-02
 3.3100    3.8399377E-04    5.2867654E-02   -5.2867654E-02
 3.3200    3.7410178E-04    5.1817422E-02   -5.1817422E-02
 3.3300    3.6446369E-04    5.0787005E-02   -5.0787005E-02
 3.3400    3.5507576E-04    4.9776438E-02   -4.9776438E-02
 3.3500    3.4593451E-04    4.8785793E-02   -4.8785793E-02
 3.3600    3.3703516E-04    4.7814941E-02   -4.7814941E-02
 3.3700    3.2837112E-04    4.6863489E-02   -4.6863489E-02
 3.3800    3.1993507E-04    4.5930917E-02   -4.5930917E-02
 3.3900    3.1172048E-04    4.5016798E-02   -4.5016798E-02
 3.4000    3.0372208E-04    4.4120869E-02   -4.4120869E-02
 3.4100    2.9593499E-04    4.3242912E-02   -4.3242912E-02
 3.4200    2.8835338E-04    4.2382554E-02   -4.2382554E-02
 3.4300    2.8097016E-04    4.1539216E-02   -4.1539216E-02
 3.4400    2.7377804E-04    4.0712274E-02   -4.0712274E-02
 3.4500    2.6677111E-04    3.9901282E-02   -3.9901282E-02
 3.4600    2.5994536E-04    3.9106067E-02   -3.9106067E-02
 3.4700    2.5329790E-04    3.8326610E-02   -3.8326610E-02
 3.4800    2.4682548E-04    3.7562833E-02   -3.7562833E-02
 3.4900    2.4052379E-04    3.6814487E-02   -3.6814487E-02
 3.5000    2.3438772E-04    3.6081186E-02   -3.6081186E-02
 3.5100    2.2841224E-04    3.5362541E-02   -3.5362541E-02
 3.5200    2.2259309E-04    3.4658269E-02   -3.4658269E-02
 3.5300    2.1692692E-04    3.3968214E-02   -3.3968214E-02
 3.5400    2.1141074E-04    3.3292272E-02   -3.3292272E-02
 3.5500    2.0604095E-04    3.2630228E-02   -3.2630228E-02
 3.5600    2.0081248E-04    3.1981628E-02   -3.1981628E-02
 3.5700    1.9571880E-04    3.1345763E-02   -3.1345763E-02
 3.5800    1.9075295E-04    3.0721838E-02   -3.0721838E-02
 3.5900    1.8590916E-04    3.0109223E-02   -3.0109223E-02
 3.6000    1.8118385E-04    2.9507632E-02   -2.9507632E-02
 3.6100    1.7657542E-04    2.8917086E-02   -2.8917086E-02
 3.6200    1.7208302E-04    2.8337727E-02   -2.8337727E-02
 3.6300    1.6770540E-04    2.7769634E-02   -2.7769634E-02
 3.6400    1.6344057E-04    2.7212754E-02   -2.7212754E-02
 3.6500    1.5928616E-04    2.6666968E-02   -2.6666968E-02
 3.6600    1.5524006E-04    2.6132191E-02   -2.6132191E-02
 3.6700    1.5130044E-04    2.5608384E-02   -2.5608384E-02
 3.6800    1.4746513E-04    2.5095441E-02   -2.5095441E-02
 3.6900    1.4373038E-04    2.4592981E-02   -2.4592981E-02
 3.7000    1.4009021E-04    2.4100225E-02   -2.4100225E-02
 3.7100    1.3653720E-04    2.3616128E-02   -2.3616128E-02
 3.7200    1.3306484E-04    2.3139771E-02   -2.3139771E-02
 3.7300    1.2967002E-04    2.2670814E-02   -2.2670814E-02
 3.7400    1.2635387E-04    2.2209646E-02   -2.2209646E-02
 3.7500    1.2312003E-04    2.1757105E-02   -2.1757105E-02
 3.7600    1.1997158E-04    2.1313950E-02   -2.1313950E-02
 3.7700    1.1690889E-04    2.0880462E-02   -2.0880462E-02
 3.7800    1.1392939E-04    2.0456401E-02   -2.0456401E-02
 3.7900    1.1102902E-04    2.0041249E-02   -2.0041249E-02
 3.8000    1.0820375E-04    1.9634478E-02   -1.9634478E-02
 3.8100    1.0545032E-04    1.9235688E-02   -1.9235688E-02
 3.8200    1.0276620E-04    1.8844598E-02   -1.8844598E-02
 3.8300    1.0014943E-04    1.8461028E-02   -1.8461028E-02
 3.8400    9.7598737E-05    1.8084917E-02   -1.8084917E-02
 3.8500    9.5113614E-05    1.7716340E-02   -1.7716340E-02
 3.8600    9.2694003E-05    1.7355459E-02   -1.7355459E-02
 3.8700    9.0339569E-05    1.7002384E-02   -1.7002384E-02
 3.8800    8.8048983E-05    1.6657033E-02   -1.6657033E-02
 3.8900    8.5819770E-05    1.6319108E-02   -1.6319108E-02
 3.9000    8.3648866E-05    1.5988184E-02   -1.5988184E-02
 3.9100    8.1533471E-05    1.5663879E-02   -1.5663879E-02
 3.9200    7.9471585E-05    1.5345953E-02   -1.5345953E-02
 3.9300    7.7461965E-05    1.5034309E-02   -1.5034309E-02
 3.9400    7.5503775E-05    1.4728922E-02   -1.4728922E-02
 3.9500    7.3596428E-05    1.4429816E-02   -1.4429816E-02
 3.9600    7.1739678E-05    1.4137078E-02   -1.4137078E-02
 3.9700    6.9933622E-05    1.3850865E-02   -1.3850865E-02
 3.9800    6.8178248E-05    1.3571312E-02   -1.3571312E-02
 3.9900    6.6472680E-05    1.3298383E-02   -1.3298383E-02
 4.0000    6.4814691E-05    1.3031767E-02   -1.3031767E-02
 4.0100    6.3200898E-05    1.2770910E-02   -1.2770910E-02
 4.0200    6.1627444E-05    1.2515152E-02   -1.2515152E-02
 4.0300    6.0090678E-05    1.2263857E-02   -1.2263857E-02
 4.0400    5.8587566E-05    1.2016502E-02   -1.2016502E-02
 4.0500    5.7116048E-05    1.1772754E-02   -1.1772754E-02
 4.0600    5.5675380E-05    1.1532544E-02   -1.1532544E-02
 4.0700    5.4266145E-05    1.1296077E-02   -1.1296077E-02
 4.0800    5.2889632E-05    1.1063709E-02   -1.1063709E-02
 4.0900    5.1546874E-05    1.0835746E-02   -1.0835746E-02
 4.1000    5.0238062E-05    1.0612323E-02   -1.0612323E-02
 4.1100    4.8962693E-05    1.0393428E-02   -1.0393428E-02
 4.1200    4.7720142E-05    1.0179021E-02   -1.0179021E-02
 4.1300    4.6510036E-05    9.9691158E-03   -9.9691158E-03
 4.1400    4.5332176E-05    9.7637604E-03   -9.7637604E-03
 4.1500    4.4186207E-05    9.5629697E-03   -9.5629697E-03
 4.1600    4.3071415E-05    9.3666796E-03   -9.3666796E-03
 4.1700    4.1986837E-05    9.1747689E-03   -9.1747689E-03
 4.1800    4.0931488E-05    8.9871081E-03   -8.9871081E-03
 4.1900    3.9904336E-05    8.8035534E-03   -8.8035534E-03
 4.2000    3.8903955E-05    8.6238699E-03   -8.6238699E-03
 4.2100    3.7928340E-05    8.4476884E-03   -8.4476884E-03
 4.2200    3.6975389E-05    8.2746098E-03   -8.2746098E-03
 4.2300    3.6043806E-05    8.1044069E-03   -8.1044069E-03
 4.2400    3.5133545E-05    7.9371310E-03   -7.9371310E-03
 4.2500    3.4245331E-05    7.7730077E-03   -7.7730077E-03
 4.2600    3.3379708E-05    7.6122247E-03   -7.6122247E-03
 4.2700    3.2536455E-05    7.4547975E-03   -7.4547975E-03
 4.2800    3.1714656E-05    7.3005808E-03   -7.3005808E-03
 4.2900    3.0913098E-05    7.1493568E-03   -7.1493568E-03
 4.3000    3.0130699E-05    7.0009339E-03   -7.0009339E-03
 4.3100    2.9366946E-05    6.8552483E-03   -6.8552483E-03
 4.3200    2.8622308E-05    6.7124647E-03   -6.7124647E-03
 4.3300    2.7898332E-05    6.5730039E-03   -6.5730039E-03
 4.3400    2.7196998E-05    6.4373971E-03   -6.4373971E-03
 4.3500    2.6519356E-05    6.3059620E-03   -6.3059620E-03
 4.3600    2.5864191E-05    6.1784815E-03   -6.1784815E-03
 4.3700    2.5227929E-05    6.0541662E-03   -6.0541662E-03
 4.3800    2.4606173E-05    5.9320138E-03   -5.9320138E-03
 4.3900    2.3995854E-05    5.8113243E-03   -5.8113243E-03
 4.4000    2.3396263E-05    5.6919584E-03   -5.6919584E-03
 4.4100    2.2808336E-05    5.5741755E-03   -5.5741755E-03
 4.4200    2.2233211E-05    5.4582898E-03   -5.4582898E-03
 4.4300    2.1671497E-05    5.3444894E-03   -5.3444894E-03
 4.4400    2.1123513E-05    5.2328942E-03   -5.2328942E-03
 4.4500    2.0589665E-05    5.1236467E-03   -5.1236467E-03
 4.4600    2.0070263E-05    5.0168677E-03   -5.0168677E-03
 4.4700    1.9565048E-05    4.9125369E-03   -4.9125369E-03
 4.4800    1.9073145E-05    4.8104778E-03   -4.8104778E-03
 4.4900    1.8593636E-05    4.7104985E-03   -4.7104985E-03
 4.5000    1.8126169E-05    4.6125482E-03   -4.6125482E-03
 4.5100    1.7671007E-05    4.5167311E-03   -4.5167311E-03
 4.5200    1.7228537E-05    4.4231852E-03   -4.4231852E-03
 4.5300    1.6798799E-05    4.3319608E-03   -4.3319608E-03
 4.5400    1.6381430E-05    4.2430034E-03   -4.2430034E-03
 4.5500    1.5975871E-05    4.1562072E-03   -4.1562072E-03
 4.5600    1.5581491E-05    4.0714449E-03   -4.0714449E-03
 4.5700    1.5197518E-05    3.9885489E-03   -3.9885489E-03
 4.5800    1.4823016E-05    3.9073057E-03   -3.9073057E-03
 4.5900    1.4457125E-05    3.8275174E-03   -3.8275174E-03
 4.6000    1.4099423E-05    3.7490987E-03   -3.7490987E-03
 4.6100    1.3750050E-05    3.6721126E-03   -3.6721126E-03
 4.6200    1.3409396E-05    3.5966903E-03   -3.5966903E-03
 4.6300    1.3077557E-05    3.5228849E-03   -3.5228849E-03
 4.6400    1.2753983E-05    3.4505765E-03   -3.4505765E-03
 4.6500    1.2437634E-05    3.3795084E-03   -3.3795084E-03
 4.6600    1.2127495E-05    3.3094271E-03   -3.3094271E-03
 4.6700    1.1823092E-05    3.2402215E-03   -3.2402215E-03
 4.6800    1.1524633E-05    3.1719672E-03   -3.1719672E-03
 4.6900    1.1232747E-05    3.1048563E-03   -3.1048563E-03
 4.7000    1.0948043E-05    3.0390796E-03   -3.0390796E-03
 4.7100    1.0670853E-05    2.9747524E-03   -2.9747524E-03
 4.7200    1.0401290E-05    2.9119308E-03   -2.9119308E-03
 4.7300    1.0139505E-05    2.8506829E-03   -2.8506829E-03
 4.7400    9.8858734E-06    2.7911398E-03   -2.7911398E-03
 4.7500    9.6409162E-06    2.7334768E-03   -2.7334768E-03
 4.7600    9.4049383E-06    2.6778098E-03   -2.6778098E-03
 4.7700    9.1774986E-06    2.6240430E-03   -2.6240430E-03
 4.7800    8.9570748E-06    2.5717684E-03   -2.5717684E-03
 4.7900    8.7414067E-06    2.5203579E-03   -2.5203579E-03
 4.8000    8.5286263E-06    2.4692862E-03   -2.4692862E-03
 4.8100    8.3185146E-06    2.4184984E-03   -2.4184984E-03
 4.8200    8.1128754E-06    2.3685292E-03   -2.3685292E-03
 4.8300    7.9146305E-06    2.3202500E-03   -2.3202500E-03
 4.8400    7.7262877E-06    2.2744242E-03   -2.2744242E-03
 4.8500    7.5487996E-06    2.2313682E-03   -2.2313682E-03
 4.8600    7.3812098E-06    2.1908364E-03   -2.1908364E-03
 4.8700    7.2207481E-06    2.1520382E-03   -2.1520382E-03
 4.8800    7.0631486E-06    2.1137219E-03   -2.1137219E-03
 4.8900    6.9035828E-06    2.0744459E-03   -2.0744459E-03
 4.9000    6.7384984E-06    2.0331300E-03   -2.0331300E-03
 4.9100    6.5675103E-06    1.9896359E-03   -1.9896359E-03
 4.9200    6.3937384E-06    1.9448895E-03   -1.9448895E-03
 4.9300    6.2220220E-06    1.9003572E-03   -1.9003572E-03
 4.9400    6.0564048E-06    1.8572854E-03   -1.8572854E-03
 4.9500    5.8989061E-06    1.8163174E-03   -1.8163174E-03
 4.9600    5.7500943E-06    1.7776579E-03   -1.7776579E-03
 4.9700    5.6101033E-06    1.7413798E-03   -1.7413798E-03
 4.9800    5.4785913E-06    1.7074086E-03   -1.7074086E-03
 4.9900    5.3537481E-06    1.6752086E-03   -1.6752086E-03
 5.0000    5.2319070E-06    1.6436520E-03   -1.6436520E-03
 5.0100    5.1088949E-06    1.6114331E-03   -1.6114331E-03
 5.0200    4.9824064E-06    1.5778163E-03   -1.5778163E-03
 5.0300    4.8534550E-06    1.5431098E-03   -1.5431098E-03
 5.0400    4.7257030E-06    1.5084724E-03   -1.5084724E-03
 5.0500    4.6032839E-06    1.4752322E-03   -1.4752322E-03
 5.0600    4.4886990E-06    1.4442134E-03   -1.4442134E-03
 5.0700    4.3818690E-06    1.4154195E-03   -1.4154195E-03
 5.0800    4.2804330E-06    1.3881136E-03   -1.3881136E-03
 5.0900    4.1808965E-06    1.3611778E-03   -1.3611778E-03
 5.1000    4.0802032E-06    1.3336197E-03   -1.3336197E-03
 5.1100    3.9772208E-06    1.3050627E-03   -1.3050627E-03
 5.1200    3.8734386E-06    1.2759876E-03   -1.2759876E-03
 5.1300    3.7723234E-06    1.2475372E-03   -1.2475372E-03
 5.1400    3.6775198E-06    1.2209310E-03   -1.2209310E-03
 5.1500    3.5909371E-06    1.1968290E-03   -1.1968290E-03
 5.1600    3.5118964E-06    1.1750354E-03   -1.1750354E-03
 5.1700    3.4376975E-06    1.1546719E-03   -1.1546719E-03
 5.1800    3.3649701E-06    1.1346204E-03   -1.1346204E-03
 5.1900    3.2908979E-06    1.1139328E-03   -1.1139328E-03
 5.2000    3.2138868E-06    1.0920616E-03   -1.0920616E-03
 5.2100    3.1337621E-06    1.0689351E-03   -1.0689351E-03
 5.2200    3.0516444E-06    1.0449242E-03   -1.0449242E-03
 5.2300    2.9695071E-06    1.0206988E-03   -1.0206988E-03
 5.2400    2.8894629E-06    9.9698715E-04   -9.9698715E-04
 5.2500    2.8130681E-06    9.7433594E-04   -9.7433594E-04
 5.2600    2.7409936E-06    9.5299225E-04   -9.5299225E-04
 5.2700    2.6731273E-06    9.3293360E-04   -9.3293360E-04
 5.2800    2.6088440E-06    9.1395713E-04   -9.1395713E-04
 5.2900    2.5471800E-06    8.9573768E-04   -8.9573768E-04
 5.3000    2.4869539E-06    8.7786825E-04   -8.7786825E-04
 5.3100    2.4270559E-06    8.5996086E-04   -8.5996086E-04
 5.3200    2.3669169E-06    8.4181399E-04   -8.4181399E-04
 5.3300    2.3068279E-06    8.2353009E-04   -8.2353009E-04
 5.3400    2.2477655E-06    8.0545889E-04   -8.0545889E-04
 5.3500    2.1907846E-06    7.8798348E-04   -7.8798348E-04
 5.3600    2.1364282E-06    7.7130783E-04   -7.7130783E-04
 5.3700    2.0845582E-06    7.5539213E-04   -7.5539213E-04
 5.3800    2.0346253E-06    7.4004623E-04   -7.4004623E-04
 5.3900    1.9860923E-06    7.2508151E-04   -7.2508151E-04
 5.4000    1.9387449E-06    7.1042470E-04   -7.1042470E-04
 5.4100    1.8927894E-06    6.9615618E-04   -6.9615618E-04
 5.4200    1.8487224E-06    6.8246463E-04   -6.8246463E-04
 5.4300    1.8069869E-06    6.6952150E-04   -6.6952150E-04
 5.4400    1.7675723E-06    6.5733211E-04   -6.5733211E-04
 5.4500    1.7298698E-06    6.4567846E-04   -6.4567846E-04
 5.4600    1.6929699E-06    6.3422650E-04   -6.3422650E-04
 5.4700    1.6562054E-06    6.2272846E-04   -6.2272846E-04
 5.4800    1.6195092E-06    6.1115926E-04   -6.1115926E-04
 5.4900    1.5833406E-06    5.9969288E-04   -5.9969288E-04
 5.5000    1.5483347E-06    5.8857268E-04   -5.8857268E-04
 5.5100    1.5150106E-06    5.7800119E-04   -5.7800119E-04
 5.5200    1.4837075E-06    5.6811506E-04   -5.6811506E-04
 5.5300    1.4546495E-06    5.5900860E-04   -5.5900860E-04
 5.5400    1.4279500E-06    5.5073464E-04   -5.5073464E-04
 5.5500    1.4034990E-06    5.4326027E-04   -5.4326027E-04
 5.5600    1.3808421E-06    5.3641817E-04   -5.3641817E-04
 5.5700    1.3591891E-06    5.2990757E-04   -5.2990757E-04
 5.5800    1.3375981E-06    5.2336408E-04   -5.2336408E-04
 5.5900    1.3152653E-06    5.1647207E-04   -5.1647207E-04
 5.6000    1.2917600E-06    5.0905857E-04   -5.0905857E-04
 5.6100    1.2670238E-06    5.0109533E-04   -5.0109533E-04
 5.6200    1.2410744E-06    4.9258403E-04   -4.9258403E-04
 5.6300    1.2136508E-06    4.8341533E-04   -4.8341533E-04
 5.6400    1.1842064E-06    4.7336426E-04   -4.7336426E-04
 5.6500    1.1524020E-06    4.6228604E-04   -4.6228604E-04
 5.6600    1.1187365E-06    4.5037112E-04   -4.5037112E-04
 5.6700    1.0847573E-06    4.3823652E-04   -4.3823652E-04
 5.6800    1.0526514E-06    4.2676728E-04   -4.2676728E-04
 5.6900    1.0245007E-06    4.1681818E-04   -4.1681818E-04
 5.7000    1.0016662E-06    4.0896167E-04   -4.0896167E-04
 5.7100    9.8463658E-07    4.0342058E-04   -4.0342058E-04
 5.7200    9.7338567E-07    4.0020902E-04   -4.0020902E-04
 5.7300    9.6786601E-07    3.9933221E-04   -3.9933221E-04
 5.7400    9.6792961E-07    4.0075359E-04   -4.0075359E-04
 5.7500    9.7227652E-07    4.0395720E-04   -4.0395720E-04
 5.7600    9.7714665E-07    4.0739395E-04   -4.0739395E-04
 5.7700    9.7644152E-07    4.0851474E-04   -4.0851474E-04
 5.7800    9.6432418E-07    4.0484483E-04   -4.0484483E-04
 5.7900    9.3902519E-07    3.9558902E-04   -3.9558902E-04
 5.8000    9.0476880E-07    3.8247537E-04   -3.8247537E-04
 5.8100    8.6977607E-07    3.6895176E-04   -3.6895176E-04
 5.8200    8.4160028E-07    3.5822980E-04   -3.5822980E-04
 5.8300    8.2329084E-07    3.5164161E-04   -3.5164161E-04
 5.8400    8.1286672E-07    3.4838135E-04   -3.4838135E-04
 5.8500    8.0568298E-07    3.4648607E-04   -3.4648607E-04
 5.8600    7.9741994E-07    3.4410596E-04   -3.4410596E-04
 5.8700    7.8578313E-07    3.4024266E-04   -3.4024266E-04
 5.8800    7.7051779E-07    3.3477051E-04   -3.3477051E-04
 5.8900    7.5255822E-07    3.2808060E-04   -3.2808060E-04
 5.9000    7.3334618E-07    3.2079155E-04   -3.2079155E-04
 5.9100    7.1463134E-07    3.1366559E-04   -3.1366559E-04
 5.9200    6.9818772E-07    3.0748610E-04   -3.0748610E-04
 5.9300    6.8490903E-07    3.0265799E-04   -3.0265799E-04
 5.9400    6.7378581E-07    2.9874773E-04   -2.9874773E-04
 5.9500    6.6199591E-07    2.9450936E-04   -2.9450936E-04
 5.9600    6.4655524E-07    2.8860777E-04   -2.8860777E-04
 5.9700    6.2635171E-07    2.8052837E-04   -2.8052837E-04
 5.9800    6.0282870E-07    2.7089822E-04   -2.7089822E-04
 5.9900    5.7884498E-07    2.6099115E-04   -2.6099115E-04
 6.0000    5.5691653E-07    2.5194310E-04   -2.5194310E-04
 6.0100    5.3834345E-07    2.4435332E-04   -2.4435332E-04
 6.0200    5.2356903E-07    2.3843873E-04   -2.3843873E-04
 6.0300    5.1297205E-07    2.3438952E-04   -2.3438952E-04
 6.0400    5.0723457E-07    2.3253728E-04   -2.3253728E-04
 6.0500    5.0713429E-07    2.3326178E-04   -2.3326178E-04
 6.0600    5.1311271E-07    2.3679247E-04   -2.3679247E-04
 6.0700    5.2482870E-07    2.4299919E-04   -2.4299919E-04
 6.0800    5.4057452E-07    2.5111496E-04   -2.5111496E-04
 6.0900    5.5664373E-07    2.5943094E-04   -2.5943094E-04
 6.1000    5.6744371E-07    2.6533364E-04   -2.6533364E-04
 6.1100    5.6720770E-07    2.6609358E-04   -2.6609358E-04
 6.1200    5.5282051E-07    2.6019375E-04   -2.6019375E-04
 6.1300    5.2571901E-07    2.4824728E-04   -2.4824728E-04
 6.1400    4.9113368E-07    2.3267318E-04   -2.3267318E-04
 6.1500    4.5518780E-07    2.1634692E-04   -2.1634692E-04
 6.1600    4.2218416E-07    2.0131365E-04   -2.0131365E-04
 6.1700    3.9386378E-07    1.8841967E-04   -1.8841967E-04
 6.1800    3.7036587E-07    1.7775334E-04   -1.7775334E-04
 6.1900    3.5138742E-07    1.6919105E-04   -1.6919105E-04
 6.2000    3.3660260E-07    1.6259632E-04   -1.6259632E-04
 6.2100    3.2559672E-07    1.5778768E-04   -1.5778768E-04
 6.2200    3.1791564E-07    1.5456193E-04   -1.5456193E-04
 6.2300    3.1326230E-07    1.5278971E-04   -1.5278971E-04
 6.2400    3.1142757E-07    1.5238285E-04   -1.5238285E-04
 6.2500    3.1183436E-07    1.5307133E-04   -1.5307133E-04
 6.2600    3.1314377E-07    1.5420637E-04   -1.5420637E-04
 6.2700    3.1345157E-07    1.5485149E-04   -1.5485149E-04
 6.2800    3.1107174E-07    1.5416639E-04   -1.5416639E-04
 6.2900    3.0532864E-07    1.5180242E-04   -1.5180242E-04
 6.3000    2.9675151E-07    1.4800756E-04   -1.4800756E-04
 6.3100    2.8660718E-07    1.4340215E-04   -1.4340215E-04
 6.3200    2.7626358E-07    1.3866526E-04   -1.3866526E-04
 6.3300    2.6688262E-07    1.3438091E-04   -1.3438091E-04
 6.3400    2.5945115E-07    1.3105210E-04   -1.3105210E-04
 6.3500    2.5478091E-07    1.2909939E-04   -1.2909939E-04
 6.3600    2.5323822E-07    1.2872217E-04   -1.2872217E-04
 6.3700    2.5434508E-07    1.2969167E-04   -1.2969167E-04
 6.3800    2.5658035E-07    1.3124254E-04   -1.3124254E-04
 6.3900    2.5762397E-07    1.3218977E-04   -1.3218977E-04
 6.4000    2.5508287E-07    1.3129588E-04   -1.3129588E-04
 6.4100    2.4746424E-07    1.2777279E-04   -1.2777279E-04
 6.4200    2.3489806E-07    1.2166323E-04   -1.2166323E-04
 6.4300    2.1913584E-07    1.1385320E-04   -1.1385320E-04
 6.4400    2.0280205E-07    1.0569488E-04   -1.0569488E-04
 6.4500    1.8839147E-07    9.8489633E-05   -9.8489633E-05
 6.4600    1.7758279E-07    9.3127037E-05   -9.3127037E-05
 6.4700    1.7105182E-07    8.9980030E-05   -8.9980030E-05
 6.4800    1.6857500E-07    8.8951451E-05   -8.8951451E-05
 6.4900    1.6917851E-07    8.9545640E-05   -8.9545640E-05
 6.5000    1.7131354E-07    9.0955351E-05   -9.0955351E-05
 6.5100    1.7318469E-07    9.2231939E-05   -9.2231939E-05
 6.5200    1.7324880E-07    9.2549761E-05   -9.2549761E-05
 6.5300    1.7068275E-07    9.1458878E-05   -9.1458878E-05
 6.5400    1.6556339E-07    8.8987636E-05   -8.8987636E-05
 6.5500    1.5868460E-07    8.5551422E-05   -8.5551422E-05
 6.5600    1.5116225E-07    8.1744942E-05   -8.1744942E-05
 6.5700    1.4403985E-07    7.8130981E-05   -7.8130981E-05
 6.5800    1.3801984E-07    7.5093641E-05   -7.5093641E-05
 6.5900    1.3335655E-07    7.2777149E-05   -7.2777149E-05
 6.6000    1.2991185E-07    7.1112593E-05   -7.1112593E-05
 6.6100    1.2733341E-07    6.9912554E-05   -6.9912554E-05
 6.6200    1.2525749E-07    6.8981007E-05   -6.8981007E-05
 6.6300    1.2343543E-07    6.8183100E-05   -6.8183100E-05
 6.6400    1.2175848E-07    6.7459828E-05   -6.7459828E-05
 6.6500    1.2022838E-07    6.6812872E-05   -6.6812872E-05
 6.6600    1.1892138E-07    6.6285457E-05   -6.6285457E-05
 6.6700    1.1794685E-07    6.5939840E-05   -6.5939840E-05
 6.6800    1.1737863E-07    6.5819084E-05   -6.5819084E-05
 6.6900    1.1716419E-07    6.5895689E-05   -6.5895689E-05
 6.7000    1.1706281E-07    6.6035644E-05   -6.6035644E-05
 6.7100    1.1667664E-07    6.6014423E-05   -6.6014423E-05
 6.7200    1.1559066E-07    6.5595065E-05   -6.5595065E-05
 6.7300    1.1355844E-07    6.4633759E-05   -6.4633759E-05
 6.7400    1.1062743E-07    6.3152783E-05   -6.3152783E-05
 6.7500    1.0712791E-07    6.1336648E-05   -6.1336648E-05
 6.7600    1.0352937E-07    5.9452047E-05   -5.9452047E-05
 6.7700    1.0024385E-07    5.7735765E-05   -5.7735765E-05
 6.7800    9.7482306E-08    5.6311234E-05   -5.6311234E-05
 6.7900    9.5232235E-08    5.5173863E-05   -5.5173863E-05
 6.8000    9.3347130E-08    5.4241122E-05   -5.4241122E-05
 6.8100    9.1676770E-08    5.3427320E-05   -5.3427320E-05
 6.8200    9.0157507E-08    5.2696347E-05   -5.2696347E-05
 6.8300    8.8816210E-08    5.2064716E-05   -5.2064716E-05
 6.8400    8.7694701E-08    5.1557924E-05   -5.1557924E-05
 6.8500    8.6753622E-08    5.1153885E-05   -5.1153885E-05
 6.8600    8.5837351E-08    5.0761495E-05   -5.0761495E-05
 6.8700    8.4744787E-08    5.0261602E-05   -5.0261602E-05
 6.8800    8.3367020E-08    4.9588505E-05   -4.9588505E-05
 6.8900    8.1787422E-08    4.8790451E-05   -4.8790451E-05
 6.9000    8.0253085E-08    4.8014209E-05   -4.8014209E-05
 6.9100    7.9018147E-08    4.7412494E-05   -4.7412494E-05
 6.9200    7.8165934E-08    4.7036995E-05   -4.7036995E-05
 6.9300    7.7549070E-08    4.6800762E-05   -4.6800762E-05
 6.9400    7.6897124E-08    4.6541342E-05   -4.6541342E-05
 6.9500    7.5993344E-08    4.6126981E-05   -4.6126981E-05
 6.9600    7.4764392E-08    4.5511710E-05   -4.5511710E-05
 6.9700    7.3230879E-08    4.4706397E-05   -4.4706397E-05
 6.9800    7.1414828E-08    4.3722914E-05   -4.3722914E-05
 6.9900    6.9319900E-08    4.2562011E-05   -4.2562011E-05
 7.0000    6.6987541E-08    4.1247723E-05   -4.1247723E-05
 7.0100    6.4544453E-08    3.9857020E-05   -3.9857020E-05
 7.0200    6.2186718E-08    3.8510728E-05   -3.8510728E-05
 7.0300    6.0118983E-08    3.7336374E-05   -3.7336374E-05
 7.0400    5.8487178E-08    3.6426366E-05   -3.6426366E-05
 7.0500    5.7325226E-08    3.5804192E-05   -3.5804192E-05
 7.0600    5.6536705E-08    3.5411943E-05   -3.5411943E-05
 7.0700    5.5937231E-08    3.5135784E-05   -3.5135784E-05
 7.0800    5.5347147E-08    3.4863551E-05   -3.4863551E-05
 7.0900    5.4671921E-08    3.4535573E-05   -3.4535573E-05
 7.1000    5.3911369E-08    3.4151275E-05   -3.4151275E-05
 7.1100    5.3105276E-08    3.3735468E-05   -3.3735468E-05
 7.1200    5.2277823E-08    3.3303306E-05   -3.3303306E-05
 7.1300    5.1429708E-08    3.2855114E-05   -3.2855114E-05
 7.1400    5.0570459E-08    3.2396880E-05   -3.2396880E-05
 7.1500    4.9747603E-08    3.1959068E-05   -3.1959068E-05
 7.1600    4.9041364E-08    3.1593552E-05   -3.1593552E-05
 7.1700    4.8528369E-08    3.1350457E-05   -3.1350457E-05
 7.1800    4.8239039E-08    3.1250531E-05   -3.1250531E-05
 7.1900    4.8132377E-08    3.1268349E-05   -3.1268349E-05
 7.2000    4.8102362E-08    3.1335834E-05   -3.1335834E-05
 7.2100    4.8017718E-08    3.1367645E-05   -3.1367645E-05
 7.2200    4.7776595E-08    3.1296765E-05   -3.1296765E-05
 7.2300    4.7340458E-08    3.1097030E-05   -3.1097030E-05
 7.2400    4.6723838E-08    3.0776945E-05   -3.0776945E-05
 7.2500    4.5958230E-08    3.0356323E-05   -3.0356323E-05
 7.2600    4.5073861E-08    2.9854367E-05   -2.9854367E-05
 7.2700    4.4115642E-08    2.9300248E-05   -2.9300248E-05
 7.2800    4.3159960E-08    2.8744427E-05   -2.8744427E-05
 7.2900    4.2293312E-08    2.8244677E-05   -2.8244677E-05
 7.3000    4.1563296E-08    2.7833356E-05   -2.7833356E-05
 7.3100    4.0953394E-08    2.7500115E-05   -2.7500115E-05
 7.3200    4.0411845E-08    2.7210762E-05   -2.7210762E-05
 7.3300    3.9907724E-08    2.6944788E-05   -2.6944788E-05
 7.3400    3.9460889E-08    2.6715841E-05   -2.6715841E-05
 7.3500    3.9121894E-08    2.6558553E-05   -2.6558553E-05
 7.3600    3.8926125E-08    2.6497608E-05   -2.6497608E-05
 7.3700    3.8864733E-08    2.6527757E-05   -2.6527757E-05
 7.3800    3.8892197E-08    2.6618591E-05   -2.6618591E-05
 7.3900    3.8955536E-08    2.6734245E-05   -2.6734245E-05
 7.4000    3.9017853E-08    2.6849529E-05   -2.6849529E-05
 7.4100    3.9064141E-08    2.6954083E-05   -2.6954083E-05
 7.4200    3.9095426E-08    2.7048528E-05   -2.7048528E-05
 7.4300    3.9118302E-08    2.7137353E-05   -2.7137353E-05
 7.4400    3.9130748E-08    2.7219107E-05   -2.7219107E-05
 7.4500    3.9110104E-08    2.7277928E-05   -2.7277928E-05
 7.4600    3.9017847E-08    2.7286688E-05   -2.7286688E-05
 7.4700    3.8826272E-08    2.7225556E-05   -2.7225556E-05
 7.4800    3.8547945E-08    2.7102808E-05   -2.7102808E-05
 7.4900    3.8241329E-08    2.6959168E-05   -2.6959168E-05
 7.5000    3.7988659E-08    2.6852601E-05   -2.6852601E-05
 7.5100    3.7866128E-08    2.6837412E-05   -2.6837412E-05
 7.5200    3.7921591E-08    2.6948345E-05   -2.6948345E-05
 7.5300    3.8156455E-08    2.7187410E-05   -2.7187410E-05
 7.5400    3.8512067E-08    2.7513724E-05   -2.7513724E-05
 7.5500    3.8880209E-08    2.7850459E-05   -2.7850459E-05
 7.5600    3.9149843E-08    2.8117939E-05   -2.8117939E-05
 7.5700    3.9263086E-08    2.8273922E-05   -2.8273922E-05
 7.5800    3.9234427E-08    2.8327979E-05   -2.8327979E-05
 7.5900    3.9121254E-08    2.8320843E-05   -2.8320843E-05
 7.6000    3.8981104E-08    2.8293794E-05   -2.8293794E-05
 7.6100    3.8853748E-08    2.8275617E-05   -2.8275617E-05
 7.6200    3.8766608E-08    2.8286395E-05   -2.8286395E-05
 7.6300    3.8733954E-08    2.8336798E-05   -2.8336798E-05
 7.6400    3.8737201E-08    2.8413506E-05   -2.8413506E-05
 7.6500    3.8711557E-08    2.8469076E-05   -2.8469076E-05
 7.6600    3.8572631E-08    2.8441118E-05   -2.8441118E-05
 7.6700    3.8277576E-08    2.8297302E-05   -2.8297302E-05
 7.6800    3.7869735E-08    2.8068846E-05   -2.8068846E-05
 7.6900    3.7460922E-08    2.7838191E-05   -2.7838191E-05
 7.7000    3.7163800E-08    2.7689265E-05   -2.7689265E-05
 7.7100    3.7035046E-08    2.7665053E-05   -2.7665053E-05
 7.7200    3.7073501E-08    2.7765664E-05   -2.7765664E-05
 7.7300    3.7255897E-08    2.7974599E-05   -2.7974599E-05
 7.7400    3.7558177E-08    2.8274589E-05   -2.8274589E-05
 7.7500    3.7940635E-08    2.8636364E-05   -2.8636364E-05
 7.7600    3.8329408E-08    2.9004503E-05   -2.9004503E-05
 7.7700    3.8635336E-08    2.9311402E-05   -2.9311402E-05
 7.7800    3.8803121E-08    2.9514519E-05   -2.9514519E-05
 7.7900    3.8841765E-08    2.9619910E-05   -2.9619910E-05
 7.8000    3.8805925E-08    2.9668604E-05   -2.9668604E-05
 7.8100    3.8750955E-08    2.9702592E-05   -2.9702592E-05
 7.8200    3.8703677E-08    2.9742372E-05   -2.9742372E-05
 7.8300    3.8663119E-08    2.9787241E-05   -2.9787241E-05
