# total charge: 12.000000 
# r(A)     rho (e/A^3)     4*pi*r^2*rho(e/A)  dip  
 0.0000    9.7228298E+00    0.0000000E+00    9.5746147E+01
 0.0100    9.7116451E+00    1.2204013E-02    9.5256407E+01
 0.0200    9.6975179E+00    4.8745041E-02    9.3801502E+01
 0.0300    9.6798597E+00    1.0947663E-01    9.1423599E+01
 0.0400    9.6580485E+00    1.9418659E-01    8.8190647E+01
 0.0500    9.6314065E+00    3.0257956E-01    8.4193099E+01
 0.0600    9.5991896E+00    4.3425711E-01    7.9539648E+01
 0.0700    9.5606521E+00    5.8869922E-01    7.4352245E+01
 0.0800    9.5152018E+00    7.6525793E-01    6.8760715E+01
 0.0900    9.4625538E+00    9.6317066E-01    6.2897289E+01
 0.1000    9.4027738E+00    1.1815874E+00    5.6891386E+01
 0.1100    9.3361875E+00    1.4195961E+00    5.0864926E+01
 0.1200    9.2632298E+00    1.6762346E+00    4.4928419E+01
 0.1300    9.1843239E+00    1.9504902E+00    3.9177972E+01
 0.1400    9.0998288E+00    2.2412957E+00    3.3693296E+01
 0.1500    9.0100467E+00    2.5475307E+00    2.8536692E+01
 0.1600    8.9152563E+00    2.8680298E+00    2.3752971E+01
 0.1700    8.8157430E+00    3.2015967E+00    1.9370182E+01
 0.1800    8.7118058E+00    3.5470153E+00    1.5401023E+01
 0.1900    8.6037423E+00    3.9030531E+00    1.1844742E+01
 0.2000    8.4918261E+00    4.2684574E+00    8.6893746E+00
 0.2100    8.3762970E+00    4.6419507E+00    5.9141124E+00
 0.2200    8.2573714E+00    5.0222352E+00    3.4916671E+00
 0.2300    8.1352630E+00    5.4080056E+00    1.3904834E+00
 0.2400    8.0101998E+00    5.7979664E+00   -4.2327915E-01
 0.2500    7.8824286E+00    6.1908450E+00   -1.9840529E+00
 0.2600    7.7522099E+00    6.5853989E+00   -3.3254863E+00
 0.2700    7.6198068E+00    6.9804168E+00   -4.4793924E+00
 0.2800    7.4854748E+00    7.3747156E+00   -5.4750072E+00
 0.2900    7.3494550E+00    7.7671376E+00   -6.3385298E+00
 0.3000    7.2119728E+00    8.1565491E+00   -7.0929054E+00
 0.3100    7.0732398E+00    8.5418440E+00   -7.7578074E+00
 0.3200    6.9334586E+00    8.9219492E+00   -8.3497680E+00
 0.3300    6.7928255E+00    9.2958306E+00   -8.8824141E+00
 0.3400    6.6515327E+00    9.6624982E+00   -9.3667656E+00
 0.3500    6.5097682E+00    1.0021010E+01   -9.8115657E+00
 0.3600    6.3677153E+00    1.0370471E+01   -1.0223615E+01
 0.3700    6.2255503E+00    1.0710039E+01   -1.0608092E+01
 0.3800    6.0834396E+00    1.1038912E+01   -1.0968844E+01
 0.3900    5.9415367E+00    1.1356326E+01   -1.1308649E+01
 0.4000    5.7999818E+00    1.1661555E+01   -1.1629436E+01
 0.4100    5.6589034E+00    1.1953907E+01   -1.1932484E+01
 0.4200    5.5184212E+00    1.2232727E+01   -1.2218581E+01
 0.4300    5.3786488E+00    1.2497408E+01   -1.2488160E+01
 0.4400    5.2396938E+00    1.2747386E+01   -1.2741400E+01
 0.4500    5.1016582E+00    1.2982139E+01   -1.2978303E+01
 0.4600    4.9646371E+00    1.3201189E+01   -1.3198755E+01
 0.4700    4.8287191E+00    1.3404096E+01   -1.3402567E+01
 0.4800    4.6939868E+00    1.3590461E+01   -1.3589511E+01
 0.4900    4.5605176E+00    1.3759928E+01   -1.3759343E+01
 0.5000    4.4283848E+00    1.3912181E+01   -1.3911824E+01
 0.5100    4.2976575E+00    1.4046950E+01   -1.4046734E+01
 0.5200    4.1684006E+00    1.4164003E+01   -1.4163874E+01
 0.5300    4.0406745E+00    1.4263151E+01   -1.4263075E+01
 0.5400    3.9145362E+00    1.4344245E+01   -1.4344200E+01
 0.5500    3.7900400E+00    1.4407182E+01   -1.4407156E+01
 0.5600    3.6672389E+00    1.4451906E+01   -1.4451891E+01
 0.5700    3.5461847E+00    1.4478412E+01   -1.4478403E+01
 0.5800    3.4269283E+00    1.4486747E+01   -1.4486742E+01
 0.5900    3.3095198E+00    1.4477010E+01   -1.4477007E+01
 0.6000    3.1940082E+00    1.4449353E+01   -1.4449351E+01
 0.6100    3.0804419E+00    1.4403982E+01   -1.4403981E+01
 0.6200    2.9688690E+00    1.4341160E+01   -1.4341160E+01
 0.6300    2.8593373E+00    1.4261209E+01   -1.4261209E+01
 0.6400    2.7518942E+00    1.4164510E+01   -1.4164509E+01
 0.6500    2.6465869E+00    1.4051501E+01   -1.4051501E+01
 0.6600    2.5434622E+00    1.3922686E+01   -1.3922686E+01
 0.6700    2.4425663E+00    1.3778623E+01   -1.3778623E+01
 0.6800    2.3439447E+00    1.3619935E+01   -1.3619935E+01
 0.6900    2.2476420E+00    1.3447303E+01   -1.3447303E+01
 0.7000    2.1537016E+00    1.3261464E+01   -1.3261464E+01
 0.7100    2.0621658E+00    1.3063217E+01   -1.3063217E+01
 0.7200    1.9730748E+00    1.2853411E+01   -1.2853411E+01
 0.7300    1.8864667E+00    1.2632948E+01   -1.2632948E+01
 0.7400    1.8023766E+00    1.2402775E+01   -1.2402775E+01
 0.7500    1.7208368E+00    1.2163878E+01   -1.2163878E+01
 0.7600    1.6418756E+00    1.1917284E+01   -1.1917284E+01
 0.7700    1.5655182E+00    1.1664052E+01   -1.1664052E+01
 0.7800    1.4917856E+00    1.1405268E+01   -1.1405268E+01
 0.7900    1.4206945E+00    1.1142041E+01   -1.1142041E+01
 0.8000    1.3522567E+00    1.0875494E+01   -1.0875494E+01
 0.8100    1.2864782E+00    1.0606750E+01   -1.0606750E+01
 0.8200    1.2233586E+00    1.0336925E+01   -1.0336925E+01
 0.8300    1.1628913E+00    1.0067118E+01   -1.0067118E+01
 0.8400    1.1050631E+00    9.7984082E+00   -9.7984082E+00
 0.8500    1.0498552E+00    9.5318484E+00   -9.5318484E+00
 0.8600    9.9724180E-01    9.2684527E+00   -9.2684527E+00
 0.8700    9.4718967E-01    9.0091812E+00   -9.0091812E+00
 0.8800    8.9965755E-01    8.7549252E+00   -8.7549252E+00
 0.8900    8.5459631E-01    8.5064997E+00   -8.5064997E+00
 0.9000    8.1194984E-01    8.2646427E+00   -8.2646427E+00
 0.9100    7.7165589E-01    8.0300144E+00   -8.0300144E+00
 0.9200    7.3364644E-01    7.8031927E+00   -7.8031927E+00
 0.9300    6.9784740E-01    7.5846619E+00   -7.5846619E+00
 0.9400    6.6417810E-01    7.3747979E+00   -7.3747979E+00
 0.9500    6.3255108E-01    7.1738564E+00   -7.1738564E+00
 0.9600    6.0287235E-01    6.9819654E+00   -6.9819654E+00
 0.9700    5.7504218E-01    6.7991252E+00   -6.7991252E+00
 0.9800    5.4895618E-01    6.6252107E+00   -6.6252107E+00
 0.9900    5.2450620E-01    6.4599756E+00   -6.4599756E+00
 1.0000    5.0158104E-01    6.3030532E+00   -6.3030532E+00
 1.0100    4.8006692E-01    6.1539561E+00   -6.1539561E+00
 1.0200    4.5984808E-01    6.0120777E+00   -6.0120777E+00
 1.0300    4.4080792E-01    5.8767025E+00   -5.8767025E+00
 1.0400    4.2283119E-01    5.7470313E+00   -5.7470313E+00
 1.0500    4.0580716E-01    5.6222244E+00   -5.6222244E+00
 1.0600    3.8963368E-01    5.5014615E+00   -5.5014615E+00
 1.0700    3.7422121E-01    5.3840095E+00   -5.3840095E+00
 1.0800    3.5949585E-01    5.2692797E+00   -5.2692797E+00
 1.0900    3.4540018E-01    5.1568610E+00   -5.1568610E+00
 1.1000    3.3189180E-01    5.0465172E+00   -5.0465172E+00
 1.1100    3.1894003E-01    4.9381566E+00   -4.9381566E+00
 1.1200    3.0652204E-01    4.8317851E+00   -4.8317851E+00
 1.1300    2.9461938E-01    4.7274622E+00   -4.7274622E+00
 1.1400    2.8321559E-01    4.6252660E+00   -4.6252660E+00
 1.1500    2.7229473E-01    4.5252729E+00   -4.5252729E+00
 1.1600    2.6184081E-01    4.4275470E+00   -4.4275470E+00
 1.1700    2.5183751E-01    4.3321353E+00   -4.3321353E+00
 1.1800    2.4226815E-01    4.2390662E+00   -4.2390662E+00
 1.1900    2.3311570E-01    4.1483493E+00   -4.1483493E+00
 1.2000    2.2436298E-01    4.0599769E+00   -4.0599769E+00
 1.2100    2.1599281E-01    3.9739271E+00   -3.9739271E+00
 1.2200    2.0798819E-01    3.8901665E+00   -3.8901665E+00
 1.2300    2.0033244E-01    3.8086526E+00   -3.8086526E+00
 1.2400    1.9300922E-01    3.7293341E+00   -3.7293341E+00
 1.2500    1.8600260E-01    3.6521526E+00   -3.6521526E+00
 1.2600    1.7929706E-01    3.5770428E+00   -3.5770428E+00
 1.2700    1.7287764E-01    3.5039356E+00   -3.5039356E+00
 1.2800    1.6672998E-01    3.4327605E+00   -3.4327605E+00
 1.2900    1.6084045E-01    3.3634469E+00   -3.3634469E+00
 1.3000    1.5519605E-01    3.2959244E+00   -3.2959244E+00
 1.3100    1.4978441E-01    3.2301231E+00   -3.2301231E+00
 1.3200    1.4459375E-01    3.1659733E+00   -3.1659733E+00
 1.3300    1.3961290E-01    3.1034067E+00   -3.1034067E+00
 1.3400    1.3483125E-01    3.0423559E+00   -3.0423559E+00
 1.3500    1.3023878E-01    2.9827560E+00   -2.9827560E+00
 1.3600    1.2582604E-01    2.9245443E+00   -2.9245443E+00
 1.3700    1.2158413E-01    2.8676615E+00   -2.8676615E+00
 1.3800    1.1750477E-01    2.8120531E+00   -2.8120531E+00
 1.3900    1.1358023E-01    2.7576694E+00   -2.7576694E+00
 1.4000    1.0980332E-01    2.7044653E+00   -2.7044653E+00
 1.4100    1.0616729E-01    2.6523989E+00   -2.6523989E+00
 1.4200    1.0266578E-01    2.6014306E+00   -2.6014306E+00
 1.4300    9.9292742E-02    2.5515227E+00   -2.5515227E+00
 1.4400    9.6042504E-02    2.5026397E+00   -2.5026397E+00
 1.4500    9.2909723E-02    2.4547487E+00   -2.4547487E+00
 1.4600    8.9889406E-02    2.4078204E+00   -2.4078204E+00
 1.4700    8.6976887E-02    2.3618287E+00   -2.3618287E+00
 1.4800    8.4167797E-02    2.3167505E+00   -2.3167505E+00
 1.4900    8.1458029E-02    2.2725649E+00   -2.2725649E+00
 1.5000    7.8843689E-02    2.2292528E+00   -2.2292528E+00
 1.5100    7.6321076E-02    2.1867959E+00   -2.1867959E+00
 1.5200    7.3886657E-02    2.1451766E+00   -2.1451766E+00
 1.5300    7.1537056E-02    2.1043782E+00   -2.1043782E+00
 1.5400    6.9269048E-02    2.0643842E+00   -2.0643842E+00
 1.5500    6.7079555E-02    2.0251791E+00   -2.0251791E+00
 1.5600    6.4965633E-02    1.9867478E+00   -1.9867478E+00
 1.5700    6.2924467E-02    1.9490757E+00   -1.9490757E+00
 1.5800    6.0953353E-02    1.9121486E+00   -1.9121486E+00
 1.5900    5.9049692E-02    1.8759521E+00   -1.8759521E+00
 1.6000    5.7210980E-02    1.8404720E+00   -1.8404720E+00
 1.6100    5.5434805E-02    1.8056939E+00   -1.8056939E+00
 1.6200    5.3718842E-02    1.7716035E+00   -1.7716035E+00
 1.6300    5.2060850E-02    1.7381863E+00   -1.7381863E+00
 1.6400    5.0458663E-02    1.7054277E+00   -1.7054277E+00
 1.6500    4.8910190E-02    1.6733127E+00   -1.6733127E+00
 1.6600    4.7413413E-02    1.6418265E+00   -1.6418265E+00
 1.6700    4.5966395E-02    1.6109544E+00   -1.6109544E+00
 1.6800    4.4567276E-02    1.5806820E+00   -1.5806820E+00
 1.6900    4.3214268E-02    1.5509951E+00   -1.5509951E+00
 1.7000    4.1905645E-02    1.5218794E+00   -1.5218794E+00
 1.7100    4.0639740E-02    1.4933204E+00   -1.4933204E+00
 1.7200    3.9414944E-02    1.4653038E+00   -1.4653038E+00
 1.7300    3.8229713E-02    1.4378153E+00   -1.4378153E+00
 1.7400    3.7082570E-02    1.4108414E+00   -1.4108414E+00
 1.7500    3.5972100E-02    1.3843686E+00   -1.3843686E+00
 1.7600    3.4896954E-02    1.3583845E+00   -1.3583845E+00
 1.7700    3.3855845E-02    1.3328769E+00   -1.3328769E+00
 1.7800    3.2847544E-02    1.3078344E+00   -1.3078344E+00
 1.7900    3.1870882E-02    1.2832463E+00   -1.2832463E+00
 1.8000    3.0924744E-02    1.2591022E+00   -1.2591022E+00
 1.8100    3.0008060E-02    1.2353924E+00   -1.2353924E+00
 1.8200    2.9119808E-02    1.2121075E+00   -1.2121075E+00
 1.8300    2.8259006E-02    1.1892384E+00   -1.1892384E+00
 1.8400    2.7424711E-02    1.1667762E+00   -1.1667762E+00
 1.8500    2.6616023E-02    1.1447126E+00   -1.1447126E+00
 1.8600    2.5832082E-02    1.1230398E+00   -1.1230398E+00
 1.8700    2.5072071E-02    1.1017506E+00   -1.1017506E+00
 1.8800    2.4335209E-02    1.0808381E+00   -1.0808381E+00
 1.8900    2.3620756E-02    1.0602963E+00   -1.0602963E+00
 1.9000    2.2927999E-02    1.0401194E+00   -1.0401194E+00
 1.9100    2.2256254E-02    1.0203019E+00   -1.0203019E+00
 1.9200    2.1604862E-02    1.0008381E+00   -1.0008381E+00
 1.9300    2.0973180E-02    9.8172253E-01   -9.8172253E-01
 1.9400    2.0360592E-02    9.6294998E-01   -9.6294998E-01
 1.9500    1.9766510E-02    9.4451548E-01   -9.4451548E-01
 1.9600    1.9190371E-02    9.2641455E-01   -9.2641455E-01
 1.9700    1.8631634E-02    9.0864294E-01   -9.0864294E-01
 1.9800    1.8089773E-02    8.9119625E-01   -8.9119625E-01
 1.9900    1.7564265E-02    8.7406957E-01   -8.7406957E-01
 2.0000    1.7054595E-02    8.5725747E-01   -8.5725747E-01
 2.0100    1.6560259E-02    8.4075432E-01   -8.4075432E-01
 2.0200    1.6080773E-02    8.2455482E-01   -8.2455482E-01
 2.0300    1.5615682E-02    8.0865428E-01   -8.0865428E-01
 2.0400    1.5164552E-02    7.9304856E-01   -7.9304856E-01
 2.0500    1.4726967E-02    7.7773369E-01   -7.7773369E-01
 2.0600    1.4302519E-02    7.6270543E-01   -7.6270543E-01
 2.0700    1.3890799E-02    7.4795896E-01   -7.4795896E-01
 2.0800    1.3491399E-02    7.3348888E-01   -7.3348888E-01
 2.0900    1.3103922E-02    7.1928950E-01   -7.1928950E-01
 2.1000    1.2727977E-02    7.0535512E-01   -7.0535512E-01
 2.1100    1.2363194E-02    6.9168038E-01   -6.9168038E-01
 2.1200    1.2009220E-02    6.7826026E-01   -6.7826026E-01
 2.1300    1.1665715E-02    6.6509002E-01   -6.6509002E-01
 2.1400    1.1332352E-02    6.5216499E-01   -6.5216499E-01
 2.1500    1.1008814E-02    6.3948054E-01   -6.3948054E-01
 2.1600    1.0694794E-02    6.2703210E-01   -6.2703210E-01
 2.1700    1.0389991E-02    6.1481506E-01   -6.1481506E-01
 2.1800    1.0094116E-02    6.0282484E-01   -6.0282484E-01
 2.1900    9.8068855E-03    5.9105677E-01   -5.9105677E-01
 2.2000    9.5280249E-03    5.7950623E-01   -5.7950623E-01
 2.2100    9.2572694E-03    5.6816871E-01   -5.6816871E-01
 2.2200    8.9943648E-03    5.5703991E-01   -5.5703991E-01
 2.2300    8.7390679E-03    5.4611576E-01   -5.4611576E-01
 2.2400    8.4911467E-03    5.3539245E-01   -5.3539245E-01
 2.2500    8.2503791E-03    5.2486644E-01   -5.2486644E-01
 2.2600    8.0165533E-03    5.1453441E-01   -5.1453441E-01
 2.2700    7.7894656E-03    5.0439322E-01   -5.0439322E-01
 2.2800    7.5689189E-03    4.9443978E-01   -4.9443978E-01
 2.2900    7.3547202E-03    4.8467095E-01   -4.8467095E-01
 2.3000    7.1466813E-03    4.7508351E-01   -4.7508351E-01
 2.3100    6.9446196E-03    4.6567431E-01   -4.6567431E-01
 2.3200    6.7483598E-03    4.5644039E-01   -4.5644039E-01
 2.3300    6.5577342E-03    4.4737892E-01   -4.4737892E-01
 2.3400    6.3725807E-03    4.3848720E-01   -4.3848720E-01
 2.3500    6.1927414E-03    4.2976252E-01   -4.2976252E-01
 2.3600    6.0180628E-03    4.2120216E-01   -4.2120216E-01
 2.3700    5.8483965E-03    4.1280350E-01   -4.1280350E-01
 2.3800    5.6835996E-03    4.0456402E-01   -4.0456402E-01
 2.3900    5.5235342E-03    3.9648131E-01   -3.9648131E-01
 2.4000    5.3680664E-03    3.8855296E-01   -3.8855296E-01
 2.4100    5.2170650E-03    3.8077656E-01   -3.8077656E-01
 2.4200    5.0704018E-03    3.7314960E-01   -3.7314960E-01
 2.4300    4.9279512E-03    3.6566956E-01   -3.6566956E-01
 2.4400    4.7895906E-03    3.5833391E-01   -3.5833391E-01
 2.4500    4.6552018E-03    3.5114020E-01   -3.5114020E-01
 2.4600    4.5246708E-03    3.4408605E-01   -3.4408605E-01
 2.4700    4.3978871E-03    3.3716916E-01   -3.3716916E-01
 2.4800    4.2747429E-03    3.3038721E-01   -3.3038721E-01
 2.4900    4.1551306E-03    3.2373767E-01   -3.2373767E-01
 2.5000    4.0389417E-03    3.1721774E-01   -3.1721774E-01
 2.5100    3.9260681E-03    3.1082442E-01   -3.1082442E-01
 2.5200    3.8164049E-03    3.0455476E-01   -3.0455476E-01
 2.5300    3.7098534E-03    2.9840607E-01   -2.9840607E-01
 2.5400    3.6063230E-03    2.9237614E-01   -2.9237614E-01
 2.5500    3.5057295E-03    2.8646306E-01   -2.8646306E-01
 2.5600    3.4079923E-03    2.8066509E-01   -2.8066509E-01
 2.5700    3.3130309E-03    2.7498031E-01   -2.7498031E-01
 2.5800    3.2207632E-03    2.6940650E-01   -2.6940650E-01
 2.5900    3.1311058E-03    2.6394117E-01   -2.6394117E-01
 2.6000    3.0439762E-03    2.5858171E-01   -2.5858171E-01
 2.6100    2.9592961E-03    2.5332573E-01   -2.5332573E-01
 2.6200    2.8769924E-03    2.4817107E-01   -2.4817107E-01
 2.6300    2.7969965E-03    2.4311586E-01   -2.4311586E-01
 2.6400    2.7192426E-03    2.3815827E-01   -2.3815827E-01
 2.6500    2.6436660E-03    2.3329648E-01   -2.3329648E-01
 2.6600    2.5702033E-03    2.2852863E-01   -2.2852863E-01
 2.6700    2.4987937E-03    2.2385293E-01   -2.2385293E-01
 2.6800    2.4293793E-03    2.1926776E-01   -2.1926776E-01
 2.6900    2.3619053E-03    2.1477163E-01   -2.1477163E-01
 2.7000    2.2963184E-03    2.1036307E-01   -2.1036307E-01
 2.7100    2.2325662E-03    2.0604060E-01   -2.0604060E-01
 2.7200    2.1705967E-03    2.0180263E-01   -2.0180263E-01
 2.7300    2.1103588E-03    1.9764756E-01   -1.9764756E-01
 2.7400    2.0518029E-03    1.9357382E-01   -1.9357382E-01
 2.7500    1.9948814E-03    1.8957992E-01   -1.8957992E-01
 2.7600    1.9395489E-03    1.8566446E-01   -1.8566446E-01
 2.7700    1.8857618E-03    1.8182611E-01   -1.8182611E-01
 2.7800    1.8334768E-03    1.7806349E-01   -1.7806349E-01
 2.7900    1.7826510E-03    1.7437515E-01   -1.7437515E-01
 2.8000    1.7332428E-03    1.7075968E-01   -1.7075968E-01
 2.8100    1.6852132E-03    1.6721582E-01   -1.6721582E-01
 2.8200    1.6385265E-03    1.6374255E-01   -1.6374255E-01
 2.8300    1.5931497E-03    1.6033906E-01   -1.6033906E-01
 2.8400    1.5490504E-03    1.5700450E-01   -1.5700450E-01
 2.8500    1.5061949E-03    1.5373783E-01   -1.5373783E-01
 2.8600    1.4645469E-03    1.5053768E-01   -1.5053768E-01
 2.8700    1.4240676E-03    1.4740230E-01   -1.4740230E-01
 2.8800    1.3847171E-03    1.4432976E-01   -1.4432976E-01
 2.8900    1.3464583E-03    1.4131831E-01   -1.4131831E-01
 2.9000    1.3092591E-03    1.3836666E-01   -1.3836666E-01
 2.9100    1.2730931E-03    1.3547401E-01   -1.3547401E-01
 2.9200    1.2379369E-03    1.3263987E-01   -1.3263987E-01
 2.9300    1.2037662E-03    1.2986355E-01   -1.2986355E-01
 2.9400    1.1705536E-03    1.2714399E-01   -1.2714399E-01
 2.9500    1.1382690E-03    1.2447978E-01   -1.2447978E-01
 2.9600    1.1068824E-03    1.2186943E-01   -1.2186943E-01
 2.9700    1.0763665E-03    1.1931167E-01   -1.1931167E-01
 2.9800    1.0466967E-03    1.1680549E-01   -1.1680549E-01
 2.9900    1.0178506E-03    1.1435003E-01   -1.1435003E-01
 3.0000    9.8980542E-04    1.1194436E-01   -1.1194436E-01
 3.0100    9.6253773E-04    1.0958740E-01   -1.0958740E-01
 3.0200    9.3602389E-04    1.0727800E-01   -1.0727800E-01
 3.0300    9.1024145E-04    1.0501509E-01   -1.0501509E-01
 3.0400    8.8516983E-04    1.0279776E-01   -1.0279776E-01
 3.0500    8.6078979E-04    1.0062518E-01   -1.0062518E-01
 3.0600    8.3708206E-04    9.8496490E-02   -9.8496490E-02
 3.0700    8.1402665E-04    9.6410701E-02   -9.6410701E-02
 3.0800    7.9160330E-04    9.4366727E-02   -9.4366727E-02
 3.0900    7.6979284E-04    9.2363565E-02   -9.2363565E-02
 3.1000    7.4857818E-04    9.0400413E-02   -9.0400413E-02
 3.1100    7.2794412E-04    8.8476653E-02   -8.8476653E-02
 3.1200    7.0787625E-04    8.6591725E-02   -8.6591725E-02
 3.1300    6.8835991E-04    8.4745005E-02   -8.4745005E-02
 3.1400    6.6938000E-04    8.2935772E-02   -8.2935772E-02
 3.1500    6.5092128E-04    8.1163252E-02   -8.1163252E-02
 3.1600    6.3296900E-04    7.9426691E-02   -7.9426691E-02
 3.1700    6.1550929E-04    7.7725407E-02   -7.7725407E-02
 3.1800    5.9852932E-04    7.6058812E-02   -7.6058812E-02
 3.1900    5.8201730E-04    7.4426420E-02   -7.4426420E-02
 3.2000    5.6596227E-04    7.2827818E-02   -7.2827818E-02
 3.2100    5.5035350E-04    7.1262600E-02   -7.1262600E-02
 3.2200    5.3517991E-04    6.9730281E-02   -6.9730281E-02
 3.2300    5.2042953E-04    6.8230231E-02   -6.8230231E-02
 3.2400    5.0608955E-04    6.6761679E-02   -6.6761679E-02
 3.2500    4.9214692E-04    6.5323787E-02   -6.5323787E-02
 3.2600    4.7858929E-04    6.3915772E-02   -6.3915772E-02
 3.2700    4.6540575E-04    6.2537010E-02   -6.2537010E-02
 3.2800    4.5258674E-04    6.1187031E-02   -6.1187031E-02
 3.2900    4.4012330E-04    5.9865419E-02   -5.9865419E-02
 3.3000    4.2800610E-04    5.8571682E-02   -5.8571682E-02
 3.3100    4.1622519E-04    5.7305224E-02   -5.7305224E-02
 3.3200    4.0477069E-04    5.6065421E-02   -5.6065421E-02
 3.3300    3.9363357E-04    5.4851746E-02   -5.4851746E-02
 3.3400    3.8280575E-04    5.3663779E-02   -5.3663779E-02
 3.3500    3.7227939E-04    5.2501109E-02   -5.2501109E-02
 3.3600    3.6204590E-04    5.1363197E-02   -5.1363197E-02
 3.3700    3.5209585E-04    5.0249364E-02   -5.0249364E-02
 3.3800    3.4242003E-04    4.9158931E-02   -4.9158931E-02
 3.3900    3.3301059E-04    4.8091388E-02   -4.8091388E-02
 3.4000    3.2386116E-04    4.7046418E-02   -4.7046418E-02
 3.4100    3.1496558E-04    4.6023720E-02   -4.6023720E-02
 3.4200    3.0631641E-04    4.5022783E-02   -4.5022783E-02
 3.4300    2.9790447E-04    4.4042821E-02   -4.4042821E-02
 3.4400    2.8972012E-04    4.3082948E-02   -4.3082948E-02
 3.4500    2.8175514E-04    4.2142462E-02   -4.2142462E-02
 3.4600    2.7400365E-04    4.1220990E-02   -4.1220990E-02
 3.4700    2.6646152E-04    4.0318402E-02   -4.0318402E-02
 3.4800    2.5912490E-04    3.9434606E-02   -3.9434606E-02
 3.4900    2.5198936E-04    3.8569403E-02   -3.8569403E-02
 3.5000    2.4504985E-04    3.7722494E-02   -3.7722494E-02
 3.5100    2.3830128E-04    3.6893552E-02   -3.6893552E-02
 3.5200    2.3173882E-04    3.6082281E-02   -3.6082281E-02
 3.5300    2.2535792E-04    3.5288410E-02   -3.5288410E-02
 3.5400    2.1915392E-04    3.4511643E-02   -3.4511643E-02
 3.5500    2.1312169E-04    3.3751588E-02   -3.3751588E-02
 3.5600    2.0725538E-04    3.3007731E-02   -3.3007731E-02
 3.5700    2.0154880E-04    3.2279478E-02   -3.2279478E-02
 3.5800    1.9599616E-04    3.1566285E-02   -3.1566285E-02
 3.5900    1.9059293E-04    3.0867791E-02   -3.0867791E-02
 3.6000    1.8533599E-04    3.0183850E-02   -3.0183850E-02
 3.6100    1.8022300E-04    2.9514436E-02   -2.9514436E-02
 3.6200    1.7525139E-04    2.8859478E-02   -2.8859478E-02
 3.6300    1.7041777E-04    2.8218765E-02   -2.8218765E-02
 3.6400    1.6571819E-04    2.7591977E-02   -2.7591977E-02
 3.6500    1.6114894E-04    2.6978826E-02   -2.6978826E-02
 3.6600    1.5670739E-04    2.6379193E-02   -2.6379193E-02
 3.6700    1.5239208E-04    2.5793150E-02   -2.5793150E-02
 3.6800    1.4820176E-04    2.5220801E-02   -2.5220801E-02
 3.6900    1.4413357E-04    2.4661968E-02   -2.4661968E-02
 3.7000    1.4018160E-04    2.4115947E-02   -2.4115947E-02
 3.7100    1.3633727E-04    2.3581546E-02   -2.3581546E-02
 3.7200    1.3259183E-04    2.3057515E-02   -2.3057515E-02
 3.7300    1.2893966E-04    2.2543121E-02   -2.2543121E-02
 3.7400    1.2537985E-04    2.2038437E-02   -2.2038437E-02
 3.7500    1.2191487E-04    2.1544136E-02   -2.1544136E-02
 3.7600    1.1854747E-04    2.1060944E-02   -2.1060944E-02
 3.7700    1.1527809E-04    2.0589193E-02   -2.0589193E-02
 3.7800    1.1210439E-04    2.0128717E-02   -2.0128717E-02
 3.7900    1.0902228E-04    1.9679024E-02   -1.9679024E-02
 3.8000    1.0602714E-04    1.9239515E-02   -1.9239515E-02
 3.8100    1.0311453E-04    1.8809604E-02   -1.8809604E-02
 3.8200    1.0028042E-04    1.8388772E-02   -1.8388772E-02
 3.8300    9.7521692E-05    1.7976645E-02   -1.7976645E-02
 3.8400    9.4836610E-05    1.7573098E-02   -1.7573098E-02
 3.8500    9.2224889E-05    1.7178272E-02   -1.7178272E-02
 3.8600    8.9686872E-05    1.6792422E-02   -1.6792422E-02
 3.8700    8.7222173E-05    1.6415673E-02   -1.6415673E-02
 3.8800    8.4828731E-05    1.6047829E-02   -1.6047829E-02
 3.8900    8.2502931E-05    1.5688392E-02   -1.5688392E-02
 3.9000    8.0240657E-05    1.5336758E-02   -1.5336758E-02
 3.9100    7.8038439E-05    1.4992427E-02   -1.4992427E-02
 3.9200    7.5894003E-05    1.4655123E-02   -1.4655123E-02
 3.9300    7.3806104E-05    1.4324757E-02   -1.4324757E-02
 3.9400    7.1774114E-05    1.4001358E-02   -1.4001358E-02
 3.9500    6.9797771E-05    1.3685025E-02   -1.3685025E-02
 3.9600    6.7877062E-05    1.3375908E-02   -1.3375908E-02
 3.9700    6.6011868E-05    1.3074133E-02   -1.3074133E-02
 3.9800    6.4201255E-05    1.2779667E-02   -1.2779667E-02
 3.9900    6.2442846E-05    1.2492183E-02   -1.2492183E-02
 4.0000    6.0732974E-05    1.2211089E-02   -1.2211089E-02
 4.0100    5.9067782E-05    1.1935738E-02   -1.1935738E-02
 4.0200    5.7444537E-05    1.1665697E-02   -1.1665697E-02
 4.0300    5.5862159E-05    1.1400862E-02   -1.1400862E-02
 4.0400    5.4320664E-05    1.1141346E-02   -1.1141346E-02
 4.0500    5.2820212E-05    1.0887297E-02   -1.0887297E-02
 4.0600    5.1360592E-05    1.0638783E-02   -1.0638783E-02
 4.0700    4.9941295E-05    1.0395814E-02   -1.0395814E-02
 4.0800    4.8561688E-05    1.0158368E-02   -1.0158368E-02
 4.0900    4.7220912E-05    9.9263789E-03   -9.9263789E-03
 4.1000    4.5917731E-05    9.6996932E-03   -9.6996932E-03
 4.1100    4.4650697E-05    9.4781100E-03   -9.4781100E-03
 4.1200    4.3418604E-05    9.2614749E-03   -9.2614749E-03
 4.1300    4.2220834E-05    9.0497539E-03   -9.0497539E-03
 4.1400    4.1057243E-05    8.8430144E-03   -8.8430144E-03
 4.1500    3.9927729E-05    8.6413314E-03   -8.6413314E-03
 4.1600    3.8831825E-05    8.4447021E-03   -8.4447021E-03
 4.1700    3.7768641E-05    8.2530282E-03   -8.2530282E-03
 4.1800    3.6737021E-05    8.0661514E-03   -8.0661514E-03
 4.1900    3.5735620E-05    7.8838659E-03   -7.8838659E-03
 4.2000    3.4762718E-05    7.7058788E-03   -7.7058788E-03
 4.2100    3.3816167E-05    7.5317940E-03   -7.5317940E-03
 4.2200    3.2893829E-05    7.3612099E-03   -7.3612099E-03
 4.2300    3.1994366E-05    7.1938951E-03   -7.1938951E-03
 4.2400    3.1117617E-05    7.0298800E-03   -7.0298800E-03
 4.2500    3.0264159E-05    6.8693610E-03   -6.8693610E-03
 4.2600    2.9434394E-05    6.7124979E-03   -6.7124979E-03
 4.2700    2.8627921E-05    6.5592688E-03   -6.5592688E-03
 4.2800    2.7843531E-05    6.4094640E-03   -6.4094640E-03
 4.2900    2.7079626E-05    6.2627794E-03   -6.2627794E-03
 4.3000    2.6334771E-05    6.1189417E-03   -6.1189417E-03
 4.3100    2.5608222E-05    5.9778338E-03   -5.9778338E-03
 4.3200    2.4900335E-05    5.8395926E-03   -5.8395926E-03
 4.3300    2.4212576E-05    5.7046191E-03   -5.7046191E-03
 4.3400    2.3546873E-05    5.5734302E-03   -5.5734302E-03
 4.3500    2.2904326E-05    5.4463545E-03   -5.4463545E-03
 4.3600    2.2283954E-05    5.3232285E-03   -5.3232285E-03
 4.3700    2.1682506E-05    5.2033402E-03   -5.2033402E-03
 4.3800    2.1095781E-05    5.0857346E-03   -5.0857346E-03
 4.3900    2.0520615E-05    4.9696898E-03   -4.9696898E-03
 4.4000    1.9956055E-05    4.8550075E-03   -4.8550075E-03
 4.4100    1.9403020E-05    4.7419435E-03   -4.7419435E-03
 4.4200    1.8863144E-05    4.6309327E-03   -4.6309327E-03
 4.4300    1.8337874E-05    4.5223722E-03   -4.5223722E-03
 4.4400    1.7828158E-05    4.4165410E-03   -4.4165410E-03
 4.4500    1.7334300E-05    4.3135635E-03   -4.3135635E-03
 4.4600    1.6855753E-05    4.2133519E-03   -4.2133519E-03
 4.4700    1.6391119E-05    4.1156035E-03   -4.1156035E-03
 4.4800    1.5938720E-05    4.0199377E-03   -4.0199377E-03
 4.4900    1.5497462E-05    3.9261160E-03   -3.9261160E-03
 4.5000    1.5067360E-05    3.8341761E-03   -3.8341761E-03
 4.5100    1.4649272E-05    3.7443721E-03   -3.7443721E-03
 4.5200    1.4244160E-05    3.6569882E-03   -3.6569882E-03
 4.5300    1.3852491E-05    3.5721867E-03   -3.5721867E-03
 4.5400    1.3474129E-05    3.4899747E-03   -3.4899747E-03
 4.5500    1.3108487E-05    3.4102423E-03   -3.4102423E-03
 4.5600    1.2754623E-05    3.3327841E-03   -3.3327841E-03
 4.5700    1.2411261E-05    3.2573031E-03   -3.2573031E-03
 4.5800    1.2076989E-05    3.1834608E-03   -3.1834608E-03
 4.5900    1.1750723E-05    3.1109987E-03   -3.1109987E-03
 4.6000    1.1432141E-05    3.0398566E-03   -3.0398566E-03
 4.6100    1.1121697E-05    2.9701801E-03   -2.9701801E-03
 4.6200    1.0820125E-05    2.9021916E-03   -2.9021916E-03
 4.6300    1.0527767E-05    2.8360123E-03   -2.8360123E-03
 4.6400    1.0244205E-05    2.7715587E-03   -2.7715587E-03
 4.6500    9.9683906E-06    2.7085747E-03   -2.7085747E-03
 4.6600    9.6991517E-06    2.6467654E-03   -2.6467654E-03
 4.6700    9.4357187E-06    2.5859410E-03   -2.5859410E-03
 4.6800    9.1779548E-06    2.5260822E-03   -2.5260822E-03
 4.6900    8.9261978E-06    2.4673006E-03   -2.4673006E-03
 4.7000    8.6808898E-06    2.4097380E-03   -2.4097380E-03
 4.7100    8.4422975E-06    2.3534899E-03   -2.3534899E-03
 4.7200    8.2105058E-06    2.2986020E-03   -2.2986020E-03
 4.7300    7.9856034E-06    2.2451217E-03   -2.2451217E-03
 4.7400    7.7678440E-06    2.1931435E-03   -2.1931435E-03
 4.7500    7.5576133E-06    2.1428005E-03   -2.1428005E-03
 4.7600    7.3551434E-06    2.0941844E-03   -2.0941844E-03
 4.7700    7.1600483E-06    2.0472108E-03   -2.0472108E-03
 4.7800    6.9709945E-06    2.0015221E-03   -2.0015221E-03
 4.7900    6.7859873E-06    1.9565634E-03   -1.9565634E-03
 4.8000    6.6034056E-06    1.9118786E-03   -1.9118786E-03
 4.8100    6.4231678E-06    1.8674513E-03   -1.8674513E-03
 4.8200    6.2470310E-06    1.8238016E-03   -1.8238016E-03
 4.8300    6.0776335E-06    1.7817166E-03   -1.7817166E-03
 4.8400    5.9169489E-06    1.7418005E-03   -1.7418005E-03
 4.8500    5.7652528E-06    1.7041652E-03   -1.7041652E-03
 4.8600    5.6211022E-06    1.6684142E-03   -1.6684142E-03
 4.8700    5.4819530E-06    1.6338158E-03   -1.6338158E-03
 4.8800    5.3448615E-06    1.5995063E-03   -1.5995063E-03
 4.8900    5.2071950E-06    1.5647012E-03   -1.5647012E-03
 4.9000    5.0675029E-06    1.5289597E-03   -1.5289597E-03
 4.9100    4.9262316E-06    1.4924084E-03   -1.4924084E-03
 4.9200    4.7855457E-06    1.4556989E-03   -1.4556989E-03
 4.9300    4.6480614E-06    1.4196313E-03   -1.4196313E-03
 4.9400    4.5153897E-06    1.3847106E-03   -1.3847106E-03
 4.9500    4.3876860E-06    1.3510014E-03   -1.3510014E-03
 4.9600    4.2644229E-06    1.3183584E-03   -1.3183584E-03
 4.9700    4.1454365E-06    1.2867463E-03   -1.2867463E-03
 4.9800    4.0311832E-06    1.2563223E-03   -1.2563223E-03
 4.9900    3.9221071E-06    1.2272426E-03   -1.2272426E-03
 5.0000    3.8179282E-06    1.1994375E-03   -1.1994375E-03
 5.0100    3.7176196E-06    1.1726010E-03   -1.1726010E-03
 5.0200    3.6200779E-06    1.1463975E-03   -1.1463975E-03
 5.0300    3.5248622E-06    1.1206964E-03   -1.1206964E-03
 5.0400    3.4324302E-06    1.0956521E-03   -1.0956521E-03
 5.0500    3.3437561E-06    1.0715864E-03   -1.0715864E-03
 5.0600    3.2595879E-06    1.0487539E-03   -1.0487539E-03
 5.0700    3.1797281E-06    1.0271072E-03   -1.0271072E-03
 5.0800    3.1027102E-06    1.0061865E-03   -1.0061865E-03
 5.0900    3.0261603E-06    9.8522940E-04   -9.8522940E-04
 5.1000    2.9478567E-06    9.6351080E-04   -9.6351080E-04
 5.1100    2.8670516E-06    9.4077805E-04   -9.4077805E-04
 5.1200    2.7852416E-06    9.1751391E-04   -9.1751391E-04
 5.1300    2.7057043E-06    8.9479785E-04   -8.9479785E-04
 5.1400    2.6318846E-06    8.7378170E-04   -8.7378170E-04
 5.1500    2.5656026E-06    8.5509372E-04   -8.5509372E-04
 5.1600    2.5062341E-06    8.3855375E-04   -8.3855375E-04
 5.1700    2.4512390E-06    8.2333505E-04   -8.2333505E-04
 5.1800    2.3974412E-06    8.0838332E-04   -8.0838332E-04
 5.1900    2.3421858E-06    7.9280415E-04   -7.9280415E-04
 5.2000    2.2839619E-06    7.7607808E-04   -7.7607808E-04
 5.2100    2.2225727E-06    7.5812581E-04   -7.5812581E-04
 5.2200    2.1589945E-06    7.3926885E-04   -7.3926885E-04
 5.2300    2.0949387E-06    7.2008633E-04   -7.2008633E-04
 5.2400    2.0321933E-06    7.0119281E-04   -7.0119281E-04
 5.2500    1.9720504E-06    6.8304055E-04   -6.8304055E-04
 5.2600    1.9151386E-06    6.6585792E-04   -6.6585792E-04
 5.2700    1.8616395E-06    6.4972065E-04   -6.4972065E-04
 5.2800    1.8115176E-06    6.3462952E-04   -6.3462952E-04
 5.2900    1.7644583E-06    6.2048689E-04   -6.2048689E-04
 5.3000    1.7196501E-06    6.0701818E-04   -6.0701818E-04
 5.3100    1.6758477E-06    5.9379078E-04   -5.9379078E-04
 5.3200    1.6319035E-06    5.8040028E-04   -5.8040028E-04
 5.3300    1.5874135E-06    5.6670148E-04   -5.6670148E-04
 5.3400    1.5429115E-06    5.5288322E-04   -5.5288322E-04
 5.3500    1.4994384E-06    5.3931942E-04   -5.3931942E-04
 5.3600    1.4578631E-06    5.2632766E-04   -5.2632766E-04
 5.3700    1.4184849E-06    5.1402372E-04   -5.1402372E-04
 5.3800    1.3811069E-06    5.0234458E-04   -5.0234458E-04
 5.3900    1.3453737E-06    4.9116829E-04   -4.9116829E-04
 5.4000    1.3110708E-06    4.8042272E-04   -4.8042272E-04
 5.4100    1.2782492E-06    4.7013213E-04   -4.7013213E-04
 5.4200    1.2471733E-06    4.6039994E-04   -4.6039994E-04
 5.4300    1.2181134E-06    4.5133316E-04   -4.5133316E-04
 5.4400    1.1910564E-06    4.4293498E-04   -4.4293498E-04
 5.4500    1.1655470E-06    4.3504348E-04   -4.3504348E-04
 5.4600    1.1408540E-06    4.2739086E-04   -4.2739086E-04
 5.4700    1.1163808E-06    4.1975595E-04   -4.1975595E-04
 5.4800    1.0919828E-06    4.1208497E-04   -4.1208497E-04
 5.4900    1.0679408E-06    4.0448436E-04   -4.0448436E-04
 5.5000    1.0446815E-06    3.9711759E-04   -3.9711759E-04
 5.5100    1.0225467E-06    3.9011820E-04   -3.9011820E-04
 5.5200    1.0017797E-06    3.8358380E-04   -3.8358380E-04
 5.5300    9.8262287E-07    3.7761305E-04   -3.7761305E-04
 5.5400    9.6532575E-07    3.7230879E-04   -3.7230879E-04
 5.5500    9.5000552E-07    3.6772399E-04   -3.6772399E-04
 5.5600    9.3647593E-07    3.6379445E-04   -3.6379445E-04
 5.5700    9.2418472E-07    3.6031226E-04   -3.6031226E-04
 5.5800    9.1230499E-07    3.5695898E-04   -3.5695898E-04
 5.5900    8.9994330E-07    3.5338542E-04   -3.5338542E-04
 5.6000    8.8637776E-07    3.4930497E-04   -3.4930497E-04
 5.6100    8.7118995E-07    3.4454697E-04   -3.4454697E-04
 5.6200    8.5418650E-07    3.3902771E-04   -3.3902771E-04
 5.6300    8.3520594E-07    3.3267505E-04   -3.3267505E-04
 5.6400    8.1408798E-07    3.2541638E-04   -3.2541638E-04
 5.6500    7.9094421E-07    3.1728724E-04   -3.1728724E-04
 5.6600    7.6649963E-07    3.0857069E-04   -3.0857069E-04
 5.6700    7.4213359E-07    2.9981825E-04   -2.9981825E-04
 5.6800    7.1952158E-07    2.9170936E-04   -2.9170936E-04
 5.6900    7.0011757E-07    2.8484288E-04   -2.8484288E-04
 5.7000    6.8479081E-07    2.7958734E-04   -2.7958734E-04
 5.7100    6.7381134E-07    2.7607075E-04   -2.7607075E-04
 5.7200    6.6719200E-07    2.7431702E-04   -2.7431702E-04
 5.7300    6.6508388E-07    2.7440722E-04   -2.7440722E-04
 5.7400    6.6763625E-07    2.7642261E-04   -2.7642261E-04
 5.7500    6.7399753E-07    2.8002955E-04   -2.8002955E-04
 5.7600    6.8112630E-07    2.8397655E-04   -2.8397655E-04
 5.7700    6.8391252E-07    2.8612911E-04   -2.8612911E-04
 5.7800    6.7747730E-07    2.8442010E-04   -2.8442010E-04
 5.7900    6.6045487E-07    2.7823396E-04   -2.7823396E-04
 5.8000    6.3654659E-07    2.6908906E-04   -2.6908906E-04
 5.8100    6.1265437E-07    2.5988288E-04   -2.5988288E-04
 5.8200    5.9480959E-07    2.5318256E-04   -2.5318256E-04
 5.8300    5.8499837E-07    2.4986282E-04   -2.4986282E-04
 5.8400    5.8098331E-07    2.4899992E-04   -2.4899992E-04
 5.8500    5.7859932E-07    2.4882815E-04   -2.4882815E-04
 5.8600    5.7438516E-07    2.4786106E-04   -2.4786106E-04
 5.8700    5.6685778E-07    2.4544839E-04   -2.4544839E-04
 5.8800    5.5623594E-07    2.4167046E-04   -2.4167046E-04
 5.8900    5.4353060E-07    2.3695422E-04   -2.3695422E-04
 5.9000    5.2998079E-07    2.3183234E-04   -2.3183234E-04
 5.9100    5.1701863E-07    2.2692953E-04   -2.2692953E-04
 5.9200    5.0613528E-07    2.2290504E-04   -2.2290504E-04
 5.9300    4.9812083E-07    2.2011719E-04   -2.2011719E-04
 5.9400    4.9214148E-07    2.1820904E-04   -2.1820904E-04
 5.9500    4.8576583E-07    2.1610796E-04   -2.1610796E-04
 5.9600    4.7634499E-07    2.1262973E-04   -2.1262973E-04
 5.9700    4.6273888E-07    2.0724999E-04   -2.0724999E-04
 5.9800    4.4592180E-07    2.0038764E-04   -2.0038764E-04
 5.9900    4.2808683E-07    1.9301692E-04   -1.9301692E-04
 6.0000    4.1126384E-07    1.8605138E-04   -1.8605138E-04
 6.0100    3.9666398E-07    1.8004521E-04   -1.8004521E-04
 6.0200    3.8497443E-07    1.7532132E-04   -1.7532132E-04
 6.0300    3.7691262E-07    1.7222063E-04   -1.7222063E-04
 6.0400    3.7337194E-07    1.7116912E-04   -1.7116912E-04
 6.0500    3.7511787E-07    1.7253943E-04   -1.7253943E-04
 6.0600    3.8240260E-07    1.7647206E-04   -1.7647206E-04
 6.0700    3.9470798E-07    1.8275243E-04   -1.8275243E-04
 6.0800    4.1046679E-07    1.9067557E-04   -1.9067557E-04
 6.0900    4.2668250E-07    1.9886084E-04   -1.9886084E-04
 6.1000    4.3894352E-07    2.0524764E-04   -2.0524764E-04
 6.1100    4.4256529E-07    2.0762022E-04   -2.0762022E-04
 6.1200    4.3471332E-07    2.0460472E-04   -2.0460472E-04
 6.1300    4.1605798E-07    1.9646476E-04   -1.9646476E-04
 6.1400    3.9046607E-07    1.8498219E-04   -1.8498219E-04
 6.1500    3.6285037E-07    1.7245972E-04   -1.7245972E-04
 6.1600    3.3689695E-07    1.6064543E-04   -1.6064543E-04
 6.1700    3.1424191E-07    1.5032953E-04   -1.5032953E-04
 6.1800    2.9511531E-07    1.4163760E-04   -1.4163760E-04
 6.1900    2.7932332E-07    1.3449259E-04   -1.3449259E-04
 6.2000    2.6671026E-07    1.2883473E-04   -1.2883473E-04
 6.2100    2.5717987E-07    1.2463214E-04   -1.2463214E-04
 6.2200    2.5071677E-07    1.2189167E-04   -1.2189167E-04
 6.2300    2.4745122E-07    1.2069118E-04   -1.2069118E-04
 6.2400    2.4746207E-07    1.2108426E-04   -1.2108426E-04
 6.2500    2.5027530E-07    1.2285360E-04   -1.2285360E-04
 6.2600    2.5452672E-07    1.2534064E-04   -1.2534064E-04
 6.2700    2.5829715E-07    1.2760408E-04   -1.2760408E-04
 6.2800    2.6002590E-07    1.2886820E-04   -1.2886820E-04
 6.2900    2.5928831E-07    1.2891222E-04   -1.2891222E-04
 6.3000    2.5682267E-07    1.2809268E-04   -1.2809268E-04
 6.3100    2.5390782E-07    1.2704122E-04   -1.2704122E-04
 6.3200    2.5167383E-07    1.2632290E-04   -1.2632290E-04
