# total charge: 3.000000 
# r(A)     rho (e/A^3)     4*pi*r^2*rho(e/A)  dip  
 0.0000    1.7861150E-01    0.0000000E+00    2.3936537E+01
 0.0100    1.7998333E-01    2.2617372E-04    2.3816927E+01
 0.0200    1.8171456E-01    9.1339701E-04    2.3461648E+01
 0.0300    1.8387532E-01    2.0795809E-03    2.2881189E+01
 0.0400    1.8653814E-01    3.7505718E-03    2.2092458E+01
 0.0500    1.8978014E-01    5.9621190E-03    2.1117957E+01
 0.0600    1.9368438E-01    8.7620751E-03    1.9984714E+01
 0.0700    1.9833232E-01    1.2212356E-02    1.8723024E+01
 0.0800    2.0378555E-01    1.6389407E-02    1.7365104E+01
 0.0900    2.1006723E-01    2.1382240E-02    1.5943733E+01
 0.1000    2.1715655E-01    2.7288697E-02    1.4490955E+01
 0.1100    2.2499926E-01    3.4211831E-02    1.3036919E+01
 0.1200    2.3352565E-01    4.2257806E-02    1.1608905E+01
 0.1300    2.4266537E-01    5.1535248E-02    1.0230580E+01
 0.1400    2.5235423E-01    6.2155065E-02    8.9214929E+00
 0.1500    2.6253424E-01    7.4229807E-02    7.6968259E+00
 0.1600    2.7315048E-01    8.7872259E-02    6.5673778E+00
 0.1700    2.8414810E-01    1.0319353E-01    5.5397511E+00
 0.1800    2.9547113E-01    1.2030119E-01    4.6167083E+00
 0.1900    3.0706311E-01    1.3929795E-01    3.7976509E+00
 0.2000    3.1886862E-01    1.6028085E-01    3.0791771E+00
 0.2100    3.3083398E-01    1.8334056E-01    2.4556752E+00
 0.2200    3.4290671E-01    2.0856009E-01    1.9199155E+00
 0.2300    3.5503448E-01    2.3601308E-01    1.4636092E+00
 0.2400    3.6716444E-01    2.6576205E-01    1.0779098E+00
 0.2500    3.7924360E-01    2.9785723E-01    7.5384080E-01
 0.2600    3.9121967E-01    3.3233589E-01    4.8264227E-01
 0.2700    4.0304169E-01    3.6922182E-01    2.5603426E-01
 0.2800    4.1466012E-01    4.0852458E-01    6.6402516E-02
 0.2900    4.2602654E-01    4.5023839E-01   -9.3086442E-02
 0.3000    4.3709381E-01    4.9434146E-01   -2.2843055E-01
 0.3100    4.4781662E-01    5.4079599E-01   -3.4478685E-01
 0.3200    4.5815241E-01    5.8954885E-01   -4.4650356E-01
 0.3300    4.6806185E-01    6.4053223E-01   -5.3717810E-01
 0.3400    4.7750881E-01    6.9366389E-01   -6.1973074E-01
 0.3500    4.8645998E-01    7.4884697E-01   -6.9648600E-01
 0.3600    4.9488488E-01    8.0597033E-01   -7.6925621E-01
 0.3700    5.0275610E-01    8.6490949E-01   -8.3942267E-01
 0.3800    5.1004958E-01    9.2552776E-01   -9.0801095E-01
 0.3900    5.1674439E-01    9.8767680E-01   -9.7575747E-01
 0.4000    5.2282223E-01    1.0511965E+00   -1.0431667E+00
 0.4100    5.2826710E-01    1.1159151E+00   -1.1105594E+00
 0.4200    5.3306551E-01    1.1816505E+00   -1.1781139E+00
 0.4300    5.3720719E-01    1.2482127E+00   -1.2459006E+00
 0.4400    5.4068546E-01    1.3154063E+00   -1.3139097E+00
 0.4500    5.4349739E-01    1.3830324E+00   -1.3820734E+00
 0.4600    5.4564338E-01    1.4508898E+00   -1.4502813E+00
 0.4700    5.4712674E-01    1.5187753E+00   -1.5183931E+00
 0.4800    5.4795327E-01    1.5864846E+00   -1.5862469E+00
 0.4900    5.4813104E-01    1.6538131E+00   -1.6536667E+00
 0.5000    5.4767026E-01    1.7205569E+00   -1.7204677E+00
 0.5100    5.4658336E-01    1.7865148E+00   -1.7864610E+00
 0.5200    5.4488513E-01    1.8514906E+00   -1.8514584E+00
 0.5300    5.4259277E-01    1.9152947E+00   -1.9152757E+00
 0.5400    5.3972559E-01    1.9777455E+00   -1.9777343E+00
 0.5500    5.3630459E-01    2.0386692E+00   -2.0386627E+00
 0.5600    5.3235207E-01    2.0979004E+00   -2.0978967E+00
 0.5700    5.2789158E-01    2.1552830E+00   -2.1552809E+00
 0.5800    5.2294787E-01    2.2106717E+00   -2.2106705E+00
 0.5900    5.1754692E-01    2.2639333E+00   -2.2639326E+00
 0.6000    5.1171585E-01    2.3149480E+00   -2.3149476E+00
 0.6100    5.0548258E-01    2.3636095E+00   -2.3636093E+00
 0.6200    4.9887568E-01    2.4098254E+00   -2.4098253E+00
 0.6300    4.9192415E-01    2.4535172E+00   -2.4535172E+00
 0.6400    4.8465734E-01    2.4946212E+00   -2.4946212E+00
 0.6500    4.7710490E-01    2.5330890E+00   -2.5330890E+00
 0.6600    4.6929663E-01    2.5688880E+00   -2.5688880E+00
 0.6700    4.6126235E-01    2.6020011E+00   -2.6020011E+00
 0.6800    4.5303173E-01    2.6324268E+00   -2.6324268E+00
 0.6900    4.4463414E-01    2.6601790E+00   -2.6601790E+00
 0.7000    4.3609856E-01    2.6852863E+00   -2.6852863E+00
 0.7100    4.2745339E-01    2.7077921E+00   -2.7077921E+00
 0.7200    4.1872634E-01    2.7277536E+00   -2.7277536E+00
 0.7300    4.0994425E-01    2.7452404E+00   -2.7452404E+00
 0.7400    4.0113269E-01    2.7603322E+00   -2.7603322E+00
 0.7500    3.9231560E-01    2.7731156E+00   -2.7731156E+00
 0.7600    3.8351482E-01    2.7836793E+00   -2.7836793E+00
 0.7700    3.7474960E-01    2.7921098E+00   -2.7921098E+00
 0.7800    3.6603639E-01    2.7984873E+00   -2.7984873E+00
 0.7900    3.5738886E-01    2.8028836E+00   -2.8028836E+00
 0.8000    3.4881821E-01    2.8053625E+00   -2.8053625E+00
 0.8100    3.4033359E-01    2.8059810E+00   -2.8059810E+00
 0.8200    3.3194268E-01    2.8047920E+00   -2.8047920E+00
 0.8300    3.2365204E-01    2.8018469E+00   -2.8018469E+00
 0.8400    3.1546752E-01    2.7971972E+00   -2.7971972E+00
 0.8500    3.0739441E-01    2.7908962E+00   -2.7908962E+00
 0.8600    2.9943752E-01    2.7829986E+00   -2.7829986E+00
 0.8700    2.9160119E-01    2.7735607E+00   -2.7735607E+00
 0.8800    2.8388933E-01    2.7626399E+00   -2.7626399E+00
 0.8900    2.7630538E-01    2.7502946E+00   -2.7502946E+00
 0.9000    2.6885242E-01    2.7365843E+00   -2.7365843E+00
 0.9100    2.6153319E-01    2.7215697E+00   -2.7215697E+00
 0.9200    2.5435012E-01    2.7053127E+00   -2.7053127E+00
 0.9300    2.4730529E-01    2.6878756E+00   -2.6878756E+00
 0.9400    2.4040040E-01    2.6693208E+00   -2.6693208E+00
 0.9500    2.3363680E-01    2.6497099E+00   -2.6497099E+00
 0.9600    2.2701547E-01    2.6291040E+00   -2.6291040E+00
 0.9700    2.2053704E-01    2.6075634E+00   -2.6075634E+00
 0.9800    2.1420189E-01    2.5851474E+00   -2.5851474E+00
 0.9900    2.0801011E-01    2.5619149E+00   -2.5619149E+00
 1.0000    2.0196155E-01    2.5379237E+00   -2.5379237E+00
 1.0100    1.9605580E-01    2.5132305E+00   -2.5132305E+00
 1.0200    1.9029222E-01    2.4878904E+00   -2.4878904E+00
 1.0300    1.8466990E-01    2.4619568E+00   -2.4619568E+00
 1.0400    1.7918768E-01    2.4354807E+00   -2.4354807E+00
 1.0500    1.7384419E-01    2.4085110E+00   -2.4085110E+00
 1.0600    1.6863784E-01    2.3810945E+00   -2.3810945E+00
 1.0700    1.6356691E-01    2.3532761E+00   -2.3532761E+00
 1.0800    1.5862958E-01    2.3250995E+00   -2.3250995E+00
 1.0900    1.5382390E-01    2.2966069E+00   -2.2966069E+00
 1.1000    1.4914783E-01    2.2678387E+00   -2.2678387E+00
 1.1100    1.4459918E-01    2.2388327E+00   -2.2388327E+00
 1.1200    1.4017564E-01    2.2096245E+00   -2.2096245E+00
 1.1300    1.3587483E-01    2.1802474E+00   -2.1802474E+00
 1.1400    1.3169430E-01    2.1507333E+00   -2.1507333E+00
 1.1500    1.2763160E-01    2.1211128E+00   -2.1211128E+00
 1.1600    1.2368425E-01    2.0914151E+00   -2.0914151E+00
 1.1700    1.1984975E-01    2.0616680E+00   -2.0616680E+00
 1.1800    1.1612558E-01    2.0318975E+00   -2.0318975E+00
 1.1900    1.1250920E-01    2.0021279E+00   -2.0021279E+00
 1.2000    1.0899803E-01    1.9723819E+00   -1.9723819E+00
 1.2100    1.0558953E-01    1.9426809E+00   -1.9426809E+00
 1.2200    1.0228118E-01    1.9130452E+00   -1.9130452E+00
 1.2300    9.9070470E-02    1.8834943E+00   -1.8834943E+00
 1.2400    9.5954961E-02    1.8540467E+00   -1.8540467E+00
 1.2500    9.2932208E-02    1.8247196E+00   -1.8247196E+00
 1.2600    8.9999788E-02    1.7955291E+00   -1.7955291E+00
 1.2700    8.7155311E-02    1.7664899E+00   -1.7664899E+00
 1.2800    8.4396443E-02    1.7376166E+00   -1.7376166E+00
 1.2900    8.1720914E-02    1.7089230E+00   -1.7089230E+00
 1.3000    7.9126513E-02    1.6804229E+00   -1.6804229E+00
 1.3100    7.6611079E-02    1.6521293E+00   -1.6521293E+00
 1.3200    7.4172493E-02    1.6240545E+00   -1.6240545E+00
 1.3300    7.1808669E-02    1.5962100E+00   -1.5962100E+00
 1.3400    6.9517547E-02    1.5686061E+00   -1.5686061E+00
 1.3500    6.7297093E-02    1.5412522E+00   -1.5412522E+00
 1.3600    6.5145314E-02    1.5141568E+00   -1.5141568E+00
 1.3700    6.3060275E-02    1.4873283E+00   -1.4873283E+00
 1.3800    6.1040119E-02    1.4607753E+00   -1.4607753E+00
 1.3900    5.9083056E-02    1.4345062E+00   -1.4345062E+00
 1.4000    5.7187340E-02    1.4085291E+00   -1.4085291E+00
 1.4100    5.5351242E-02    1.3828512E+00   -1.3828512E+00
 1.4200    5.3573049E-02    1.3574784E+00   -1.3574784E+00
 1.4300    5.1851074E-02    1.3324156E+00   -1.3324156E+00
 1.4400    5.0183671E-02    1.3076673E+00   -1.3076673E+00
 1.4500    4.8569245E-02    1.2832380E+00   -1.2832380E+00
 1.4600    4.7006246E-02    1.2591317E+00   -1.2591317E+00
 1.4700    4.5493167E-02    1.2353519E+00   -1.2353519E+00
 1.4800    4.4028528E-02    1.2119019E+00   -1.2119019E+00
 1.4900    4.2610876E-02    1.1887838E+00   -1.1887838E+00
 1.5000    4.1238784E-02    1.1659991E+00   -1.1659991E+00
 1.5100    3.9910859E-02    1.1435491E+00   -1.1435491E+00
 1.5200    3.8625748E-02    1.1214346E+00   -1.1214346E+00
 1.5300    3.7382138E-02    1.0996560E+00   -1.0996560E+00
 1.5400    3.6178754E-02    1.0782139E+00   -1.0782139E+00
 1.5500    3.5014350E-02    1.0571079E+00   -1.0571079E+00
 1.5600    3.3887704E-02    1.0363375E+00   -1.0363375E+00
 1.5700    3.2797620E-02    1.0159013E+00   -1.0159013E+00
 1.5800    3.1742927E-02    9.9579744E-01   -9.9579744E-01
 1.5900    3.0722482E-02    9.7602382E-01   -9.7602382E-01
 1.6000    2.9735180E-02    9.5657803E-01   -9.5657803E-01
 1.6100    2.8779949E-02    9.3745761E-01   -9.3745761E-01
 1.6200    2.7855756E-02    9.1866007E-01   -9.1866007E-01
 1.6300    2.6961598E-02    9.0018278E-01   -9.0018278E-01
 1.6400    2.6096501E-02    8.8202286E-01   -8.8202286E-01
 1.6500    2.5259518E-02    8.6417721E-01   -8.6417721E-01
 1.6600    2.4449729E-02    8.4664254E-01   -8.4664254E-01
 1.6700    2.3666246E-02    8.2941555E-01   -8.2941555E-01
 1.6800    2.2908210E-02    8.1249290E-01   -8.1249290E-01
 1.6900    2.2174791E-02    7.9587122E-01   -7.9587122E-01
 1.7000    2.1465184E-02    7.7954702E-01   -7.7954702E-01
 1.7100    2.0778608E-02    7.6351669E-01   -7.6351669E-01
 1.7200    2.0114310E-02    7.4777663E-01   -7.4777663E-01
 1.7300    1.9471559E-02    7.3232321E-01   -7.3232321E-01
 1.7400    1.8849653E-02    7.1715285E-01   -7.1715285E-01
 1.7500    1.8247911E-02    7.0226193E-01   -7.0226193E-01
 1.7600    1.7665675E-02    6.8764681E-01   -6.8764681E-01
 1.7700    1.7102309E-02    6.7330391E-01   -6.7330391E-01
 1.7800    1.6557202E-02    6.5922978E-01   -6.5922978E-01
 1.7900    1.6029768E-02    6.4542110E-01   -6.4542110E-01
 1.8000    1.5519438E-02    6.3187457E-01   -6.3187457E-01
 1.8100    1.5025664E-02    6.1858687E-01   -6.1858687E-01
 1.8200    1.4547912E-02    6.0555459E-01   -6.0555459E-01
 1.8300    1.4085664E-02    5.9277432E-01   -5.9277432E-01
 1.8400    1.3638422E-02    5.8024264E-01   -5.8024264E-01
 1.8500    1.3205704E-02    5.6795626E-01   -5.6795626E-01
 1.8600    1.2787046E-02    5.5591191E-01   -5.5591191E-01
 1.8700    1.2381995E-02    5.4410624E-01   -5.4410624E-01
 1.8800    1.1990112E-02    5.3253580E-01   -5.3253580E-01
 1.8900    1.1610970E-02    5.2119708E-01   -5.2119708E-01
 1.9000    1.1244156E-02    5.1008662E-01   -5.1008662E-01
 1.9100    1.0889273E-02    4.9920106E-01   -4.9920106E-01
 1.9200    1.0545935E-02    4.8853697E-01   -4.8853697E-01
 1.9300    1.0213766E-02    4.7809081E-01   -4.7809081E-01
 1.9400    9.8923980E-03    4.6785891E-01   -4.6785891E-01
 1.9500    9.5814744E-03    4.5783757E-01   -4.5783757E-01
 1.9600    9.2806525E-03    4.4802321E-01   -4.4802321E-01
 1.9700    8.9896016E-03    4.3841233E-01   -4.3841233E-01
 1.9800    8.7080013E-03    4.2900142E-01   -4.2900142E-01
 1.9900    8.4355372E-03    4.1978678E-01   -4.1978678E-01
 2.0000    8.1719010E-03    4.1076455E-01   -4.1076455E-01
 2.0100    7.9167929E-03    4.0193078E-01   -4.0193078E-01
 2.0200    7.6699254E-03    3.9328170E-01   -3.9328170E-01
 2.0300    7.4310254E-03    3.8481384E-01   -3.8481384E-01
 2.0400    7.1998334E-03    3.7652399E-01   -3.7652399E-01
 2.0500    6.9761000E-03    3.6840904E-01   -3.6840904E-01
 2.0600    6.7595819E-03    3.6046586E-01   -3.6046586E-01
 2.0700    6.5500397E-03    3.5269109E-01   -3.5269109E-01
 2.0800    6.3472357E-03    3.4508109E-01   -3.4508109E-01
 2.0900    6.1509356E-03    3.3763201E-01   -3.3763201E-01
 2.1000    5.9609110E-03    3.3033995E-01   -3.3033995E-01
 2.1100    5.7769430E-03    3.2320112E-01   -3.2320112E-01
 2.1200    5.5988244E-03    3.1621206E-01   -3.1621206E-01
 2.1300    5.4263598E-03    3.0936962E-01   -3.0936962E-01
 2.1400    5.2593643E-03    3.0267090E-01   -3.0267090E-01
 2.1500    5.0976616E-03    2.9611321E-01   -2.9611321E-01
 2.1600    4.9410826E-03    2.8969398E-01   -2.8969398E-01
 2.1700    4.7894646E-03    2.8341074E-01   -2.8341074E-01
 2.1800    4.6426499E-03    2.7726100E-01   -2.7726100E-01
 2.1900    4.5004839E-03    2.7124223E-01   -2.7124223E-01
 2.2000    4.3628148E-03    2.6535178E-01   -2.6535178E-01
 2.2100    4.2294936E-03    2.5958691E-01   -2.5958691E-01
 2.2200    4.1003755E-03    2.5394487E-01   -2.5394487E-01
 2.2300    3.9753212E-03    2.4842301E-01   -2.4842301E-01
 2.2400    3.8541974E-03    2.4301879E-01   -2.4301879E-01
 2.2500    3.7368773E-03    2.3772986E-01   -2.3772986E-01
 2.2600    3.6232396E-03    2.3255399E-01   -2.3255399E-01
 2.2700    3.5131684E-03    2.2748907E-01   -2.2748907E-01
 2.2800    3.4065523E-03    2.2253310E-01   -2.2253310E-01
 2.2900    3.3032839E-03    2.1768411E-01   -2.1768411E-01
 2.3000    3.2032590E-03    2.1294017E-01   -2.1294017E-01
 2.3100    3.1063765E-03    2.0829935E-01   -2.0829935E-01
 2.3200    3.0125382E-03    2.0375975E-01   -2.0375975E-01
 2.3300    2.9216483E-03    1.9931943E-01   -1.9931943E-01
 2.3400    2.8336135E-03    1.9497647E-01   -1.9497647E-01
 2.3500    2.7483428E-03    1.9072889E-01   -1.9072889E-01
 2.3600    2.6657460E-03    1.8657465E-01   -1.8657465E-01
 2.3700    2.5857348E-03    1.8251163E-01   -1.8251163E-01
 2.3800    2.5082229E-03    1.7853769E-01   -1.7853769E-01
 2.3900    2.4331278E-03    1.7465080E-01   -1.7465080E-01
 2.4000    2.3603722E-03    1.7084915E-01   -1.7084915E-01
 2.4100    2.2898832E-03    1.6713110E-01   -1.6713110E-01
 2.4200    2.2215908E-03    1.6349507E-01   -1.6349507E-01
 2.4300    2.1554258E-03    1.5993941E-01   -1.5993941E-01
 2.4400    2.0913190E-03    1.5646233E-01   -1.5646233E-01
 2.4500    2.0292021E-03    1.5306198E-01   -1.5306198E-01
 2.4600    1.9690087E-03    1.4973651E-01   -1.4973651E-01
 2.4700    1.9106751E-03    1.4648414E-01   -1.4648414E-01
 2.4800    1.8541401E-03    1.4330316E-01   -1.4330316E-01
 2.4900    1.7993445E-03    1.4019189E-01   -1.4019189E-01
 2.5000    1.7462315E-03    1.3714870E-01   -1.3714870E-01
 2.5100    1.6947466E-03    1.3417206E-01   -1.3417206E-01
 2.5200    1.6448382E-03    1.3126052E-01   -1.3126052E-01
 2.5300    1.5964567E-03    1.2841272E-01   -1.2841272E-01
 2.5400    1.5495537E-03    1.2562727E-01   -1.2562727E-01
 2.5500    1.5040812E-03    1.2290273E-01   -1.2290273E-01
 2.5600    1.4599923E-03    1.2023761E-01   -1.2023761E-01
 2.5700    1.4172410E-03    1.1763046E-01   -1.1763046E-01
 2.5800    1.3757835E-03    1.1507987E-01   -1.1507987E-01
 2.5900    1.3355782E-03    1.1258453E-01   -1.1258453E-01
 2.6000    1.2965858E-03    1.1014323E-01   -1.1014323E-01
 2.6100    1.2587683E-03    1.0775482E-01   -1.0775482E-01
 2.6200    1.2220894E-03    1.0541816E-01   -1.0541816E-01
 2.6300    1.1865137E-03    1.0313216E-01   -1.0313216E-01
 2.6400    1.1520079E-03    1.0089582E-01   -1.0089582E-01
 2.6500    1.1185402E-03    9.8708193E-02   -9.8708193E-02
 2.6600    1.0860797E-03    9.6568357E-02   -9.6568357E-02
 2.6700    1.0545953E-03    9.4475290E-02   -9.4475290E-02
 2.6800    1.0240551E-03    9.2427837E-02   -9.2427837E-02
 2.6900    9.9442729E-04    9.0424779E-02   -9.0424779E-02
 2.7000    9.6568172E-04    8.8464984E-02   -8.8464984E-02
 2.7100    9.3779120E-04    8.6547514E-02   -8.6547514E-02
 2.7200    9.1073111E-04    8.4671616E-02   -8.4671616E-02
 2.7300    8.8447804E-04    8.2836590E-02   -8.2836590E-02
 2.7400    8.5900840E-04    8.1041673E-02   -8.1041673E-02
 2.7500    8.3429819E-04    7.9286008E-02   -7.9286008E-02
 2.7600    8.1032397E-04    7.7568735E-02   -7.7568735E-02
 2.7700    7.8706377E-04    7.5889086E-02   -7.5889086E-02
 2.7800    7.6449713E-04    7.4246386E-02   -7.4246386E-02
 2.7900    7.4260416E-04    7.2639969E-02   -7.2639969E-02
 2.8000    7.2136467E-04    7.1069097E-02   -7.1069097E-02
 2.8100    7.0075805E-04    6.9532941E-02   -6.9532941E-02
 2.8200    6.8076377E-04    6.8030633E-02   -6.8030633E-02
 2.8300    6.6136202E-04    6.6561329E-02   -6.6561329E-02
 2.8400    6.4253411E-04    6.5124249E-02   -6.5124249E-02
 2.8500    6.2426266E-04    6.3718705E-02   -6.3718705E-02
 2.8600    6.0653172E-04    6.2344113E-02   -6.2344113E-02
 2.8700    5.8932670E-04    6.0999991E-02   -6.0999991E-02
 2.8800    5.7263375E-04    5.9685905E-02   -5.9685905E-02
 2.8900    5.5643868E-04    5.8401346E-02   -5.8401346E-02
 2.9000    5.4072579E-04    5.7145619E-02   -5.7145619E-02
 2.9100    5.2547779E-04    5.5917817E-02   -5.5917817E-02
 2.9200    5.1067702E-04    5.4716950E-02   -5.4716950E-02
 2.9300    4.9630740E-04    5.3542156E-02   -5.3542156E-02
 2.9400    4.8235573E-04    5.2392843E-02   -5.2392843E-02
 2.9500    4.6881123E-04    5.1268652E-02   -5.1268652E-02
 2.9600    4.5566368E-04    5.0169261E-02   -5.0169261E-02
 2.9700    4.4290154E-04    4.9094173E-02   -4.9094173E-02
 2.9800    4.3051130E-04    4.8042649E-02   -4.8042649E-02
 2.9900    4.1847875E-04    4.7013831E-02   -4.7013831E-02
 3.0000    4.0679069E-04    4.6006943E-02   -4.6006943E-02
 3.0100    3.9543606E-04    4.5021413E-02   -4.5021413E-02
 3.0200    3.8440547E-04    4.4056836E-02   -4.4056836E-02
 3.0300    3.7369010E-04    4.3112848E-02   -4.3112848E-02
 3.0400    3.6328090E-04    4.2189035E-02   -4.2189035E-02
 3.0500    3.5316868E-04    4.1284946E-02   -4.1284946E-02
 3.0600    3.4334473E-04    4.0400161E-02   -4.0400161E-02
 3.0700    3.3380114E-04    3.9534334E-02   -3.9534334E-02
 3.0800    3.2453048E-04    3.8687155E-02   -3.8687155E-02
 3.0900    3.1552509E-04    3.7858267E-02   -3.7858267E-02
 3.1000    3.0677656E-04    3.7047203E-02   -3.7047203E-02
 3.1100    2.9827601E-04    3.6253418E-02   -3.6253418E-02
 3.1200    2.9001499E-04    3.5476397E-02   -3.5476397E-02
 3.1300    2.8198643E-04    3.4715766E-02   -3.4715766E-02
 3.1400    2.7418486E-04    3.3971336E-02   -3.3971336E-02
 3.1500    2.6660579E-04    3.3243026E-02   -3.3243026E-02
 3.1600    2.5924462E-04    3.2530728E-02   -3.2530728E-02
 3.1700    2.5209575E-04    3.1834199E-02   -3.1834199E-02
 3.1800    2.4515245E-04    3.1153034E-02   -3.1153034E-02
 3.1900    2.3840731E-04    3.0486727E-02   -3.0486727E-02
 3.2000    2.3185316E-04    2.9834780E-02   -2.9834780E-02
 3.2100    2.2548376E-04    2.9196796E-02   -2.9196796E-02
 3.2200    2.1929413E-04    2.8572524E-02   -2.8572524E-02
 3.2300    2.1328012E-04    2.7961810E-02   -2.7961810E-02
 3.2400    2.0743770E-04    2.7364503E-02   -2.7364503E-02
 3.2500    2.0176225E-04    2.6780366E-02   -2.6780366E-02
 3.2600    1.9624835E-04    2.6209038E-02   -2.6209038E-02
 3.2700    1.9089011E-04    2.5650084E-02   -2.5650084E-02
 3.2800    1.8568211E-04    2.5103114E-02   -2.5103114E-02
 3.2900    1.8062023E-04    2.4567901E-02   -2.4567901E-02
 3.3000    1.7570186E-04    2.4044408E-02   -2.4044408E-02
 3.3100    1.7092502E-04    2.3532685E-02   -2.3532685E-02
 3.3200    1.6628700E-04    2.3032673E-02   -2.3032673E-02
 3.3300    1.6178337E-04    2.2544064E-02   -2.2544064E-02
 3.3400    1.5740817E-04    2.2066328E-02   -2.2066328E-02
 3.3500    1.5315518E-04    2.1598876E-02   -2.1598876E-02
 3.3600    1.4901923E-04    2.1141253E-02   -2.1141253E-02
 3.3700    1.4499666E-04    2.0693201E-02   -2.0693201E-02
 3.3800    1.4108469E-04    2.0254576E-02   -2.0254576E-02
 3.3900    1.3728043E-04    1.9825214E-02   -1.9825214E-02
 3.4000    1.3358058E-04    1.9404882E-02   -1.9404882E-02
 3.4100    1.2998194E-04    1.8993353E-02   -1.8993353E-02
 3.4200    1.2648208E-04    1.8590500E-02   -1.8590500E-02
 3.4300    1.2307934E-04    1.8196308E-02   -1.8196308E-02
 3.4400    1.1977215E-04    1.7810766E-02   -1.7810766E-02
 3.4500    1.1655815E-04    1.7433745E-02   -1.7433745E-02
 3.4600    1.1343395E-04    1.7064955E-02   -1.7064955E-02
 3.4700    1.1039577E-04    1.6704029E-02   -1.6704029E-02
 3.4800    1.0744016E-04    1.6350648E-02   -1.6350648E-02
 3.4900    1.0456451E-04    1.6004608E-02   -1.6004608E-02
 3.5000    1.0176684E-04    1.5665787E-02   -1.5665787E-02
 3.5100    9.9045191E-05    1.5334072E-02   -1.5334072E-02
 3.5200    9.6397261E-05    1.5009281E-02   -1.5009281E-02
 3.5300    9.3820230E-05    1.4691149E-02   -1.4691149E-02
 3.5400    9.1311090E-05    1.4379372E-02   -1.4379372E-02
 3.5500    8.8867309E-05    1.4073710E-02   -1.4073710E-02
 3.5600    8.6487486E-05    1.3774097E-02   -1.3774097E-02
 3.5700    8.4171510E-05    1.3480668E-02   -1.3480668E-02
 3.5800    8.1919943E-05    1.3193668E-02   -1.3193668E-02
 3.5900    7.9732933E-05    1.2913278E-02   -1.2913278E-02
 3.6000    7.7609364E-05    1.2639474E-02   -1.2639474E-02
 3.6100    7.5546798E-05    1.2372012E-02   -1.2372012E-02
 3.6200    7.3542084E-05    1.2110524E-02   -1.2110524E-02
 3.6300    7.1592109E-05    1.1854637E-02   -1.1854637E-02
 3.6400    6.9694199E-05    1.1604041E-02   -1.1604041E-02
 3.6500    6.7846117E-05    1.1358490E-02   -1.1358490E-02
 3.6600    6.6045886E-05    1.1117773E-02   -1.1117773E-02
 3.6700    6.4291776E-05    1.0881717E-02   -1.0881717E-02
 3.6800    6.2582592E-05    1.0650231E-02   -1.0650231E-02
 3.6900    6.0918132E-05    1.0423395E-02   -1.0423395E-02
 3.7000    5.9299348E-05    1.0201481E-02   -1.0201481E-02
 3.7100    5.7727758E-05    9.9848691E-03   -9.9848691E-03
 3.7200    5.6204160E-05    9.7738171E-03   -9.7738171E-03
 3.7300    5.4727382E-05    9.5682431E-03   -9.5682431E-03
 3.7400    5.3294051E-05    9.3676747E-03   -9.3676747E-03
 3.7500    5.1899715E-05    9.1714366E-03   -9.1714366E-03
 3.7600    5.0540607E-05    8.9789595E-03   -8.9789595E-03
 3.7700    4.9214850E-05    8.7899970E-03   -8.7899970E-03
 3.7800    4.7922397E-05    8.6046259E-03   -8.6046259E-03
 3.7900    4.6664013E-05    8.4230692E-03   -8.4230692E-03
 3.8000    4.5440164E-05    8.2454991E-03   -8.2454991E-03
 3.8100    4.4250518E-05    8.0719446E-03   -8.0719446E-03
 3.8200    4.3094104E-05    7.9023170E-03   -7.9023170E-03
 3.8300    4.1969669E-05    7.7364719E-03   -7.7364719E-03
 3.8400    4.0875825E-05    7.5742362E-03   -7.5742362E-03
 3.8500    3.9811022E-05    7.4154012E-03   -7.4154012E-03
 3.8600    3.8773609E-05    7.2597339E-03   -7.2597339E-03
 3.8700    3.7762170E-05    7.1070397E-03   -7.1070397E-03
 3.8800    3.6775928E-05    6.9572395E-03   -6.9572395E-03
 3.8900    3.5814846E-05    6.8103927E-03   -6.8103927E-03
 3.9000    3.4879256E-05    6.6666291E-03   -6.6666291E-03
 3.9100    3.3969238E-05    6.5260318E-03   -6.5260318E-03
 3.9200    3.3084246E-05    6.3885638E-03   -6.3885638E-03
 3.9300    3.2223217E-05    6.2540861E-03   -6.2540861E-03
 3.9400    3.1384941E-05    6.1224271E-03   -6.1224271E-03
 3.9500    3.0568277E-05    5.9934242E-03   -5.9934242E-03
 3.9600    2.9772075E-05    5.8669087E-03   -5.8669087E-03
 3.9700    2.8995030E-05    5.7426777E-03   -5.7426777E-03
 3.9800    2.8235808E-05    5.6205166E-03   -5.6205166E-03
 3.9900    2.7493429E-05    5.5002770E-03   -5.5002770E-03
 4.0000    2.6767624E-05    5.3819502E-03   -5.3819502E-03
 4.0100    2.6058880E-05    5.2656787E-03   -5.2656787E-03
 4.0200    2.5368159E-05    5.1517043E-03   -5.1517043E-03
 4.0300    2.4696548E-05    5.0402979E-03   -5.0402979E-03
 4.0400    2.4044954E-05    4.9316988E-03   -4.9316988E-03
 4.0500    2.3413817E-05    4.8260534E-03   -4.8260534E-03
 4.0600    2.2802835E-05    4.7233571E-03   -4.7233571E-03
 4.0700    2.2210932E-05    4.6234426E-03   -4.6234426E-03
 4.0800    2.1636612E-05    4.5260511E-03   -4.5260511E-03
 4.0900    2.1078509E-05    4.4309452E-03   -4.4309452E-03
 4.1000    2.0535688E-05    4.3379729E-03   -4.3379729E-03
 4.1100    2.0007491E-05    4.2470380E-03   -4.2470380E-03
 4.1200    1.9493192E-05    4.1580266E-03   -4.1580266E-03
 4.1300    1.8991842E-05    4.0707747E-03   -4.0707747E-03
 4.1400    1.8502448E-05    3.9851047E-03   -3.9851047E-03
 4.1500    1.8024278E-05    3.9008921E-03   -3.9008921E-03
 4.1600    1.7557002E-05    3.8180963E-03   -3.8180963E-03
 4.1700    1.7100551E-05    3.7367331E-03   -3.7367331E-03
 4.1800    1.6654894E-05    3.6568259E-03   -3.6568259E-03
 4.1900    1.6220010E-05    3.5784012E-03   -3.5784012E-03
 4.2000    1.5796119E-05    3.5015381E-03   -3.5015381E-03
 4.2100    1.5383804E-05    3.4263979E-03   -3.4263979E-03
 4.2200    1.4983701E-05    3.3531567E-03   -3.3531567E-03
 4.2300    1.4595933E-05    3.2818781E-03   -3.2818781E-03
 4.2400    1.4219856E-05    3.2124531E-03   -3.2124531E-03
 4.2500    1.3854415E-05    3.1446760E-03   -3.1446760E-03
 4.2600    1.3498734E-05    3.0783790E-03   -3.0783790E-03
 4.2700    1.3152428E-05    3.0135024E-03   -3.0135024E-03
 4.2800    1.2815480E-05    2.9500697E-03   -2.9500697E-03
 4.2900    1.2487966E-05    2.8881262E-03   -2.8881262E-03
 4.3000    1.2169834E-05    2.8276875E-03   -2.8276875E-03
 4.3100    1.1860692E-05    2.7686907E-03   -2.7686907E-03
 4.3200    1.1559591E-05    2.7109395E-03   -2.7109395E-03
 4.3300    1.1264956E-05    2.6540869E-03   -2.6540869E-03
 4.3400    1.0974993E-05    2.5977273E-03   -2.5977273E-03
 4.3500    1.0688574E-05    2.5416055E-03   -2.5416055E-03
 4.3600    1.0406098E-05    2.4858261E-03   -2.4858261E-03
 4.3700    1.0129532E-05    2.4308721E-03   -2.4308721E-03
 4.3800    9.8613466E-06    2.3773565E-03   -2.3773565E-03
 4.3900    9.6030586E-06    2.3256721E-03   -2.3256721E-03
 4.4000    9.3545587E-06    2.2758232E-03   -2.2758232E-03
 4.4100    9.1146601E-06    2.2275503E-03   -2.2275503E-03
 4.4200    8.8821425E-06    2.1805806E-03   -2.1805806E-03
 4.4300    8.6562794E-06    2.1347577E-03   -2.1347577E-03
 4.4400    8.4366297E-06    2.0899928E-03   -2.0899928E-03
 4.4500    8.2226923E-06    2.0461804E-03   -2.0461804E-03
 4.4600    8.0139488E-06    2.0032085E-03   -2.0032085E-03
 4.4700    7.8101537E-06    1.9610311E-03   -1.9610311E-03
 4.4800    7.6113873E-06    1.9196839E-03   -1.9196839E-03
 4.4900    7.4177279E-06    1.8792019E-03   -1.8792019E-03
 4.5000    7.2289058E-06    1.8395325E-03   -1.8395325E-03
 4.5100    7.0443286E-06    1.8005391E-03   -1.8005391E-03
 4.5200    6.8634284E-06    1.7620890E-03   -1.7620890E-03
 4.5300    6.6859500E-06    1.7241276E-03   -1.7241276E-03
 4.5400    6.5119316E-06    1.6866750E-03   -1.6866750E-03
 4.5500    6.3415001E-06    1.6497748E-03   -1.6497748E-03
 4.5600    6.1747539E-06    1.6134637E-03   -1.6134637E-03
 4.5700    6.0118178E-06    1.5777859E-03   -1.5777859E-03
 4.5800    5.8529129E-06    1.5428115E-03   -1.5428115E-03
 4.5900    5.6982743E-06    1.5086156E-03   -1.5086156E-03
 4.6000    5.5479522E-06    1.4752249E-03   -1.4752249E-03
 4.6100    5.4017097E-06    1.4425901E-03   -1.4425901E-03
 4.6200    5.2591725E-06    1.4106239E-03   -1.4106239E-03
 4.6300    5.1201478E-06    1.3792860E-03   -1.3792860E-03
 4.6400    4.9848422E-06    1.3486437E-03   -1.3486437E-03
 4.6500    4.8537743E-06    1.3188498E-03   -1.3188498E-03
 4.6600    4.7274309E-06    1.2900510E-03   -1.2900510E-03
 4.6700    4.6059232E-06    1.2622934E-03   -1.2622934E-03
 4.6800    4.4888843E-06    1.2354921E-03   -1.2354921E-03
 4.6900    4.3756528E-06    1.2094792E-03   -1.2094792E-03
 4.7000    4.2655777E-06    1.1840865E-03   -1.1840865E-03
 4.7100    4.1582098E-06    1.1591992E-03   -1.1591992E-03
 4.7200    4.0532643E-06    1.1347463E-03   -1.1347463E-03
 4.7300    3.9504398E-06    1.1106510E-03   -1.1106510E-03
 4.7400    3.8492770E-06    1.0867902E-03   -1.0867902E-03
 4.7500    3.7491986E-06    1.0630055E-03   -1.0630055E-03
 4.7600    3.6497721E-06    1.0391770E-03   -1.0391770E-03
 4.7700    3.5511089E-06    1.0153379E-03   -1.0153379E-03
 4.7800    3.4541195E-06    9.9175185E-04   -9.9175185E-04
 4.7900    3.3602582E-06    9.6884331E-04   -9.6884331E-04
 4.8000    3.2706900E-06    9.4696018E-04   -9.4696018E-04
 4.8100    3.1853833E-06    9.2610818E-04   -9.2610818E-04
 4.8200    3.1028722E-06    9.0587408E-04   -9.0587408E-04
 4.8300    3.0209440E-06    8.8561874E-04   -8.8561874E-04
 4.8400    2.9377443E-06    8.6479780E-04   -8.6479780E-04
 4.8500    2.8525459E-06    8.4319103E-04   -8.4319103E-04
 4.8600    2.7659133E-06    8.2095804E-04   -8.2095804E-04
 4.8700    2.6795497E-06    7.9860055E-04   -7.9860055E-04
 4.8800    2.5960506E-06    7.7689559E-04   -7.7689559E-04
 4.8900    2.5183285E-06    7.5672829E-04   -7.5672829E-04
 4.9000    2.4484873E-06    7.3875406E-04   -7.3875406E-04
 4.9100    2.3866502E-06    7.2303883E-04   -7.2303883E-04
 4.9200    2.3307503E-06    7.0898299E-04   -7.0898299E-04
 4.9300    2.2776416E-06    6.9564729E-04   -6.9564729E-04
 4.9400    2.2246380E-06    6.8221789E-04   -6.8221789E-04
 4.9500    2.1702137E-06    6.6822506E-04   -6.6822506E-04
 4.9600    2.1136136E-06    6.5342960E-04   -6.5342960E-04
 4.9700    2.0543297E-06    6.3766530E-04   -6.3766530E-04
 4.9800    1.9924104E-06    6.2093672E-04   -6.2093672E-04
 4.9900    1.9293624E-06    6.0370500E-04   -6.0370500E-04
 5.0000    1.8683853E-06    5.8697056E-04   -5.8697056E-04
 5.0100    1.8130921E-06    5.7188037E-04   -5.7188037E-04
 5.0200    1.7654043E-06    5.5906393E-04   -5.5906393E-04
 5.0300    1.7243008E-06    5.4822502E-04   -5.4822502E-04
 5.0400    1.6864375E-06    5.3832084E-04   -5.3832084E-04
 5.0500    1.6480691E-06    5.2816307E-04   -5.2816307E-04
 5.0600    1.6068572E-06    5.1699718E-04   -5.1699718E-04
 5.0700    1.5626247E-06    5.0475480E-04   -5.0475480E-04
 5.0800    1.5170448E-06    4.9196669E-04   -4.9196669E-04
 5.0900    1.4727056E-06    4.7946992E-04   -4.7946992E-04
 5.1000    1.4319319E-06    4.6802881E-04   -4.6802881E-04
 5.1100    1.3956916E-06    4.5797431E-04   -4.5797431E-04
 5.1200    1.3630259E-06    4.4900780E-04   -4.4900780E-04
 5.1300    1.3314144E-06    4.4030927E-04   -4.4030927E-04
 5.1400    1.2980224E-06    4.3094147E-04   -4.3094147E-04
 5.1500    1.2611459E-06    4.2032928E-04   -4.2032928E-04
 5.1600    1.2209758E-06    4.0852283E-04   -4.0852283E-04
 5.1700    1.1793174E-06    3.9611535E-04   -3.9611535E-04
 5.1800    1.1386385E-06    3.8393283E-04   -3.8393283E-04
 5.1900    1.1011079E-06    3.7271293E-04   -3.7271293E-04
 5.2000    1.0680053E-06    3.6290249E-04   -3.6290249E-04
 5.2100    1.0395108E-06    3.5458005E-04   -3.5458005E-04
 5.2200    1.0147900E-06    3.4747779E-04   -3.4747779E-04
 5.2300    9.9235198E-07    3.4109785E-04   -3.4109785E-04
 5.2400    9.7060518E-07    3.3489992E-04   -3.3489992E-04
 5.2500    9.4837526E-07    3.2847981E-04   -3.2847981E-04
 5.2600    9.2512912E-07    3.2165011E-04   -3.2165011E-04
 5.2700    9.0087511E-07    3.1440952E-04   -3.1440952E-04
 5.2800    8.7595327E-07    3.0687298E-04   -3.0687298E-04
 5.2900    8.5092106E-07    2.9923368E-04   -2.9923368E-04
 5.3000    8.2650814E-07    2.9174857E-04   -2.9174857E-04
 5.3100    8.0346017E-07    2.8468413E-04   -2.8468413E-04
 5.3200    7.8222122E-07    2.7820359E-04   -2.7820359E-04
 5.3300    7.6266189E-07    2.7226783E-04   -2.7226783E-04
 5.3400    7.4411953E-07    2.6664601E-04   -2.6664601E-04
 5.3500    7.2577329E-07    2.6104682E-04   -2.6104682E-04
 5.3600    7.0708340E-07    2.5527606E-04   -2.5527606E-04
 5.3700    6.8798658E-07    2.4930926E-04   -2.4930926E-04
 5.3800    6.6876823E-07    2.4324843E-04   -2.4324843E-04
 5.3900    6.4977341E-07    2.3721892E-04   -2.3721892E-04
 5.4000    6.3116312E-07    2.3128049E-04   -2.3128049E-04
 5.4100    6.1281420E-07    2.2538926E-04   -2.2538926E-04
 5.4200    5.9437712E-07    2.1941712E-04   -2.1941712E-04
 5.4300    5.7548458E-07    2.1322750E-04   -2.1322750E-04
 5.4400    5.5603339E-07    2.0678000E-04   -2.0678000E-04
 5.4500    5.3634347E-07    2.0019161E-04   -2.0019161E-04
 5.4600    5.1702424E-07    1.9368949E-04   -1.9368949E-04
 5.4700    4.9861864E-07    1.8747917E-04   -1.8747917E-04
 5.4800    4.8130902E-07    1.8163310E-04   -1.8163310E-04
 5.4900    4.6490069E-07    1.7608191E-04   -1.7608191E-04
 5.5000    4.4902402E-07    1.7068872E-04   -1.7068872E-04
 5.5100    4.3332541E-07    1.6532069E-04   -1.6532069E-04
 5.5200    4.1750834E-07    1.5986492E-04   -1.5986492E-04
 5.5300    4.0129064E-07    1.5421235E-04   -1.5421235E-04
 5.5400    3.8442321E-07    1.4826512E-04   -1.4826512E-04
 5.5500    3.6681650E-07    1.4198573E-04   -1.4198573E-04
 5.5600    3.4868283E-07    1.3545343E-04   -1.3545343E-04
 5.5700    3.3056517E-07    1.2887757E-04   -1.2887757E-04
 5.5800    3.1319683E-07    1.2254500E-04   -1.2254500E-04
 5.5900    2.9724783E-07    1.1672185E-04   -1.1672185E-04
 5.6000    2.8309867E-07    1.1156391E-04   -1.1156391E-04
 5.6100    2.7079441E-07    1.0709650E-04   -1.0709650E-04
 5.6200    2.6022157E-07    1.0328227E-04   -1.0328227E-04
 5.6300    2.5134729E-07    1.0011539E-04   -1.0011539E-04
 5.6400    2.4426222E-07    9.7639234E-05   -9.7639234E-05
 5.6500    2.3894451E-07    9.5852581E-05   -9.5852581E-05
 5.6600    2.3496433E-07    9.4589879E-05   -9.4589879E-05
 5.6700    2.3142401E-07    9.3494142E-05   -9.3494142E-05
 5.6800    2.2719878E-07    9.2111217E-05   -9.2111217E-05
 5.6900    2.2129671E-07    9.0034584E-05   -9.0034584E-05
 5.7000    2.1312038E-07    8.7013085E-05   -8.7013085E-05
 5.7100    2.0250455E-07    8.2969193E-05   -8.2969193E-05
 5.7200    1.8951784E-07    7.7920550E-05   -7.7920550E-05
 5.7300    1.7420302E-07    7.1874490E-05   -7.1874490E-05
 5.7400    1.5661935E-07    6.4845383E-05   -6.4845383E-05
 5.7500    1.3740405E-07    5.7088035E-05   -5.7088035E-05
 5.7600    1.1846071E-07    4.9388879E-05   -4.9388879E-05
 5.7700    1.0286116E-07    4.3034116E-05   -4.3034116E-05
 5.7800    9.3431199E-08    3.9224504E-05   -3.9224504E-05
 5.7900    9.0767461E-08    3.8238177E-05   -3.8238177E-05
 5.8000    9.2364800E-08    3.9045622E-05   -3.9045622E-05
 5.8100    9.3883001E-08    3.9824386E-05   -3.9824386E-05
 5.8200    9.1746254E-08    3.9052080E-05   -3.9052080E-05
 5.8300    8.5088629E-08    3.6342810E-05   -3.6342810E-05
 5.8400    7.5722395E-08    3.2453378E-05   -3.2453378E-05
 5.8500    6.6513979E-08    2.8604511E-05   -2.8604511E-05
 5.8600    5.9603728E-08    2.5720447E-05   -2.5720447E-05
 5.8700    5.5596790E-08    2.4073309E-05   -2.4073309E-05
 5.8800    5.3844741E-08    2.3394179E-05   -2.3394179E-05
 5.8900    5.3193820E-08    2.3190047E-05   -2.3190047E-05
 5.9000    5.2522748E-08    2.2975307E-05   -2.2975307E-05
 5.9100    5.0883069E-08    2.2333569E-05   -2.2333569E-05
 5.9200    4.7571928E-08    2.0950965E-05   -2.0950965E-05
 5.9300    4.2464433E-08    1.8764828E-05   -1.8764828E-05
 5.9400    3.6404289E-08    1.6141181E-05   -1.6141181E-05
 5.9500    3.1078867E-08    1.3826395E-05   -1.3826395E-05
 5.9600    2.8174174E-08    1.2576320E-05   -1.2576320E-05
 5.9700    2.8377505E-08    1.2709625E-05   -1.2709625E-05
 5.9800    3.1047479E-08    1.3952068E-05   -1.3952068E-05
 5.9900    3.4759799E-08    1.5672590E-05   -1.5672590E-05
 6.0000    3.8148458E-08    1.7257956E-05   -1.7257956E-05
 6.0100    4.0342101E-08    1.8311222E-05   -1.8311222E-05
 6.0200    4.0846870E-08    1.8602085E-05   -1.8602085E-05
 6.0300    3.9251445E-08    1.7934949E-05   -1.7934949E-05
 6.0400    3.5139550E-08    1.6109421E-05   -1.6109421E-05
 6.0500    2.8250084E-08    1.2993925E-05   -1.2993925E-05
 6.0600    1.8665974E-08    8.6140178E-06   -8.6140178E-06
 6.0700    6.8683529E-09    3.1800932E-06   -3.1800932E-06
 6.0800   -6.2700734E-09   -2.9126590E-06    2.9126590E-06
 6.0900   -1.9402549E-08   -9.0428064E-06    9.0428064E-06
 6.1000   -3.0642225E-08   -1.4328140E-05    1.4328140E-05
 6.1100   -3.7879256E-08   -1.7770258E-05    1.7770258E-05
 6.1200   -3.9609911E-08   -1.8643033E-05    1.8643033E-05
 6.1300   -3.5774791E-08   -1.6893044E-05    1.6893044E-05
 6.1400   -2.7858818E-08   -1.3198036E-05    1.3198036E-05
 6.1500   -1.8090438E-08   -8.5982324E-06    8.5982324E-06
 6.1600   -8.3919368E-09   -4.0015983E-06    4.0015983E-06
 6.1700    1.4427295E-10    6.9018437E-08   -6.9018437E-08
 6.1800    7.1127304E-09    3.4136828E-06   -3.4136828E-06
 6.1900    1.2427009E-08    5.9835342E-06   -5.9835342E-06
 6.2000    1.6106903E-08    7.7804604E-06   -7.7804604E-06
 6.2100    1.8192987E-08    8.8165173E-06   -8.8165173E-06
 6.2200    1.8632471E-08    9.0586001E-06   -9.0586001E-06
 6.2300    1.7210655E-08    8.3942782E-06   -8.3942782E-06
 6.2400    1.3734322E-08    6.7202628E-06   -6.7202628E-06
 6.2500    8.4371417E-09    4.1415723E-06   -4.1415723E-06
 6.2600    2.2524006E-09    1.1091855E-06   -1.1091855E-06
 6.2700   -3.3851423E-09   -1.6723296E-06    1.6723296E-06
 6.2800   -7.1541137E-09   -3.5455612E-06    3.5455612E-06
 6.2900   -8.4450268E-09   -4.1986743E-06    4.1986743E-06
 6.3000   -7.5231926E-09   -3.7522619E-06    3.7522619E-06
 6.3100   -5.2259558E-09   -2.6147750E-06    2.6147750E-06
 6.3200   -2.5349516E-09   -1.2723708E-06    1.2723708E-06
 6.3300   -3.5012073E-10   -1.7629302E-07    1.7629302E-07
 6.3400    5.4062450E-10    2.7307636E-07   -2.7307636E-07
 6.3500   -4.6700074E-10   -2.3663277E-07    2.3663277E-07
 6.3600   -3.5641921E-09   -1.8116955E-06    1.8116955E-06
 6.3700   -8.2880504E-09   -4.2261131E-06    4.2261131E-06
 6.3800   -1.3494538E-08   -6.9025451E-06    6.9025451E-06
 6.3900   -1.7634631E-08   -9.0485286E-06    9.0485286E-06
 6.4000   -1.9248410E-08   -9.9075137E-06    9.9075137E-06
 6.4100   -1.7477411E-08   -9.0240818E-06    9.0240818E-06
 6.4200   -1.2358459E-08   -6.4009474E-06    6.4009474E-06
 6.4300   -4.7567913E-09   -2.4714163E-06    2.4714163E-06
 6.4400    3.9835743E-09    2.0761299E-06   -2.0761299E-06
 6.4500    1.2427305E-08    6.4969012E-06   -6.4969012E-06
 6.4600    1.9288543E-08    1.0115196E-05   -1.0115196E-05
 6.4700    2.3555135E-08    1.2390933E-05   -1.2390933E-05
 6.4800    2.4647914E-08    1.3005889E-05   -1.3005889E-05
 6.4900    2.2662453E-08    1.1995164E-05   -1.1995164E-05
 6.5000    1.8532988E-08    9.8397036E-06   -9.8397036E-06
 6.5100    1.3889277E-08    7.3969295E-06   -7.3969295E-06
 6.5200    1.0555439E-08    5.6387306E-06   -5.6387306E-06
 6.5300    9.9069910E-09    5.3085754E-06   -5.3085754E-06
 6.5400    1.2397361E-08    6.6633805E-06   -6.6633805E-06
 6.5500    1.7432229E-08    9.3982152E-06   -9.3982152E-06
 6.5600    2.3598126E-08    1.2761304E-05   -1.2761304E-05
 6.5700    2.9173922E-08    1.5824698E-05   -1.5824698E-05
 6.5800    3.2782668E-08    1.7836349E-05   -1.7836349E-05
 6.5900    3.3910803E-08    1.8506264E-05   -1.8506264E-05
 6.6000    3.3000008E-08    1.8063911E-05   -1.8063911E-05
 6.6100    3.1062545E-08    1.7054925E-05   -1.7054925E-05
 6.6200    2.9104948E-08    1.6028492E-05   -1.6028492E-05
 6.6300    2.7725281E-08    1.5314855E-05   -1.5314855E-05
 6.6400    2.7023738E-08    1.4972401E-05   -1.4972401E-05
 6.6500    2.6719422E-08    1.4848419E-05   -1.4848419E-05
 6.6600    2.6323344E-08    1.4672340E-05   -1.4672340E-05
 6.6700    2.5315021E-08    1.4152717E-05   -1.4152717E-05
 6.6800    2.3333599E-08    1.3084120E-05   -1.3084120E-05
 6.6900    2.0365333E-08    1.1453906E-05   -1.1453906E-05
 6.7000    1.6844757E-08    9.5022013E-06   -9.5022013E-06
 6.7100    1.3566384E-08    7.6757182E-06   -7.6757182E-06
 6.7200    1.1380303E-08    6.4580626E-06   -6.4580626E-06
 6.7300    1.0796820E-08    6.1451975E-06   -6.1451975E-06
 6.7400    1.1731277E-08    6.6969174E-06   -6.6969174E-06
 6.7500    1.3560229E-08    7.7639806E-06   -7.7639806E-06
 6.7600    1.5458958E-08    8.8773528E-06   -8.8773528E-06
 6.7700    1.6810000E-08    9.6817733E-06   -9.6817733E-06
 6.7800    1.7450025E-08    1.0080111E-05   -1.0080111E-05
 6.7900    1.7649509E-08    1.0225441E-05   -1.0225441E-05
 6.8000    1.7881001E-08    1.0390095E-05   -1.0390095E-05
 6.8100    1.8526420E-08    1.0796813E-05   -1.0796813E-05
 6.8200    1.9678890E-08    1.1502155E-05   -1.1502155E-05
 6.8300    2.1136433E-08    1.2390333E-05   -1.2390333E-05
 6.8400    2.2586115E-08    1.3278946E-05   -1.3278946E-05
 6.8500    2.3861657E-08    1.4069919E-05   -1.4069919E-05
 6.8600    2.5089321E-08    1.4837031E-05   -1.4837031E-05
 6.8700    2.6595581E-08    1.5773672E-05   -1.5773672E-05
 6.8800    2.8627315E-08    1.7028146E-05   -1.7028146E-05
 6.8900    3.1095859E-08    1.8550297E-05   -1.8550297E-05
 6.9000    3.3552230E-08    2.0073793E-05   -2.0073793E-05
 6.9100    3.5419601E-08    2.1252481E-05   -2.1252481E-05
 6.9200    3.6298012E-08    2.1842628E-05   -2.1842628E-05
 6.9300    3.6107820E-08    2.1791022E-05   -2.1791022E-05
 6.9400    3.5012113E-08    2.1190789E-05   -2.1190789E-05
 6.9500    3.3283348E-08    2.0202563E-05   -2.0202563E-05
 6.9600    3.1298157E-08    1.9052287E-05   -1.9052287E-05
 6.9700    2.9620096E-08    1.8082642E-05   -1.8082642E-05
 6.9800    2.8945610E-08    1.7721620E-05   -1.7721620E-05
 6.9900    2.9817493E-08    1.8307766E-05   -1.8307766E-05
 7.0000    3.2328699E-08    1.9906466E-05   -1.9906466E-05
 7.0100    3.6131831E-08    2.2311865E-05   -2.2311865E-05
 7.0200    4.0765588E-08    2.5245141E-05   -2.5245141E-05
 7.0300    4.5945720E-08    2.8534192E-05   -2.8534192E-05
 7.0400    5.1490291E-08    3.2068639E-05   -3.2068639E-05
 7.0500    5.6960690E-08    3.5576510E-05   -3.5576510E-05
 7.0600    6.1454503E-08    3.8492221E-05   -3.8492221E-05
 7.0700    6.3891646E-08    4.0132181E-05   -4.0132181E-05
 7.0800    6.3666301E-08    4.0103843E-05   -4.0103843E-05
 7.0900    6.1149494E-08    3.8627376E-05   -3.8627376E-05
 7.1000    5.7600620E-08    3.6488308E-05   -3.6488308E-05
 7.1100    5.4518148E-08    3.4633004E-05   -3.4633004E-05
 7.1200    5.2899314E-08    3.3699223E-05   -3.3699223E-05
 7.1300    5.2907848E-08    3.3799402E-05   -3.3799402E-05
 7.1400    5.4081969E-08    3.4646454E-05   -3.4646454E-05
 7.1500    5.5807600E-08    3.5852158E-05   -3.5852158E-05
 7.1600    5.7674098E-08    3.7154953E-05   -3.7154953E-05
 7.1700    5.9538183E-08    3.8463053E-05   -3.8463053E-05
 7.1800    6.1383626E-08    3.9765943E-05   -3.9765943E-05
 7.1900    6.3157427E-08    4.1029108E-05   -4.1029108E-05
 7.2000    6.4698869E-08    4.2147474E-05   -4.2147474E-05
 7.2100    6.5782125E-08    4.2972270E-05   -4.2972270E-05
 7.2200    6.6231106E-08    4.3385666E-05   -4.3385666E-05
 7.2300    6.6037642E-08    4.3378848E-05   -4.3378848E-05
 7.2400    6.5420685E-08    4.3092539E-05   -4.3092539E-05
 7.2500    6.4795789E-08    4.2798905E-05   -4.2798905E-05
 7.2600    6.4654480E-08    4.2823458E-05   -4.2823458E-05
 7.2700    6.5378431E-08    4.3422336E-05   -4.3422336E-05
 7.2800    6.7053816E-08    4.4657676E-05   -4.4657676E-05
 7.2900    6.9391863E-08    4.6341861E-05   -4.6341861E-05
 7.3000    7.1840492E-08    4.8108839E-05   -4.8108839E-05
 7.3100    7.3859752E-08    4.9596664E-05   -4.9596664E-05
 7.3200    7.5203181E-08    5.0637031E-05   -5.0637031E-05
 7.3300    7.6021089E-08    5.1327711E-05   -5.1327711E-05
 7.3400    7.6723357E-08    5.1943305E-05   -5.1943305E-05
 7.3500    7.7713217E-08    5.2756919E-05   -5.2756919E-05
 7.3600    7.9182135E-08    5.3900488E-05   -5.3900488E-05
 7.3700    8.1079450E-08    5.5342100E-05   -5.5342100E-05
 7.3800    8.3220746E-08    5.6957929E-05   -5.6957929E-05
 7.3900    8.5416974E-08    5.8619610E-05   -5.8619610E-05
 7.4000    8.7546620E-08    6.0243846E-05   -6.0243846E-05
 7.4100    8.9574176E-08    6.1805782E-05   -6.1805782E-05
 7.4200    9.1537534E-08    6.3331078E-05   -6.3331078E-05
 7.4300    9.3495767E-08    6.4860373E-05   -6.4860373E-05
 7.4400    9.5436521E-08    6.6385057E-05   -6.6385057E-05
 7.4500    9.7204854E-08    6.7796982E-05   -6.7796982E-05
 7.4600    9.8541104E-08    6.8913601E-05   -6.8913601E-05
 7.4700    9.9237357E-08    6.9586702E-05   -6.9586702E-05
 7.4800    9.9305373E-08    6.9820958E-05   -6.9820958E-05
 7.4900    9.9021049E-08    6.9807329E-05   -6.9807329E-05
 7.5000    9.8807992E-08    6.9843254E-05   -6.9843254E-05
 7.5100    9.9044084E-08    7.0196956E-05   -7.0196956E-05
 7.5200    9.9906073E-08    7.0996581E-05   -7.0996581E-05
 7.5300    1.0131667E-07    7.2190611E-05   -7.2190611E-05
 7.5400    1.0301028E-07    7.3592426E-05   -7.3592426E-05
 7.5500    1.0469816E-07    7.4996812E-05   -7.4996812E-05
 7.5600    1.0624500E-07    7.6306577E-05   -7.6306577E-05
 7.5700    1.0771690E-07    7.7568514E-05   -7.7568514E-05
 7.5800    1.0924445E-07    7.8876507E-05   -7.8876507E-05
 7.5900    1.1083110E-07    8.0233377E-05   -8.0233377E-05
 7.6000    1.1231014E-07    8.1518471E-05   -8.1518471E-05
 7.6100    1.1350387E-07    8.2601860E-05   -8.2601860E-05
 7.6200    1.1442411E-07    8.3490553E-05   -8.3490553E-05
 7.6300    1.1530620E-07    8.4355147E-05   -8.4355147E-05
 7.6400    1.1642822E-07    8.5399403E-05   -8.5399403E-05
 7.6500    1.1787252E-07    8.6685266E-05   -8.6685266E-05
 7.6600    1.1944455E-07    8.8071167E-05   -8.8071167E-05
 7.6700    1.2081911E-07    8.9317431E-05   -8.9317431E-05
 7.6800    1.2177377E-07    9.0258072E-05   -9.0258072E-05
 7.6900    1.2230652E-07    9.0889174E-05   -9.0889174E-05
 7.7000    1.2257365E-07    9.1324740E-05   -9.1324740E-05
 7.7100    1.2275984E-07    9.1701181E-05   -9.1701181E-05
 7.7200    1.2301594E-07    9.2131015E-05   -9.2131015E-05
 7.7300    1.2347642E-07    9.2715611E-05   -9.2715611E-05
 7.7400    1.2426563E-07    9.3549789E-05   -9.3549789E-05
 7.7500    1.2543922E-07    9.4677465E-05   -9.4677465E-05
 7.7600    1.2691977E-07    9.6042306E-05   -9.6042306E-05
 7.7700    1.2852381E-07    9.7506931E-05   -9.7506931E-05
 7.7800    1.3008876E-07    9.8948416E-05   -9.8948416E-05
 7.7900    1.3159612E-07    1.0035242E-04   -1.0035242E-04
 7.8000    1.3317479E-07    1.0181718E-04   -1.0181718E-04
 7.8100    1.3496648E-07    1.0345176E-04   -1.0345176E-04
 7.8200    1.3695095E-07    1.0524184E-04   -1.0524184E-04
 7.8300    1.3887070E-07    1.0699020E-04   -1.0699020E-04
 7.8400    1.4033260E-07    1.0839283E-04   -1.0839283E-04
 7.8500    1.4103713E-07    1.0921509E-04   -1.0921509E-04
 7.8600    1.4098498E-07    1.0945303E-04   -1.0945303E-04
 7.8700    1.4052000E-07    1.0936981E-04   -1.0936981E-04
 7.8800    1.4018646E-07    1.0938767E-04   -1.0938767E-04
 7.8900    1.4049964E-07    1.0991047E-04   -1.0991047E-04
 7.9000    1.4175286E-07    1.1117212E-04   -1.1117212E-04
 7.9100    1.4392935E-07    1.1316501E-04   -1.1316501E-04
 7.9200    1.4673289E-07    1.1566120E-04   -1.1566120E-04
 7.9300    1.4971436E-07    1.1830952E-04   -1.1830952E-04
 7.9400    1.5242710E-07    1.2075720E-04   -1.2075720E-04
 7.9500    1.5452736E-07    1.2272965E-04   -1.2272965E-04
 7.9600    1.5579804E-07    1.2405035E-04   -1.2405035E-04
 7.9700    1.5615761E-07    1.2464925E-04   -1.2464925E-04
 7.9800    1.5570000E-07    1.2459605E-04   -1.2459605E-04
 7.9900    1.5470824E-07    1.2411289E-04   -1.2411289E-04
 8.0000    1.5355993E-07    1.2350022E-04   -1.2350022E-04
 8.0100    1.5256520E-07    1.2300716E-04   -1.2300716E-04
 8.0200    1.5188193E-07    1.2276222E-04   -1.2276222E-04
 8.0300    1.5156799E-07    1.2281416E-04   -1.2281416E-04
 8.0400    1.5166568E-07    1.2319959E-04   -1.2319959E-04
 8.0500    1.5220360E-07    1.2394429E-04   -1.2394429E-04
 8.0600    1.5314673E-07    1.2502235E-04   -1.2502235E-04
 8.0700    1.5440191E-07    1.2636000E-04   -1.2636000E-04
 8.0800    1.5589789E-07    1.2790067E-04   -1.2790067E-04
 8.0900    1.5765619E-07    1.2966356E-04   -1.2966356E-04
 8.1000    1.5978114E-07    1.3173629E-04   -1.3173629E-04
 8.1100    1.6237143E-07    1.3420268E-04   -1.3420268E-04
 8.1200    1.6539567E-07    1.3703959E-04   -1.3703959E-04
 8.1300    1.6858671E-07    1.4002781E-04   -1.4002781E-04
 8.1400    1.7143244E-07    1.4274197E-04   -1.4274197E-04
 8.1500    1.7333226E-07    1.4467866E-04   -1.4467866E-04
 8.1600    1.7388572E-07    1.4549702E-04   -1.4549702E-04
 8.1700    1.7314263E-07    1.4523056E-04   -1.4523056E-04
 8.1800    1.7163214E-07    1.4431620E-04   -1.4431620E-04
 8.1900    1.7014856E-07    1.4341876E-04   -1.4341876E-04
 8.2000    1.6944433E-07    1.4317415E-04   -1.4317415E-04
 8.2100    1.6999815E-07    1.4399267E-04   -1.4399267E-04
 8.2200    1.7192263E-07    1.4597771E-04   -1.4597771E-04
 8.2300    1.7499347E-07    1.4894687E-04   -1.4894687E-04
 8.2400    1.7876483E-07    1.5252687E-04   -1.5252687E-04
 8.2500    1.8272255E-07    1.5628234E-04   -1.5628234E-04
 8.2600    1.8640529E-07    1.5981892E-04   -1.5981892E-04
 8.2700    1.8944207E-07    1.6281609E-04   -1.6281609E-04
 8.2800    1.9152051E-07    1.6500072E-04   -1.6500072E-04
 8.2900    1.9235687E-07    1.6612180E-04   -1.6612180E-04
 8.3000    1.9174271E-07    1.6599114E-04   -1.6599114E-04
 8.3100    1.8969031E-07    1.6461032E-04   -1.6461032E-04
 8.3200    1.8661377E-07    1.6233053E-04   -1.6233053E-04
 8.3300    1.8341373E-07    1.5993065E-04   -1.5993065E-04
 8.3400    1.8133434E-07    1.5849736E-04   -1.5849736E-04
 8.3500    1.8155921E-07    1.5907469E-04   -1.5907469E-04
 8.3600    1.8468731E-07    1.6220322E-04   -1.6220322E-04
 8.3700    1.9038555E-07    1.6760801E-04   -1.6760801E-04
 8.3800    1.9748756E-07    1.7427602E-04   -1.7427602E-04
 8.3900    2.0453180E-07    1.8092335E-04   -1.8092335E-04
 8.4000    2.1040301E-07    1.8656080E-04   -1.8656080E-04
 8.4100    2.1467545E-07    1.9080258E-04   -1.9080258E-04
 8.4200    2.1751247E-07    1.9378413E-04   -1.9378413E-04
 8.4300    2.1929253E-07    1.9583434E-04   -1.9583434E-04
 8.4400    2.2025897E-07    1.9716434E-04   -1.9716434E-04
 8.4500    2.2041558E-07    1.9777235E-04   -1.9777235E-04
 8.4600    2.1970978E-07    1.9760593E-04   -1.9760593E-04
 8.4700    2.1833392E-07    1.9683299E-04   -1.9683299E-04
 8.4800    2.1685248E-07    1.9595934E-04   -1.9595934E-04
 8.4900    2.1597838E-07    1.9563003E-04   -1.9563003E-04
 8.5000    2.1614233E-07    1.9624000E-04   -1.9624000E-04
 8.5100    2.1722598E-07    1.9768820E-04   -1.9768820E-04
 8.5200    2.1869961E-07    1.9949732E-04   -1.9949732E-04
 8.5300    2.2003782E-07    2.0118947E-04   -2.0118947E-04
 8.5400    2.2106459E-07    2.0260250E-04   -2.0260250E-04
 8.5500    2.2199218E-07    2.0392937E-04   -2.0392937E-04
 8.5600    2.2318717E-07    2.0550700E-04   -2.0550700E-04
 8.5700    2.2486265E-07    2.0753379E-04   -2.0753379E-04
 8.5800    2.2689876E-07    2.0990199E-04   -2.0990199E-04
 8.5900    2.2890234E-07    2.1224937E-04   -2.1224937E-04
 8.6000    2.3046240E-07    2.1419377E-04   -2.1419377E-04
 8.6100    2.3140133E-07    2.1556687E-04   -2.1556687E-04
 8.6200    2.3180956E-07    2.1644907E-04   -2.1644907E-04
 8.6300    2.3185346E-07    2.1699265E-04   -2.1699265E-04
 8.6400    2.3157639E-07    2.1723591E-04   -2.1723591E-04
 8.6500    2.3090691E-07    2.1710959E-04   -2.1710959E-04
 8.6600    2.2984465E-07    2.1661077E-04   -2.1661077E-04
 8.6700    2.2859360E-07    2.1592958E-04   -2.1592958E-04
 8.6800    2.2748017E-07    2.1537379E-04   -2.1537379E-04
 8.6900    2.2673726E-07    2.1516534E-04   -2.1516534E-04
 8.7000    2.2637258E-07    2.1531396E-04   -2.1531396E-04
 8.7100    2.2622827E-07    2.1567164E-04   -2.1567164E-04
 8.7200    2.2613588E-07    2.1607888E-04   -2.1607888E-04
 8.7300    2.2601498E-07    2.1645897E-04   -2.1645897E-04
 8.7400    2.2587035E-07    2.1681631E-04   -2.1681631E-04
