# total charge: 4.000000 
# r(A)     rho (e/A^3)     4*pi*r^2*rho(e/A)  dip  
 0.0000   -9.8940268E-02   -0.0000000E+00    3.1915382E+01
 0.0100   -9.8574188E-02   -1.2387198E-04    3.1756328E+01
 0.0200   -9.8111665E-02   -4.9316302E-04    3.1283909E+01
 0.0300   -9.7533237E-02   -1.1030749E-03    3.0512128E+01
 0.0400   -9.6818144E-02   -1.9466443E-03    2.9463558E+01
 0.0500   -9.5943501E-02   -3.0141540E-03    2.8168240E+01
 0.0600   -9.4883829E-02   -4.2924433E-03    2.6662261E+01
 0.0700   -9.3613117E-02   -5.7642479E-03    2.4986079E+01
 0.0800   -9.2109872E-02   -7.4079155E-03    2.3182732E+01
 0.0900   -9.0362236E-02   -9.1977553E-03    2.1296018E+01
 0.1000   -8.8369537E-02   -1.1104844E-02    1.9368763E+01
 0.1100   -8.6139509E-02   -1.3097778E-02    1.7441272E+01
 0.1200   -8.3683467E-02   -1.5143003E-02    1.5550027E+01
 0.1300   -8.1012334E-02   -1.7204724E-02    1.3726692E+01
 0.1400   -7.8134886E-02   -1.9244690E-02    1.1997442E+01
 0.1500   -7.5057987E-02   -2.1222146E-02    1.0382630E+01
 0.1600   -7.1787816E-02   -2.3094075E-02    8.8967608E+00
 0.1700   -6.8330970E-02   -2.4815629E-02    7.5487418E+00
 0.1800   -6.4694703E-02   -2.6340475E-02    6.3423531E+00
 0.1900   -6.0886210E-02   -2.7620784E-02    5.2768860E+00
 0.2000   -5.6911659E-02   -2.8606920E-02    4.3478842E+00
 0.2100   -5.2775831E-02   -2.9247149E-02    3.5479348E+00
 0.2200   -4.8482684E-02   -2.9487767E-02    2.8674552E+00
 0.2300   -4.4036380E-02   -2.9273668E-02    2.2954367E+00
 0.2400   -3.9442061E-02   -2.8549069E-02    1.8201115E+00
 0.2500   -3.4706049E-02   -2.7258067E-02    1.4295221E+00
 0.2600   -2.9835579E-02   -2.5344926E-02    1.1119825E+00
 0.2700   -2.4838334E-02   -2.2754110E-02    8.5642890E-01
 0.2800   -1.9722002E-02   -1.9430184E-02    6.5266631E-01
 0.2900   -1.4493977E-02   -1.5317695E-02    4.9152029E-01
 0.3000   -9.1613230E-03   -1.0361212E-02    3.6490909E-01
 0.3100   -3.7309828E-03   -4.5056402E-03    2.6585116E-01
 0.3200    1.7899251E-03    2.3032691E-03    1.8842379E-01
 0.3300    7.3939322E-03    1.0118432E-02    1.2768708E-01
 0.3400    1.3073255E-02    1.8991157E-02    7.9586377E-02
 0.3500    1.8819952E-02    2.8971065E-02    4.0843551E-02
 0.3600    2.4626060E-02    4.0106041E-02    8.8461134E-03
 0.3700    3.0483626E-02    5.2442083E-02   -1.8459661E-02
 0.3800    3.6384681E-02    6.6023056E-02   -4.2667302E-02
 0.3900    4.2321226E-02    8.0890462E-02   -6.4998024E-02
 0.4000    4.8285255E-02    9.7083266E-02   -8.6376848E-02
 0.4100    5.4268796E-02    1.1463778E-01   -1.0749685E-01
 0.4200    6.0263923E-02    1.3358751E-01   -1.2887206E-01
 0.4300    6.6262752E-02    1.5396296E-01   -1.5088014E-01
 0.4400    7.2257418E-02    1.7579141E-01   -1.7379602E-01
 0.4500    7.8240074E-02    1.9909674E-01   -1.9781804E-01
 0.4600    8.4202904E-02    2.2389923E-01   -2.2308796E-01
 0.4700    9.0138157E-02    2.5021553E-01   -2.4970594E-01
 0.4800    9.6038185E-02    2.7805857E-01   -2.7774166E-01
 0.4900    1.0189545E-01    3.0743748E-01   -3.0724236E-01
 0.5000    1.0770252E-01    3.3835745E-01   -3.3823851E-01
 0.5100    1.1345212E-01    3.7081972E-01   -3.7074795E-01
 0.5200    1.1913712E-01    4.0482157E-01   -4.0477869E-01
 0.5300    1.2475061E-01    4.4035636E-01   -4.4033099E-01
 0.5400    1.3028586E-01    4.7741348E-01   -4.7739862E-01
 0.5500    1.3573634E-01    5.1597823E-01   -5.1596962E-01
 0.5600    1.4109566E-01    5.5603174E-01   -5.5602679E-01
 0.5700    1.4635762E-01    5.9755090E-01   -5.9754809E-01
 0.5800    1.5151619E-01    6.4050847E-01   -6.4050689E-01
 0.5900    1.5656557E-01    6.8487316E-01   -6.8487228E-01
 0.6000    1.6150019E-01    7.3060964E-01   -7.3060916E-01
 0.6100    1.6631469E-01    7.7767858E-01   -7.7767831E-01
 0.6200    1.7100392E-01    8.2603663E-01   -8.2603649E-01
 0.6300    1.7556298E-01    8.7563660E-01   -8.7563653E-01
 0.6400    1.7998723E-01    9.2642764E-01   -9.2642760E-01
 0.6500    1.8427231E-01    9.7835545E-01   -9.7835543E-01
 0.6600    1.8841417E-01    1.0313624E+00   -1.0313624E+00
 0.6700    1.9240902E-01    1.0853877E+00   -1.0853877E+00
 0.6800    1.9625329E-01    1.1403670E+00   -1.1403670E+00
 0.6900    1.9994367E-01    1.1962328E+00   -1.1962328E+00
 0.7000    2.0347704E-01    1.2529143E+00   -1.2529143E+00
 0.7100    2.0685055E-01    1.3103377E+00   -1.3103377E+00
 0.7200    2.1006162E-01    1.3684268E+00   -1.3684268E+00
 0.7300    2.1310796E-01    1.4271028E+00   -1.4271028E+00
 0.7400    2.1598758E-01    1.4862849E+00   -1.4862849E+00
 0.7500    2.1869879E-01    1.5458906E+00   -1.5458906E+00
 0.7600    2.2124015E-01    1.6058353E+00   -1.6058353E+00
 0.7700    2.2361046E-01    1.6660323E+00   -1.6660323E+00
 0.7800    2.2580869E-01    1.7263932E+00   -1.7263932E+00
 0.7900    2.2783404E-01    1.7868276E+00   -1.7868276E+00
 0.8000    2.2968590E-01    1.8472436E+00   -1.8472436E+00
 0.8100    2.3136391E-01    1.9075482E+00   -1.9075482E+00
 0.8200    2.3286802E-01    1.9676480E+00   -1.9676480E+00
 0.8300    2.3419845E-01    2.0274496E+00   -2.0274496E+00
 0.8400    2.3535564E-01    2.0868587E+00   -2.0868587E+00
 0.8500    2.3634026E-01    2.1457811E+00   -2.1457811E+00
 0.8600    2.3715314E-01    2.2041221E+00   -2.2041221E+00
 0.8700    2.3779537E-01    2.2617873E+00   -2.2617873E+00
 0.8800    2.3826831E-01    2.3186836E+00   -2.3186836E+00
 0.8900    2.3857359E-01    2.3747191E+00   -2.3747191E+00
 0.9000    2.3871305E-01    2.4298029E+00   -2.4298029E+00
 0.9100    2.3868870E-01    2.4838451E+00   -2.4838451E+00
 0.9200    2.3850269E-01    2.5367566E+00   -2.5367566E+00
 0.9300    2.3815732E-01    2.5884495E+00   -2.5884495E+00
 0.9400    2.3765512E-01    2.6388380E+00   -2.6388380E+00
 0.9500    2.3699882E-01    2.6878390E+00   -2.6878390E+00
 0.9600    2.3619142E-01    2.7353723E+00   -2.7353723E+00
 0.9700    2.3523613E-01    2.7813609E+00   -2.7813609E+00
 0.9800    2.3413633E-01    2.8257310E+00   -2.8257310E+00
 0.9900    2.3289558E-01    2.8684117E+00   -2.8684117E+00
 1.0000    2.3151755E-01    2.9093354E+00   -2.9093354E+00
 1.0100    2.3000610E-01    2.9484378E+00   -2.9484378E+00
 1.0200    2.2836520E-01    2.9856585E+00   -2.9856585E+00
 1.0300    2.2659901E-01    3.0209415E+00   -3.0209415E+00
 1.0400    2.2471182E-01    3.0542350E+00   -3.0542350E+00
 1.0500    2.2270807E-01    3.0854920E+00   -3.0854920E+00
 1.0600    2.2059235E-01    3.1146700E+00   -3.1146700E+00
 1.0700    2.1836936E-01    3.1417320E+00   -3.1417320E+00
 1.0800    2.1604392E-01    3.1666453E+00   -3.1666453E+00
 1.0900    2.1362090E-01    3.1893825E+00   -3.1893825E+00
 1.1000    2.1110530E-01    3.2099212E+00   -3.2099212E+00
 1.1100    2.0850219E-01    3.2282446E+00   -3.2282446E+00
 1.1200    2.0581672E-01    3.2443416E+00   -3.2443416E+00
 1.1300    2.0305417E-01    3.2582069E+00   -3.2582069E+00
 1.1400    2.0021985E-01    3.2698414E+00   -3.2698414E+00
 1.1500    1.9731913E-01    3.2792516E+00   -3.2792516E+00
 1.1600    1.9435741E-01    3.2864494E+00   -3.2864494E+00
 1.1700    1.9134010E-01    3.2914524E+00   -3.2914524E+00
 1.1800    1.8827258E-01    3.2942834E+00   -3.2942834E+00
 1.1900    1.8516028E-01    3.2949711E+00   -3.2949711E+00
 1.2000    1.8200860E-01    3.2935499E+00   -3.2935499E+00
 1.2100    1.7882294E-01    3.2900600E+00   -3.2900600E+00
 1.2200    1.7560868E-01    3.2845472E+00   -3.2845472E+00
 1.2300    1.7237118E-01    3.2770627E+00   -3.2770627E+00
 1.2400    1.6911576E-01    3.2676633E+00   -3.2676633E+00
 1.2500    1.6584766E-01    3.2564112E+00   -3.2564112E+00
 1.2600    1.6257210E-01    3.2433735E+00   -3.2433735E+00
 1.2700    1.5929420E-01    3.2286225E+00   -3.2286225E+00
 1.2800    1.5601903E-01    3.2122354E+00   -3.2122354E+00
 1.2900    1.5275156E-01    3.1942945E+00   -3.1942945E+00
 1.3000    1.4949672E-01    3.1748867E+00   -3.1748867E+00
 1.3100    1.4625930E-01    3.1541036E+00   -3.1541036E+00
 1.3200    1.4304403E-01    3.1320412E+00   -3.1320412E+00
 1.3300    1.3985551E-01    3.1087995E+00   -3.1087995E+00
 1.3400    1.3669820E-01    3.0844821E+00   -3.0844821E+00
 1.3500    1.3357643E-01    3.0591956E+00   -3.0591956E+00
 1.3600    1.3049439E-01    3.0330496E+00   -3.0330496E+00
 1.3700    1.2745603E-01    3.0061552E+00   -3.0061552E+00
 1.3800    1.2446509E-01    2.9786233E+00   -2.9786233E+00
 1.3900    1.2152489E-01    2.9505616E+00   -2.9505616E+00
 1.4000    1.1863829E-01    2.9220714E+00   -2.9220714E+00
 1.4100    1.1580752E-01    2.8932426E+00   -2.8932426E+00
 1.4200    1.1303406E-01    2.8641508E+00   -2.8641508E+00
 1.4300    1.1031868E-01    2.8348560E+00   -2.8348560E+00
 1.4400    1.0766150E-01    2.8054030E+00   -2.8054030E+00
 1.4500    1.0506211E-01    2.7758245E+00   -2.7758245E+00
 1.4600    1.0251980E-01    2.7461440E+00   -2.7461440E+00
 1.4700    1.0003360E-01    2.7163794E+00   -2.7163794E+00
 1.4800    9.7602463E-02    2.6865447E+00   -2.6865447E+00
 1.4900    9.5225299E-02    2.6566525E+00   -2.6566525E+00
 1.5000    9.2901010E-02    2.6267142E+00   -2.6267142E+00
 1.5100    9.0628521E-02    2.5967411E+00   -2.5967411E+00
 1.5200    8.8406777E-02    2.5667443E+00   -2.5667443E+00
 1.5300    8.6234743E-02    2.5367344E+00   -2.5367344E+00
 1.5400    8.4111385E-02    2.5067215E+00   -2.5067215E+00
 1.5500    8.2035673E-02    2.4767148E+00   -2.4767148E+00
 1.5600    8.0006586E-02    2.4467230E+00   -2.4467230E+00
 1.5700    7.8023130E-02    2.4167545E+00   -2.4167545E+00
 1.5800    7.6084351E-02    2.3868184E+00   -2.3868184E+00
 1.5900    7.4189335E-02    2.3569241E+00   -2.3569241E+00
 1.6000    7.2337197E-02    2.3270810E+00   -2.3270810E+00
 1.6100    7.0527076E-02    2.2972988E+00   -2.2972988E+00
 1.6200    6.8758120E-02    2.2675866E+00   -2.2675866E+00
 1.6300    6.7029491E-02    2.2379532E+00   -2.2379532E+00
 1.6400    6.5340360E-02    2.2084068E+00   -2.2084068E+00
 1.6500    6.3689920E-02    2.1789560E+00   -2.1789560E+00
 1.6600    6.2077392E-02    2.1496091E+00   -2.1496091E+00
 1.6700    6.0502025E-02    2.1203752E+00   -2.1203752E+00
 1.6800    5.8963101E-02    2.0912634E+00   -2.0912634E+00
 1.6900    5.7459918E-02    2.0622831E+00   -2.0622831E+00
 1.7000    5.5991796E-02    2.0334435E+00   -2.0334435E+00
 1.7100    5.4558068E-02    2.0047539E+00   -2.0047539E+00
 1.7200    5.3158082E-02    1.9762235E+00   -1.9762235E+00
 1.7300    5.1791198E-02    1.9478613E+00   -1.9478613E+00
 1.7400    5.0456782E-02    1.9196759E+00   -1.9196759E+00
 1.7500    4.9154206E-02    1.8916755E+00   -1.8916755E+00
 1.7600    4.7882848E-02    1.8638681E+00   -1.8638681E+00
 1.7700    4.6642101E-02    1.8362614E+00   -1.8362614E+00
 1.7800    4.5431378E-02    1.8088634E+00   -1.8088634E+00
 1.7900    4.4250110E-02    1.7816824E+00   -1.7816824E+00
 1.8000    4.3097735E-02    1.7547261E+00   -1.7547261E+00
 1.8100    4.1973690E-02    1.7280017E+00   -1.7280017E+00
 1.8200    4.0877403E-02    1.7015156E+00   -1.7015156E+00
 1.8300    3.9808302E-02    1.6752734E+00   -1.6752734E+00
 1.8400    3.8765826E-02    1.6492806E+00   -1.6492806E+00
 1.8500    3.7749438E-02    1.6235430E+00   -1.6235430E+00
 1.8600    3.6758611E-02    1.5980665E+00   -1.5980665E+00
 1.8700    3.5792823E-02    1.5728563E+00   -1.5728563E+00
 1.8800    3.4851536E-02    1.5479163E+00   -1.5479163E+00
 1.8900    3.3934200E-02    1.5232497E+00   -1.5232497E+00
 1.9000    3.3040268E-02    1.4988585E+00   -1.4988585E+00
 1.9100    3.2169205E-02    1.4747450E+00   -1.4747450E+00
 1.9200    3.1320493E-02    1.4509114E+00   -1.4509114E+00
 1.9300    3.0493621E-02    1.4273599E+00   -1.4273599E+00
 1.9400    2.9688084E-02    1.4040918E+00   -1.4040918E+00
 1.9500    2.8903373E-02    1.3811079E+00   -1.3811079E+00
 1.9600    2.8138983E-02    1.3584086E+00   -1.3584086E+00
 1.9700    2.7394418E-02    1.3359936E+00   -1.3359936E+00
 1.9800    2.6669194E-02    1.3138632E+00   -1.3138632E+00
 1.9900    2.5962849E-02    1.2920174E+00   -1.2920174E+00
 2.0000    2.5274932E-02    1.2704567E+00   -1.2704567E+00
 2.0100    2.4605005E-02    1.2491812E+00   -1.2491812E+00
 2.0200    2.3952630E-02    1.2281907E+00   -1.2281907E+00
 2.0300    2.3317366E-02    1.2074841E+00   -1.2074841E+00
 2.0400    2.2698775E-02    1.1870598E+00   -1.1870598E+00
 2.0500    2.2096422E-02    1.1669159E+00   -1.1669159E+00
 2.0600    2.1509886E-02    1.1470502E+00   -1.1470502E+00
 2.0700    2.0938760E-02    1.1274610E+00   -1.1274610E+00
 2.0800    2.0382653E-02    1.1081467E+00   -1.1081467E+00
 2.0900    1.9841184E-02    1.0891057E+00   -1.0891057E+00
 2.1000    1.9313977E-02    1.0703361E+00   -1.0703361E+00
 2.1100    1.8800658E-02    1.0518355E+00   -1.0518355E+00
 2.1200    1.8300859E-02    1.0336013E+00   -1.0336013E+00
 2.1300    1.7814222E-02    1.0156309E+00   -1.0156309E+00
 2.1400    1.7340405E-02    9.9792214E-01   -9.9792214E-01
 2.1500    1.6879086E-02    9.8047318E-01   -9.8047318E-01
 2.1600    1.6429959E-02    9.6328287E-01   -9.6328287E-01
 2.1700    1.5992732E-02    9.4635046E-01   -9.4635046E-01
 2.1800    1.5567128E-02    9.2967544E-01   -9.2967544E-01
 2.1900    1.5152871E-02    9.1325701E-01   -9.1325701E-01
 2.2000    1.4749679E-02    8.9709366E-01   -8.9709366E-01
 2.2100    1.4357263E-02    8.8118290E-01   -8.8118290E-01
 2.2200    1.3975329E-02    8.6552146E-01   -8.6552146E-01
 2.2300    1.3603586E-02    8.5010584E-01   -8.5010584E-01
 2.2400    1.3241757E-02    8.3493278E-01   -8.3493278E-01
 2.2500    1.2889579E-02    8.1999960E-01   -8.1999960E-01
 2.2600    1.2546806E-02    8.0530412E-01   -8.0530412E-01
 2.2700    1.2213200E-02    7.9084443E-01   -7.9084443E-01
 2.2800    1.1888534E-02    7.7661875E-01   -7.7661875E-01
 2.2900    1.1572585E-02    7.6262528E-01   -7.6262528E-01
 2.3000    1.1265135E-02    7.4886224E-01   -7.4886224E-01
 2.3100    1.0965972E-02    7.3532777E-01   -7.3532777E-01
 2.3200    1.0674888E-02    7.2201990E-01   -7.2201990E-01
 2.3300    1.0391677E-02    7.0893652E-01   -7.0893652E-01
 2.3400    1.0116137E-02    6.9607537E-01   -6.9607537E-01
 2.3500    9.8480659E-03    6.8343393E-01   -6.8343393E-01
 2.3600    9.5872614E-03    6.7100915E-01   -6.7100915E-01
 2.3700    9.3335173E-03    6.5879743E-01   -6.5879743E-01
 2.3800    9.0866290E-03    6.4679488E-01   -6.4679488E-01
 2.3900    8.8464011E-03    6.3499791E-01   -6.3499791E-01
 2.4000    8.6126531E-03    6.2340360E-01   -6.2340360E-01
 2.4100    8.3852180E-03    6.1200971E-01   -6.1200971E-01
 2.4200    8.1639356E-03    6.0081417E-01   -6.0081417E-01
 2.4300    7.9486450E-03    5.8981459E-01   -5.8981459E-01
 2.4400    7.7391822E-03    5.7900803E-01   -5.7900803E-01
 2.4500    7.5353828E-03    5.6839121E-01   -5.6839121E-01
 2.4600    7.3370850E-03    5.5796072E-01   -5.5796072E-01
 2.4700    7.1441308E-03    5.4771315E-01   -5.4771315E-01
 2.4800    6.9563663E-03    5.3764507E-01   -5.3764507E-01
 2.4900    6.7736429E-03    5.2775317E-01   -5.2775317E-01
 2.5000    6.5958201E-03    5.1803450E-01   -5.1803450E-01
 2.5100    6.4227674E-03    5.0848659E-01   -5.0848659E-01
 2.5200    6.2543623E-03    4.9910737E-01   -4.9910737E-01
 2.5300    6.0904845E-03    4.8989471E-01   -4.8989471E-01
 2.5400    5.9310113E-03    4.8084604E-01   -4.8084604E-01
 2.5500    5.7758160E-03    4.7195824E-01   -4.7195824E-01
 2.5600    5.6247709E-03    4.6322782E-01   -4.6322782E-01
 2.5700    5.4777530E-03    4.5465143E-01   -4.5465143E-01
 2.5800    5.3346496E-03    4.4622631E-01   -4.4622631E-01
 2.5900    5.1953584E-03    4.3795038E-01   -4.3795038E-01
 2.6000    5.0597842E-03    4.2982191E-01   -4.2982191E-01
 2.6100    4.9278317E-03    4.2183902E-01   -4.2183902E-01
 2.6200    4.7994038E-03    4.1399942E-01   -4.1399942E-01
 2.6300    4.6744039E-03    4.0630072E-01   -4.0630072E-01
 2.6400    4.5527418E-03    3.9874085E-01   -3.9874085E-01
 2.6500    4.4343353E-03    3.9131829E-01   -3.9131829E-01
 2.6600    4.3191052E-03    3.8403156E-01   -3.8403156E-01
 2.6700    4.2069663E-03    3.7687855E-01   -3.7687855E-01
 2.6800    4.0978242E-03    3.6985609E-01   -3.6985609E-01
 2.6900    3.9915799E-03    3.6296041E-01   -3.6296041E-01
 2.7000    3.8881404E-03    3.5618804E-01   -3.5618804E-01
 2.7100    3.7874260E-03    3.4953656E-01   -3.4953656E-01
 2.7200    3.6893704E-03    3.4300459E-01   -3.4300459E-01
 2.7300    3.5939141E-03    3.3659127E-01   -3.3659127E-01
 2.7400    3.5009963E-03    3.3029549E-01   -3.3029549E-01
 2.7500    3.4105520E-03    3.2411559E-01   -3.2411559E-01
 2.7600    3.3225145E-03    3.1804964E-01   -3.1804964E-01
 2.7700    3.2368204E-03    3.1209586E-01   -3.1209586E-01
 2.7800    3.1534111E-03    3.0625278E-01   -3.0625278E-01
 2.7900    3.0722295E-03    3.0051900E-01   -3.0051900E-01
 2.8000    2.9932167E-03    2.9489274E-01   -2.9489274E-01
 2.8100    2.9163087E-03    2.8937166E-01   -2.8937166E-01
 2.8200    2.8414389E-03    2.8395296E-01   -2.8395296E-01
 2.8300    2.7685414E-03    2.7863377E-01   -2.7863377E-01
 2.8400    2.6975558E-03    2.7341162E-01   -2.7341162E-01
 2.8500    2.6284305E-03    2.6828480E-01   -2.6828480E-01
 2.8600    2.5611242E-03    2.6325254E-01   -2.6325254E-01
 2.8700    2.4956038E-03    2.5831480E-01   -2.5831480E-01
 2.8800    2.4318383E-03    2.5347173E-01   -2.5347173E-01
 2.8900    2.3697901E-03    2.4872271E-01   -2.4872271E-01
 2.9000    2.3094085E-03    2.4406563E-01   -2.4406563E-01
 2.9100    2.2506305E-03    2.3949699E-01   -2.3949699E-01
 2.9200    2.1933913E-03    2.3501289E-01   -2.3501289E-01
 2.9300    2.1376375E-03    2.3061055E-01   -2.3061055E-01
 2.9400    2.0833344E-03    2.2628903E-01   -2.2628903E-01
 2.9500    2.0304603E-03    2.2204878E-01   -2.2204878E-01
 2.9600    1.9789930E-03    2.1789013E-01   -2.1789013E-01
 2.9700    1.9288968E-03    2.1381184E-01   -2.1381184E-01
 2.9800    1.8801205E-03    2.0981092E-01   -2.0981092E-01
 2.9900    1.8326079E-03    2.0588362E-01   -2.0588362E-01
 3.0000    1.7863106E-03    2.0202697E-01   -2.0202697E-01
 3.0100    1.7411945E-03    1.9823947E-01   -1.9823947E-01
 3.0200    1.6972351E-03    1.9452067E-01   -1.9452067E-01
 3.0300    1.6544087E-03    1.9087011E-01   -1.9087011E-01
 3.0400    1.6126861E-03    1.8728667E-01   -1.8728667E-01
 3.0500    1.5720343E-03    1.8376871E-01   -1.8376871E-01
 3.0600    1.5324222E-03    1.8031471E-01   -1.8031471E-01
 3.0700    1.4938241E-03    1.7692373E-01   -1.7692373E-01
 3.0800    1.4562183E-03    1.7359523E-01   -1.7359523E-01
 3.0900    1.4195821E-03    1.7032850E-01   -1.7032850E-01
 3.1000    1.3838882E-03    1.6712225E-01   -1.6712225E-01
 3.1100    1.3491063E-03    1.6397469E-01   -1.6397469E-01
 3.1200    1.3152074E-03    1.6088416E-01   -1.6088416E-01
 3.1300    1.2821686E-03    1.5784966E-01   -1.5784966E-01
 3.1400    1.2499736E-03    1.5487096E-01   -1.5487096E-01
 3.1500    1.2186097E-03    1.5194821E-01   -1.5194821E-01
 3.1600    1.1880623E-03    1.4908133E-01   -1.4908133E-01
 3.1700    1.1583121E-03    1.4626956E-01   -1.4626956E-01
 3.1800    1.1293336E-03    1.4351138E-01   -1.4351138E-01
 3.1900    1.1010982E-03    1.4080475E-01   -1.4080475E-01
 3.2000    1.0735780E-03    1.3814762E-01   -1.3814762E-01
 3.2100    1.0467495E-03    1.3553851E-01   -1.3553851E-01
 3.2200    1.0205964E-03    1.3297673E-01   -1.3297673E-01
 3.2300    9.9510731E-04    1.3046224E-01   -1.3046224E-01
 3.2400    9.7027249E-04    1.2799518E-01   -1.2799518E-01
 3.2500    9.4607933E-04    1.2557528E-01   -1.2557528E-01
 3.2600    9.2251000E-04    1.2320154E-01   -1.2320154E-01
 3.2700    8.9954263E-04    1.2087239E-01   -1.2087239E-01
 3.2800    8.7715599E-04    1.1858626E-01   -1.1858626E-01
 3.2900    8.5533544E-04    1.1634243E-01   -1.1634243E-01
 3.3000    8.3407521E-04    1.1414134E-01   -1.1414134E-01
 3.3100    8.1337406E-04    1.1198405E-01   -1.1198405E-01
 3.3200    7.9322640E-04    1.0987103E-01   -1.0987103E-01
 3.3300    7.7361546E-04    1.0780117E-01   -1.0780117E-01
 3.3400    7.5451417E-04    1.0577187E-01   -1.0577187E-01
 3.3500    7.3589325E-04    1.0378015E-01   -1.0378015E-01
 3.3600    7.1773011E-04    1.0182387E-01   -1.0182387E-01
 3.3700    7.0001209E-04    9.9902235E-02   -9.9902235E-02
 3.3800    6.8273227E-04    9.8015260E-02   -9.8015260E-02
 3.3900    6.6588305E-04    9.6162827E-02   -9.6162827E-02
 3.4000    6.4945327E-04    9.4344287E-02   -9.4344287E-02
 3.4100    6.3343075E-04    9.2558810E-02   -9.2558810E-02
 3.4200    6.1780657E-04    9.0806012E-02   -9.0806012E-02
 3.4300    6.0257616E-04    8.9086121E-02   -8.9086121E-02
 3.4400    5.8773577E-04    8.7399485E-02   -8.7399485E-02
 3.4500    5.7327786E-04    8.5745873E-02   -8.5745873E-02
 3.4600    5.5918955E-04    8.4124231E-02   -8.4124231E-02
 3.4700    5.4545545E-04    8.2533088E-02   -8.2533088E-02
 3.4800    5.3206191E-04    8.0971189E-02   -8.0971189E-02
 3.4900    5.1899898E-04    7.9437802E-02   -7.9437802E-02
 3.5000    5.0625918E-04    7.7932546E-02   -7.7932546E-02
 3.5100    4.9383475E-04    7.6454974E-02   -7.6454974E-02
 3.5200    4.8171544E-04    7.5004230E-02   -7.5004230E-02
 3.5300    4.6988828E-04    7.3579002E-02   -7.3579002E-02
 3.5400    4.5833966E-04    7.2177830E-02   -7.2177830E-02
 3.5500    4.4705912E-04    7.0799719E-02   -7.0799719E-02
 3.5600    4.3604307E-04    6.9444722E-02   -6.9444722E-02
 3.5700    4.2529518E-04    6.8114059E-02   -6.8114059E-02
 3.5800    4.1482256E-04    6.6809510E-02   -6.6809510E-02
 3.5900    4.0462925E-04    6.5532394E-02   -6.5532394E-02
 3.6000    3.9471144E-04    6.4282769E-02   -6.4282769E-02
 3.6100    3.8505740E-04    6.3059386E-02   -6.3059386E-02
 3.6200    3.7565134E-04    6.1860289E-02   -6.1860289E-02
 3.6300    3.6647796E-04    6.0683549E-02   -6.0683549E-02
 3.6400    3.5752476E-04    5.9527653E-02   -5.9527653E-02
 3.6500    3.4878168E-04    5.8391451E-02   -5.8391451E-02
 3.6600    3.4023964E-04    5.7273925E-02   -5.7273925E-02
 3.6700    3.3189029E-04    5.6174155E-02   -5.6174155E-02
 3.6800    3.2372816E-04    5.5091676E-02   -5.5091676E-02
 3.6900    3.1575414E-04    5.4027099E-02   -5.4027099E-02
 3.7000    3.0797717E-04    5.2982425E-02   -5.2982425E-02
 3.7100    3.0041084E-04    5.1960495E-02   -5.1960495E-02
 3.7200    2.9306493E-04    5.0963540E-02   -5.0963540E-02
 3.7300    2.8593672E-04    4.9991648E-02   -4.9991648E-02
 3.7400    2.7900888E-04    4.9042331E-02   -4.9042331E-02
 3.7500    2.7225625E-04    4.8111650E-02   -4.8111650E-02
 3.7600    2.6565696E-04    4.7196169E-02   -4.7196169E-02
 3.7700    2.5920031E-04    4.6294359E-02   -4.6294359E-02
 3.7800    2.5288679E-04    4.5406666E-02   -4.5406666E-02
 3.7900    2.4672221E-04    4.4534494E-02   -4.4534494E-02
 3.8000    2.4071127E-04    4.3679079E-02   -4.3679079E-02
 3.8100    2.3485466E-04    4.2840940E-02   -4.2840940E-02
 3.8200    2.2914959E-04    4.2019963E-02   -4.2019963E-02
 3.8300    2.2359124E-04    4.1215653E-02   -4.1215653E-02
 3.8400    2.1817321E-04    4.0427207E-02   -4.0427207E-02
 3.8500    2.1288740E-04    3.9653477E-02   -3.9653477E-02
 3.8600    2.0772490E-04    3.8893143E-02   -3.8893143E-02
 3.8700    2.0267855E-04    3.8145172E-02   -3.8145172E-02
 3.8800    1.9774551E-04    3.7409332E-02   -3.7409332E-02
 3.8900    1.9292776E-04    3.6686289E-02   -3.6686289E-02
 3.9000    1.8822938E-04    3.5977129E-02   -3.5977129E-02
 3.9100    1.8365265E-04    3.5282599E-02   -3.5282599E-02
 3.9200    1.7919553E-04    3.4602636E-02   -3.4602636E-02
 3.9300    1.7485240E-04    3.3936462E-02   -3.3936462E-02
 3.9400    1.7061631E-04    3.3283029E-02   -3.3283029E-02
 3.9500    1.6648057E-04    3.2641312E-02   -3.2641312E-02
 3.9600    1.6243876E-04    3.2010311E-02   -3.2010311E-02
 3.9700    1.5848430E-04    3.1388974E-02   -3.1388974E-02
 3.9800    1.5461127E-04    3.0776354E-02   -3.0776354E-02
 3.9900    1.5081624E-04    3.0171977E-02   -3.0171977E-02
 4.0000    1.4709953E-04    2.9576116E-02   -2.9576116E-02
 4.0100    1.4346470E-04    2.8989697E-02   -2.8989697E-02
 4.0200    1.3991682E-04    2.8413969E-02   -2.8413969E-02
 4.0300    1.3646087E-04    2.7850185E-02   -2.7850185E-02
 4.0400    1.3310081E-04    2.7299413E-02   -2.7299413E-02
 4.0500    1.2983856E-04    2.6762309E-02   -2.6762309E-02
 4.0600    1.2667262E-04    2.6238843E-02   -2.6238843E-02
 4.0700    1.2359788E-04    2.5728219E-02   -2.5728219E-02
 4.0800    1.2060739E-04    2.5229237E-02   -2.5229237E-02
 4.0900    1.1769513E-04    2.4740870E-02   -2.4740870E-02
 4.1000    1.1485733E-04    2.4262542E-02   -2.4262542E-02
 4.1100    1.1209132E-04    2.3793893E-02   -2.3793893E-02
 4.1200    1.0939347E-04    2.3334349E-02   -2.3334349E-02
 4.1300    1.0675845E-04    2.2882961E-02   -2.2882961E-02
 4.1400    1.0418064E-04    2.2438693E-02   -2.2438693E-02
 4.1500    1.0165609E-04    2.2000850E-02   -2.2000850E-02
 4.1600    9.9183405E-05    2.1569275E-02   -2.1569275E-02
 4.1700    9.6762849E-05    2.1144169E-02   -2.1144169E-02
 4.1800    9.4394886E-05    2.0725781E-02   -2.0725781E-02
 4.1900    9.2079854E-05    2.0314331E-02   -2.0314331E-02
 4.2000    8.9819104E-05    1.9910271E-02   -1.9910271E-02
 4.2100    8.7615809E-05    1.9514460E-02   -1.9514460E-02
 4.2200    8.5473498E-05    1.9127854E-02   -1.9127854E-02
 4.2300    8.3393109E-05    1.8750842E-02   -1.8750842E-02
 4.2400    8.1371527E-05    1.8382901E-02   -1.8382901E-02
 4.2500    7.9403274E-05    1.8022961E-02   -1.8022961E-02
 4.2600    7.7483683E-05    1.7670113E-02   -1.7670113E-02
 4.2700    7.5610726E-05    1.7324034E-02   -1.7324034E-02
 4.2800    7.3784586E-05    1.6984902E-02   -1.6984902E-02
 4.2900    7.2006188E-05    1.6653069E-02   -1.6653069E-02
 4.3000    7.0275784E-05    1.6328733E-02   -1.6328733E-02
 4.3100    6.8591681E-05    1.6011641E-02   -1.6011641E-02
 4.3200    6.6949072E-05    1.5700805E-02   -1.5700805E-02
 4.3300    6.5339893E-05    1.5394446E-02   -1.5394446E-02
 4.3400    6.3755008E-05    1.5090500E-02   -1.5090500E-02
 4.3500    6.2188775E-05    1.4787691E-02   -1.4787691E-02
 4.3600    6.0643410E-05    1.4486600E-02   -1.4486600E-02
 4.3700    5.9129188E-05    1.4189747E-02   -1.4189747E-02
 4.3800    5.7658970E-05    1.3900325E-02   -1.3900325E-02
 4.3900    5.6240659E-05    1.3620383E-02   -1.3620383E-02
 4.4000    5.4873597E-05    1.3349920E-02   -1.3349920E-02
 4.4100    5.3551293E-05    1.3087509E-02   -1.3087509E-02
 4.4200    5.2266922E-05    1.2831615E-02   -1.2831615E-02
 4.4300    5.1016374E-05    1.2581340E-02   -1.2581340E-02
 4.4400    4.9797462E-05    1.2336246E-02   -1.2336246E-02
 4.4500    4.8608079E-05    1.2095904E-02   -1.2095904E-02
 4.4600    4.7446070E-05    1.1859867E-02   -1.1859867E-02
 4.4700    4.6310403E-05    1.1627958E-02   -1.1627958E-02
 4.4800    4.5201432E-05    1.1400347E-02   -1.1400347E-02
 4.4900    4.4119443E-05    1.1177188E-02   -1.1177188E-02
 4.5000    4.3063062E-05    1.0958214E-02   -1.0958214E-02
 4.5100    4.2029359E-05    1.0742756E-02   -1.0742756E-02
 4.5200    4.1015479E-05    1.0530149E-02   -1.0530149E-02
 4.5300    4.0020059E-05    1.0320102E-02   -1.0320102E-02
 4.5400    3.9043239E-05    1.0112707E-02   -1.0112707E-02
 4.5500    3.8085747E-05    9.9082085E-03   -9.9082085E-03
 4.5600    3.7148293E-05    9.7068520E-03   -9.7068520E-03
 4.5700    3.6231673E-05    9.5089082E-03   -9.5089082E-03
 4.5800    3.5336949E-05    9.3147215E-03   -9.3147215E-03
 4.5900    3.4465012E-05    9.1245964E-03   -9.1245964E-03
 4.6000    3.3615771E-05    8.9385816E-03   -8.9385816E-03
 4.6100    3.2787886E-05    8.7563908E-03   -8.7563908E-03
 4.6200    3.1979588E-05    8.5776175E-03   -8.5776175E-03
 4.6300    3.1190111E-05    8.4021177E-03   -8.4021177E-03
 4.6400    3.0420536E-05    8.2302434E-03   -8.2302434E-03
 4.6500    2.9673256E-05    8.0627088E-03   -8.0627088E-03
 4.6600    2.8950409E-05    7.9001695E-03   -7.9001695E-03
 4.6700    2.8252400E-05    7.7428166E-03   -7.7428166E-03
 4.6800    2.7577494E-05    7.5902549E-03   -7.5902549E-03
 4.6900    2.6922629E-05    7.4417147E-03   -7.4417147E-03
 4.7000    2.6284743E-05    7.2964115E-03   -7.2964115E-03
 4.7100    2.5661622E-05    7.1537832E-03   -7.1537832E-03
 4.7200    2.5051799E-05    7.0134674E-03   -7.0134674E-03
 4.7300    2.4453860E-05    6.8751085E-03   -6.8751085E-03
 4.7400    2.3865905E-05    6.7382086E-03   -6.7382086E-03
 4.7500    2.3285726E-05    6.6021725E-03   -6.6021725E-03
 4.7600    2.2711784E-05    6.4665856E-03   -6.4665856E-03
 4.7700    2.2144669E-05    6.3316341E-03   -6.3316341E-03
 4.7800    2.1588016E-05    6.1983827E-03   -6.1983827E-03
 4.7900    2.1047525E-05    6.0685080E-03   -6.0685080E-03
 4.8000    2.0527740E-05    5.9433797E-03   -5.9433797E-03
 4.8100    2.0028491E-05    5.8230195E-03   -5.8230195E-03
 4.8200    1.9543903E-05    5.7057829E-03   -5.7057829E-03
 4.8300    1.9065070E-05    5.5891085E-03   -5.5891085E-03
 4.8400    1.8584432E-05    5.4707880E-03   -5.4707880E-03
 4.8500    1.8098880E-05    5.3498922E-03   -5.3498922E-03
 4.8600    1.7610513E-05    5.2270231E-03   -5.2270231E-03
 4.8700    1.7126185E-05    5.1042085E-03   -5.1042085E-03
 4.8800    1.6656632E-05    4.9846734E-03   -4.9846734E-03
 4.8900    1.6214122E-05    4.8721541E-03   -4.8721541E-03
 4.9000    1.5807619E-05    4.7694521E-03   -4.7694521E-03
 4.9100    1.5437682E-05    4.6768660E-03   -4.6768660E-03
 4.9200    1.5095428E-05    4.5918268E-03   -4.5918268E-03
 4.9300    1.4767220E-05    4.5102690E-03   -4.5102690E-03
 4.9400    1.4441295E-05    4.4286351E-03   -4.4286351E-03
 4.9500    1.4110914E-05    4.3448561E-03   -4.3448561E-03
 4.9600    1.3772807E-05    4.2579021E-03   -4.2579021E-03
 4.9700    1.3424925E-05    4.1671057E-03   -4.1671057E-03
 4.9800    1.3067661E-05    4.0725498E-03   -4.0725498E-03
 4.9900    1.2707632E-05    3.9762674E-03   -3.9762674E-03
 5.0000    1.2358697E-05    3.8825992E-03   -3.8825992E-03
 5.0100    1.2036505E-05    3.7965203E-03   -3.7965203E-03
 5.0200    1.1749431E-05    3.7207811E-03   -3.7207811E-03
 5.0300    1.1493124E-05    3.6541295E-03   -3.6541295E-03
 5.0400    1.1253153E-05    3.5920730E-03   -3.5920730E-03
 5.0500    1.1013320E-05    3.5294811E-03   -3.5294811E-03
 5.0600    1.0763481E-05    3.4630889E-03   -3.4630889E-03
 5.0700    1.0502678E-05    3.3925467E-03   -3.3925467E-03
 5.0800    1.0237605E-05    3.3199813E-03   -3.3199813E-03
 5.0900    9.9785107E-06    3.2487116E-03   -3.2487116E-03
 5.1000    9.7343908E-06    3.1816983E-03   -3.1816983E-03
 5.1100    9.5088288E-06    3.1201731E-03   -3.1201731E-03
 5.1200    9.2980810E-06    3.0629726E-03   -3.0629726E-03
 5.1300    9.0927283E-06    3.0070373E-03   -3.0070373E-03
 5.1400    8.8824830E-06    2.9489709E-03   -2.9489709E-03
 5.1500    8.6614731E-06    2.8867959E-03   -2.8867959E-03
 5.1600    8.4308149E-06    2.8208424E-03   -2.8208424E-03
 5.1700    8.1973108E-06    2.7533559E-03   -2.7533559E-03
 5.1800    7.9698269E-06    2.6873131E-03   -2.6873131E-03
 5.1900    7.7558374E-06    2.6252657E-03   -2.6252657E-03
 5.2000    7.5594772E-06    2.5686700E-03   -2.5686700E-03
 5.2100    7.3810128E-06    2.5176843E-03   -2.5176843E-03
 5.2200    7.2172861E-06    2.4712962E-03   -2.4712962E-03
 5.2300    7.0629828E-06    2.4277356E-03   -2.4277356E-03
 5.2400    6.9124883E-06    2.3851014E-03   -2.3851014E-03
 5.2500    6.7615995E-06    2.3419516E-03   -2.3419516E-03
 5.2600    6.6082967E-06    2.2975813E-03   -2.2975813E-03
 5.2700    6.4524998E-06    2.2519518E-03   -2.2519518E-03
 5.2800    6.2954818E-06    2.2054981E-03   -2.2054981E-03
 5.2900    6.1395175E-06    2.1590140E-03   -2.1590140E-03
 5.3000    5.9875817E-06    2.1135526E-03   -2.1135526E-03
 5.3100    5.8425375E-06    2.0701433E-03   -2.0701433E-03
 5.3200    5.7058391E-06    2.0293299E-03   -2.0293299E-03
 5.3300    5.5766412E-06    1.9908429E-03   -1.9908429E-03
 5.3400    5.4522027E-06    1.9537292E-03   -1.9537292E-03
 5.3500    5.3294431E-06    1.9168991E-03   -1.9168991E-03
 5.3600    5.2065205E-06    1.8796934E-03   -1.8796934E-03
 5.3700    5.0833796E-06    1.8420905E-03   -1.8420905E-03
 5.3800    4.9611643E-06    1.8045047E-03   -1.8045047E-03
 5.3900    4.8411747E-06    1.7674134E-03   -1.7674134E-03
 5.4000    4.7240517E-06    1.7310596E-03   -1.7310596E-03
 5.4100    4.6094511E-06    1.6953275E-03   -1.6953275E-03
 5.4200    4.4962316E-06    1.6598052E-03   -1.6598052E-03
 5.4300    4.3831466E-06    1.6240355E-03   -1.6240355E-03
 5.4400    4.2697736E-06    1.5878611E-03   -1.5878611E-03
 5.4500    4.1570176E-06    1.5516177E-03   -1.5516177E-03
 5.4600    4.0466555E-06    1.5159727E-03   -1.5159727E-03
 5.4700    3.9402027E-06    1.4815049E-03   -1.4815049E-03
 5.4800    3.8380319E-06    1.4483701E-03   -1.4483701E-03
 5.4900    3.7393956E-06    1.4163023E-03   -1.4163023E-03
 5.5000    3.6431148E-06    1.3848671E-03   -1.3848671E-03
 5.5100    3.5481768E-06    1.3536872E-03   -1.3536872E-03
 5.5200    3.4538109E-06    1.3224723E-03   -1.3224723E-03
 5.5300    3.3592764E-06    1.2909394E-03   -1.2909394E-03
 5.5400    3.2638671E-06    1.2588149E-03   -1.2588149E-03
 5.5500    3.1673126E-06    1.2259895E-03   -1.2259895E-03
 5.5600    3.0702727E-06    1.1927142E-03   -1.1927142E-03
 5.5700    2.9744639E-06    1.1596554E-03   -1.1596554E-03
 5.5800    2.8821976E-06    1.1277219E-03   -1.1277219E-03
 5.5900    2.7955179E-06    1.0977306E-03   -1.0977306E-03
 5.6000    2.7154417E-06    1.0701050E-03   -1.0701050E-03
 5.6100    2.6418330E-06    1.0448187E-03   -1.0448187E-03
 5.6200    2.5740450E-06    1.0216417E-03   -1.0216417E-03
 5.6300    2.5117877E-06    1.0004827E-03   -1.0004827E-03
 5.6400    2.4553541E-06    9.8148171E-04   -9.8148171E-04
 5.6500    2.4048942E-06    9.6472322E-04   -9.6472322E-04
 5.6600    2.3593914E-06    9.4982309E-04   -9.4982309E-04
 5.6700    2.3163191E-06    9.3578131E-04   -9.3578131E-04
 5.6800    2.2722910E-06    9.2123511E-04   -9.2123511E-04
 5.6900    2.2242041E-06    9.0491758E-04   -9.0491758E-04
 5.7000    2.1701381E-06    8.8602696E-04   -8.8602696E-04
 5.7100    2.1095434E-06    8.6431200E-04   -8.6431200E-04
 5.7200    2.0426784E-06    8.3985038E-04   -8.3985038E-04
 5.7300    1.9698385E-06    8.1273643E-04   -8.1273643E-04
 5.7400    1.8913853E-06    7.8309356E-04   -7.8309356E-04
 5.7500    1.8091503E-06    7.5165787E-04   -7.5165787E-04
 5.7600    1.7282124E-06    7.2052981E-04   -7.2052981E-04
 5.7700    1.6567265E-06    6.9312621E-04   -6.9312621E-04
 5.7800    1.6024220E-06    6.7273253E-04   -6.7273253E-04
 5.7900    1.5675586E-06    6.6037522E-04   -6.6037522E-04
 5.8000    1.5464831E-06    6.5374898E-04   -6.5374898E-04
 5.8100    1.5283917E-06    6.4833103E-04   -6.4833103E-04
 5.8200    1.5034812E-06    6.3996148E-04   -6.3996148E-04
 5.8300    1.4678318E-06    6.2693610E-04   -6.2693610E-04
 5.8400    1.4239019E-06    6.1026102E-04   -6.1026102E-04
 5.8500    1.3773876E-06    5.9234914E-04   -5.9234914E-04
 5.8600    1.3334819E-06    5.7542962E-04   -5.7542962E-04
 5.8700    1.2948698E-06    5.6067624E-04   -5.6067624E-04
 5.8800    1.2617771E-06    5.4821027E-04   -5.4821027E-04
 5.8900    1.2330185E-06    5.3753910E-04   -5.3753910E-04
 5.9000    1.2068812E-06    5.2793249E-04   -5.2793249E-04
 5.9100    1.1814715E-06    5.1857084E-04   -5.1857084E-04
 5.9200    1.1550173E-06    5.0867659E-04   -5.0867659E-04
 5.9300    1.1266545E-06    4.9786320E-04   -4.9786320E-04
 5.9400    1.0973319E-06    4.8654249E-04   -4.8654249E-04
 5.9500    1.0697588E-06    4.7591531E-04   -4.7591531E-04
 5.9600    1.0469808E-06    4.6734877E-04   -4.6734877E-04
 5.9700    1.0306175E-06    4.6158962E-04   -4.6158962E-04
 5.9800    1.0202139E-06    4.5846214E-04   -4.5846214E-04
 5.9900    1.0139731E-06    4.5718284E-04   -4.5718284E-04
 6.0000    1.0099331E-06    4.5688297E-04   -4.5688297E-04
