# total charge: 5.000000 
# r(A)     rho (e/A^3)     4*pi*r^2*rho(e/A)  dip  
 0.0000   -3.7642043E-01   -0.0000000E+00    3.9894228E+01
 0.0100   -3.7543039E-01   -4.7177974E-04    3.9695727E+01
 0.0200   -3.7417966E-01   -1.8808321E-03    3.9106150E+01
 0.0300   -3.7261581E-01   -4.2141855E-03    3.8142996E+01
 0.0400   -3.7068309E-01   -7.4530257E-03    3.6834467E+01
 0.0500   -3.6832030E-01   -1.1571124E-02    3.5218104E+01
 0.0600   -3.6545961E-01   -1.6533003E-02    3.3338993E+01
 0.0700   -3.6203217E-01   -2.2292209E-02    3.1247686E+01
 0.0800   -3.5798180E-01   -2.8790604E-02    2.8997946E+01
 0.0900   -3.5327870E-01   -3.5959392E-02    2.6644484E+01
 0.1000   -3.4792362E-01   -4.3721371E-02    2.4240794E+01
 0.1100   -3.4194014E-01   -5.1993054E-02    2.1837211E+01
 0.1200   -3.3536168E-01   -6.0685619E-02    1.9479291E+01
 0.1300   -3.2822064E-01   -6.9704764E-02    1.7206564E+01
 0.1400   -3.2054383E-01   -7.8950221E-02    1.5051697E+01
 0.1500   -3.1235294E-01   -8.8315713E-02    1.3040075E+01
 0.1600   -3.0366784E-01   -9.7689667E-02    1.1189773E+01
 0.1700   -2.9450939E-01   -1.0695642E-01    9.5118642E+00
 0.1800   -2.8490016E-01   -1.1599722E-01    8.0110130E+00
 0.1900   -2.7486265E-01   -1.2469034E-01    6.6862718E+00
 0.2000   -2.6441693E-01   -1.3291045E-01    5.5320071E+00
 0.2100   -2.5357968E-01   -1.4052801E-01    4.5388876E+00
 0.2200   -2.4236554E-01   -1.4740971E-01    3.6948690E+00
 0.2300   -2.3078968E-01   -1.5341998E-01    2.9861238E+00
 0.2400   -2.1886960E-01   -1.5842284E-01    2.3978759E+00
 0.2500   -2.0662561E-01   -1.6228338E-01    1.9151134E+00
 0.2600   -1.9408014E-01   -1.6486848E-01    1.5231654E+00
 0.2700   -1.8125655E-01   -1.6604703E-01    1.2081405E+00
 0.2800   -1.6817821E-01   -1.6568975E-01    9.5723491E-01
 0.2900   -1.5486773E-01   -1.6366914E-01    7.5892238E-01
 0.3000   -1.4134698E-01   -1.5985967E-01    6.0304451E-01
 0.3100   -1.2763746E-01   -1.5413860E-01    4.8082051E-01
 0.3200   -1.1376091E-01   -1.4638713E-01    3.8479595E-01
 0.3300   -9.9739668E-02   -1.3649152E-01    3.0874841E-01
 0.3400   -8.5596574E-02   -1.2434378E-01    2.4756570E-01
 0.3500   -7.1354671E-02   -1.0984198E-01    1.9711025E-01
 0.3600   -5.7036870E-02   -9.2890339E-02    1.5408053E-01
 0.3700   -4.2665840E-02   -7.3399587E-02    1.1587761E-01
 0.3800   -2.8264048E-02   -5.1287487E-02    8.0482179E-02
 0.3900   -1.3853823E-02   -2.6479435E-02    4.6344982E-02
 0.4000    5.4260969E-04    1.0909815E-03    1.2292041E-02
 0.4100    1.4903169E-02    3.1481557E-02   -2.2555391E-02
 0.4200    2.9205990E-02    6.4741146E-02   -5.8846839E-02
 0.4300    4.3429514E-02    1.0090943E-01   -9.7055909E-02
 0.4400    5.7552555E-02    1.4001670E-01   -1.3752245E-01
 0.4500    7.1554337E-02    1.8208361E-01   -1.8048523E-01
 0.4600    8.5414517E-02    2.2712096E-01   -2.2610687E-01
 0.4700    9.9113205E-02    2.7512946E-01   -2.7449248E-01
 0.4800    1.1263099E-01    3.2609959E-01   -3.2570346E-01
 0.4900    1.2594896E-01    3.8001140E-01   -3.7976750E-01
 0.5000    1.3904873E-01    4.3683447E-01   -4.3668580E-01
 0.5100    1.5191250E-01    4.9652798E-01   -4.9643825E-01
 0.5200    1.6452321E-01    5.5904107E-01   -5.5898746E-01
 0.5300    1.7686458E-01    6.2431313E-01   -6.2428142E-01
 0.5400    1.8892111E-01    6.9227376E-01   -6.9225518E-01
 0.5500    2.0067796E-01    7.6284257E-01   -7.6283180E-01
 0.5600    2.1212093E-01    8.3592909E-01   -8.3592290E-01
 0.5700    2.2323651E-01    9.1143309E-01   -9.1142957E-01
 0.5800    2.3401201E-01    9.8924531E-01   -9.8924334E-01
 0.5900    2.4443570E-01    1.0692482E+00   -1.0692471E+00
 0.6000    2.5449674E-01    1.1513161E+00   -1.1513155E+00
 0.6100    2.6418523E-01    1.2353160E+00   -1.2353157E+00
 0.6200    2.7349205E-01    1.3211069E+00   -1.3211067E+00
 0.6300    2.8240897E-01    1.4085409E+00   -1.4085408E+00
 0.6400    2.9092865E-01    1.4974637E+00   -1.4974637E+00
 0.6500    2.9904472E-01    1.5877156E+00   -1.5877156E+00
 0.6600    3.0675175E-01    1.6791318E+00   -1.6791318E+00
 0.6700    3.1404528E-01    1.7715431E+00   -1.7715431E+00
 0.6800    3.2092171E-01    1.8647765E+00   -1.8647765E+00
 0.6900    3.2737837E-01    1.9586553E+00   -1.9586553E+00
 0.7000    3.3341343E-01    2.0530004E+00   -2.0530004E+00
 0.7100    3.3902598E-01    2.1476304E+00   -2.1476304E+00
 0.7200    3.4421596E-01    2.2423627E+00   -2.2423627E+00
 0.7300    3.4898421E-01    2.3370143E+00   -2.3370143E+00
 0.7400    3.5333241E-01    2.4314021E+00   -2.4314021E+00
 0.7500    3.5726304E-01    2.5253436E+00   -2.5253436E+00
 0.7600    3.6077934E-01    2.6186576E+00   -2.6186576E+00
 0.7700    3.6388524E-01    2.7111638E+00   -2.7111638E+00
 0.7800    3.6658529E-01    2.8026838E+00   -2.8026838E+00
 0.7900    3.6888469E-01    2.8930416E+00   -2.8930416E+00
 0.8000    3.7078923E-01    2.9820640E+00   -2.9820640E+00
 0.8100    3.7230539E-01    3.0695819E+00   -3.0695819E+00
 0.8200    3.7344028E-01    3.1554313E+00   -3.1554313E+00
 0.8300    3.7420163E-01    3.2394533E+00   -3.2394533E+00
 0.8400    3.7459765E-01    3.3214941E+00   -3.3214941E+00
 0.8500    3.7463698E-01    3.4014051E+00   -3.4014051E+00
 0.8600    3.7432863E-01    3.4790431E+00   -3.4790431E+00
 0.8700    3.7368212E-01    3.5542722E+00   -3.5542722E+00
 0.8800    3.7270743E-01    3.6269642E+00   -3.6269642E+00
 0.8900    3.7141505E-01    3.6969993E+00   -3.6969993E+00
 0.9000    3.6981576E-01    3.7642659E+00   -3.7642659E+00
 0.9100    3.6792062E-01    3.8286597E+00   -3.8286597E+00
 0.9200    3.6574082E-01    3.8900838E+00   -3.8900838E+00
 0.9300    3.6328777E-01    3.9484490E+00   -3.9484490E+00
 0.9400    3.6057310E-01    4.0036757E+00   -4.0036757E+00
 0.9500    3.5760873E-01    4.0556940E+00   -4.0556940E+00
 0.9600    3.5440687E-01    4.1044452E+00   -4.1044452E+00
 0.9700    3.5097997E-01    4.1498813E+00   -4.1498813E+00
 0.9800    3.4734067E-01    4.1919650E+00   -4.1919650E+00
 0.9900    3.4350167E-01    4.2306696E+00   -4.2306696E+00
 1.0000    3.3947577E-01    4.2659784E+00   -4.2659784E+00
 1.0100    3.3527579E-01    4.2978852E+00   -4.2978852E+00
 1.0200    3.3091463E-01    4.3263951E+00   -4.3263951E+00
 1.0300    3.2640527E-01    4.3515249E+00   -4.3515249E+00
 1.0400    3.2176077E-01    4.3733036E+00   -4.3733036E+00
 1.0500    3.1699421E-01    4.3917721E+00   -4.3917721E+00
 1.0600    3.1211869E-01    4.4069829E+00   -4.4069829E+00
 1.0700    3.0714724E-01    4.4190004E+00   -4.4190004E+00
 1.0800    3.0209286E-01    4.4279003E+00   -4.4279003E+00
 1.0900    2.9696849E-01    4.4337707E+00   -4.4337707E+00
 1.1000    2.9178700E-01    4.4367113E+00   -4.4367113E+00
 1.1100    2.8656116E-01    4.4368337E+00   -4.4368337E+00
 1.1200    2.8130362E-01    4.4342607E+00   -4.4342607E+00
 1.1300    2.7602673E-01    4.4291245E+00   -4.4291245E+00
 1.1400    2.7074249E-01    4.4215647E+00   -4.4215647E+00
 1.1500    2.6546231E-01    4.4117248E+00   -4.4117248E+00
 1.1600    2.6019667E-01    4.3997458E+00   -4.3997458E+00
 1.1700    2.5495486E-01    4.3857601E+00   -4.3857601E+00
 1.1800    2.4974464E-01    4.3698854E+00   -4.3698854E+00
 1.1900    2.4457221E-01    4.3522206E+00   -4.3522206E+00
 1.2000    2.3944232E-01    4.3328462E+00   -4.3328462E+00
 1.2100    2.3435855E-01    4.3118278E+00   -4.3118278E+00
 1.2200    2.2932365E-01    4.2892205E+00   -4.2892205E+00
 1.2300    2.2433987E-01    4.2650738E+00   -4.2650738E+00
 1.2400    2.1940916E-01    4.2394350E+00   -4.2394350E+00
 1.2500    2.1453328E-01    4.2123510E+00   -4.2123510E+00
 1.2600    2.0971392E-01    4.1838702E+00   -4.1838702E+00
 1.2700    2.0495273E-01    4.1540432E+00   -4.1540432E+00
 1.2800    2.0025136E-01    4.1229236E+00   -4.1229236E+00
 1.2900    1.9561145E-01    4.0905674E+00   -4.0905674E+00
 1.3000    1.9103456E-01    4.0570327E+00   -4.0570327E+00
 1.3100    1.8652221E-01    4.0223793E+00   -4.0223793E+00
 1.3200    1.8207584E-01    3.9866677E+00   -3.9866677E+00
 1.3300    1.7769677E-01    3.9499599E+00   -3.9499599E+00
 1.3400    1.7338627E-01    3.9123181E+00   -3.9123181E+00
 1.3500    1.6914544E-01    3.8738044E+00   -3.8738044E+00
 1.3600    1.6497525E-01    3.8344800E+00   -3.8344800E+00
 1.3700    1.6087656E-01    3.7944057E+00   -3.7944057E+00
 1.3800    1.5685012E-01    3.7536425E+00   -3.7536425E+00
 1.3900    1.5289665E-01    3.7122518E+00   -3.7122518E+00
 1.4000    1.4901674E-01    3.6702951E+00   -3.6702951E+00
 1.4100    1.4521088E-01    3.6278327E+00   -3.6278327E+00
 1.4200    1.4147941E-01    3.5849228E+00   -3.5849228E+00
 1.4300    1.3782251E-01    3.5416211E+00   -3.5416211E+00
 1.4400    1.3424021E-01    3.4979812E+00   -3.4979812E+00
 1.4500    1.3073242E-01    3.4540545E+00   -3.4540545E+00
 1.4600    1.2729898E-01    3.4098910E+00   -3.4098910E+00
 1.4700    1.2393960E-01    3.3655388E+00   -3.3655388E+00
 1.4800    1.2065390E-01    3.3210442E+00   -3.3210442E+00
 1.4900    1.1744140E-01    3.2764507E+00   -3.2764507E+00
 1.5000    1.1430151E-01    3.2317991E+00   -3.2317991E+00
 1.5100    1.1123353E-01    3.1871279E+00   -3.1871279E+00
 1.5200    1.0823669E-01    3.1424729E+00   -3.1424729E+00
 1.5300    1.0531016E-01    3.0978686E+00   -3.0978686E+00
 1.5400    1.0245306E-01    3.0533474E+00   -3.0533474E+00
 1.5500    9.9664443E-02    3.0089398E+00   -3.0089398E+00
 1.5600    9.6943314E-02    2.9646738E+00   -2.9646738E+00
 1.5700    9.4288607E-02    2.9205752E+00   -2.9205752E+00
 1.5800    9.1699211E-02    2.8766673E+00   -2.8766673E+00
 1.5900    8.9173971E-02    2.8329716E+00   -2.8329716E+00
 1.6000    8.6711698E-02    2.7895074E+00   -2.7895074E+00
 1.6100    8.4311188E-02    2.7462927E+00   -2.7462927E+00
 1.6200    8.1971243E-02    2.7033446E+00   -2.7033446E+00
 1.6300    7.9690671E-02    2.6606795E+00   -2.6606795E+00
 1.6400    7.7468274E-02    2.6183123E+00   -2.6183123E+00
 1.6500    7.5302844E-02    2.5762567E+00   -2.5762567E+00
 1.6600    7.3193165E-02    2.5345249E+00   -2.5345249E+00
 1.6700    7.1138032E-02    2.4931284E+00   -2.4931284E+00
 1.6800    6.9136252E-02    2.4520779E+00   -2.4520779E+00
 1.6900    6.7186648E-02    2.4113833E+00   -2.4113833E+00
 1.7000    6.5288047E-02    2.3710537E+00   -2.3710537E+00
 1.7100    6.3439284E-02    2.3310971E+00   -2.3310971E+00
 1.7200    6.1639213E-02    2.2915210E+00   -2.2915210E+00
 1.7300    5.9886716E-02    2.2523329E+00   -2.2523329E+00
 1.7400    5.8180711E-02    2.2135401E+00   -2.2135401E+00
 1.7500    5.6520141E-02    2.1751499E+00   -2.1751499E+00
 1.7600    5.4903975E-02    2.1371696E+00   -2.1371696E+00
 1.7700    5.3331197E-02    2.0996056E+00   -2.0996056E+00
 1.7800    5.1800814E-02    2.0624643E+00   -2.0624643E+00
 1.7900    5.0311846E-02    2.0257515E+00   -2.0257515E+00
 1.8000    4.8863333E-02    1.9894726E+00   -1.9894726E+00
 1.8100    4.7454325E-02    1.9536323E+00   -1.9536323E+00
 1.8200    4.6083892E-02    1.9182349E+00   -1.9182349E+00
 1.8300    4.4751122E-02    1.8832847E+00   -1.8832847E+00
 1.8400    4.3455126E-02    1.8487855E+00   -1.8487855E+00
 1.8500    4.2195040E-02    1.8147413E+00   -1.8147413E+00
 1.8600    4.0970015E-02    1.7811557E+00   -1.7811557E+00
 1.8700    3.9779214E-02    1.7480316E+00   -1.7480316E+00
 1.8800    3.8621802E-02    1.7153711E+00   -1.7153711E+00
 1.8900    3.7496954E-02    1.6831757E+00   -1.6831757E+00
 1.9000    3.6403861E-02    1.6514465E+00   -1.6514465E+00
 1.9100    3.5341731E-02    1.6201843E+00   -1.6201843E+00
 1.9200    3.4309794E-02    1.5893898E+00   -1.5893898E+00
 1.9300    3.3307290E-02    1.5590634E+00   -1.5590634E+00
 1.9400    3.2333470E-02    1.5292048E+00   -1.5292048E+00
 1.9500    3.1387589E-02    1.4998127E+00   -1.4998127E+00
 1.9600    3.0468912E-02    1.4708858E+00   -1.4708858E+00
 1.9700    2.9576719E-02    1.4424219E+00   -1.4424219E+00
 1.9800    2.8710303E-02    1.4144188E+00   -1.4144188E+00
 1.9900    2.7868975E-02    1.3868740E+00   -1.3868740E+00
 2.0000    2.7052055E-02    1.3597846E+00   -1.3597846E+00
 2.0100    2.6258877E-02    1.3331473E+00   -1.3331473E+00
 2.0200    2.5488784E-02    1.3069583E+00   -1.3069583E+00
 2.0300    2.4741135E-02    1.2812137E+00   -1.2812137E+00
 2.0400    2.4015302E-02    1.2559092E+00   -1.2559092E+00
 2.0500    2.3310671E-02    1.2310405E+00   -1.2310405E+00
 2.0600    2.2626642E-02    1.2066030E+00   -1.2066030E+00
 2.0700    2.1962627E-02    1.1825918E+00   -1.1825918E+00
 2.0800    2.1318051E-02    1.1590016E+00   -1.1590016E+00
 2.0900    2.0692346E-02    1.1358270E+00   -1.1358270E+00
 2.1000    2.0084960E-02    1.1130621E+00   -1.1130621E+00
 2.1100    1.9495350E-02    1.0907012E+00   -1.0907012E+00
 2.1200    1.8922992E-02    1.0687384E+00   -1.0687384E+00
 2.1300    1.8367383E-02    1.0471680E+00   -1.0471680E+00
 2.1400    1.7828035E-02    1.0259847E+00   -1.0259847E+00
 2.1500    1.7304481E-02    1.0051836E+00   -1.0051836E+00
 2.1600    1.6796270E-02    9.8475961E-01   -9.8475961E-01
 2.1700    1.6302963E-02    9.6470799E-01   -9.6470799E-01
 2.1800    1.5824132E-02    9.4502379E-01   -9.4502379E-01
 2.1900    1.5359360E-02    9.2570201E-01   -9.2570201E-01
 2.2000    1.4908240E-02    9.0673756E-01   -9.0673756E-01
 2.2100    1.4470376E-02    8.8812527E-01   -8.8812527E-01
 2.2200    1.4045381E-02    8.6985993E-01   -8.6985993E-01
 2.2300    1.3632878E-02    8.5193636E-01   -8.5193636E-01
 2.2400    1.3232505E-02    8.3434940E-01   -8.3434940E-01
 2.2500    1.2843908E-02    8.1709411E-01   -8.1709411E-01
 2.2600    1.2466749E-02    8.0016577E-01   -8.0016577E-01
 2.2700    1.2100704E-02    7.8355990E-01   -7.8355990E-01
 2.2800    1.1745456E-02    7.6727218E-01   -7.6727218E-01
 2.2900    1.1400702E-02    7.5129833E-01   -7.5129833E-01
 2.3000    1.1066144E-02    7.3563409E-01   -7.3563409E-01
 2.3100    1.0741493E-02    7.2027523E-01   -7.2027523E-01
 2.3200    1.0426469E-02    7.0521754E-01   -7.0521754E-01
 2.3300    1.0120800E-02    6.9045683E-01   -6.9045683E-01
 2.3400    9.8242175E-03    6.7598887E-01   -6.7598887E-01
 2.3500    9.5364616E-03    6.6180928E-01   -6.6180928E-01
 2.3600    9.2572743E-03    6.4791346E-01   -6.4791346E-01
 2.3700    8.9864013E-03    6.3429658E-01   -6.3429658E-01
 2.3800    8.7235942E-03    6.2095372E-01   -6.2095372E-01
 2.3900    8.4686125E-03    6.0788010E-01   -6.0788010E-01
 2.4000    8.2212255E-03    5.9507117E-01   -5.9507117E-01
 2.4100    7.9812120E-03    5.8252262E-01   -5.8252262E-01
 2.4200    7.7483574E-03    5.7023024E-01   -5.7023024E-01
 2.4300    7.5224509E-03    5.5818964E-01   -5.5818964E-01
 2.4400    7.3032836E-03    5.4639621E-01   -5.4639621E-01
 2.4500    7.0906501E-03    5.3484518E-01   -5.3484518E-01
 2.4600    6.8843501E-03    5.2353175E-01   -5.2353175E-01
 2.4700    6.6841901E-03    5.1245126E-01   -5.1245126E-01
 2.4800    6.4899831E-03    5.0159915E-01   -5.0159915E-01
 2.4900    6.3015482E-03    4.9097098E-01   -4.9097098E-01
 2.5000    6.1187098E-03    4.8056234E-01   -4.8056234E-01
 2.5100    5.9412977E-03    4.7036893E-01   -4.7036893E-01
 2.5200    5.7691473E-03    4.6038649E-01   -4.6038649E-01
 2.5300    5.6020981E-03    4.5061082E-01   -4.5061082E-01
 2.5400    5.4399936E-03    4.4103767E-01   -4.4103767E-01
 2.5500    5.2826799E-03    4.3166269E-01   -4.3166269E-01
 2.5600    5.1300068E-03    4.2248154E-01   -4.2248154E-01
 2.5700    4.9818292E-03    4.1348994E-01   -4.1348994E-01
 2.5800    4.8380081E-03    4.0468385E-01   -4.0468385E-01
 2.5900    4.6984111E-03    3.9605947E-01   -3.9605947E-01
 2.6000    4.5629110E-03    3.8761320E-01   -3.8761320E-01
 2.6100    4.4313846E-03    3.7934147E-01   -3.7934147E-01
 2.6200    4.3037120E-03    3.7124076E-01   -3.7124076E-01
 2.6300    4.1797769E-03    3.6330758E-01   -3.6330758E-01
 2.6400    4.0594680E-03    3.5553866E-01   -3.5553866E-01
 2.6500    3.9426792E-03    3.4793094E-01   -3.4793094E-01
 2.6600    3.8293079E-03    3.4048142E-01   -3.4048142E-01
 2.6700    3.7192526E-03    3.3318701E-01   -3.3318701E-01
 2.6800    3.6124118E-03    3.2604437E-01   -3.2604437E-01
 2.6900    3.5086849E-03    3.1905003E-01   -3.1905003E-01
 2.7000    3.4079759E-03    3.1220072E-01   -3.1220072E-01
 2.7100    3.3101946E-03    3.0549350E-01   -3.0549350E-01
 2.7200    3.2152575E-03    2.9892582E-01   -2.9892582E-01
 2.7300    3.1230847E-03    2.9249532E-01   -2.9249532E-01
 2.7400    3.0335982E-03    2.8619961E-01   -2.8619961E-01
 2.7500    2.9467207E-03    2.8003623E-01   -2.8003623E-01
 2.7600    2.8623768E-03    2.7400269E-01   -2.7400269E-01
 2.7700    2.7804938E-03    2.6809662E-01   -2.6809662E-01
 2.7800    2.7010023E-03    2.6231577E-01   -2.6231577E-01
 2.7900    2.6238341E-03    2.5665791E-01   -2.5665791E-01
 2.8000    2.5489217E-03    2.5112065E-01   -2.5112065E-01
 2.8100    2.4761972E-03    2.4570146E-01   -2.4570146E-01
 2.8200    2.4055936E-03    2.4039772E-01   -2.4039772E-01
 2.8300    2.3370457E-03    2.3520684E-01   -2.3520684E-01
 2.8400    2.2704919E-03    2.3012643E-01   -2.3012643E-01
 2.8500    2.2058743E-03    2.2515436E-01   -2.2515436E-01
 2.8600    2.1431391E-03    2.2028874E-01   -2.2028874E-01
 2.8700    2.0822354E-03    2.1552790E-01   -2.1552790E-01
 2.8800    2.0231139E-03    2.1087019E-01   -2.1087019E-01
 2.8900    1.9657242E-03    2.0631373E-01   -2.0631373E-01
 2.9000    1.9100129E-03    2.0185623E-01   -2.0185623E-01
 2.9100    1.8559245E-03    1.9749501E-01   -1.9749501E-01
 2.9200    1.8034036E-03    1.9322730E-01   -1.9322730E-01
 2.9300    1.7523991E-03    1.8905063E-01   -1.8905063E-01
 2.9400    1.7028664E-03    1.8496310E-01   -1.8496310E-01
 2.9500    1.6547657E-03    1.8096326E-01   -1.8096326E-01
 2.9600    1.6080586E-03    1.7704968E-01   -1.7704968E-01
 2.9700    1.5627040E-03    1.7322058E-01   -1.7322058E-01
 2.9800    1.5186575E-03    1.6947367E-01   -1.6947367E-01
 2.9900    1.4758740E-03    1.6580649E-01   -1.6580649E-01
 3.0000    1.4343112E-03    1.6221678E-01   -1.6221678E-01
 3.0100    1.3939318E-03    1.5870273E-01   -1.5870273E-01
 3.0200    1.3547022E-03    1.5526286E-01   -1.5526286E-01
 3.0300    1.3165898E-03    1.5189574E-01   -1.5189574E-01
 3.0400    1.2795619E-03    1.4859984E-01   -1.4859984E-01
 3.0500    1.2435856E-03    1.4537349E-01   -1.4537349E-01
 3.0600    1.2086291E-03    1.4221511E-01   -1.4221511E-01
 3.0700    1.1746630E-03    1.3912332E-01   -1.3912332E-01
 3.0800    1.1416599E-03    1.3609684E-01   -1.3609684E-01
 3.0900    1.1095926E-03    1.3313442E-01   -1.3313442E-01
 3.1000    1.0784332E-03    1.3023464E-01   -1.3023464E-01
 3.1100    1.0481536E-03    1.2739594E-01   -1.2739594E-01
 3.1200    1.0187268E-03    1.2461685E-01   -1.2461685E-01
 3.1300    9.9012814E-04    1.2189614E-01   -1.2189614E-01
 3.1400    9.6233598E-04    1.1923284E-01   -1.1923284E-01
 3.1500    9.3533036E-04    1.1662617E-01   -1.1662617E-01
 3.1600    9.0909157E-04    1.1407531E-01   -1.1407531E-01
 3.1700    8.8359893E-04    1.1157928E-01   -1.1157928E-01
 3.1800    8.5883056E-04    1.0913690E-01   -1.0913690E-01
 3.1900    8.3476404E-04    1.0674682E-01   -1.0674682E-01
 3.2000    8.1137748E-04    1.0440776E-01   -1.0440776E-01
 3.2100    7.8865066E-04    1.0211854E-01   -1.0211854E-01
 3.2200    7.6656541E-04    9.9878228E-02   -9.9878228E-02
 3.2300    7.4510530E-04    9.7686052E-02   -9.7686052E-02
 3.2400    7.2425459E-04    9.5541299E-02   -9.5541299E-02
 3.2500    7.0399720E-04    9.3443160E-02   -9.3443160E-02
 3.2600    6.8431600E-04    9.1390649E-02   -9.1390649E-02
 3.2700    6.6519317E-04    8.9382634E-02   -8.9382634E-02
 3.2800    6.4661139E-04    8.7418007E-02   -8.7418007E-02
 3.2900    6.2855556E-04    8.5495909E-02   -8.5495909E-02
 3.3000    6.1101344E-04    8.3615830E-02   -8.3615830E-02
 3.3100    5.9397435E-04    8.1777446E-02   -8.1777446E-02
 3.3200    5.7742662E-04    7.9980264E-02   -7.9980264E-02
 3.3300    5.6135550E-04    7.8223332E-02   -7.8223332E-02
 3.3400    5.4574338E-04    7.6505256E-02   -7.6505256E-02
 3.3500    5.3057211E-04    7.4824513E-02   -7.4824513E-02
 3.3600    5.1582569E-04    7.3179828E-02   -7.3179828E-02
 3.3700    5.0149118E-04    7.1570320E-02   -7.1570320E-02
 3.3800    4.8755762E-04    6.9995354E-02   -6.9995354E-02
 3.3900    4.7401419E-04    6.8454279E-02   -6.8454279E-02
 3.4000    4.6084939E-04    6.6946320E-02   -6.6946320E-02
 3.4100    4.4805191E-04    6.5470695E-02   -6.5470695E-02
 3.4200    4.3561179E-04    6.4026786E-02   -6.4026786E-02
 3.4300    4.2352064E-04    6.2614178E-02   -6.2614178E-02
 3.4400    4.1177045E-04    6.1232491E-02   -6.1232491E-02
 3.4500    4.0035210E-04    5.9881154E-02   -5.9881154E-02
 3.4600    3.8925489E-04    5.8559336E-02   -5.8559336E-02
 3.4700    3.7846749E-04    5.7266072E-02   -5.7266072E-02
 3.4800    3.6797927E-04    5.6000475E-02   -5.6000475E-02
 3.4900    3.5778103E-04    5.4761839E-02   -5.4761839E-02
 3.5000    3.4786463E-04    5.3549599E-02   -5.3549599E-02
 3.5100    3.3822216E-04    5.2363197E-02   -5.2363197E-02
 3.5200    3.2884523E-04    5.1201977E-02   -5.1201977E-02
 3.5300    3.1972482E-04    5.0065163E-02   -5.0065163E-02
 3.5400    3.1085197E-04    4.8951952E-02   -4.8951952E-02
 3.5500    3.0221885E-04    4.7861700E-02   -4.7861700E-02
 3.5600    2.9381984E-04    4.6794086E-02   -4.6794086E-02
 3.5700    2.8565163E-04    4.5749147E-02   -4.5749147E-02
 3.5800    2.7771210E-04    4.4727097E-02   -4.4727097E-02
 3.5900    2.6999839E-04    4.3728032E-02   -4.3728032E-02
 3.6000    2.6250550E-04    4.2751688E-02   -4.2751688E-02
 3.6100    2.5522617E-04    4.1797420E-02   -4.1797420E-02
 3.6200    2.4815193E-04    4.0864357E-02   -4.0864357E-02
 3.6300    2.4127442E-04    3.9951620E-02   -3.9951620E-02
 3.6400    2.3458615E-04    3.9058450E-02   -3.9058450E-02
 3.6500    2.2808049E-04    3.8184203E-02   -3.8184203E-02
 3.6600    2.2175127E-04    3.7328296E-02   -3.7328296E-02
 3.6700    2.1559269E-04    3.6490182E-02   -3.6490182E-02
 3.6800    2.0959993E-04    3.5669468E-02   -3.5669468E-02
 3.6900    2.0377026E-04    3.4866102E-02   -3.4866102E-02
 3.7000    1.9810361E-04    3.4080479E-02   -3.4080479E-02
 3.7100    1.9260146E-04    3.3313269E-02   -3.3313269E-02
 3.7200    1.8726412E-04    3.2564942E-02   -3.2564942E-02
 3.7300    1.8208794E-04    3.1835283E-02   -3.1835283E-02
 3.7400    1.7706464E-04    3.1123248E-02   -3.1123248E-02
 3.7500    1.7218348E-04    3.0427333E-02   -3.0427333E-02
 3.7600    1.6743487E-04    2.9746197E-02   -2.9746197E-02
 3.7700    1.6281283E-04    2.9079116E-02   -2.9079116E-02
 3.7800    1.5831504E-04    2.8425992E-02   -2.8425992E-02
 3.7900    1.5394085E-04    2.7787033E-02   -2.7787033E-02
 3.8000    1.4968936E-04    2.7162390E-02   -2.7162390E-02
 3.8100    1.4555834E-04    2.6551979E-02   -2.6551979E-02
 3.8200    1.4154453E-04    2.5955517E-02   -2.5955517E-02
 3.8300    1.3764412E-04    2.5372605E-02   -2.5372605E-02
 3.8400    1.3385294E-04    2.4802772E-02   -2.4802772E-02
 3.8500    1.3016645E-04    2.4245457E-02   -2.4245457E-02
 3.8600    1.2657995E-04    2.3700058E-02   -2.3700058E-02
 3.8700    1.2308932E-04    2.3166059E-02   -2.3166059E-02
 3.8800    1.1969177E-04    2.2643191E-02   -2.2643191E-02
 3.8900    1.1638609E-04    2.2131464E-02   -2.2131464E-02
 3.9000    1.1317181E-04    2.1631037E-02   -2.1631037E-02
 3.9100    1.1004801E-04    2.1141976E-02   -2.1141976E-02
 3.9200    1.0701251E-04    2.0664102E-02   -2.0664102E-02
 3.9300    1.0406199E-04    2.0197010E-02   -2.0197010E-02
 3.9400    1.0119269E-04    1.9740196E-02   -1.9740196E-02
 3.9500    9.8400966E-05    1.9293162E-02   -1.9293162E-02
 3.9600    9.5683296E-05    1.8855427E-02   -1.8855427E-02
 3.9700    9.3036290E-05    1.8426517E-02   -1.8426517E-02
 3.9800    9.0456939E-05    1.8006027E-02   -1.8006027E-02
 3.9900    8.7943155E-05    1.7593721E-02   -1.7593721E-02
 4.0000    8.5494072E-05    1.7189603E-02   -1.7189603E-02
 4.0100    8.3109792E-05    1.6793871E-02   -1.6793871E-02
 4.0200    8.0790787E-05    1.6406797E-02   -1.6406797E-02
 4.0300    7.8537421E-05    1.6028637E-02   -1.6028637E-02
 4.0400    7.6349697E-05    1.5659573E-02   -1.5659573E-02
 4.0500    7.4226991E-05    1.5299659E-02   -1.5299659E-02
 4.0600    7.2167711E-05    1.4948749E-02   -1.4948749E-02
 4.0700    7.0169265E-05    1.4606481E-02   -1.4606481E-02
 4.0800    6.8228632E-05    1.4272395E-02   -1.4272395E-02
 4.0900    6.6343185E-05    1.3946101E-02   -1.3946101E-02
 4.1000    6.4511021E-05    1.3627353E-02   -1.3627353E-02
 4.1100    6.2730552E-05    1.3315964E-02   -1.3315964E-02
 4.1200    6.0999875E-05    1.3011676E-02   -1.3011676E-02
 4.1300    5.9316605E-05    1.2714118E-02   -1.2714118E-02
 4.1400    5.7678319E-05    1.2422904E-02   -1.2422904E-02
 4.1500    5.6083141E-05    1.2137755E-02   -1.2137755E-02
 4.1600    5.4529937E-05    1.1858548E-02   -1.1858548E-02
 4.1700    5.3018018E-05    1.1585251E-02   -1.1585251E-02
 4.1800    5.1546695E-05    1.1317832E-02   -1.1317832E-02
 4.1900    5.0115225E-05    1.1056244E-02   -1.1056244E-02
 4.2000    4.8723197E-05    1.0800509E-02   -1.0800509E-02
 4.2100    4.7370782E-05    1.0550781E-02   -1.0550781E-02
 4.2200    4.6058295E-05    1.0307246E-02   -1.0307246E-02
 4.2300    4.4785287E-05    1.0069919E-02   -1.0069919E-02
 4.2400    4.3550106E-05    9.8385431E-03   -9.8385431E-03
 4.2500    4.2350425E-05    9.6127025E-03   -9.6127025E-03
 4.2600    4.1184229E-05    9.3920415E-03   -9.3920415E-03
 4.2700    4.0050367E-05    9.1763954E-03   -9.1763954E-03
 4.2800    3.8948399E-05    8.9657579E-03   -8.9657579E-03
 4.2900    3.7878088E-05    8.7601692E-03   -8.7601692E-03
 4.3000    3.6838932E-05    8.5596067E-03   -8.5596067E-03
 4.3100    3.5829781E-05    8.3638948E-03   -8.3638948E-03
 4.3200    3.4848548E-05    8.1726339E-03   -8.1726339E-03
 4.3300    3.3892234E-05    7.9852011E-03   -7.9852011E-03
 4.3400    3.2957620E-05    7.8009082E-03   -7.8009082E-03
 4.3500    3.2042610E-05    7.6193208E-03   -7.6193208E-03
 4.3600    3.1147504E-05    7.4405680E-03   -7.4405680E-03
 4.3700    3.0275026E-05    7.2653621E-03   -7.2653621E-03
 4.3800    2.9428666E-05    7.0946122E-03   -7.0946122E-03
 4.3900    2.8610391E-05    6.9288746E-03   -6.9288746E-03
 4.4000    2.7819543E-05    6.7680758E-03   -6.7680758E-03
 4.4100    2.7053666E-05    6.6117004E-03   -6.6117004E-03
 4.4200    2.6310205E-05    6.4591984E-03   -6.4591984E-03
 4.4300    2.5587488E-05    6.3102269E-03   -6.3102269E-03
 4.4400    2.4884528E-05    6.1646044E-03   -6.1646044E-03
 4.4500    2.4200452E-05    6.0221750E-03   -6.0221750E-03
 4.4600    2.3534431E-05    5.8827891E-03   -5.8827891E-03
 4.4700    2.2885986E-05    5.7463827E-03   -5.7463827E-03
 4.4800    2.2255054E-05    5.6129937E-03   -5.6129937E-03
 4.4900    2.1641535E-05    5.4826511E-03   -5.4826511E-03
 4.5000    2.1044809E-05    5.3552516E-03   -5.3552516E-03
 4.5100    2.0463755E-05    5.2305610E-03   -5.2305610E-03
 4.5200    1.9897237E-05    5.1083367E-03   -5.1083367E-03
 4.5300    1.9344553E-05    4.9884424E-03   -4.9884424E-03
 4.5400    1.8805474E-05    4.8708623E-03   -4.8708623E-03
 4.5500    1.8280019E-05    4.7556435E-03   -4.7556435E-03
 4.5600    1.7768274E-05    4.6428516E-03   -4.6428516E-03
 4.5700    1.7270386E-05    4.5325679E-03   -4.5325679E-03
 4.5800    1.6786542E-05    4.4248858E-03   -4.4248858E-03
 4.5900    1.6316790E-05    4.3198629E-03   -4.3198629E-03
 4.6000    1.5860803E-05    4.2174574E-03   -4.2174574E-03
 4.6100    1.5417858E-05    4.1175203E-03   -4.1175203E-03
 4.6200    1.4987145E-05    4.0198766E-03   -4.0198766E-03
 4.6300    1.4568222E-05    3.9244463E-03   -3.9244463E-03
 4.6400    1.4161238E-05    3.8313079E-03   -3.8313079E-03
 4.6500    1.3766744E-05    3.7406495E-03   -3.7406495E-03
 4.6600    1.3385220E-05    3.6526427E-03   -3.6526427E-03
 4.6700    1.3016648E-05    3.5673258E-03   -3.5673258E-03
 4.6800    1.2660391E-05    3.4845658E-03   -3.4845658E-03
 4.6900    1.2315387E-05    3.4041103E-03   -3.4041103E-03
 4.7000    1.1980494E-05    3.3256788E-03   -3.3256788E-03
 4.7100    1.1654728E-05    3.2490306E-03   -3.2490306E-03
 4.7200    1.1337291E-05    3.1739724E-03   -3.1739724E-03
 4.7300    1.1027459E-05    3.1003276E-03   -3.1003276E-03
 4.7400    1.0724502E-05    3.0279150E-03   -3.0279150E-03
 4.7500    1.0427750E-05    2.9565668E-03   -2.9565668E-03
 4.7600    1.0136811E-05    2.8861915E-03   -2.8861915E-03
 4.7700    9.8518784E-06    2.8168626E-03   -2.8168626E-03
 4.7800    9.5739047E-06    2.7488735E-03   -2.7488735E-03
 4.7900    9.3043193E-06    2.6826592E-03   -2.6826592E-03
 4.8000    9.0441812E-06    2.6185544E-03   -2.6185544E-03
 4.8100    8.7932456E-06    2.5565201E-03   -2.5565201E-03
 4.8200    8.5497031E-06    2.4960597E-03   -2.4960597E-03
 4.8300    8.3108956E-06    2.4364189E-03   -2.4364189E-03
 4.8400    8.0745065E-06    2.3769310E-03   -2.3769310E-03
 4.8500    7.8394440E-06    2.3172805E-03   -2.3172805E-03
 4.8600    7.6061429E-06    2.2575994E-03   -2.2575994E-03
 4.8700    7.3765613E-06    2.1984761E-03   -2.1984761E-03
 4.8800    7.1540051E-06    2.1409117E-03   -2.1409117E-03
 4.8900    6.9423712E-06    2.0861014E-03   -2.0861014E-03
 4.9000    6.7445381E-06    2.0349523E-03   -2.0349523E-03
 4.9100    6.5606696E-06    1.9875635E-03   -1.9875635E-03
 4.9200    6.3878648E-06    1.9431028E-03   -1.9431028E-03
 4.9300    6.2216741E-06    1.9002510E-03   -1.9002510E-03
 4.9400    6.0582605E-06    1.8578545E-03   -1.8578545E-03
 4.9500    5.8954338E-06    1.8152483E-03   -1.8152483E-03
 4.9600    5.7321442E-06    1.7721086E-03   -1.7721086E-03
 4.9700    5.5677178E-06    1.7282233E-03   -1.7282233E-03
 4.9800    5.4022023E-06    1.6836018E-03   -1.6836018E-03
 4.9900    5.2375745E-06    1.6388574E-03   -1.6388574E-03
 5.0000    5.0781131E-06    1.5953363E-03   -1.5953363E-03
 5.0100    4.9287212E-06    1.5546033E-03   -1.5546033E-03
 5.0200    4.7920610E-06    1.5175382E-03   -1.5175382E-03
 5.0300    4.6667867E-06    1.4837604E-03   -1.4837604E-03
 5.0400    4.5483240E-06    1.4518520E-03   -1.4518520E-03
 5.0500    4.4314769E-06    1.4201725E-03   -1.4201725E-03
 5.0600    4.3129218E-06    1.3876581E-03   -1.3876581E-03
 5.0700    4.1922511E-06    1.3541696E-03   -1.3541696E-03
 5.0800    4.0715215E-06    1.3203651E-03   -1.3203651E-03
 5.0900    3.9539437E-06    1.2872886E-03   -1.2872886E-03
 5.1000    3.8423206E-06    1.2558675E-03   -1.2558675E-03
 5.1100    3.7377281E-06    1.2264769E-03   -1.2264769E-03
 5.1200    3.6389587E-06    1.1987453E-03   -1.1987453E-03
 5.1300    3.5430967E-06    1.1717301E-03   -1.1717301E-03
 5.1400    3.4470178E-06    1.1444047E-03   -1.1444047E-03
 5.1500    3.3489615E-06    1.1161806E-03   -1.1161806E-03
 5.1600    3.2492478E-06    1.0871566E-03   -1.0871566E-03
 5.1700    3.1498625E-06    1.0579924E-03   -1.0579924E-03
 5.1800    3.0534062E-06    1.0295655E-03   -1.0295655E-03
 5.1900    2.9621096E-06    1.0026416E-03   -1.0026416E-03
 5.2000    2.8772564E-06    9.7767637E-04   -9.7767637E-04
 5.2100    2.7989661E-06    9.5473523E-04   -9.5473523E-04
 5.2200    2.7262442E-06    9.3350282E-04   -9.3350282E-04
 5.2300    2.6573205E-06    9.1339195E-04   -9.1339195E-04
 5.2400    2.5902390E-06    8.9374222E-04   -8.9374222E-04
 5.2500    2.5234656E-06    8.7402903E-04   -8.7402903E-04
 5.2600    2.4562203E-06    8.5398191E-04   -8.5398191E-04
 5.2700    2.3884637E-06    8.3358471E-04   -8.3358471E-04
 5.2800    2.3207228E-06    8.1301952E-04   -8.1301952E-04
 5.2900    2.2539324E-06    7.9261465E-04   -7.9261465E-04
 5.3000    2.1892435E-06    7.7277965E-04   -7.7277965E-04
 5.3100    2.1276532E-06    7.5387569E-04   -7.5387569E-04
 5.3200    2.0695283E-06    7.3604522E-04   -7.3604522E-04
 5.3300    2.0143640E-06    7.1912144E-04   -7.1912144E-04
 5.3400    1.9610474E-06    7.0271702E-04   -7.0271702E-04
 5.3500    1.9084878E-06    6.8644670E-04   -6.8644670E-04
 5.3600    1.8561553E-06    6.7012180E-04   -6.7012180E-04
 5.3700    1.8041817E-06    6.5379067E-04   -6.5379067E-04
 5.3800    1.7530678E-06    6.3763643E-04   -6.3763643E-04
 5.3900    1.7032843E-06    6.2183410E-04   -6.2183410E-04
 5.4000    1.6550012E-06    6.0645096E-04   -6.0645096E-04
 5.4100    1.6080088E-06    5.9141567E-04   -5.9141567E-04
 5.4200    1.5618332E-06    5.7655811E-04   -5.7655811E-04
 5.4300    1.5160229E-06    5.6171406E-04   -5.6171406E-04
 5.4400    1.4704757E-06    5.4684659E-04   -5.4684659E-04
 5.4500    1.4255595E-06    5.3209384E-04   -5.3209384E-04
 5.4600    1.3818953E-06    5.1769060E-04   -5.1769060E-04
 5.4700    1.3399557E-06    5.0381947E-04   -5.0381947E-04
 5.4800    1.2997972E-06    4.9050856E-04   -4.9050856E-04
 5.4900    1.2610922E-06    4.7764076E-04   -4.7764076E-04
 5.5000    1.2233552E-06    4.6503731E-04   -4.6503731E-04
 5.5100    1.1861461E-06    4.5253405E-04   -4.5253405E-04
 5.5200    1.1491363E-06    4.4000696E-04   -4.4000696E-04
 5.5300    1.1120900E-06    4.2736610E-04   -4.2736610E-04
 5.5400    1.0748738E-06    4.1455950E-04   -4.1455950E-04
 5.5500    1.0375342E-06    4.0160420E-04   -4.0160420E-04
 5.5600    1.0003937E-06    3.8862471E-04   -3.8862471E-04
 5.5700    9.6406586E-07    3.7586074E-04   -3.7586074E-04
 5.5800    9.2932036E-07    3.6361661E-04   -3.6361661E-04
 5.5900    8.9682015E-07    3.5215904E-04   -3.5215904E-04
 5.6000    8.6686736E-07    3.4161629E-04   -3.4161629E-04
 5.6100    8.3935622E-07    3.3195705E-04   -3.3195705E-04
 5.6200    8.1401494E-07    3.2308357E-04   -3.2308357E-04
 5.6300    7.9074888E-07    3.1496713E-04   -3.1496713E-04
 5.6400    7.6973760E-07    3.0768815E-04   -3.0768815E-04
 5.6500    7.5113518E-07    3.0131785E-04   -3.0131785E-04
 5.6600    7.3462344E-07    2.9573826E-04   -2.9573826E-04
 5.6700    7.1923072E-07    2.9056561E-04   -2.9056561E-04
 5.6800    7.0358346E-07    2.8524770E-04   -2.8524770E-04
 5.6900    6.8640123E-07    2.7926239E-04   -2.7926239E-04
 5.7000    6.6690310E-07    2.7228412E-04   -2.7228412E-04
 5.7100    6.4488519E-07    2.6421927E-04   -2.6421927E-04
 5.7200    6.2044444E-07    2.5509669E-04   -2.5509669E-04
 5.7300    5.9361552E-07    2.4492006E-04   -2.4492006E-04
 5.7400    5.6439104E-07    2.3367581E-04   -2.3367581E-04
 5.7500    5.3337475E-07    2.2160421E-04   -2.2160421E-04
 5.7600    5.0261045E-07    2.0954936E-04   -2.0954936E-04
 5.7700    4.7555242E-07    1.9895730E-04   -1.9895730E-04
 5.7800    4.5555795E-07    1.9125340E-04   -1.9125340E-04
 5.7900    4.4367285E-07    1.8690884E-04   -1.8690884E-04
 5.8000    4.3752371E-07    1.8495558E-04   -1.8495558E-04
 5.8100    4.3248843E-07    1.8345799E-04   -1.8345799E-04
 5.8200    4.2438716E-07    1.8064172E-04   -1.8064172E-04
 5.8300    4.1165441E-07    1.7582464E-04   -1.7582464E-04
 5.8400    3.9556883E-07    1.6953432E-04   -1.6953432E-04
 5.8500    3.7881566E-07    1.6291067E-04   -1.6291067E-04
 5.8600    3.6373301E-07    1.5695958E-04   -1.5695958E-04
 5.8700    3.5136162E-07    1.5213894E-04   -1.5213894E-04
 5.8800    3.4150955E-07    1.4837727E-04   -1.4837727E-04
 5.8900    3.3333656E-07    1.4531934E-04   -1.4531934E-04
 5.9000    3.2584727E-07    1.4253712E-04   -1.4253712E-04
 5.9100    3.1807551E-07    1.3960953E-04   -1.3960953E-04
 5.9200    3.0921366E-07    1.3617957E-04   -1.3617957E-04
 5.9300    2.9896766E-07    1.3211237E-04   -1.3211237E-04
 5.9400    2.8795072E-07    1.2767355E-04   -1.2767355E-04
 5.9500    2.7758728E-07    1.2349329E-04   -1.2349329E-04
 5.9600    2.6934052E-07    1.2022757E-04   -1.2022757E-04
 5.9700    2.6379295E-07    1.1814673E-04   -1.1814673E-04
 5.9800    2.6034342E-07    1.1699272E-04   -1.1699272E-04
 5.9900    2.5771476E-07    1.1619911E-04   -1.1619911E-04
 6.0000    2.5473484E-07    1.1523933E-04   -1.1523933E-04
 6.0100    2.5074093E-07    1.1381095E-04   -1.1381095E-04
 6.0200    2.4546517E-07    1.1178737E-04   -1.1178737E-04
 6.0300    2.3874119E-07    1.0908671E-04   -1.0908671E-04
 6.0400    2.3038384E-07    1.0561747E-04   -1.0561747E-04
 6.0500    2.2028841E-07    1.0132398E-04   -1.0132398E-04
 6.0600    2.0857198E-07    9.6252293E-05   -9.6252293E-05
 6.0700    1.9562466E-07    9.0575522E-05   -9.0575522E-05
 6.0800    1.8211588E-07    8.4598926E-05   -8.4598926E-05
 6.0900    1.6904482E-07    7.8785502E-05   -7.8785502E-05
 6.1000    1.5774213E-07    7.3759375E-05   -7.3759375E-05
 6.1100    1.4958904E-07    7.0176558E-05   -7.0176558E-05
 6.1200    1.4543181E-07    6.8449790E-05   -6.8449790E-05
 6.1300    1.4508226E-07    6.8508604E-05   -6.8508604E-05
 6.1400    1.4736593E-07    6.9814187E-05   -6.9814187E-05
 6.1500    1.5071908E-07    7.1635504E-05   -7.1635504E-05
 6.1600    1.5384462E-07    7.3359032E-05   -7.3359032E-05
 6.1700    1.5597741E-07    7.4617708E-05   -7.4617708E-05
 6.1800    1.5677600E-07    7.5243050E-05   -7.5243050E-05
 6.1900    1.5615736E-07    7.5188879E-05   -7.5188879E-05
 6.2000    1.5423811E-07    7.4504915E-05   -7.4504915E-05
 6.2100    1.5126920E-07    7.3306685E-05   -7.3306685E-05
 6.2200    1.4746510E-07    7.1693517E-05   -7.1693517E-05
 6.2300    1.4285977E-07    6.9678035E-05   -6.9678035E-05
 6.2400    1.3738508E-07    6.7223113E-05   -6.7223113E-05
 6.2500    1.3113864E-07    6.4372530E-05   -6.4372530E-05
 6.2600    1.2457622E-07    6.1347050E-05   -6.1347050E-05
 6.2700    1.1841677E-07    5.8500308E-05   -5.8500308E-05
 6.2800    1.1331942E-07    5.6160825E-05   -5.6160825E-05
 6.2900    1.0958732E-07    5.4484309E-05   -5.4484309E-05
 6.3000    1.0709827E-07    5.3416255E-05   -5.3416255E-05
 6.3100    1.0544968E-07    5.2761100E-05   -5.2761100E-05
 6.3200    1.0415277E-07    5.2277503E-05   -5.2277503E-05
 6.3300    1.0274346E-07    5.1733453E-05   -5.1733453E-05
 6.3400    1.0082102E-07    5.0925990E-05   -5.0925990E-05
 6.3500    9.8104799E-08    4.9710435E-05   -4.9710435E-05
 6.3600    9.4537855E-08    4.8054033E-05   -4.8054033E-05
 6.3700    9.0367848E-08    4.6078960E-05   -4.6078960E-05
 6.3800    8.6124427E-08    4.4053211E-05   -4.4053211E-05
 6.3900    8.2480272E-08    4.2321560E-05   -4.2321560E-05
 6.4000    8.0043016E-08    4.1199624E-05   -4.1199624E-05
 6.4100    7.9147328E-08    4.0866005E-05   -4.0866005E-05
 6.4200    7.9720864E-08    4.1290669E-05   -4.1290669E-05
 6.4300    8.1282073E-08    4.2230535E-05   -4.2230535E-05
 6.4400    8.3076423E-08    4.3297158E-05   -4.3297158E-05
 6.4500    8.4295083E-08    4.4068832E-05   -4.4068832E-05
 6.4600    8.4292992E-08    4.4204488E-05   -4.4204488E-05
 6.4700    8.2744129E-08    4.3526687E-05   -4.3526687E-05
 6.4800    7.9711522E-08    4.2061134E-05   -4.2061134E-05
 6.4900    7.5630899E-08    4.0031192E-05   -4.0031192E-05
 6.5000    7.1200490E-08    3.7802416E-05   -3.7802416E-05
 6.5100    6.7172516E-08    3.5773667E-05   -3.5773667E-05
 6.5200    6.4100516E-08    3.4242588E-05   -3.4242588E-05
 6.5300    6.2171851E-08    3.3314249E-05   -3.3314249E-05
 6.5400    6.1227880E-08    3.2908992E-05   -3.2908992E-05
 6.5500    6.0933320E-08    3.2850903E-05   -3.2850903E-05
 6.5600    6.0957683E-08    3.2964462E-05   -3.2964462E-05
