# total charge: 6.000000 
# r(A)     rho (e/A^3)     4*pi*r^2*rho(e/A)  dip  
 0.0000   -4.6219520E-01   -0.0000000E+00    4.7873074E+01
 0.0100   -4.6077208E-01   -5.7902327E-04    4.7634885E+01
 0.0200   -4.5897441E-01   -2.3070570E-03    4.6927430E+01
 0.0300   -4.5672710E-01   -5.1654618E-03    4.5771703E+01
 0.0400   -4.5395045E-01   -9.1272154E-03    4.4201544E+01
 0.0500   -4.5055724E-01   -1.4154673E-02    4.2261994E+01
 0.0600   -4.4645097E-01   -2.0196966E-02    4.0007149E+01
 0.0700   -4.4153395E-01   -2.7187549E-02    3.7497660E+01
 0.0800   -4.3572680E-01   -3.5043228E-02    3.4798030E+01
 0.0900   -4.2898813E-01   -4.3665673E-02    3.1973896E+01
 0.1000   -4.2132052E-01   -5.2944698E-02    2.9089432E+01
 0.1100   -4.1275948E-01   -6.2761352E-02    2.6205023E+01
 0.1200   -4.0335477E-01   -7.2989359E-02    2.3375316E+01
 0.1300   -3.9315501E-01   -8.3494983E-02    2.0647726E+01
 0.1400   -3.8220090E-01   -9.4136411E-02    1.8061432E+01
 0.1500   -3.7052598E-01   -1.0476375E-01    1.5646875E+01
 0.1600   -3.5816109E-01   -1.1522009E-01    1.3425720E+01
 0.1700   -3.4513832E-01   -1.2534323E-01    1.1411233E+01
 0.1800   -3.3149209E-01   -1.3496714E-01    9.6089861E+00
 0.1900   -3.1725685E-01   -1.4392229E-01    8.0178201E+00
 0.2000   -3.0246376E-01   -1.5203487E-01    6.6309508E+00
 0.2100   -2.8713948E-01   -1.5912608E-01    5.4371576E+00
 0.2200   -2.7130795E-01   -1.6501284E-01    4.4219640E+00
 0.2300   -2.5499374E-01   -1.6950989E-01    3.5687544E+00
 0.2400   -2.3822457E-01   -1.7243241E-01    2.8597760E+00
 0.2500   -2.2103191E-01   -1.7359805E-01    2.2769941E+00
 0.2600   -2.0344996E-01   -1.7282802E-01    1.8027843E+00
 0.2700   -1.8551417E-01   -1.6994739E-01    1.4204596E+00
 0.2800   -1.6725991E-01   -1.6478504E-01    1.1146392E+00
 0.2900   -1.4872157E-01   -1.5717368E-01    8.7147757E-01
 0.3000   -1.2993248E-01   -1.4695017E-01    6.7877198E-01
 0.3100   -1.1092538E-01   -1.3395661E-01    5.2597490E-01
 0.3200   -9.1733163E-02   -1.1804190E-01    4.0413248E-01
 0.3300   -7.2389311E-02   -9.9063163E-02    3.0577144E-01
 0.3400   -5.2927795E-02   -7.6886750E-02    2.2475305E-01
 0.3500   -3.3382669E-02   -5.1388626E-02    1.5611055E-01
 0.3600   -1.3787643E-02   -2.2454578E-02    9.5882810E-02
 0.3700    5.8241071E-03    1.0019422E-02    4.0954211E-02
 0.3800    2.5419918E-02    4.6126574E-02   -1.1092943E-02
 0.3900    4.4967519E-02    8.5948440E-02   -6.2109784E-02
 0.4000    6.4434953E-02    1.2955416E-01   -1.1349453E-01
 0.4100    8.3790599E-02    1.7699984E-01   -1.6628844E-01
 0.4200    1.0300330E-01    2.2832822E-01   -2.2125505E-01
 0.4300    1.2204254E-01    2.8356853E-01   -2.7894431E-01
 0.4400    1.4087862E-01    3.4273647E-01   -3.3974337E-01
 0.4500    1.5948271E-01    4.0583406E-01   -4.0391601E-01
 0.4600    1.7782688E-01    4.7284949E-01   -4.7163259E-01
 0.4700    1.9588406E-01    5.4375678E-01   -5.4299240E-01
 0.4800    2.1362805E-01    6.1851554E-01   -6.1804019E-01
 0.4900    2.3103343E-01    6.9707073E-01   -6.9677805E-01
 0.5000    2.4807563E-01    7.7935258E-01   -7.7917417E-01
 0.5100    2.6473111E-01    8.6527707E-01   -8.6516940E-01
 0.5200    2.8097756E-01    9.5474675E-01   -9.5468242E-01
 0.5300    2.9679407E-01    1.0476515E+00   -1.0476134E+00
 0.5400    3.1216105E-01    1.1438685E+00   -1.1438462E+00
 0.5500    3.2706001E-01    1.2432621E+00   -1.2432492E+00
 0.5600    3.4147351E-01    1.3456835E+00   -1.3456761E+00
 0.5700    3.5538517E-01    1.4509715E+00   -1.4509673E+00
 0.5800    3.6877992E-01    1.5589533E+00   -1.5589510E+00
 0.5900    3.8164408E-01    1.6694462E+00   -1.6694448E+00
 0.6000    3.9396543E-01    1.7822576E+00   -1.7822569E+00
 0.6100    4.0573308E-01    1.8971862E+00   -1.8971858E+00
 0.6200    4.1693741E-01    2.0140215E+00   -2.0140213E+00
 0.6300    4.2757005E-01    2.1325452E+00   -2.1325451E+00
 0.6400    4.3762400E-01    2.2525319E+00   -2.2525318E+00
 0.6500    4.4709361E-01    2.3737504E+00   -2.3737503E+00
 0.6600    4.5597467E-01    2.4959648E+00   -2.4959647E+00
 0.6700    4.6426426E-01    2.6189350E+00   -2.6189350E+00
 0.6800    4.7196072E-01    2.7424173E+00   -2.7424173E+00
 0.6900    4.7906357E-01    2.8661650E+00   -2.8661650E+00
 0.7000    4.8557351E-01    2.9899294E+00   -2.9899294E+00
 0.7100    4.9149247E-01    3.1134610E+00   -3.1134610E+00
 0.7200    4.9682365E-01    3.2365113E+00   -3.2365113E+00
 0.7300    5.0157148E-01    3.3588331E+00   -3.3588331E+00
 0.7400    5.0574149E-01    3.4801815E+00   -3.4801815E+00
 0.7500    5.0934022E-01    3.6003138E+00   -3.6003138E+00
 0.7600    5.1237511E-01    3.7189905E+00   -3.7189905E+00
 0.7700    5.1485448E-01    3.8359754E+00   -3.8359754E+00
 0.7800    5.1678748E-01    3.9510366E+00   -3.9510366E+00
 0.7900    5.1818405E-01    4.0639475E+00   -4.0639475E+00
 0.8000    5.1905487E-01    4.1744869E+00   -4.1744869E+00
 0.8100    5.1941131E-01    4.2824402E+00   -4.2824402E+00
 0.8200    5.1926551E-01    4.3876002E+00   -4.3876002E+00
 0.8300    5.1863023E-01    4.4897678E+00   -4.4897678E+00
 0.8400    5.1751878E-01    4.5887516E+00   -4.5887516E+00
 0.8500    5.1594493E-01    4.6843686E+00   -4.6843686E+00
 0.8600    5.1392289E-01    4.7764444E+00   -4.7764444E+00
 0.8700    5.1146743E-01    4.8648153E+00   -4.8648153E+00
 0.8800    5.0859384E-01    4.9493288E+00   -4.9493288E+00
 0.8900    5.0531790E-01    5.0298446E+00   -5.0298446E+00
 0.9000    5.0165571E-01    5.1062332E+00   -5.1062332E+00
 0.9100    4.9762352E-01    5.1783756E+00   -5.1783756E+00
 0.9200    4.9323773E-01    5.2461633E+00   -5.2461633E+00
 0.9300    4.8851487E-01    5.3094990E+00   -5.3094990E+00
 0.9400    4.8347169E-01    5.3682980E+00   -5.3682980E+00
 0.9500    4.7812519E-01    5.4224893E+00   -5.4224893E+00
 0.9600    4.7249262E-01    5.4720160E+00   -5.4720160E+00
 0.9700    4.6659136E-01    5.5168354E+00   -5.5168354E+00
 0.9800    4.6043886E-01    5.5569179E+00   -5.5569179E+00
 0.9900    4.5405253E-01    5.5922471E+00   -5.5922471E+00
 1.0000    4.4744977E-01    5.6228196E+00   -5.6228196E+00
 1.0100    4.4064795E-01    5.6486461E+00   -5.6486461E+00
 1.0200    4.3366455E-01    5.6697529E+00   -5.6697529E+00
 1.0300    4.2651711E-01    5.6861822E+00   -5.6861822E+00
 1.0400    4.1922326E-01    5.6979930E+00   -5.6979930E+00
 1.0500    4.1180056E-01    5.7052594E+00   -5.7052594E+00
 1.0600    4.0426646E-01    5.7080702E+00   -5.7080702E+00
 1.0700    3.9663821E-01    5.7065281E+00   -5.7065281E+00
 1.0800    3.8893287E-01    5.7007504E+00   -5.7007504E+00
 1.0900    3.8116740E-01    5.6908693E+00   -5.6908693E+00
 1.1000    3.7335862E-01    5.6770329E+00   -5.6770329E+00
 1.1100    3.6552320E-01    5.6594050E+00   -5.6594050E+00
 1.1200    3.5767768E-01    5.6381645E+00   -5.6381645E+00
 1.1300    3.4983831E-01    5.6135051E+00   -5.6135051E+00
 1.1400    3.4202106E-01    5.5856333E+00   -5.5856333E+00
 1.1500    3.3424144E-01    5.5547669E+00   -5.5547669E+00
 1.1600    3.2651431E-01    5.5211311E+00   -5.5211311E+00
 1.1700    3.1885358E-01    5.4849527E+00   -5.4849527E+00
 1.1800    3.1127179E-01    5.4464515E+00   -5.4464515E+00
 1.1900    3.0377971E-01    5.4058321E+00   -5.4058321E+00
 1.2000    2.9638604E-01    5.3632754E+00   -5.3632754E+00
 1.2100    2.8909733E-01    5.3189350E+00   -5.3189350E+00
 1.2200    2.8191824E-01    5.2729384E+00   -5.2729384E+00
 1.2300    2.7485190E-01    5.2253914E+00   -5.2253914E+00
 1.2400    2.6790035E-01    5.1763843E+00   -5.1763843E+00
 1.2500    2.6106494E-01    5.1259981E+00   -5.1259981E+00
 1.2600    2.5434660E-01    5.0743088E+00   -5.0743088E+00
 1.2700    2.4774605E-01    5.0213911E+00   -5.0213911E+00
 1.2800    2.4126390E-01    4.9673201E+00   -4.9673201E+00
 1.2900    2.3490070E-01    4.9121724E+00   -4.9121724E+00
 1.3000    2.2865696E-01    4.8560260E+00   -4.8560260E+00
 1.3100    2.2253309E-01    4.7989591E+00   -4.7989591E+00
 1.3200    2.1652937E-01    4.7410499E+00   -4.7410499E+00
 1.3300    2.1064596E-01    4.6823759E+00   -4.6823759E+00
 1.3400    2.0488292E-01    4.6230141E+00   -4.6230141E+00
 1.3500    1.9924020E-01    4.5630410E+00   -4.5630410E+00
 1.3600    1.9371764E-01    4.5025324E+00   -4.5025324E+00
 1.3700    1.8831494E-01    4.4415625E+00   -4.4415625E+00
 1.3800    1.8303169E-01    4.3802038E+00   -4.3802038E+00
 1.3900    1.7786732E-01    4.3185268E+00   -4.3185268E+00
 1.4000    1.7282117E-01    4.2566004E+00   -4.2566004E+00
 1.4100    1.6789255E-01    4.1944933E+00   -4.1944933E+00
 1.4200    1.6308070E-01    4.1322741E+00   -4.1322741E+00
 1.4300    1.5838484E-01    4.0700107E+00   -4.0700107E+00
 1.4400    1.5380405E-01    4.0077683E+00   -4.0077683E+00
 1.4500    1.4933721E-01    3.9456077E+00   -3.9456077E+00
 1.4600    1.4498302E-01    3.8835842E+00   -3.8835842E+00
 1.4700    1.4074000E-01    3.8217484E+00   -3.8217484E+00
 1.4800    1.3660657E-01    3.7601476E+00   -3.7601476E+00
 1.4900    1.3258107E-01    3.6988262E+00   -3.6988262E+00
 1.5000    1.2866179E-01    3.6378264E+00   -3.6378264E+00
 1.5100    1.2484696E-01    3.5771877E+00   -3.5771877E+00
 1.5200    1.2113476E-01    3.5169470E+00   -3.5169470E+00
 1.5300    1.1752333E-01    3.4571389E+00   -3.4571389E+00
 1.5400    1.1401080E-01    3.3977960E+00   -3.3977960E+00
 1.5500    1.1059526E-01    3.3389488E+00   -3.3389488E+00
 1.5600    1.0727476E-01    3.2806253E+00   -3.2806253E+00
 1.5700    1.0404732E-01    3.2228497E+00   -3.2228497E+00
 1.5800    1.0091084E-01    3.1656424E+00   -3.1656424E+00
 1.5900    9.7863189E-02    3.1090197E+00   -3.1090197E+00
 1.6000    9.4902216E-02    3.0529956E+00   -3.0529956E+00
 1.6100    9.2025783E-02    2.9975825E+00   -2.9975825E+00
 1.6200    8.9231790E-02    2.9427915E+00   -2.9427915E+00
 1.6300    8.6518182E-02    2.8886336E+00   -2.8886336E+00
 1.6400    8.3882944E-02    2.8351185E+00   -2.8351185E+00
 1.6500    8.1324089E-02    2.7822552E+00   -2.7822552E+00
 1.6600    7.8839657E-02    2.7300510E+00   -2.7300510E+00
 1.6700    7.6427708E-02    2.6785123E+00   -2.6785123E+00
 1.6800    7.4086330E-02    2.6276439E+00   -2.6276439E+00
 1.6900    7.1813650E-02    2.5774501E+00   -2.5774501E+00
 1.7000    6.9607824E-02    2.5279342E+00   -2.5279342E+00
 1.7100    6.7467047E-02    2.4790985E+00   -2.4790985E+00
 1.7200    6.5389540E-02    2.4309445E+00   -2.4309445E+00
 1.7300    6.3373564E-02    2.3834728E+00   -2.3834728E+00
 1.7400    6.1417419E-02    2.3366837E+00   -2.3366837E+00
 1.7500    5.9519449E-02    2.2905768E+00   -2.2905768E+00
 1.7600    5.7678039E-02    2.2451517E+00   -2.2451517E+00
 1.7700    5.5891622E-02    2.2004075E+00   -2.2004075E+00
 1.7800    5.4158679E-02    2.1563435E+00   -2.1563435E+00
 1.7900    5.2477743E-02    2.1129590E+00   -2.1129590E+00
 1.8000    5.0847392E-02    2.0702536E+00   -2.0702536E+00
 1.8100    4.9266240E-02    2.0282264E+00   -2.0282264E+00
 1.8200    4.7732932E-02    1.9868759E+00   -1.9868759E+00
 1.8300    4.6246137E-02    1.9462001E+00   -1.9462001E+00
 1.8400    4.4804564E-02    1.9061969E+00   -1.9061969E+00
 1.8500    4.3406965E-02    1.8668642E+00   -1.8668642E+00
 1.8600    4.2052129E-02    1.8282001E+00   -1.8282001E+00
 1.8700    4.0738867E-02    1.7902020E+00   -1.7902020E+00
 1.8800    3.9466006E-02    1.7528661E+00   -1.7528661E+00
 1.8900    3.8232384E-02    1.7161879E+00   -1.7161879E+00
 1.9000    3.7036873E-02    1.6801628E+00   -1.6801628E+00
 1.9100    3.5878383E-02    1.6447862E+00   -1.6447862E+00
 1.9200    3.4755860E-02    1.6100537E+00   -1.6100537E+00
 1.9300    3.3668275E-02    1.5759606E+00   -1.5759606E+00
 1.9400    3.2614612E-02    1.5425013E+00   -1.5425013E+00
 1.9500    3.1593873E-02    1.5096697E+00   -1.5096697E+00
 1.9600    3.0605080E-02    1.4774593E+00   -1.4774593E+00
 1.9700    2.9647282E-02    1.4458632E+00   -1.4458632E+00
 1.9800    2.8719553E-02    1.4148745E+00   -1.4148745E+00
 1.9900    2.7820986E-02    1.3844859E+00   -1.3844859E+00
 2.0000    2.6950695E-02    1.3546897E+00   -1.3546897E+00
 2.0100    2.6107811E-02    1.3254777E+00   -1.3254777E+00
 2.0200    2.5291484E-02    1.2968415E+00   -1.2968415E+00
 2.0300    2.4500890E-02    1.2687726E+00   -1.2687726E+00
 2.0400    2.3735226E-02    1.2412623E+00   -1.2412623E+00
 2.0500    2.2993716E-02    1.2143021E+00   -1.2143021E+00
 2.0600    2.2275599E-02    1.1878831E+00   -1.1878831E+00
 2.0700    2.1580140E-02    1.1619965E+00   -1.1619965E+00
 2.0800    2.0906621E-02    1.1366333E+00   -1.1366333E+00
 2.0900    2.0254348E-02    1.1117847E+00   -1.1117847E+00
 2.1000    1.9622648E-02    1.0874419E+00   -1.0874419E+00
 2.1100    1.9010864E-02    1.0635958E+00   -1.0635958E+00
 2.1200    1.8418354E-02    1.0402372E+00   -1.0402372E+00
 2.1300    1.7844491E-02    1.0173567E+00   -1.0173567E+00
 2.1400    1.7288670E-02    9.9494481E-01   -9.9494481E-01
 2.1500    1.6750309E-02    9.7299278E-01   -9.7299278E-01
 2.1600    1.6228853E-02    9.5149211E-01   -9.5149211E-01
 2.1700    1.5723766E-02    9.3043470E-01   -9.3043470E-01
 2.1800    1.5234532E-02    9.0981264E-01   -9.0981264E-01
 2.1900    1.4760650E-02    8.8961805E-01   -8.8961805E-01
 2.2000    1.4301634E-02    8.6984306E-01   -8.6984306E-01
 2.2100    1.3857012E-02    8.5047979E-01   -8.5047979E-01
 2.2200    1.3426326E-02    8.3152057E-01   -8.3152057E-01
 2.2300    1.3009136E-02    8.1295790E-01   -8.1295790E-01
 2.2400    1.2605020E-02    7.9478456E-01   -7.9478456E-01
 2.2500    1.2213566E-02    7.7699347E-01   -7.7699347E-01
 2.2600    1.1834378E-02    7.5957766E-01   -7.5957766E-01
 2.2700    1.1467072E-02    7.4253022E-01   -7.4253022E-01
 2.2800    1.1111276E-02    7.2584436E-01   -7.2584436E-01
 2.2900    1.0766633E-02    7.0951359E-01   -7.0951359E-01
 2.3000    1.0432798E-02    6.9353176E-01   -6.9353176E-01
 2.3100    1.0109446E-02    6.7789308E-01   -6.7789308E-01
 2.3200    9.7962618E-03    6.6259205E-01   -6.6259205E-01
 2.3300    9.4929381E-03    6.4762313E-01   -6.4762313E-01
 2.3400    9.1991740E-03    6.3298062E-01   -6.3298062E-01
 2.3500    8.9146715E-03    6.1865843E-01   -6.1865843E-01
 2.3600    8.6391363E-03    6.0465019E-01   -6.0465019E-01
 2.3700    8.3722811E-03    5.9094948E-01   -5.9094948E-01
 2.3800    8.1138284E-03    5.7755001E-01   -5.7755001E-01
 2.3900    7.8635127E-03    5.6444581E-01   -5.6444581E-01
 2.4000    7.6210801E-03    5.5163127E-01   -5.5163127E-01
 2.4100    7.3862866E-03    5.3910096E-01   -5.3910096E-01
 2.4200    7.1588948E-03    5.2684950E-01   -5.2684950E-01
 2.4300    6.9386720E-03    5.1487140E-01   -5.1487140E-01
 2.4400    6.7253898E-03    5.0316100E-01   -5.0316100E-01
 2.4500    6.5188242E-03    4.9171256E-01   -4.9171256E-01
 2.4600    6.3187576E-03    4.8052033E-01   -4.8052033E-01
 2.4700    6.1249793E-03    4.6957871E-01   -4.6957871E-01
 2.4800    5.9372858E-03    4.5888217E-01   -4.5888217E-01
 2.4900    5.7554805E-03    4.4842534E-01   -4.4842534E-01
 2.5000    5.5793728E-03    4.3820292E-01   -4.3820292E-01
 2.5100    5.4087788E-03    4.2820973E-01   -4.2820973E-01
 2.5200    5.2435204E-03    4.1844069E-01   -4.1844069E-01
 2.5300    5.0834248E-03    4.0889077E-01   -4.0889077E-01
 2.5400    4.9283240E-03    3.9955498E-01   -3.9955498E-01
 2.5500    4.7780545E-03    3.9042833E-01   -3.9042833E-01
 2.5600    4.6324573E-03    3.8150586E-01   -3.8150586E-01
 2.5700    4.4913783E-03    3.7278270E-01   -3.7278270E-01
 2.5800    4.3546699E-03    3.6425416E-01   -3.6425416E-01
 2.5900    4.2221902E-03    3.5591573E-01   -3.5591573E-01
 2.6000    4.0938029E-03    3.4776309E-01   -3.4776309E-01
 2.6100    3.9693766E-03    3.3979203E-01   -3.3979203E-01
 2.6200    3.8487843E-03    3.3199842E-01   -3.3199842E-01
 2.6300    3.7319036E-03    3.2437829E-01   -3.2437829E-01
 2.6400    3.6186177E-03    3.1692786E-01   -3.1692786E-01
 2.6500    3.5088143E-03    3.0964352E-01   -3.0964352E-01
 2.6600    3.4023854E-03    3.0252178E-01   -3.0252178E-01
 2.6700    3.2992249E-03    2.9555909E-01   -2.9555909E-01
 2.6800    3.1992287E-03    2.8875182E-01   -2.8875182E-01
 2.6900    3.1022947E-03    2.8209636E-01   -2.8209636E-01
 2.7000    3.0083254E-03    2.7558921E-01   -2.7558921E-01
 2.7100    2.9172281E-03    2.6922714E-01   -2.6922714E-01
 2.7200    2.8289155E-03    2.6300721E-01   -2.6300721E-01
 2.7300    2.7433040E-03    2.5692662E-01   -2.5692662E-01
 2.7400    2.6603125E-03    2.5098262E-01   -2.5098262E-01
 2.7500    2.5798619E-03    2.4517248E-01   -2.4517248E-01
 2.7600    2.5018754E-03    2.3949349E-01   -2.3949349E-01
 2.7700    2.4262790E-03    2.3394305E-01   -2.3394305E-01
 2.7800    2.3530016E-03    2.2851866E-01   -2.2851866E-01
 2.7900    2.2819736E-03    2.2321784E-01   -2.2321784E-01
 2.8000    2.2131269E-03    2.1803802E-01   -2.1803802E-01
 2.8100    2.1463936E-03    2.1297659E-01   -2.1297659E-01
 2.8200    2.0817075E-03    2.0803087E-01   -2.0803087E-01
 2.8300    2.0190044E-03    2.0319826E-01   -2.0319826E-01
 2.8400    1.9582227E-03    1.9847628E-01   -1.9847628E-01
 2.8500    1.8993039E-03    1.9386261E-01   -1.9386261E-01
 2.8600    1.8421927E-03    1.8935510E-01   -1.8935510E-01
 2.8700    1.7868363E-03    1.8495174E-01   -1.8495174E-01
 2.8800    1.7331832E-03    1.8065056E-01   -1.8065056E-01
 2.8900    1.6811824E-03    1.7644948E-01   -1.7644948E-01
 2.9000    1.6307815E-03    1.7234617E-01   -1.7234617E-01
 2.9100    1.5819269E-03    1.6833804E-01   -1.6833804E-01
 2.9200    1.5345660E-03    1.6442245E-01   -1.6442245E-01
 2.9300    1.4886488E-03    1.6059697E-01   -1.6059697E-01
 2.9400    1.4441298E-03    1.5685947E-01   -1.5685947E-01
 2.9500    1.4009672E-03    1.5320815E-01   -1.5320815E-01
 2.9600    1.3591207E-03    1.4964125E-01   -1.4964125E-01
 2.9700    1.3185494E-03    1.4615684E-01   -1.4615684E-01
 2.9800    1.2792110E-03    1.4275278E-01   -1.4275278E-01
 2.9900    1.2410634E-03    1.3942678E-01   -1.3942678E-01
 3.0000    1.2040664E-03    1.3617670E-01   -1.3617670E-01
 3.0100    1.1681829E-03    1.3300063E-01   -1.3300063E-01
 3.0200    1.1333782E-03    1.2989685E-01   -1.2989685E-01
 3.0300    1.0996191E-03    1.2686371E-01   -1.2686371E-01
 3.0400    1.0668729E-03    1.2389955E-01   -1.2389955E-01
 3.0500    1.0351074E-03    1.2100267E-01   -1.2100267E-01
 3.0600    1.0042919E-03    1.1817149E-01   -1.1817149E-01
 3.0700    9.7439787E-04    1.1540455E-01   -1.1540455E-01
 3.0800    9.4539798E-04    1.1270053E-01   -1.1270053E-01
 3.0900    9.1726556E-04    1.1005807E-01   -1.1005807E-01
 3.1000    8.8997373E-04    1.0747574E-01   -1.0747574E-01
 3.1100    8.6349546E-04    1.0495200E-01   -1.0495200E-01
 3.1200    8.3780450E-04    1.0248534E-01   -1.0248534E-01
 3.1300    8.1287637E-04    1.0007441E-01   -1.0007441E-01
 3.1400    7.8868881E-04    9.7718061E-02   -9.7718061E-02
 3.1500    7.6522140E-04    9.5415313E-02   -9.5415313E-02
 3.1600    7.4245467E-04    9.3165254E-02   -9.3165254E-02
 3.1700    7.2036927E-04    9.0966937E-02   -9.0966937E-02
 3.1800    6.9894542E-04    8.8819304E-02   -8.8819304E-02
 3.1900    6.7816288E-04    8.6721194E-02   -8.6721194E-02
 3.2000    6.5800156E-04    8.4671401E-02   -8.4671401E-02
 3.2100    6.3844226E-04    8.2668785E-02   -8.2668785E-02
 3.2200    6.1946726E-04    8.0712344E-02   -8.0712344E-02
 3.2300    6.0106027E-04    7.8801217E-02   -7.8801217E-02
 3.2400    5.8320584E-04    7.6934609E-02   -7.6934609E-02
 3.2500    5.6588867E-04    7.5111699E-02   -7.5111699E-02
 3.2600    5.4909308E-04    7.3331579E-02   -7.3331579E-02
 3.2700    5.3280311E-04    7.1593258E-02   -7.1593258E-02
 3.2800    5.1700310E-04    6.9895739E-02   -6.9895739E-02
 3.2900    5.0167845E-04    6.8238129E-02   -6.8238129E-02
 3.3000    4.8681603E-04    6.6619690E-02   -6.6619690E-02
 3.3100    4.7240366E-04    6.5039787E-02   -6.5039787E-02
 3.3200    4.5842899E-04    6.3497716E-02   -6.3497716E-02
 3.3300    4.4487841E-04    6.1992573E-02   -6.1992573E-02
 3.3400    4.3173714E-04    6.0523245E-02   -6.0523245E-02
 3.3500    4.1899034E-04    5.9088571E-02   -5.9088571E-02
 3.3600    4.0662443E-04    5.7687522E-02   -5.7687522E-02
 3.3700    3.9462751E-04    5.6319271E-02   -5.6319271E-02
 3.3800    3.8298871E-04    5.4983101E-02   -5.4983101E-02
 3.3900    3.7169721E-04    5.3678277E-02   -5.3678277E-02
 3.4000    3.6074203E-04    5.2404001E-02   -5.2404001E-02
 3.4100    3.5011250E-04    5.1159494E-02   -5.1159494E-02
 3.4200    3.3979898E-04    4.9944096E-02   -4.9944096E-02
 3.4300    3.2979292E-04    4.8757275E-02   -4.8757275E-02
 3.4400    3.2008607E-04    4.7598528E-02   -4.7598528E-02
 3.4500    3.1066969E-04    4.6467247E-02   -4.6467247E-02
 3.4600    3.0153420E-04    4.5362673E-02   -4.5362673E-02
 3.4700    2.9266962E-04    4.4283961E-02   -4.4283961E-02
 3.4800    2.8406639E-04    4.3230296E-02   -4.3230296E-02
 3.4900    2.7571587E-04    4.2200975E-02   -4.2200975E-02
 3.5000    2.6761023E-04    4.1195394E-02   -4.1195394E-02
 3.5100    2.5974197E-04    4.0212978E-02   -4.0212978E-02
 3.5200    2.5210351E-04    3.9253110E-02   -3.9253110E-02
 3.5300    2.4468703E-04    3.8315123E-02   -3.8315123E-02
 3.5400    2.3748496E-04    3.7398354E-02   -3.7398354E-02
 3.5500    2.3049062E-04    3.6502266E-02   -3.6502266E-02
 3.5600    2.2369880E-04    3.5626529E-02   -3.5626529E-02
 3.5700    2.1710566E-04    3.4771021E-02   -3.4771021E-02
 3.5800    2.1070792E-04    3.3935697E-02   -3.3935697E-02
 3.5900    2.0450178E-04    3.3120422E-02   -3.3120422E-02
 3.6000    1.9848219E-04    3.2324841E-02   -3.2324841E-02
 3.6100    1.9264280E-04    3.1548378E-02   -3.1548378E-02
 3.6200    1.8697666E-04    3.0790334E-02   -3.0790334E-02
 3.6300    1.8147705E-04    3.0050025E-02   -3.0050025E-02
 3.6400    1.7613802E-04    2.9326872E-02   -2.9326872E-02
 3.6500    1.7095440E-04    2.8620411E-02   -2.8620411E-02
 3.6600    1.6592148E-04    2.7930239E-02   -2.7930239E-02
 3.6700    1.6103472E-04    2.7255962E-02   -2.7255962E-02
 3.6800    1.5628995E-04    2.6597239E-02   -2.6597239E-02
 3.6900    1.5168398E-04    2.5953882E-02   -2.5953882E-02
 3.7000    1.4721504E-04    2.5325936E-02   -2.5325936E-02
 3.7100    1.4288228E-04    2.4713603E-02   -2.4713603E-02
 3.7200    1.3868435E-04    2.4116995E-02   -2.4116995E-02
 3.7300    1.3461785E-04    2.3535866E-02   -2.3535866E-02
 3.7400    1.3067698E-04    2.2969532E-02   -2.2969532E-02
 3.7500    1.2685465E-04    2.2417067E-02   -2.2417067E-02
 3.7600    1.2314444E-04    2.1877635E-02   -2.1877635E-02
 3.7700    1.1954192E-04    2.1350733E-02   -2.1350733E-02
 3.7800    1.1604464E-04    2.0836201E-02   -2.0836201E-02
 3.7900    1.1265107E-04    2.0334037E-02   -2.0334037E-02
 3.8000    1.0935942E-04    1.9844184E-02   -1.9844184E-02
 3.8100    1.0616706E-04    1.9366432E-02   -1.9366432E-02
 3.8200    1.0307078E-04    1.8900451E-02   -1.8900451E-02
 3.8300    1.0006719E-04    1.8445869E-02   -1.8445869E-02
 3.8400    9.7152946E-05    1.8002312E-02   -1.8002312E-02
 3.8500    9.4324650E-05    1.7569384E-02   -1.7569384E-02
 3.8600    9.1578791E-05    1.7146654E-02   -1.7146654E-02
 3.8700    8.8911952E-05    1.6733698E-02   -1.6733698E-02
 3.8800    8.6321252E-05    1.6330183E-02   -1.6330183E-02
 3.8900    8.3804637E-05    1.5935919E-02   -1.5935919E-02
 3.9000    8.1360727E-05    1.5550842E-02   -1.5550842E-02
 3.9100    7.8988312E-05    1.5174913E-02   -1.5174913E-02
 3.9200    7.6685874E-05    1.4808033E-02   -1.4808033E-02
 3.9300    7.4451440E-05    1.4450007E-02   -1.4450007E-02
 3.9400    7.2282695E-05    1.4100569E-02   -1.4100569E-02
 3.9500    7.0177110E-05    1.3759401E-02   -1.3759401E-02
 3.9600    6.8131999E-05    1.3426146E-02   -1.3426146E-02
 3.9700    6.6144645E-05    1.3100431E-02   -1.3100431E-02
 3.9800    6.4212621E-05    1.2781929E-02   -1.2781929E-02
 3.9900    6.2334178E-05    1.2470443E-02   -1.2470443E-02
 4.0000    6.0508386E-05    1.2165933E-02   -1.2165933E-02
 4.0100    5.8734868E-05    1.1868466E-02   -1.1868466E-02
 4.0200    5.7013326E-05    1.1578128E-02   -1.1578128E-02
 4.0300    5.5343166E-05    1.1294941E-02   -1.1294941E-02
 4.0400    5.3723369E-05    1.1018839E-02   -1.1018839E-02
 4.0500    5.2152508E-05    1.0749669E-02   -1.0749669E-02
 4.0600    5.0628847E-05    1.0487210E-02   -1.0487210E-02
 4.0700    4.9150536E-05    1.0231209E-02   -1.0231209E-02
 4.0800    4.7715933E-05    9.9814494E-03   -9.9814494E-03
 4.0900    4.6323828E-05    9.7378015E-03   -9.7378015E-03
 4.1000    4.4973352E-05    9.5002019E-03   -9.5002019E-03
 4.1100    4.3663588E-05    9.2685742E-03   -9.2685742E-03
 4.1200    4.2393215E-05    9.0427526E-03   -9.0427526E-03
 4.1300    4.1160493E-05    8.8224770E-03   -8.8224770E-03
 4.1400    3.9963599E-05    8.6074626E-03   -8.6074626E-03
 4.1500    3.8801007E-05    8.3974814E-03   -8.3974814E-03
 4.1600    3.7671613E-05    8.1923923E-03   -8.1923923E-03
 4.1700    3.6574563E-05    7.9921038E-03   -7.9921038E-03
 4.1800    3.5509007E-05    7.7965228E-03   -7.7965228E-03
 4.1900    3.4474130E-05    7.6055606E-03   -7.6055606E-03
 4.2000    3.3469470E-05    7.4192035E-03   -7.4192035E-03
 4.2100    3.2495136E-05    7.2375640E-03   -7.2375640E-03
 4.2200    3.1551479E-05    7.0608094E-03   -7.0608094E-03
 4.2300    3.0638329E-05    6.8889920E-03   -6.8889920E-03
 4.2400    2.9754471E-05    6.7219274E-03   -6.7219274E-03
 4.2500    2.8897884E-05    6.5592436E-03   -6.5592436E-03
 4.2600    2.8066540E-05    6.4005595E-03   -6.4005595E-03
 4.2700    2.7259086E-05    6.2456394E-03   -6.2456394E-03
 4.2800    2.6474937E-05    6.0944194E-03   -6.0944194E-03
 4.2900    2.5713891E-05    5.9469221E-03   -5.9469221E-03
 4.3000    2.4975619E-05    5.8031397E-03   -5.8031397E-03
 4.3100    2.4259305E-05    5.6629503E-03   -5.6629503E-03
 4.3200    2.3563564E-05    5.5260949E-03   -5.5260949E-03
 4.3300    2.2886643E-05    5.3922218E-03   -5.3922218E-03
 4.3400    2.2226885E-05    5.2609955E-03   -5.2609955E-03
 4.3500    2.1583357E-05    5.1322450E-03   -5.1322450E-03
 4.3600    2.0956309E-05    5.0060782E-03   -5.0060782E-03
 4.3700    2.0347048E-05    4.8828587E-03   -4.8828587E-03
 4.3800    1.9757080E-05    4.7630029E-03   -4.7630029E-03
 4.3900    1.9187005E-05    4.6467155E-03   -4.6467155E-03
 4.4000    1.8636019E-05    4.5338627E-03   -4.5338627E-03
 4.4100    1.8102395E-05    4.4240811E-03   -4.4240811E-03
 4.4200    1.7584422E-05    4.3170045E-03   -4.3170045E-03
 4.4300    1.7080990E-05    4.2124072E-03   -4.2124072E-03
 4.4400    1.6591503E-05    4.1101866E-03   -4.1101866E-03
 4.4500    1.6115523E-05    4.0102763E-03   -4.0102763E-03
 4.4600    1.5652621E-05    3.9126109E-03   -3.9126109E-03
 4.4700    1.5202504E-05    3.8171572E-03   -3.8171572E-03
 4.4800    1.4765074E-05    3.7239300E-03   -3.7239300E-03
 4.4900    1.4340229E-05    3.6329434E-03   -3.6329434E-03
 4.5000    1.3927605E-05    3.5441437E-03   -3.5441437E-03
 4.5100    1.3526546E-05    3.4574019E-03   -3.4574019E-03
 4.5200    1.3136355E-05    3.3725748E-03   -3.3725748E-03
 4.5300    1.2756551E-05    3.2895731E-03   -3.2895731E-03
 4.5400    1.2386938E-05    3.2083779E-03   -3.2083779E-03
 4.5500    1.2027485E-05    3.1290139E-03   -3.1290139E-03
 4.5600    1.1678225E-05    3.0515212E-03   -3.0515212E-03
 4.5700    1.1339215E-05    2.9759474E-03   -2.9759474E-03
 4.5800    1.1010512E-05    2.9023402E-03   -2.9023402E-03
 4.5900    1.0692070E-05    2.8307208E-03   -2.8307208E-03
 4.6000    1.0383613E-05    2.7610484E-03   -2.7610484E-03
 4.6100    1.0084614E-05    2.6932149E-03   -2.6932149E-03
 4.6200    9.7944658E-06    2.6270877E-03   -2.6270877E-03
 4.6300    9.5127205E-06    2.5625750E-03   -2.5625750E-03
 4.6400    9.2392232E-06    2.4996620E-03   -2.4996620E-03
 4.6500    8.9740352E-06    2.4383921E-03   -2.4383921E-03
 4.6600    8.7172438E-06    2.3788162E-03   -2.3788162E-03
 4.6700    8.4688109E-06    2.3209515E-03   -2.3209515E-03
 4.6800    8.2285332E-06    2.2647694E-03   -2.2647694E-03
 4.6900    7.9960761E-06    2.2102046E-03   -2.2102046E-03
 4.7000    7.7710212E-06    2.1571665E-03   -2.1571665E-03
 4.7100    7.5528944E-06    2.1055477E-03   -2.1055477E-03
 4.7200    7.3411809E-06    2.0552270E-03   -2.0552270E-03
 4.7300    7.1353449E-06    2.0060748E-03   -2.0060748E-03
 4.7400    6.9348629E-06    1.9579628E-03   -1.9579628E-03
 4.7500    6.7392650E-06    1.9107753E-03   -1.9107753E-03
 4.7600    6.5481949E-06    1.8644269E-03   -1.8644269E-03
 4.7700    6.3615171E-06    1.8188937E-03   -1.8188937E-03
 4.7800    6.1794277E-06    1.7742463E-03   -1.7742463E-03
 4.7900    6.0024129E-06    1.7306401E-03   -1.7306401E-03
 4.8000    5.8309455E-06    1.6882289E-03   -1.6882289E-03
 4.8100    5.6650590E-06    1.6470412E-03   -1.6470412E-03
 4.8200    5.5041364E-06    1.6069158E-03   -1.6069158E-03
 4.8300    5.3471124E-06    1.5675574E-03   -1.5675574E-03
 4.8400    5.1929455E-06    1.5286722E-03   -1.5286722E-03
 4.8500    5.0410395E-06    1.4900932E-03   -1.4900932E-03
 4.8600    4.8914493E-06    1.4518440E-03   -1.4518440E-03
 4.8700    4.7449291E-06    1.4141566E-03   -1.4141566E-03
 4.8800    4.6028510E-06    1.3774519E-03   -1.3774519E-03
 4.8900    4.4668411E-06    1.3422335E-03   -1.3422335E-03
 4.9000    4.3380620E-06    1.3088738E-03   -1.3088738E-03
 4.9100    4.2164971E-06    1.2773934E-03   -1.2773934E-03
 4.9200    4.1008353E-06    1.2474191E-03   -1.2474191E-03
 4.9300    3.9891467E-06    1.2183827E-03   -1.2183827E-03
 4.9400    3.8798074E-06    1.1897999E-03   -1.1897999E-03
 4.9500    3.7719236E-06    1.1614035E-03   -1.1614035E-03
 4.9600    3.6650986E-06    1.1330756E-03   -1.1330756E-03
 4.9700    3.5590907E-06    1.1047441E-03   -1.1047441E-03
 4.9800    3.4539289E-06    1.0764205E-03   -1.0764205E-03
 4.9900    3.3503809E-06    1.0483472E-03   -1.0483472E-03
 5.0000    3.2500922E-06    1.0210466E-03   -1.0210466E-03
 5.0100    3.1549241E-06    9.9511721E-04   -9.9511721E-04
 5.0200    3.0658402E-06    9.7088280E-04   -9.7088280E-04
 5.0300    2.9822278E-06    9.4817095E-04   -9.4817095E-04
 5.0400    2.9022125E-06    9.2640342E-04   -9.2640342E-04
 5.0500    2.8236872E-06    9.0491795E-04   -9.0491795E-04
 5.0600    2.7453161E-06    8.8328986E-04   -8.8328986E-04
 5.0700    2.6669904E-06    8.6148405E-04   -8.6148405E-04
 5.0800    2.5896801E-06    8.3981458E-04   -8.3981458E-04
 5.0900    2.5148782E-06    8.1877088E-04   -8.1877088E-04
 5.1000    2.4438595E-06    7.9877865E-04   -7.9877865E-04
 5.1100    2.3770013E-06    7.7997572E-04   -7.7997572E-04
 5.1200    2.3134888E-06    7.6210917E-04   -7.6210917E-04
 5.1300    2.2516422E-06    7.4463591E-04   -7.4463591E-04
 5.1400    2.1897576E-06    7.2699622E-04   -7.2699622E-04
 5.1500    2.1269745E-06    7.0890264E-04   -7.0890264E-04
 5.1600    2.0636412E-06    6.9046783E-04   -6.9046783E-04
 5.1700    2.0010267E-06    6.7211539E-04   -6.7211539E-04
 5.1800    1.9406610E-06    6.5436349E-04   -6.5436349E-04
 5.1900    1.8837176E-06    6.3761770E-04   -6.3761770E-04
 5.2000    1.8306741E-06    6.2205328E-04   -6.2205328E-04
 5.2100    1.7812690E-06    6.0759587E-04   -6.0759587E-04
 5.2200    1.7346860E-06    5.9397989E-04   -5.9397989E-04
 5.2300    1.6898822E-06    5.8085761E-04   -5.8085761E-04
 5.2400    1.6459418E-06    5.6791968E-04   -5.6791968E-04
 5.2500    1.6023091E-06    5.5497671E-04   -5.5497671E-04
 5.2600    1.5588165E-06    5.4197139E-04   -5.4197139E-04
 5.2700    1.5155611E-06    5.2893771E-04   -5.2893771E-04
 5.2800    1.4727729E-06    5.1595699E-04   -5.1595699E-04
 5.2900    1.4307688E-06    5.0314212E-04   -5.0314212E-04
 5.3000    1.3899373E-06    4.9063305E-04   -4.9063305E-04
 5.3100    1.3506463E-06    4.7856456E-04   -4.7856456E-04
 5.3200    1.3130655E-06    4.6700282E-04   -4.6700282E-04
 5.3300    1.2770396E-06    4.5589900E-04   -4.5589900E-04
 5.3400    1.2421543E-06    4.4511058E-04   -4.4511058E-04
 5.3500    1.2079695E-06    4.3448360E-04   -4.3448360E-04
 5.3600    1.1742418E-06    4.2393275E-04   -4.2393275E-04
 5.3700    1.1409794E-06    4.1346262E-04   -4.1346262E-04
 5.3800    1.1083343E-06    4.0313007E-04   -4.0313007E-04
 5.3900    1.0764541E-06    3.9299127E-04   -3.9299127E-04
 5.4000    1.0453961E-06    3.8307011E-04   -3.8307011E-04
 5.4100    1.0151144E-06    3.7335276E-04   -3.7335276E-04
 5.4200    9.8549251E-07    3.6379922E-04   -3.6379922E-04
 5.4300    9.5641491E-07    3.5436911E-04   -3.5436911E-04
 5.4400    9.2785971E-07    3.4505632E-04   -3.4505632E-04
 5.4500    8.9995374E-07    3.3591009E-04   -3.3591009E-04
 5.4600    8.7293531E-07    3.2702218E-04   -3.2702218E-04
 5.4700    8.4706288E-07    3.1849320E-04   -3.1849320E-04
 5.4800    8.2257660E-07    3.1041831E-04   -3.1041831E-04
 5.4900    7.9975559E-07    3.0290876E-04   -3.0290876E-04
 5.5000    7.7897775E-07    2.9611493E-04   -2.9611493E-04
 5.5100    7.6066131E-07    2.9020466E-04   -2.9020466E-04
 5.5200    7.4510241E-07    2.8530145E-04   -2.8530145E-04
 5.5300    7.3234588E-07    2.8143387E-04   -2.8143387E-04
 5.5400    7.2218281E-07    2.7853293E-04   -2.7853293E-04
