# total charge: 7.000000 
# r(A)     rho (e/A^3)     4*pi*r^2*rho(e/A)  dip  
 0.0000   -6.5558834E-01   -0.0000000E+00    5.5851919E+01
 0.0100   -6.5337421E-01   -8.2105425E-04    5.5574178E+01
 0.0200   -6.5057774E-01   -3.2701604E-03    5.4749247E+01
 0.0300   -6.4708257E-01   -7.3183315E-03    5.3401612E+01
 0.0400   -6.4276565E-01   -1.2923570E-02    5.1570743E+01
 0.0500   -6.3749263E-01   -2.0027422E-02    4.9309173E+01
 0.0600   -6.3111519E-01   -2.8550978E-02    4.6679995E+01
 0.0700   -6.2348329E-01   -3.8391118E-02    4.3753942E+01
 0.0800   -6.1447544E-01   -4.9419047E-02    4.0606236E+01
 0.0900   -6.0402930E-01   -6.1482694E-02    3.7313418E+01
 0.1000   -5.9215121E-01   -7.4411915E-02    3.3950313E+01
 0.1100   -5.7889939E-01   -8.8023437E-02    3.0587328E+01
 0.1200   -5.6435502E-01   -1.0212328E-01    2.7288171E+01
 0.1300   -5.4859822E-01   -1.1650672E-01    2.4108110E+01
 0.1400   -5.3169720E-01   -1.3095748E-01    2.1092803E+01
 0.1500   -5.1370910E-01   -1.4524783E-01    1.8277711E+01
 0.1600   -4.9468656E-01   -1.5914021E-01    1.5688057E+01
 0.1700   -4.7468390E-01   -1.7239005E-01    1.3339261E+01
 0.1800   -4.5375879E-01   -1.8474807E-01    1.1237770E+01
 0.1900   -4.3196897E-01   -1.9596098E-01    9.3821751E+00
 0.2000   -4.0936750E-01   -2.0577055E-01    7.7645059E+00
 0.2100   -3.8600090E-01   -2.1391280E-01    6.3716162E+00
 0.2200   -3.6191176E-01   -2.2011920E-01    5.1865622E+00
 0.2300   -3.3714366E-01   -2.2411996E-01    4.1899052E+00
 0.2400   -3.1174477E-01   -2.2564802E-01    3.3608823E+00
 0.2500   -2.8576855E-01   -2.2444209E-01    2.6784042E+00
 0.2600   -2.5927226E-01   -2.2024832E-01    2.1218640E+00
 0.2700   -2.3231470E-01   -2.1282080E-01    1.6717517E+00
 0.2800   -2.0495437E-01   -2.0192176E-01    1.3100850E+00
 0.2900   -1.7724835E-01   -1.8732168E-01    1.0206762E+00
 0.3000   -1.4925206E-01   -1.6880011E-01    7.8925888E-01
 0.3100   -1.2101992E-01   -1.4614707E-01    6.0350174E-01
 0.3200   -9.2606102E-02   -1.1916519E-01    4.5293754E-01
 0.3300   -6.4065055E-02   -8.7671603E-02    3.2883125E-01
 0.3400   -3.5451405E-02   -5.1499279E-02    2.2400996E-01
 0.3500   -6.8194489E-03   -1.0497726E-02    1.3267330E-01
 0.3600    2.1777390E-02    3.5466693E-02    5.0199577E-02
 0.3700    5.0286900E-02    8.6510371E-02   -2.7041133E-02
 0.3800    7.8658113E-02    1.4273175E-01   -1.0185918E-01
 0.3900    1.0684114E-01    2.0421027E-01   -1.7639851E-01
 0.4000    1.3478697E-01    2.7100529E-01   -2.5226906E-01
 0.4100    1.6244746E-01    3.4315513E-01   -3.3065850E-01
 0.4200    1.8977552E-01    4.2067687E-01   -4.1242484E-01
 0.4300    2.1672553E-01    5.0356652E-01   -4.9817159E-01
 0.4400    2.4325367E-01    5.9179952E-01   -5.8830758E-01
 0.4500    2.6931803E-01    6.8533091E-01   -6.8309319E-01
 0.4600    2.9487863E-01    7.8409527E-01   -7.8267555E-01
 0.4700    3.1989727E-01    8.8800644E-01   -8.8711467E-01
 0.4800    3.4433743E-01    9.9695732E-01   -9.9640274E-01
 0.4900    3.6816419E-01    1.1108197E+00   -1.1104782E+00
 0.5000    3.9134430E-01    1.2294444E+00   -1.2292362E+00
 0.5100    4.1384638E-01    1.3526623E+00   -1.3525367E+00
 0.5200    4.3564133E-01    1.4802860E+00   -1.4802109E+00
 0.5300    4.5670247E-01    1.6121111E+00   -1.6120667E+00
 0.5400    4.7700544E-01    1.7479166E+00   -1.7478906E+00
 0.5500    4.9652788E-01    1.8874649E+00   -1.8874498E+00
 0.5600    5.1524926E-01    2.0305014E+00   -2.0304928E+00
 0.5700    5.3315100E-01    2.1767563E+00   -2.1767514E+00
 0.5800    5.5021675E-01    2.3259462E+00   -2.3259434E+00
 0.5900    5.6643259E-01    2.4777764E+00   -2.4777749E+00
 0.6000    5.8178694E-01    2.6319421E+00   -2.6319413E+00
 0.6100    5.9627025E-01    2.7881278E+00   -2.7881273E+00
 0.6200    6.0987472E-01    2.9460077E+00   -2.9460074E+00
 0.6300    6.2259433E-01    3.1052468E+00   -3.1052467E+00
 0.6400    6.3442508E-01    3.2655035E+00   -3.2655035E+00
 0.6500    6.4536521E-01    3.4264321E+00   -3.4264320E+00
 0.6600    6.5541532E-01    3.5876851E+00   -3.5876851E+00
 0.6700    6.6457826E-01    3.7489151E+00   -3.7489151E+00
 0.6800    6.7285893E-01    3.9097745E+00   -3.9097745E+00
 0.6900    6.8026390E-01    4.0699162E+00   -4.0699162E+00
 0.7000    6.8680117E-01    4.2289930E+00   -4.2289930E+00
 0.7100    6.9248007E-01    4.3866586E+00   -4.3866586E+00
 0.7200    6.9731141E-01    4.5425700E+00   -4.5425700E+00
 0.7300    7.0130766E-01    4.6963901E+00   -4.6963901E+00
 0.7400    7.0448311E-01    4.8477910E+00   -4.8477910E+00
 0.7500    7.0685374E-01    4.9964546E+00   -4.9964546E+00
 0.7600    7.0843689E-01    5.1420727E+00   -5.1420727E+00
 0.7700    7.0925095E-01    5.2843459E+00   -5.2843459E+00
 0.7800    7.0931505E-01    5.4229830E+00   -5.4229830E+00
 0.7900    7.0864895E-01    5.5577012E+00   -5.5577012E+00
 0.8000    7.0727303E-01    5.6882272E+00   -5.6882272E+00
 0.8100    7.0520840E-01    5.8142992E+00   -5.8142992E+00
 0.8200    7.0247706E-01    5.9356695E+00   -5.9356695E+00
 0.8300    6.9910195E-01    6.0521065E+00   -6.0521065E+00
 0.8400    6.9510685E-01    6.1633950E+00   -6.1633950E+00
 0.8500    6.9051622E-01    6.2693368E+00   -6.2693368E+00
 0.8600    6.8535499E-01    6.3697494E+00   -6.3697494E+00
 0.8700    6.7964847E-01    6.4644668E+00   -6.4644668E+00
 0.8800    6.7342226E-01    6.5533397E+00   -6.5533397E+00
 0.8900    6.6670211E-01    6.6362342E+00   -6.6362342E+00
 0.9000    6.5951370E-01    6.7130318E+00   -6.7130318E+00
 0.9100    6.5188252E-01    6.7836274E+00   -6.7836274E+00
 0.9200    6.4383391E-01    6.8479309E+00   -6.8479309E+00
 0.9300    6.3539325E-01    6.9058693E+00   -6.9058693E+00
 0.9400    6.2658615E-01    6.9573902E+00   -6.9573902E+00
 0.9500    6.1743854E-01    7.0024627E+00   -7.0024627E+00
 0.9600    6.0797646E-01    7.0410771E+00   -7.0410771E+00
 0.9700    5.9822584E-01    7.0732417E+00   -7.0732417E+00
 0.9800    5.8821225E-01    7.0989821E+00   -7.0989821E+00
 0.9900    5.7796094E-01    7.1183403E+00   -7.1183403E+00
 1.0000    5.6749689E-01    7.1313762E+00   -7.1313762E+00
 1.0100    5.5684487E-01    7.1381691E+00   -7.1381691E+00
 1.0200    5.4602948E-01    7.1388178E+00   -7.1388178E+00
 1.0300    5.3507507E-01    7.1334404E+00   -7.1334404E+00
 1.0400    5.2400571E-01    7.1221738E+00   -7.1221738E+00
 1.0500    5.1284512E-01    7.1051736E+00   -7.1051736E+00
 1.0600    5.0161670E-01    7.0826141E+00   -7.0826141E+00
 1.0700    4.9034351E-01    7.0546886E+00   -7.0546886E+00
 1.0800    4.7904826E-01    7.0216090E+00   -7.0216090E+00
 1.0900    4.6775331E-01    6.9836060E+00   -6.9836060E+00
 1.1000    4.5648060E-01    6.9409283E+00   -6.9409283E+00
 1.1100    4.4525164E-01    6.8938423E+00   -6.8938423E+00
 1.1200    4.3408749E-01    6.8426320E+00   -6.8426320E+00
 1.1300    4.2300872E-01    6.7875973E+00   -6.7875973E+00
 1.1400    4.1203525E-01    6.7290529E+00   -6.7290529E+00
 1.1500    4.0118627E-01    6.6673248E+00   -6.6673248E+00
 1.1600    3.9047988E-01    6.6027447E+00   -6.6027447E+00
 1.1700    3.7993262E-01    6.5356408E+00   -6.5356408E+00
 1.1800    3.6955897E-01    6.4663264E+00   -6.4663264E+00
 1.1900    3.5937071E-01    6.3950871E+00   -6.3950871E+00
 1.2000    3.4937668E-01    6.3221714E+00   -6.3221714E+00
 1.2100    3.3958269E-01    6.2477860E+00   -6.2477860E+00
 1.2200    3.2999195E-01    6.1720987E+00   -6.1720987E+00
 1.2300    3.2060559E-01    6.0952451E+00   -6.0952451E+00
 1.2400    3.1142333E-01    6.0173377E+00   -6.0173377E+00
 1.2500    3.0244403E-01    5.9384746E+00   -5.9384746E+00
 1.2600    2.9366602E-01    5.8587458E+00   -5.8587458E+00
 1.2700    2.8508746E-01    5.7782379E+00   -5.7782379E+00
 1.2800    2.7670642E-01    5.6970370E+00   -5.6970370E+00
 1.2900    2.6852096E-01    5.6152289E+00   -5.6152289E+00
 1.3000    2.6052911E-01    5.5329001E+00   -5.5329001E+00
 1.3100    2.5272890E-01    5.4501364E+00   -5.4501364E+00
 1.3200    2.4511828E-01    5.3670226E+00   -5.3670226E+00
 1.3300    2.3769512E-01    5.2836423E+00   -5.2836423E+00
 1.3400    2.3045724E-01    5.2000775E+00   -5.2000775E+00
 1.3500    2.2340237E-01    5.1164082E+00   -5.1164082E+00
 1.3600    2.1652819E-01    5.0327126E+00   -5.0327126E+00
 1.3700    2.0983231E-01    4.9490674E+00   -4.9490674E+00
 1.3800    2.0331235E-01    4.8655483E+00   -4.8655483E+00
 1.3900    1.9696589E-01    4.7822304E+00   -4.7822304E+00
 1.4000    1.9079052E-01    4.6991869E+00   -4.6991869E+00
 1.4100    1.8478369E-01    4.6164882E+00   -4.6164882E+00
 1.4200    1.7894278E-01    4.5342007E+00   -4.5342007E+00
 1.4300    1.7326504E-01    4.4523866E+00   -4.4523866E+00
 1.4400    1.6774760E-01    4.3711044E+00   -4.3711044E+00
 1.4500    1.6238759E-01    4.2904092E+00   -4.2904092E+00
 1.4600    1.5718208E-01    4.2103539E+00   -4.2103539E+00
 1.4700    1.5212810E-01    4.1309885E+00   -4.1309885E+00
 1.4800    1.4722267E-01    4.0523597E+00   -4.0523597E+00
 1.4900    1.4246273E-01    3.9745106E+00   -3.9745106E+00
 1.5000    1.3784516E-01    3.8974800E+00   -3.8974800E+00
 1.5100    1.3336679E-01    3.8213029E+00   -3.8213029E+00
 1.5200    1.2902444E-01    3.7460108E+00   -3.7460108E+00
 1.5300    1.2481493E-01    3.6716330E+00   -3.6716330E+00
 1.5400    1.2073508E-01    3.5981956E+00   -3.5981956E+00
 1.5500    1.1678170E-01    3.5257220E+00   -3.5257220E+00
 1.5600    1.1295161E-01    3.4542318E+00   -3.4542318E+00
 1.5700    1.0924157E-01    3.3837409E+00   -3.3837409E+00
 1.5800    1.0564834E-01    3.3142612E+00   -3.3142612E+00
 1.5900    1.0216870E-01    3.2458018E+00   -3.2458018E+00
 1.6000    9.8799460E-02    3.1783696E+00   -3.1783696E+00
 1.6100    9.5537480E-02    3.1119700E+00   -3.1119700E+00
 1.6200    9.2379707E-02    3.0466073E+00   -3.0466073E+00
 1.6300    8.9323137E-02    2.9822843E+00   -2.9822843E+00
 1.6400    8.6364813E-02    2.9190020E+00   -2.9190020E+00
 1.6500    8.3501815E-02    2.8567594E+00   -2.8567594E+00
 1.6600    8.0731269E-02    2.7955536E+00   -2.7955536E+00
 1.6700    7.8050352E-02    2.7353800E+00   -2.7353800E+00
 1.6800    7.5456299E-02    2.6762330E+00   -2.6762330E+00
 1.6900    7.2946410E-02    2.6181058E+00   -2.6181058E+00
 1.7000    7.0518063E-02    2.5609912E+00   -2.5609912E+00
 1.7100    6.8168725E-02    2.5048819E+00   -2.5048819E+00
 1.7200    6.5895952E-02    2.4497710E+00   -2.4497710E+00
 1.7300    6.3697373E-02    2.3956512E+00   -2.3956512E+00
 1.7400    6.1570670E-02    2.3425142E+00   -2.3425142E+00
 1.7500    5.9513572E-02    2.2903507E+00   -2.2903507E+00
 1.7600    5.7523863E-02    2.2391503E+00   -2.2391503E+00
 1.7700    5.5599397E-02    2.1889028E+00   -2.1889028E+00
 1.7800    5.3738112E-02    2.1395984E+00   -2.1395984E+00
 1.7900    5.1938023E-02    2.0912278E+00   -2.0912278E+00
 1.8000    5.0197214E-02    2.0437816E+00   -2.0437816E+00
 1.8100    4.8513827E-02    1.9972506E+00   -1.9972506E+00
 1.8200    4.6886057E-02    1.9516249E+00   -1.9516249E+00
 1.8300    4.5312151E-02    1.9068947E+00   -1.9068947E+00
 1.8400    4.3790410E-02    1.8630500E+00   -1.8630500E+00
 1.8500    4.2319191E-02    1.8200808E+00   -1.8200808E+00
 1.8600    4.0896907E-02    1.7779773E+00   -1.7779773E+00
 1.8700    3.9522022E-02    1.7367297E+00   -1.7367297E+00
 1.8800    3.8193042E-02    1.6963279E+00   -1.6963279E+00
 1.8900    3.6908517E-02    1.6567618E+00   -1.6567618E+00
 1.9000    3.5667040E-02    1.6180209E+00   -1.6180209E+00
 1.9100    3.4467245E-02    1.5800949E+00   -1.5800949E+00
 1.9200    3.3307804E-02    1.5429730E+00   -1.5429730E+00
 1.9300    3.2187427E-02    1.5066444E+00   -1.5066444E+00
 1.9400    3.1104859E-02    1.4710979E+00   -1.4710979E+00
 1.9500    3.0058875E-02    1.4363220E+00   -1.4363220E+00
 1.9600    2.9048288E-02    1.4023052E+00   -1.4023052E+00
 1.9700    2.8071943E-02    1.3690358E+00   -1.3690358E+00
 1.9800    2.7128723E-02    1.3365020E+00   -1.3365020E+00
 1.9900    2.6217539E-02    1.3046918E+00   -1.3046918E+00
 2.0000    2.5337327E-02    1.2735930E+00   -1.2735930E+00
 2.0100    2.4487054E-02    1.2431929E+00   -1.2431929E+00
 2.0200    2.3665709E-02    1.2134786E+00   -1.2134786E+00
 2.0300    2.2872314E-02    1.1844372E+00   -1.1844372E+00
 2.0400    2.2105920E-02    1.1560558E+00   -1.1560558E+00
 2.0500    2.1365610E-02    1.1283216E+00   -1.1283216E+00
 2.0600    2.0650495E-02    1.1012217E+00   -1.1012217E+00
 2.0700    1.9959712E-02    1.0747435E+00   -1.0747435E+00
 2.0800    1.9292423E-02    1.0488740E+00   -1.0488740E+00
 2.0900    1.8647812E-02    1.0236001E+00   -1.0236001E+00
 2.1000    1.8025087E-02    9.9890875E-01   -9.9890875E-01
 2.1100    1.7423480E-02    9.7478690E-01   -9.7478690E-01
 2.1200    1.6842255E-02    9.5122184E-01   -9.5122184E-01
 2.1300    1.6280699E-02    9.2820116E-01   -9.2820116E-01
 2.1400    1.5738130E-02    9.0571285E-01   -9.0571285E-01
 2.1500    1.5213889E-02    8.8374514E-01   -8.8374514E-01
 2.1600    1.4707342E-02    8.6228646E-01   -8.6228646E-01
 2.1700    1.4217874E-02    8.4132537E-01   -8.4132537E-01
 2.1800    1.3744890E-02    8.2085061E-01   -8.2085061E-01
 2.1900    1.3287818E-02    8.0085110E-01   -8.0085110E-01
 2.2000    1.2846107E-02    7.8131605E-01   -7.8131605E-01
 2.2100    1.2419225E-02    7.6223501E-01   -7.6223501E-01
 2.2200    1.2006664E-02    7.4359794E-01   -7.4359794E-01
 2.2300    1.1607937E-02    7.2539516E-01   -7.2539516E-01
 2.2400    1.1222575E-02    7.0761726E-01   -7.0761726E-01
 2.2500    1.0850124E-02    6.9025505E-01   -6.9025505E-01
 2.2600    1.0490147E-02    6.7329953E-01   -6.7329953E-01
 2.2700    1.0142222E-02    6.5674188E-01   -6.5674188E-01
 2.2800    9.8059450E-03    6.4057356E-01   -6.4057356E-01
 2.2900    9.4809247E-03    6.2478634E-01   -6.2478634E-01
 2.3000    9.1667874E-03    6.0937228E-01   -6.0937228E-01
 2.3100    8.8631728E-03    5.9432369E-01   -5.9432369E-01
 2.3200    8.5697339E-03    5.7963309E-01   -5.7963309E-01
 2.3300    8.2861352E-03    5.6529315E-01   -5.6529315E-01
 2.3400    8.0120516E-03    5.5129660E-01   -5.5129660E-01
 2.3500    7.7471670E-03    5.3763620E-01   -5.3763620E-01
 2.3600    7.4911743E-03    5.2430472E-01   -5.2430472E-01
 2.3700    7.2437756E-03    5.1129500E-01   -5.1129500E-01
 2.3800    7.0046829E-03    4.9859998E-01   -4.9859998E-01
 2.3900    6.7736194E-03    4.8621288E-01   -4.8621288E-01
 2.4000    6.5503185E-03    4.7412709E-01   -4.7412709E-01
 2.4100    6.3345235E-03    4.6233621E-01   -4.6233621E-01
 2.4200    6.1259851E-03    4.5083387E-01   -4.5083387E-01
 2.4300    5.9244602E-03    4.3961368E-01   -4.3961368E-01
 2.4400    5.7297116E-03    4.2866920E-01   -4.2866920E-01
 2.4500    5.5415081E-03    4.1799396E-01   -4.1799396E-01
 2.4600    5.3596257E-03    4.0758157E-01   -4.0758157E-01
 2.4700    5.1838473E-03    3.9742572E-01   -3.9742572E-01
 2.4800    5.0139635E-03    3.8752025E-01   -3.8752025E-01
 2.4900    4.8497718E-03    3.7785908E-01   -3.7785908E-01
 2.5000    4.6910765E-03    3.6843628E-01   -3.6843628E-01
 2.5100    4.5376882E-03    3.5924602E-01   -3.5924602E-01
 2.5200    4.3894238E-03    3.5028252E-01   -3.5028252E-01
 2.5300    4.2461058E-03    3.4154011E-01   -3.4154011E-01
 2.5400    4.1075620E-03    3.3301318E-01   -3.3301318E-01
 2.5500    3.9736259E-03    3.2469620E-01   -3.2469620E-01
 2.5600    3.8441365E-03    3.1658374E-01   -3.1658374E-01
 2.5700    3.7189385E-03    3.0867048E-01   -3.0867048E-01
 2.5800    3.5978817E-03    3.0095125E-01   -3.0095125E-01
 2.5900    3.4808219E-03    2.9342100E-01   -2.9342100E-01
 2.6000    3.3676200E-03    2.8607483E-01   -2.8607483E-01
 2.6100    3.2581424E-03    2.7890798E-01   -2.7890798E-01
 2.6200    3.1522606E-03    2.7191588E-01   -2.7191588E-01
 2.6300    3.0498515E-03    2.6509409E-01   -2.6509409E-01
 2.6400    2.9507967E-03    2.5843838E-01   -2.5843838E-01
 2.6500    2.8549830E-03    2.5194465E-01   -2.5194465E-01
 2.6600    2.7623014E-03    2.4560896E-01   -2.4560896E-01
 2.6700    2.6726468E-03    2.3942746E-01   -2.3942746E-01
 2.6800    2.5859175E-03    2.3339638E-01   -2.3339638E-01
 2.6900    2.5020155E-03    2.2751205E-01   -2.2751205E-01
 2.7000    2.4208461E-03    2.2177091E-01   -2.2177091E-01
 2.7100    2.3423191E-03    2.1616954E-01   -2.1616954E-01
 2.7200    2.2663482E-03    2.1070474E-01   -2.1070474E-01
 2.7300    2.1928506E-03    2.0537340E-01   -2.0537340E-01
 2.7400    2.1217468E-03    2.0017256E-01   -2.0017256E-01
 2.7500    2.0529600E-03    1.9509931E-01   -1.9509931E-01
 2.7600    1.9864161E-03    1.9015084E-01   -1.9015084E-01
 2.7700    1.9220438E-03    1.8532443E-01   -1.8532443E-01
 2.7800    1.8597742E-03    1.8061744E-01   -1.8061744E-01
 2.7900    1.7995404E-03    1.7602723E-01   -1.7602723E-01
 2.8000    1.7412768E-03    1.7155120E-01   -1.7155120E-01
 2.8100    1.6849197E-03    1.6718670E-01   -1.6718670E-01
 2.8200    1.6304071E-03    1.6293115E-01   -1.6293115E-01
 2.8300    1.5776790E-03    1.5878204E-01   -1.5878204E-01
 2.8400    1.5266782E-03    1.5473695E-01   -1.5473695E-01
 2.8500    1.4773495E-03    1.5079357E-01   -1.5079357E-01
 2.8600    1.4296401E-03    1.4694968E-01   -1.4694968E-01
 2.8700    1.3834989E-03    1.4320311E-01   -1.4320311E-01
 2.8800    1.3388762E-03    1.3955174E-01   -1.3955174E-01
 2.8900    1.2957230E-03    1.3599337E-01   -1.3599337E-01
 2.9000    1.2539905E-03    1.3252570E-01   -1.3252570E-01
 2.9100    1.2136299E-03    1.2914634E-01   -1.2914634E-01
 2.9200    1.1745934E-03    1.2585287E-01   -1.2585287E-01
 2.9300    1.1368350E-03    1.2264294E-01   -1.2264294E-01
 2.9400    1.1003111E-03    1.1951434E-01   -1.1951434E-01
 2.9500    1.0649806E-03    1.1646505E-01   -1.1646505E-01
 2.9600    1.0308040E-03    1.1349308E-01   -1.1349308E-01
 2.9700    9.9774246E-04    1.1059646E-01   -1.1059646E-01
 2.9800    9.6575775E-04    1.0777315E-01   -1.0777315E-01
 2.9900    9.3481234E-04    1.0502113E-01   -1.0502113E-01
 3.0000    9.0486994E-04    1.0233838E-01   -1.0233838E-01
 3.0100    8.7589590E-04    9.9723003E-02   -9.9723003E-02
 3.0200    8.4785716E-04    9.7173186E-02   -9.7173186E-02
 3.0300    8.2072205E-04    9.4687189E-02   -9.4687189E-02
 3.0400    7.9446000E-04    9.2263318E-02   -9.2263318E-02
 3.0500    7.6904151E-04    8.9899924E-02   -8.9899924E-02
 3.0600    7.4443817E-04    8.7595410E-02   -8.7595410E-02
 3.0700    7.2062279E-04    8.5348248E-02   -8.5348248E-02
 3.0800    6.9756932E-04    8.3156973E-02   -8.3156973E-02
 3.0900    6.7525265E-04    8.1020165E-02   -8.1020165E-02
 3.1000    6.5364843E-04    7.8936429E-02   -7.8936429E-02
 3.1100    6.3273301E-04    7.6904391E-02   -7.6904391E-02
 3.1200    6.1248358E-04    7.4922714E-02   -7.4922714E-02
 3.1300    5.9287835E-04    7.2990129E-02   -7.2990129E-02
 3.1400    5.7389671E-04    7.1105452E-02   -7.1105452E-02
 3.1500    5.5551918E-04    6.9267582E-02   -6.9267582E-02
 3.1600    5.3772718E-04    6.7475485E-02   -6.7475485E-02
 3.1700    5.2050286E-04    6.5728166E-02   -6.5728166E-02
 3.1800    5.0382883E-04    6.4024636E-02   -6.4024636E-02
 3.1900    4.8768805E-04    6.2363911E-02   -6.2363911E-02
 3.2000    4.7206391E-04    6.0745012E-02   -6.0745012E-02
 3.2100    4.5694035E-04    5.9166985E-02   -5.9166985E-02
 3.2200    4.4230197E-04    5.7628920E-02   -5.7628920E-02
 3.2300    4.2813405E-04    5.6129953E-02   -5.6129953E-02
 3.2400    4.1442237E-04    5.4669245E-02   -5.4669245E-02
 3.2500    4.0115303E-04    5.3245960E-02   -5.3245960E-02
 3.2600    3.8831229E-04    5.1859246E-02   -5.1859246E-02
 3.2700    3.7588660E-04    5.0508237E-02   -5.0508237E-02
 3.2800    3.6386273E-04    4.9192073E-02   -4.9192073E-02
 3.2900    3.5222807E-04    4.7909939E-02   -4.7909939E-02
 3.3000    3.4097075E-04    4.6661089E-02   -4.6661089E-02
 3.3100    3.3007956E-04    4.5444830E-02   -4.5444830E-02
 3.3200    3.1954356E-04    4.4260478E-02   -4.4260478E-02
 3.3300    3.0935165E-04    4.3107294E-02   -4.3107294E-02
 3.3400    2.9949232E-04    4.1984452E-02   -4.1984452E-02
 3.3500    2.8995388E-04    4.0891064E-02   -4.0891064E-02
 3.3600    2.8072487E-04    3.9826240E-02   -3.9826240E-02
 3.3700    2.7179444E-04    3.8789147E-02   -3.8789147E-02
 3.3800    2.6315242E-04    3.7779015E-02   -3.7779015E-02
 3.3900    2.5478917E-04    3.6795121E-02   -3.6795121E-02
 3.4000    2.4669546E-04    3.5836770E-02   -3.5836770E-02
 3.4100    2.3886245E-04    3.4903301E-02   -3.4903301E-02
 3.4200    2.3128179E-04    3.3994098E-02   -3.3994098E-02
 3.4300    2.2394551E-04    3.3108574E-02   -3.3108574E-02
 3.4400    2.1684575E-04    3.2246135E-02   -3.2246135E-02
 3.4500    2.0997448E-04    3.1406141E-02   -3.1406141E-02
 3.4600    2.0332348E-04    3.0587896E-02   -3.0587896E-02
 3.4700    1.9688460E-04    2.9790691E-02   -2.9790691E-02
 3.4800    1.9065012E-04    2.9013854E-02   -2.9013854E-02
 3.4900    1.8461288E-04    2.8256784E-02   -2.8256784E-02
 3.5000    1.7876626E-04    2.7518927E-02   -2.7518927E-02
 3.5100    1.7310385E-04    2.6799756E-02   -2.6799756E-02
 3.5200    1.6761939E-04    2.6098735E-02   -2.6098735E-02
 3.5300    1.6230671E-04    2.5415330E-02   -2.5415330E-02
 3.5400    1.5715990E-04    2.4749028E-02   -2.4749028E-02
 3.5500    1.5217352E-04    2.4099369E-02   -2.4099369E-02
 3.5600    1.4734268E-04    2.3465965E-02   -2.3465965E-02
 3.5700    1.4266301E-04    2.2848499E-02   -2.2848499E-02
 3.5800    1.3813050E-04    2.2246695E-02   -2.2246695E-02
 3.5900    1.3374123E-04    2.1660281E-02   -2.1660281E-02
 3.6000    1.2949112E-04    2.1088944E-02   -2.1088944E-02
 3.6100    1.2537583E-04    2.0532323E-02   -2.0532323E-02
 3.6200    1.2139089E-04    1.9990014E-02   -1.9990014E-02
 3.6300    1.1753184E-04    1.9461605E-02   -1.9461605E-02
 3.6400    1.1379443E-04    1.8946702E-02   -1.8946702E-02
 3.6500    1.1017465E-04    1.8444941E-02   -1.8444941E-02
 3.6600    1.0666879E-04    1.7955992E-02   -1.7955992E-02
 3.6700    1.0327334E-04    1.7479548E-02   -1.7479548E-02
 3.6800    9.9985119E-05    1.7015349E-02   -1.7015349E-02
 3.6900    9.6801428E-05    1.6563204E-02   -1.6563204E-02
 3.7000    9.3720128E-05    1.6123012E-02   -1.6123012E-02
 3.7100    9.0739411E-05    1.5694722E-02   -1.5694722E-02
 3.7200    8.7857249E-05    1.5278241E-02   -1.5278241E-02
 3.7300    8.5070813E-05    1.4873326E-02   -1.4873326E-02
 3.7400    8.2376335E-05    1.4479566E-02   -1.4479566E-02
 3.7500    7.9769571E-05    1.4096447E-02   -1.4096447E-02
 3.7600    7.7246550E-05    1.3723492E-02   -1.3723492E-02
 3.7700    7.4804106E-05    1.3360355E-02   -1.3360355E-02
 3.7800    7.2439872E-05    1.3006820E-02   -1.3006820E-02
 3.7900    7.0151889E-05    1.2662739E-02   -1.2662739E-02
 3.8000    6.7938164E-05    1.2327950E-02   -1.2327950E-02
 3.8100    6.5796463E-05    1.2002242E-02   -1.2002242E-02
 3.8200    6.3724355E-05    1.1685358E-02   -1.1685358E-02
 3.8300    6.1719356E-05    1.1377027E-02   -1.1377027E-02
 3.8400    5.9779026E-05    1.1076974E-02   -1.1076974E-02
 3.8500    5.7900972E-05    1.0784926E-02   -1.0784926E-02
 3.8600    5.6082845E-05    1.0500609E-02   -1.0500609E-02
 3.8700    5.4322408E-05    1.0223764E-02   -1.0223764E-02
 3.8800    5.2617644E-05    9.9541623E-03   -9.9541623E-03
 3.8900    5.0966802E-05    9.6916216E-03   -9.6916216E-03
 3.9000    4.9368303E-05    9.4359858E-03   -9.4359858E-03
 3.9100    4.7820552E-05    9.1870898E-03   -9.1870898E-03
 3.9200    4.6321791E-05    8.9447322E-03   -8.9447322E-03
 3.9300    4.4870124E-05    8.7086781E-03   -8.7086781E-03
 3.9400    4.3463647E-05    8.4786845E-03   -8.4786845E-03
 3.9500    4.2100572E-05    8.2545242E-03   -8.2545242E-03
 3.9600    4.0779251E-05    8.0359917E-03   -8.0359917E-03
 3.9700    3.9498164E-05    7.8229001E-03   -7.8229001E-03
 3.9800    3.8255933E-05    7.6150859E-03   -7.6150859E-03
 3.9900    3.7051388E-05    7.4124220E-03   -7.4124220E-03
 4.0000    3.5883583E-05    7.2148225E-03   -7.2148225E-03
 4.0100    3.4751731E-05    7.0222301E-03   -7.0222301E-03
 4.0200    3.3655098E-05    6.8345956E-03   -6.8345956E-03
 4.0300    3.2592940E-05    6.6518659E-03   -6.6518659E-03
 4.0400    3.1564487E-05    6.4739796E-03   -6.4739796E-03
 4.0500    3.0568885E-05    6.3008554E-03   -6.3008554E-03
 4.0600    2.9605116E-05    6.1323749E-03   -6.1323749E-03
 4.0700    2.8671989E-05    5.9683805E-03   -5.9683805E-03
 4.0800    2.7768297E-05    5.8087065E-03   -5.8087065E-03
 4.0900    2.6893010E-05    5.6532201E-03   -5.6532201E-03
 4.1000    2.6045347E-05    5.5018371E-03   -5.5018371E-03
 4.1100    2.5224652E-05    5.3544972E-03   -5.3544972E-03
 4.1200    2.4430212E-05    5.2111256E-03   -5.2111256E-03
 4.1300    2.3661187E-05    5.0716176E-03   -5.0716176E-03
 4.1400    2.2916681E-05    4.9358536E-03   -4.9358536E-03
 4.1500    2.2195864E-05    4.8037248E-03   -4.8037248E-03
 4.1600    2.1498024E-05    4.6751449E-03   -4.6751449E-03
 4.1700    2.0822526E-05    4.5500419E-03   -4.5500419E-03
 4.1800    2.0168754E-05    4.4283455E-03   -4.4283455E-03
 4.1900    1.9536100E-05    4.3099851E-03   -4.3099851E-03
 4.2000    1.8924008E-05    4.1948995E-03   -4.1948995E-03
 4.2100    1.8331985E-05    4.0830392E-03   -4.0830392E-03
 4.2200    1.7759525E-05    3.9743499E-03   -3.9743499E-03
 4.2300    1.7205998E-05    3.8687482E-03   -3.8687482E-03
 4.2400    1.6670640E-05    3.7661174E-03   -3.7661174E-03
 4.2500    1.6152665E-05    3.6663330E-03   -3.6663330E-03
 4.2600    1.5651403E-05    3.5692942E-03   -3.5692942E-03
 4.2700    1.5166352E-05    3.4749355E-03   -3.4749355E-03
 4.2800    1.4697110E-05    3.3832130E-03   -3.3832130E-03
 4.2900    1.4243276E-05    3.2940815E-03   -3.2940815E-03
 4.3000    1.3804374E-05    3.2074765E-03   -3.2074765E-03
 4.3100    1.3379807E-05    3.1233039E-03   -3.1233039E-03
 4.3200    1.2968838E-05    3.0414343E-03   -3.0414343E-03
 4.3300    1.2570612E-05    2.9617068E-03   -2.9617068E-03
 4.3400    1.2184257E-05    2.8839543E-03   -2.8839543E-03
 4.3500    1.1809095E-05    2.8080511E-03   -2.8080511E-03
 4.3600    1.1444830E-05    2.7339602E-03   -2.7339602E-03
 4.3700    1.1091555E-05    2.6617372E-03   -2.6617372E-03
 4.3800    1.0749505E-05    2.5914723E-03   -2.5914723E-03
 4.3900    1.0418699E-05    2.5232042E-03   -2.5232042E-03
 4.4000    1.0098751E-05    2.4568739E-03   -2.4568739E-03
 4.4100    9.7889841E-06    2.3923497E-03   -2.3923497E-03
 4.4200    9.4886993E-06    2.3294913E-03   -2.3294913E-03
 4.4300    9.1973599E-06    2.2681956E-03   -2.2681956E-03
 4.4400    8.9146055E-06    2.2084010E-03   -2.2084010E-03
 4.4500    8.6401814E-06    2.1500707E-03   -2.1500707E-03
 4.4600    8.3738960E-06    2.0931827E-03   -2.0931827E-03
 4.4700    8.1156138E-06    2.0377283E-03   -2.0377283E-03
 4.4800    7.8652249E-06    1.9837048E-03   -1.9837048E-03
 4.4900    7.6225806E-06    1.9310992E-03   -1.9310992E-03
 4.5000    7.3874502E-06    1.8798771E-03   -1.8798771E-03
 4.5100    7.1595429E-06    1.8299880E-03   -1.8299880E-03
 4.5200    6.9385727E-06    1.7813812E-03   -1.7813812E-03
 4.5300    6.7243066E-06    1.7340187E-03   -1.7340187E-03
 4.5400    6.5165699E-06    1.6878763E-03   -1.6878763E-03
 4.5500    6.3152297E-06    1.6429404E-03   -1.6429404E-03
 4.5600    6.1201874E-06    1.5992055E-03   -1.5992055E-03
 4.5700    5.9313738E-06    1.5566736E-03   -1.5566736E-03
 4.5800    5.7487255E-06    1.5153481E-03   -1.5153481E-03
 4.5900    5.5721392E-06    1.4752214E-03   -1.4752214E-03
 4.6000    5.4014367E-06    1.4362658E-03   -1.4362658E-03
 4.6100    5.2363781E-06    1.3984364E-03   -1.3984364E-03
 4.6200    5.0767223E-06    1.3616868E-03   -1.3616868E-03
 4.6300    4.9222894E-06    1.3259861E-03   -1.3259861E-03
 4.6400    4.7729789E-06    1.2913243E-03   -1.2913243E-03
 4.6500    4.6287328E-06    1.2577024E-03   -1.2577024E-03
 4.6600    4.4894755E-06    1.2251163E-03   -1.2251163E-03
 4.6700    4.3550704E-06    1.1935450E-03   -1.1935450E-03
 4.6800    4.2253149E-06    1.1629489E-03   -1.1629489E-03
 4.6900    4.0999648E-06    1.1332760E-03   -1.1332760E-03
 4.7000    3.9787685E-06    1.1044708E-03   -1.1044708E-03
 4.7100    3.8614856E-06    1.0764803E-03   -1.0764803E-03
 4.7200    3.7478872E-06    1.0492534E-03   -1.0492534E-03
 4.7300    3.6377534E-06    1.0227404E-03   -1.0227404E-03
 4.7400    3.5308863E-06    9.9689698E-04   -9.9689698E-04
 4.7500    3.4271349E-06    9.7169122E-04   -9.7169122E-04
 4.7600    3.3264124E-06    9.4710877E-04   -9.4710877E-04
 4.7700    3.2286892E-06    9.2315126E-04   -9.2315126E-04
 4.7800    3.1339654E-06    8.9982874E-04   -8.9982874E-04
 4.7900    3.0422321E-06    8.7714872E-04   -8.7714872E-04
 4.8000    2.9534299E-06    8.5510412E-04   -8.5510412E-04
 4.8100    2.8674181E-06    8.3366399E-04   -8.3366399E-04
 4.8200    2.7839726E-06    8.1277231E-04   -8.1277231E-04
 4.8300    2.7028195E-06    7.9235749E-04   -7.9235749E-04
 4.8400    2.6236904E-06    7.7234827E-04   -7.7234827E-04
 4.8500    2.5463816E-06    7.5269118E-04   -7.5269118E-04
 4.8600    2.4708169E-06    7.3336971E-04   -7.3336971E-04
 4.8700    2.3971171E-06    7.1442565E-04   -7.1442565E-04
 4.8800    2.3256286E-06    6.9596895E-04   -6.9596895E-04
 4.8900    2.2568293E-06    6.7815082E-04   -6.7815082E-04
 4.9000    2.1910918E-06    6.6109307E-04   -6.6109307E-04
 4.9100    2.1284310E-06    6.4481097E-04   -6.4481097E-04
 4.9200    2.0684396E-06    6.2919161E-04   -6.2919161E-04
 4.9300    2.0104910E-06    6.1405298E-04   -6.1405298E-04
 4.9400    1.9540530E-06    5.9923903E-04   -5.9923903E-04
 4.9500    1.8988687E-06    5.8467590E-04   -5.8467590E-04
 4.9600    1.8449068E-06    5.7035814E-04   -5.7035814E-04
 4.9700    1.7922021E-06    5.5630074E-04   -5.5630074E-04
 4.9800    1.7407760E-06    5.4251460E-04   -5.4251460E-04
 4.9900    1.6906874E-06    5.2902264E-04   -5.2902264E-04
 5.0000    1.6421040E-06    5.1588217E-04   -5.1588217E-04
 5.0100    1.5952609E-06    5.0317265E-04   -5.0317265E-04
 5.0200    1.5503140E-06    4.9094968E-04   -4.9094968E-04
 5.0300    1.5072188E-06    4.7920588E-04   -4.7920588E-04
 5.0400    1.4657424E-06    4.6787366E-04   -4.6787366E-04
 5.0500    1.4255913E-06    4.5686476E-04   -4.5686476E-04
 5.0600    1.3865483E-06    4.4611405E-04   -4.4611405E-04
 5.0700    1.3485376E-06    4.3560097E-04   -4.3560097E-04
 5.0800    1.3116049E-06    4.2534399E-04   -4.2534399E-04
 5.0900    1.2758450E-06    4.1537787E-04   -4.1537787E-04
 5.1000    1.2413224E-06    4.0572783E-04   -4.0572783E-04
 5.1100    1.2080256E-06    3.9639466E-04   -3.9639466E-04
 5.1200    1.1758812E-06    3.8735862E-04   -3.8735862E-04
 5.1300    1.1448096E-06    3.7859761E-04   -3.7859761E-04
 5.1400    1.1147758E-06    3.7010389E-04   -3.7010389E-04
 5.1500    1.0857913E-06    3.6188507E-04   -3.6188507E-04
 5.1600    1.0578706E-06    3.5394992E-04   -3.5394992E-04
 5.1700    1.0309866E-06    3.4629321E-04   -3.4629321E-04
 5.1800    1.0050643E-06    3.3889350E-04   -3.3889350E-04
 5.1900    9.8001660E-07    3.3172485E-04   -3.3172485E-04
 5.2000    9.5578378E-07    3.2477023E-04   -3.2477023E-04
 5.2100    9.3234011E-07    3.1802384E-04   -3.1802384E-04
 5.2200    9.0966262E-07    3.1148075E-04   -3.1148075E-04
 5.2300    8.8769304E-07    3.0512378E-04   -3.0512378E-04
 5.2400    8.6632757E-07    2.9891973E-04   -2.9891973E-04
 5.2500    8.4544353E-07    2.9282832E-04   -2.9282832E-04
 5.2600    8.2494418E-07    2.8681768E-04   -2.8681768E-04
 5.2700    8.0479608E-07    2.8087750E-04   -2.8087750E-04
 5.2800    7.8504226E-07    2.7502410E-04   -2.7502410E-04
 5.2900    7.6578462E-07    2.6929473E-04   -2.6929473E-04
 5.3000    7.4713579E-07    2.6373098E-04   -2.6373098E-04
 5.3100    7.2915604E-07    2.5835649E-04   -2.5835649E-04
 5.3200    7.1181055E-07    2.5316144E-04   -2.5316144E-04
 5.3300    6.9498272E-07    2.4810658E-04   -2.4810658E-04
 5.3400    6.7854156E-07    2.4314695E-04   -2.4314695E-04
 5.3500    6.6241543E-07    2.3825821E-04   -2.3825821E-04
 5.3600    6.4661862E-07    2.3344665E-04   -2.3344665E-04
 5.3700    6.3122165E-07    2.2873906E-04   -2.2873906E-04
 5.3800    6.1630123E-07    2.2416482E-04   -2.2416482E-04
 5.3900    6.0190510E-07    2.1974319E-04   -2.1974319E-04
 5.4000    5.8803912E-07    2.1547833E-04   -2.1547833E-04
 5.4100    5.7467124E-07    2.1136052E-04   -2.1136052E-04
 5.4200    5.6175358E-07    2.0737399E-04   -2.0737399E-04
 5.4300    5.4925581E-07    2.0350926E-04   -2.0350926E-04
 5.4400    5.3718297E-07    1.9976983E-04   -1.9976983E-04
 5.4500    5.2555724E-07    1.9616562E-04   -1.9616562E-04
 5.4600    5.1438090E-07    1.9269923E-04   -1.9269923E-04
 5.4700    5.0361899E-07    1.8935929E-04   -1.8935929E-04
 5.4800    4.9321422E-07    1.8612580E-04   -1.8612580E-04
 5.4900    4.8311166E-07    1.8297935E-04   -1.8297935E-04
 5.5000    4.7327025E-07    1.7990550E-04   -1.7990550E-04
 5.5100    4.6366527E-07    1.7689584E-04   -1.7689584E-04
 5.5200    4.5429599E-07    1.7395100E-04   -1.7395100E-04
 5.5300    4.4519590E-07    1.7108474E-04   -1.7108474E-04
 5.5400    4.3642799E-07    1.6832243E-04   -1.6832243E-04
 5.5500    4.2805641E-07    1.6569021E-04   -1.6569021E-04
 5.5600    4.2010830E-07    1.6320021E-04   -1.6320021E-04
 5.5700    4.1255138E-07    1.6084157E-04   -1.6084157E-04
 5.5800    4.0530294E-07    1.5858350E-04   -1.5858350E-04
 5.5900    3.9826386E-07    1.5638834E-04   -1.5638834E-04
 5.6000    3.9135666E-07    1.5422637E-04   -1.5422637E-04
 5.6100    3.8454845E-07    1.5208510E-04   -1.5208510E-04
 5.6200    3.7785507E-07    1.4997116E-04   -1.4997116E-04
 5.6300    3.7133187E-07    1.4790705E-04   -1.4790705E-04
 5.6400    3.6505452E-07    1.4592369E-04   -1.4592369E-04
 5.6500    3.5908852E-07    1.4404835E-04   -1.4404835E-04
 5.6600    3.5345438E-07    1.4229056E-04   -1.4229056E-04
 5.6700    3.4810920E-07    1.4063437E-04   -1.4063437E-04
 5.6800    3.4296345E-07    1.3904468E-04   -1.3904468E-04
 5.6900    3.3792564E-07    1.3748507E-04   -1.3748507E-04
 5.7000    3.3294284E-07    1.3593436E-04   -1.3593436E-04
 5.7100    3.2800973E-07    1.3439057E-04   -1.3439057E-04
 5.7200    3.2314912E-07    1.3286326E-04   -1.3286326E-04
 5.7300    3.1838620E-07    1.3136309E-04   -1.3136309E-04
 5.7400    3.1373107E-07    1.2989463E-04   -1.2989463E-04
 5.7500    3.0917103E-07    1.2845303E-04   -1.2845303E-04
 5.7600    3.0467632E-07    1.2702627E-04   -1.2702627E-04
 5.7700    3.0022811E-07    1.2560671E-04   -1.2560671E-04
 5.7800    2.9586101E-07    1.2420906E-04   -1.2420906E-04
 5.7900    2.9168573E-07    1.2288027E-04   -1.2288027E-04
 5.8000    2.8785434E-07    1.2168545E-04   -1.2168545E-04
 5.8100    2.8446924E-07    1.2066948E-04   -1.2066948E-04
 5.8200    2.8149076E-07    1.1981742E-04   -1.1981742E-04
 5.8300    2.7871815E-07    1.1904529E-04   -1.1904529E-04
 5.8400    2.7587326E-07    1.1823476E-04   -1.1823476E-04
 5.8500    2.7273807E-07    1.1729172E-04   -1.1729172E-04
 5.8600    2.6925543E-07    1.1619022E-04   -1.1619022E-04
 5.8700    2.6553456E-07    1.1497598E-04   -1.1497598E-04
 5.8800    2.6177681E-07    1.1373541E-04   -1.1373541E-04
 5.8900    2.5818424E-07    1.1255640E-04   -1.1255640E-04
 5.9000    2.5490398E-07    1.1150402E-04   -1.1150402E-04
 5.9100    2.5201438E-07    1.1061401E-04   -1.1061401E-04
 5.9200    2.4952308E-07    1.0989148E-04   -1.0989148E-04
 5.9300    2.4735428E-07    1.0930466E-04   -1.0930466E-04
 5.9400    2.4534199E-07    1.0878140E-04   -1.0878140E-04
 5.9500    2.4326729E-07    1.0822498E-04   -1.0822498E-04
 5.9600    2.4094433E-07    1.0755215E-04   -1.0755215E-04
 5.9700    2.3830317E-07    1.0673045E-04   -1.0673045E-04
 5.9800    2.3540673E-07    1.0578671E-04   -1.0578671E-04
 5.9900    2.3239553E-07    1.0478311E-04   -1.0478311E-04
 6.0000    2.2941564E-07    1.0378519E-04   -1.0378519E-04
 6.0100    2.2658704E-07    1.0284753E-04   -1.0284753E-04
 6.0200    2.2401681E-07    1.0201956E-04   -1.0201956E-04
 6.0300    2.2181830E-07    1.0135422E-04   -1.0135422E-04
 6.0400    2.2010307E-07    1.0090434E-04   -1.0090434E-04
 6.0500    2.1894862E-07    1.0070773E-04   -1.0070773E-04
 6.0600    2.1837001E-07    1.0077391E-04   -1.0077391E-04
 6.0700    2.1831279E-07    1.0108028E-04   -1.0108028E-04
 6.0800    2.1865024E-07    1.0157036E-04   -1.0157036E-04
 6.0900    2.1915864E-07    1.0214169E-04   -1.0214169E-04
 6.1000    2.1949094E-07    1.0263279E-04   -1.0263279E-04
 6.1100    2.1922310E-07    1.0284392E-04   -1.0284392E-04
 6.1200    2.1801063E-07    1.0261016E-04   -1.0261016E-04
 6.1300    2.1576889E-07    1.0188720E-04   -1.0188720E-04
 6.1400    2.1272384E-07    1.0077731E-04   -1.0077731E-04
 6.1500    2.0927587E-07    9.9467055E-05   -9.9467055E-05
 6.1600    2.0578820E-07    9.8127731E-05   -9.8127731E-05
 6.1700    2.0246437E-07    9.6856506E-05   -9.6856506E-05
 6.1800    1.9936948E-07    9.5685357E-05   -9.5685357E-05
 6.1900    1.9651767E-07    9.4622143E-05   -9.4622143E-05
 6.2000    1.9393356E-07    9.3679854E-05   -9.3679854E-05
 6.2100    1.9166997E-07    9.2885334E-05   -9.2885334E-05
 6.2200    1.8981041E-07    9.2280653E-05   -9.2280653E-05
 6.2300    1.8845706E-07    9.1917537E-05   -9.1917537E-05
 6.2400    1.8767682E-07    9.1831077E-05   -9.1831077E-05
 6.2500    1.8741125E-07    9.1995284E-05   -9.1995284E-05
 6.2600    1.8742053E-07    9.2294474E-05   -9.2294474E-05
 6.2700    1.8733645E-07    9.2548042E-05   -9.2548042E-05
 6.2800    1.8681827E-07    9.2586677E-05   -9.2586677E-05
 6.2900    1.8570907E-07    9.2330306E-05   -9.2330306E-05
 6.3000    1.8408141E-07    9.1812304E-05   -9.1812304E-05
 6.3100    1.8215719E-07    9.1141233E-05   -9.1141233E-05
 6.3200    1.8019206E-07    9.0443983E-05   -9.0443983E-05
 6.3300    1.7841728E-07    8.9836785E-05   -8.9836785E-05
 6.3400    1.7703908E-07    8.9424705E-05   -8.9424705E-05
 6.3500    1.7622521E-07    8.9294634E-05   -8.9294634E-05
 6.3600    1.7603984E-07    8.9481872E-05   -8.9481872E-05
 6.3700    1.7636610E-07    8.9929845E-05   -8.9929845E-05
 6.3800    1.7688545E-07    9.0478072E-05   -9.0478072E-05
 6.3900    1.7714814E-07    9.0896714E-05   -9.0896714E-05
 6.4000    1.7671661E-07    9.0959313E-05   -9.0959313E-05
 6.4100    1.7532131E-07    9.0523354E-05   -9.0523354E-05
 6.4200    1.7295080E-07    8.9578235E-05   -8.9578235E-05
 6.4300    1.6982904E-07    8.8235586E-05   -8.8235586E-05
 6.4400    1.6631030E-07    8.6676378E-05   -8.6676378E-05
 6.4500    1.6277654E-07    8.5098344E-05   -8.5098344E-05
 6.4600    1.5959274E-07    8.3692788E-05   -8.3692788E-05
 6.4700    1.5709295E-07    8.2637112E-05   -8.2637112E-05
 6.4800    1.5552963E-07    8.2067844E-05   -8.2067844E-05
 6.4900    1.5496764E-07    8.2023874E-05   -8.2023874E-05
 6.5000    1.5518893E-07    8.2394326E-05   -8.2394326E-05
 6.5100    1.5570154E-07    8.2921040E-05   -8.2921040E-05
 6.5200    1.5588387E-07    8.3273388E-05   -8.3273388E-05
 6.5300    1.5520343E-07    8.3164417E-05   -8.3164417E-05
 6.5400    1.5341339E-07    8.2457206E-05   -8.2457206E-05
 6.5500    1.5065695E-07    8.1223490E-05   -8.1223490E-05
 6.5600    1.4744154E-07    7.9732873E-05   -7.9732873E-05
 6.5700    1.4446434E-07    7.8361232E-05   -7.8361232E-05
 6.5800    1.4232862E-07    7.7437956E-05   -7.7437956E-05
 6.5900    1.4128476E-07    7.7103838E-05   -7.7103838E-05
 6.6000    1.4115612E-07    7.7267604E-05   -7.7267604E-05
 6.6100    1.4149330E-07    7.7687055E-05   -7.7687055E-05
 6.6200    1.4183420E-07    7.8110028E-05   -7.8110028E-05
 6.6300    1.4189768E-07    7.8381258E-05   -7.8381258E-05
 6.6400    1.4163483E-07    7.8472245E-05   -7.8472245E-05
 6.6500    1.4117743E-07    7.8454600E-05   -7.8454600E-05
 6.6600    1.4075340E-07    7.8454384E-05   -7.8454384E-05
 6.6700    1.4060082E-07    7.8604857E-05   -7.8604857E-05
 6.6800    1.4088154E-07    7.8998142E-05   -7.8998142E-05
 6.6900    1.4160165E-07    7.9639847E-05   -7.9639847E-05
 6.7000    1.4257135E-07    8.0425120E-05   -8.0425120E-05
 6.7100    1.4344684E-07    8.1160722E-05   -8.1160722E-05
 6.7200    1.4386486E-07    8.1640028E-05   -8.1640028E-05
 6.7300    1.4361338E-07    8.1740047E-05   -8.1740047E-05
 6.7400    1.4273731E-07    8.1483027E-05   -8.1483027E-05
 6.7500    1.4150738E-07    8.1020793E-05   -8.1020793E-05
 6.7600    1.4027062E-07    8.0550820E-05   -8.0550820E-05
 6.7700    1.3927713E-07    8.0217111E-05   -8.0217111E-05
 6.7800    1.3858213E-07    8.0052792E-05   -8.0052792E-05
 6.7900    1.3806346E-07    7.9988614E-05   -7.9988614E-05
 6.8000    1.3752509E-07    7.9911564E-05   -7.9911564E-05
 6.8100    1.3681904E-07    7.9735297E-05   -7.9735297E-05
 6.8200    1.3592116E-07    7.9444838E-05   -7.9444838E-05
 6.8300    1.3492606E-07    7.9094653E-05   -7.9094653E-05
 6.8400    1.3396799E-07    7.8763157E-05   -7.8763157E-05
 6.8500    1.3311605E-07    7.8491285E-05   -7.8491285E-05
 6.8600    1.3231458E-07    7.8246657E-05   -7.8246657E-05
 6.8700    1.3141803E-07    7.7943211E-05   -7.7943211E-05
 6.8800    1.3030502E-07    7.7508242E-05   -7.7508242E-05
 6.8900    1.2899120E-07    7.6949961E-05   -7.6949961E-05
 6.9000    1.2765354E-07    7.6373188E-05   -7.6373188E-05
 6.9100    1.2654434E-07    7.5929176E-05   -7.5929176E-05
 6.9200    1.2586260E-07    7.5738861E-05   -7.5738861E-05
 6.9300    1.2568005E-07    7.5847745E-05   -7.5847745E-05
 6.9400    1.2595467E-07    7.6233012E-05   -7.6233012E-05
 6.9500    1.2657264E-07    7.6827963E-05   -7.6827963E-05
 6.9600    1.2734895E-07    7.7521774E-05   -7.7521774E-05
 6.9700    1.2800559E-07    7.8145571E-05   -7.8145571E-05
 6.9800    1.2821609E-07    7.8498838E-05   -7.8498838E-05
 6.9900    1.2774384E-07    7.8433965E-05   -7.8433965E-05
 7.0000    1.2656749E-07    7.7934203E-05   -7.7934203E-05
 7.0100    1.2485555E-07    7.7099891E-05   -7.7099891E-05
 7.0200    1.2279781E-07    7.6045707E-05   -7.6045707E-05
 7.0300    1.2046930E-07    7.4816418E-05   -7.4816418E-05
 7.0400    1.1788825E-07    7.3421915E-05   -7.3421915E-05
 7.0500    1.1522228E-07    7.1965539E-05   -7.1965539E-05
 7.0600    1.1291241E-07    7.0723041E-05   -7.0723041E-05
 7.0700    1.1152812E-07    7.0054023E-05   -7.0054023E-05
 7.0800    1.1141727E-07    7.0182511E-05   -7.0182511E-05
 7.0900    1.1242914E-07    7.1020088E-05   -7.1020088E-05
 7.1000    1.1395267E-07    7.2185684E-05   -7.2185684E-05
 7.1100    1.1525323E-07    7.3215356E-05   -7.3215356E-05
 7.1200    1.1585327E-07    7.3803705E-05   -7.3803705E-05
 7.1300    1.1569340E-07    7.3909033E-05   -7.3909033E-05
 7.1400    1.1501229E-07    7.3680154E-05   -7.3680154E-05
 7.1500    1.1409817E-07    7.3299437E-05   -7.3299437E-05
 7.1600    1.1311379E-07    7.2870450E-05   -7.2870450E-05
 7.1700    1.1208153E-07    7.2407276E-05   -7.2407276E-05
 7.1800    1.1097797E-07    7.1894477E-05   -7.1894477E-05
 7.1900    1.0983677E-07    7.1353518E-05   -7.1353518E-05
 7.2000    1.0878903E-07    7.0869596E-05   -7.0869596E-05
 7.2100    1.0802263E-07    7.0565942E-05   -7.0565942E-05
 7.2200    1.0768834E-07    7.0542842E-05   -7.0542842E-05
 7.2300    1.0781060E-07    7.0818698E-05   -7.0818698E-05
 7.2400    1.0825495E-07    7.1307423E-05   -7.1307423E-05
 7.2500    1.0876500E-07    7.1841441E-05   -7.1841441E-05
 7.2600    1.0904697E-07    7.2226521E-05   -7.2226521E-05
 7.2700    1.0887229E-07    7.2309617E-05   -7.2309617E-05
 7.2800    1.0817046E-07    7.2041262E-05   -7.2041262E-05
 7.2900    1.0707230E-07    7.1505930E-05   -7.1505930E-05
 7.3000    1.0586179E-07    7.0891607E-05   -7.0891607E-05
 7.3100    1.0483716E-07    7.0397929E-05   -7.0397929E-05
 7.3200    1.0415346E-07    7.0130306E-05   -7.0130306E-05
 7.3300    1.0374932E-07    7.0049185E-05   -7.0049185E-05
 7.3400    1.0340735E-07    7.0008925E-05   -7.0008925E-05
 7.3500    1.0289973E-07    6.9855204E-05   -6.9855204E-05
 7.3600    1.0211393E-07    6.9510513E-05   -6.9510513E-05
 7.3700    1.0108328E-07    6.8996039E-05   -6.8996039E-05
 7.3800    9.9928109E-08    6.8392780E-05   -6.8392780E-05
 7.3900    9.8771449E-08    6.7784464E-05   -6.7784464E-05
 7.4000    9.7685134E-08    6.7220507E-05   -6.7220507E-05
 7.4100    9.6678315E-08    6.6707606E-05   -6.6707606E-05
 7.4200    9.5714875E-08    6.6221210E-05   -6.6221210E-05
 7.4300    9.4751768E-08    6.5731693E-05   -6.5731693E-05
 7.4400    9.3790745E-08    6.5240265E-05   -6.5240265E-05
 7.4500    9.2913349E-08    6.4803808E-05   -6.4803808E-05
 7.4600    9.2258178E-08    6.4519708E-05   -6.4519708E-05
 7.4700    9.1936295E-08    6.4467090E-05   -6.4467090E-05
 7.4800    9.1940549E-08    6.4642799E-05   -6.4642799E-05
 7.4900    9.2120904E-08    6.4942902E-05   -6.4942902E-05
 7.5000    9.2246311E-08    6.5205075E-05   -6.5205075E-05
 7.5100    9.2108091E-08    6.5281108E-05   -6.5281108E-05
 7.5200    9.1604647E-08    6.5097311E-05   -6.5097311E-05
 7.5300    9.0775740E-08    6.4679941E-05   -6.4679941E-05
 7.5400    8.9776053E-08    6.4137653E-05   -6.4137653E-05
 7.5500    8.8789495E-08    6.3601206E-05   -6.3601206E-05
 7.5600    8.7923470E-08    6.3147807E-05   -6.3147807E-05
 7.5700    8.7162628E-08    6.2767082E-05   -6.2767082E-05
 7.5800    8.6427972E-08    6.2402588E-05   -6.2402588E-05
 7.5900    8.5684037E-08    6.2028794E-05   -6.2028794E-05
 7.6000    8.4981760E-08    6.1682614E-05   -6.1682614E-05
 7.6100    8.4394000E-08    6.1417304E-05   -6.1417304E-05
 7.6200    8.3918632E-08    6.1231966E-05   -6.1231966E-05
 7.6300    8.3458962E-08    6.1056502E-05   -6.1056502E-05
 7.6400    8.2908494E-08    6.0812885E-05   -6.0812885E-05
 7.6500    8.2256156E-08    6.0492446E-05   -6.0492446E-05
 7.6600    8.1607407E-08    6.0172351E-05   -6.0172351E-05
 7.6700    8.1108758E-08    5.9960928E-05   -5.9960928E-05
 7.6800    8.0856490E-08    5.9930402E-05   -5.9930402E-05
 7.6900    8.0861569E-08    6.0090346E-05   -6.0090346E-05
