# total charge: 8.000000 
# r(A)     rho (e/A^3)     4*pi*r^2*rho(e/A)  dip  
 0.0000   -7.9505247E-01   -0.0000000E+00    6.3830765E+01
 0.0100   -7.9211392E-01   -9.9539970E-04    6.3513403E+01
 0.0200   -7.8840227E-01   -3.9629421E-03    6.2570794E+01
 0.0300   -7.8376284E-01   -8.8641489E-03    6.1030915E+01
 0.0400   -7.7803180E-01   -1.5643258E-02    5.8938866E+01
 0.0500   -7.7103021E-01   -2.4222628E-02    5.6354675E+01
 0.0600   -7.6256039E-01   -3.4497419E-02    5.3350434E+01
 0.0700   -7.5242256E-01   -4.6330582E-02    5.0006960E+01
 0.0800   -7.4045500E-01   -5.9550925E-02    4.6410199E+01
 0.0900   -7.2657471E-01   -7.3956298E-02    4.2647596E+01
 0.1000   -7.1078974E-01   -8.9320473E-02    3.8804636E+01
 0.1100   -6.9317670E-01   -1.0539966E-01    3.4961748E+01
 0.1200   -6.7384225E-01   -1.2193562E-01    3.1191704E+01
 0.1300   -6.5289141E-01   -1.3865563E-01    2.7557630E+01
 0.1400   -6.3041341E-01   -1.5527137E-01    2.4111666E+01
 0.1500   -6.0648309E-01   -1.7147905E-01    2.0894294E+01
 0.1600   -5.8116967E-01   -1.8696175E-01    1.7934295E+01
 0.1700   -5.5454507E-01   -2.0139309E-01    1.5249245E+01
 0.1800   -5.2668616E-01   -2.1444049E-01    1.2846466E+01
 0.1900   -4.9767058E-01   -2.2576626E-01    1.0724297E+01
 0.2000   -4.6757049E-01   -2.3502656E-01    8.8735812E+00
 0.2100   -4.3645006E-01   -2.4187056E-01    7.2792459E+00
 0.2200   -4.0436885E-01   -2.4594213E-01    5.9218770E+00
 0.2300   -3.7138819E-01   -2.4688438E-01    4.7792104E+00
 0.2400   -3.3757587E-01   -2.4434516E-01    3.8274700E+00
 0.2500   -3.0300712E-01   -2.3798124E-01    3.0425093E+00
 0.2600   -2.6776263E-01   -2.2746078E-01    2.4007359E+00
 0.2700   -2.3192560E-01   -2.1246436E-01    1.8798139E+00
 0.2800   -1.9557928E-01   -1.9268538E-01    1.4591576E+00
 0.2900   -1.5880540E-01   -1.6783059E-01    1.1202358E+00
 0.3000   -1.2168375E-01   -1.3762108E-01    8.4671682E-01
 0.3100   -8.4292806E-02   -1.0179437E-01    6.2448542E-01
 0.3200   -4.6710689E-02   -6.0107144E-02    4.4156126E-01
 0.3300   -9.0157627E-03   -1.2337871E-02    2.8794890E-01
 0.3400    2.8713455E-02    4.1711245E-02    1.5544382E-01
 0.3500    6.6398941E-02    1.0221323E-01    3.7416002E-02
 0.3600    1.0396397E-01    1.6931590E-01   -7.1411589E-02
 0.3700    1.4133373E-01    2.4314152E-01   -1.7517668E-01
 0.3800    1.7843549E-01    3.2378616E-01   -2.7707465E-01
 0.3900    2.1519844E-01    4.1131847E-01   -3.7953359E-01
 0.4000    2.5155347E-01    5.0577826E-01   -4.8436542E-01
 0.4100    2.8743300E-01    6.0717546E-01   -5.9289359E-01
 0.4200    3.2277142E-01    7.1548991E-01   -7.0605902E-01
 0.4300    3.5750558E-01    8.3067205E-01   -8.2450642E-01
 0.4400    3.9157544E-01    9.5264405E-01   -9.4865325E-01
 0.4500    4.2492429E-01    1.0813006E+00   -1.0787432E+00
 0.4600    4.5749881E-01    1.2165095E+00   -1.2148869E+00
 0.4700    4.8924885E-01    1.3581114E+00   -1.3570922E+00
 0.4800    5.2012718E-01    1.5059200E+00   -1.5052862E+00
 0.4900    5.5008920E-01    1.6597212E+00   -1.6593310E+00
 0.5000    5.7909281E-01    1.8192737E+00   -1.8190358E+00
 0.5100    6.0709872E-01    1.9843101E+00   -1.9841665E+00
 0.5200    6.3407116E-01    2.1545400E+00   -2.1544542E+00
 0.5300    6.5997843E-01    2.3296536E+00   -2.3296028E+00
 0.5400    6.8479278E-01    2.5093229E+00   -2.5092932E+00
 0.5500    7.0848969E-01    2.6932010E+00   -2.6931838E+00
 0.5600    7.3104723E-01    2.8809210E+00   -2.8809111E+00
 0.5700    7.5244594E-01    3.0720967E+00   -3.0720911E+00
 0.5800    7.7266911E-01    3.2663250E+00   -3.2663219E+00
 0.5900    7.9170315E-01    3.4631895E+00   -3.4631878E+00
 0.6000    8.0953764E-01    3.6622620E+00   -3.6622611E+00
 0.6100    8.2616507E-01    3.8631037E+00   -3.8631032E+00
 0.6200    8.4158056E-01    4.0652657E+00   -4.0652654E+00
 0.6300    8.5578190E-01    4.2682914E+00   -4.2682912E+00
 0.6400    8.6876970E-01    4.4717187E+00   -4.4717187E+00
 0.6500    8.8054747E-01    4.6750833E+00   -4.6750833E+00
 0.6600    8.9112146E-01    4.8779196E+00   -4.8779196E+00
 0.6700    9.0050033E-01    5.0797618E+00   -5.0797618E+00
 0.6800    9.0869482E-01    5.2801437E+00   -5.2801437E+00
 0.6900    9.1571751E-01    5.4785997E+00   -5.4785996E+00
 0.7000    9.2158290E-01    5.6746666E+00   -5.6746666E+00
 0.7100    9.2630747E-01    5.8678868E+00   -5.8678868E+00
 0.7200    9.2990992E-01    6.0578112E+00   -6.0578112E+00
 0.7300    9.3241108E-01    6.2440016E+00   -6.2440016E+00
 0.7400    9.3383375E-01    6.4260318E+00   -6.4260318E+00
 0.7500    9.3420237E-01    6.6034875E+00   -6.6034875E+00
 0.7600    9.3354275E-01    6.7759667E+00   -6.7759667E+00
 0.7700    9.3188197E-01    6.9430809E+00   -6.9430809E+00
 0.7800    9.2924837E-01    7.1044568E+00   -7.1044568E+00
 0.7900    9.2567159E-01    7.2597385E+00   -7.2597385E+00
 0.8000    9.2118258E-01    7.4085899E+00   -7.4085899E+00
 0.8100    9.1581352E-01    7.5506955E+00   -7.5506955E+00
 0.8200    9.0959763E-01    7.6857612E+00   -7.6857612E+00
 0.8300    9.0256882E-01    7.8135136E+00   -7.8135136E+00
 0.8400    8.9476150E-01    7.9336991E+00   -7.9336991E+00
 0.8500    8.8621048E-01    8.0460847E+00   -8.0460847E+00
 0.8600    8.7695114E-01    8.1504608E+00   -8.1504608E+00
 0.8700    8.6701959E-01    8.2466446E+00   -8.2466446E+00
 0.8800    8.5645280E-01    8.3344825E+00   -8.3344825E+00
 0.8900    8.4528847E-01    8.4138511E+00   -8.4138511E+00
 0.9000    8.3356474E-01    8.4846556E+00   -8.4846556E+00
 0.9100    8.2131970E-01    8.5468265E+00   -8.5468265E+00
 0.9200    8.0859111E-01    8.6003175E+00   -8.6003175E+00
 0.9300    7.9541621E-01    8.6451036E+00   -8.6451036E+00
 0.9400    7.8183192E-01    8.6811842E+00   -8.6811842E+00
 0.9500    7.6787516E-01    8.7085869E+00   -8.7085869E+00
 0.9600    7.5358306E-01    8.7273714E+00   -8.7273714E+00
 0.9700    7.3899292E-01    8.7376292E+00   -8.7376292E+00
 0.9800    7.2414179E-01    8.7394807E+00   -8.7394807E+00
 0.9900    7.0906603E-01    8.7330698E+00   -8.7330698E+00
 1.0000    6.9380105E-01    8.7185611E+00   -8.7185611E+00
 1.0100    6.7838139E-01    8.6961403E+00   -8.6961403E+00
 1.0200    6.6284092E-01    8.6660166E+00   -8.6660166E+00
 1.0300    6.4721290E-01    8.6284239E+00   -8.6284239E+00
 1.0400    6.3152984E-01    8.5836188E+00   -8.5836188E+00
 1.0500    6.1582334E-01    8.5318775E+00   -8.5318775E+00
 1.0600    6.0012395E-01    8.4734946E+00   -8.4734946E+00
 1.0700    5.8446127E-01    8.4087832E+00   -8.4087832E+00
 1.0800    5.6886399E-01    8.3380754E+00   -8.3380754E+00
 1.0900    5.5335990E-01    8.2617213E+00   -8.2617213E+00
 1.1000    5.3797578E-01    8.1800876E+00   -8.1800876E+00
 1.1100    5.2273740E-01    8.0935564E+00   -8.0935564E+00
 1.1200    5.0766947E-01    8.0025235E+00   -8.0025235E+00
 1.1300    4.9279560E-01    7.9073975E+00   -7.9073975E+00
 1.1400    4.7813826E-01    7.8085980E+00   -7.8085980E+00
 1.1500    4.6371876E-01    7.7065538E+00   -7.7065538E+00
 1.1600    4.4955709E-01    7.6016994E+00   -7.6016994E+00
 1.1700    4.3567170E-01    7.4944701E+00   -7.4944701E+00
 1.1800    4.2207914E-01    7.3852937E+00   -7.3852937E+00
 1.1900    4.0879355E-01    7.2745782E+00   -7.2745782E+00
 1.2000    3.9582607E-01    7.1626997E+00   -7.1626997E+00
 1.2100    3.8318452E-01    7.0499910E+00   -7.0499910E+00
 1.2200    3.7087333E-01    6.9367355E+00   -6.9367355E+00
 1.2300    3.5889377E-01    6.8231671E+00   -6.8231671E+00
 1.2400    3.4724448E-01    6.7094758E+00   -6.7094758E+00
 1.2500    3.3592213E-01    6.5958156E+00   -6.5958156E+00
 1.2600    3.2492202E-01    6.4823145E+00   -6.4823145E+00
 1.2700    3.1423866E-01    6.3690831E+00   -6.3690831E+00
 1.2800    3.0386609E-01    6.2562204E+00   -6.2562204E+00
 1.2900    2.9379813E-01    6.1438175E+00   -6.1438175E+00
 1.3000    2.8402843E-01    6.0319589E+00   -6.0319589E+00
 1.3100    2.7455050E-01    5.9207224E+00   -5.9207224E+00
 1.3200    2.6535778E-01    5.8101795E+00   -5.8101795E+00
 1.3300    2.5644362E-01    5.7003963E+00   -5.7003963E+00
 1.3400    2.4780135E-01    5.5914331E+00   -5.5914331E+00
 1.3500    2.3942428E-01    5.4833452E+00   -5.4833452E+00
 1.3600    2.3130572E-01    5.3761831E+00   -5.3761831E+00
 1.3700    2.2343906E-01    5.2699938E+00   -5.2699938E+00
 1.3800    2.1581782E-01    5.1648217E+00   -5.1648217E+00
 1.3900    2.0843563E-01    5.0607096E+00   -5.0607096E+00
 1.4000    2.0128627E-01    4.9576982E+00   -4.9576982E+00
 1.4100    1.9436361E-01    4.8558253E+00   -4.8558253E+00
 1.4200    1.8766156E-01    4.7551244E+00   -4.7551244E+00
 1.4300    1.8117407E-01    4.6556249E+00   -4.6556249E+00
 1.4400    1.7489517E-01    4.5573528E+00   -4.5573528E+00
 1.4500    1.6881898E-01    4.4603316E+00   -4.4603316E+00
 1.4600    1.6293982E-01    4.3645835E+00   -4.3645835E+00
 1.4700    1.5725214E-01    4.2701300E+00   -4.2701300E+00
 1.4800    1.5175055E-01    4.1769914E+00   -4.1769914E+00
 1.4900    1.4642980E-01    4.0851863E+00   -4.0851863E+00
 1.5000    1.4128472E-01    3.9947312E+00   -3.9947312E+00
 1.5100    1.3631027E-01    3.9056413E+00   -3.9056413E+00
 1.5200    1.3150159E-01    3.8179306E+00   -3.8179306E+00
 1.5300    1.2685391E-01    3.7316129E+00   -3.7316129E+00
 1.5400    1.2236263E-01    3.6467006E+00   -3.6467006E+00
 1.5500    1.1802322E-01    3.5632043E+00   -3.5632043E+00
 1.5600    1.1383123E-01    3.4811319E+00   -3.4811319E+00
 1.5700    1.0978224E-01    3.4004879E+00   -3.4004879E+00
 1.5800    1.0587191E-01    3.3212747E+00   -3.3212747E+00
 1.5900    1.0209602E-01    3.2434928E+00   -3.2434928E+00
 1.6000    9.8450462E-02    3.1671424E+00   -3.1671424E+00
 1.6100    9.4931250E-02    3.0922231E+00   -3.0922231E+00
 1.6200    9.1534501E-02    3.0187331E+00   -3.0187331E+00
 1.6300    8.8256393E-02    2.9466683E+00   -2.9466683E+00
 1.6400    8.5093164E-02    2.8760222E+00   -2.8760222E+00
 1.6500    8.2041129E-02    2.8067865E+00   -2.8067865E+00
 1.6600    7.9096693E-02    2.7389517E+00   -2.7389517E+00
 1.6700    7.6256355E-02    2.6725070E+00   -2.6725070E+00
 1.6800    7.3516705E-02    2.6074408E+00   -2.6074408E+00
 1.6900    7.0874415E-02    2.5437402E+00   -2.5437402E+00
 1.7000    6.8326237E-02    2.4813910E+00   -2.4813910E+00
 1.7100    6.5868999E-02    2.4203777E+00   -2.4203777E+00
 1.7200    6.3499605E-02    2.3606836E+00   -2.3606836E+00
 1.7300    6.1215044E-02    2.3022911E+00   -2.3022911E+00
 1.7400    5.9012390E-02    2.2451821E+00   -2.2451821E+00
 1.7500    5.6888807E-02    2.1893379E+00   -2.1893379E+00
 1.7600    5.4841545E-02    2.1347395E+00   -2.1347395E+00
 1.7700    5.2867932E-02    2.0813673E+00   -2.0813673E+00
 1.7800    5.0965374E-02    2.0292011E+00   -2.0292011E+00
 1.7900    4.9131356E-02    1.9782204E+00   -1.9782204E+00
 1.8000    4.7363438E-02    1.9284043E+00   -1.9284043E+00
 1.8100    4.5659256E-02    1.8797316E+00   -1.8797316E+00
 1.8200    4.4016518E-02    1.8321808E+00   -1.8321808E+00
 1.8300    4.2433002E-02    1.7857300E+00   -1.7857300E+00
 1.8400    4.0906561E-02    1.7403575E+00   -1.7403575E+00
 1.8500    3.9435132E-02    1.6960421E+00   -1.6960421E+00
 1.8600    3.8016732E-02    1.6527628E+00   -1.6527628E+00
 1.8700    3.6649452E-02    1.6104994E+00   -1.6104994E+00
 1.8800    3.5331454E-02    1.5692317E+00   -1.5692317E+00
 1.8900    3.4060961E-02    1.5289397E+00   -1.5289397E+00
 1.9000    3.2836260E-02    1.4896037E+00   -1.4896037E+00
 1.9100    3.1655707E-02    1.4512045E+00   -1.4512045E+00
 1.9200    3.0517719E-02    1.4137232E+00   -1.4137232E+00
 1.9300    2.9420772E-02    1.3771415E+00   -1.3771415E+00
 1.9400    2.8363398E-02    1.3414410E+00   -1.3414410E+00
 1.9500    2.7344180E-02    1.3066040E+00   -1.3066040E+00
 1.9600    2.6361751E-02    1.2726127E+00   -1.2726127E+00
 1.9700    2.5414798E-02    1.2394499E+00   -1.2394499E+00
 1.9800    2.4502056E-02    1.2070987E+00   -1.2070987E+00
 1.9900    2.3622308E-02    1.1755425E+00   -1.1755425E+00
 2.0000    2.2774381E-02    1.1447653E+00   -1.1447653E+00
 2.0100    2.1957143E-02    1.1147508E+00   -1.1147508E+00
 2.0200    2.1169502E-02    1.0854835E+00   -1.0854835E+00
 2.0300    2.0410403E-02    1.0569478E+00   -1.0569478E+00
 2.0400    1.9678829E-02    1.0291281E+00   -1.0291281E+00
 2.0500    1.8973796E-02    1.0020094E+00   -1.0020094E+00
 2.0600    1.8294354E-02    9.7557662E-01   -9.7557662E-01
 2.0700    1.7639587E-02    9.4981487E-01   -9.4981487E-01
 2.0800    1.7008608E-02    9.2470945E-01   -9.2470945E-01
 2.0900    1.6400559E-02    9.0024576E-01   -9.0024576E-01
 2.1000    1.5814611E-02    8.7640928E-01   -8.7640928E-01
 2.1100    1.5249961E-02    8.5318559E-01   -8.5318559E-01
 2.1200    1.4705834E-02    8.3056043E-01   -8.3056043E-01
 2.1300    1.4181479E-02    8.0851966E-01   -8.0851966E-01
 2.1400    1.3676172E-02    7.8704936E-01   -7.8704936E-01
 2.1500    1.3189215E-02    7.6613577E-01   -7.6613577E-01
 2.1600    1.2719933E-02    7.4576532E-01   -7.4576532E-01
 2.1700    1.2267673E-02    7.2592462E-01   -7.2592462E-01
 2.1800    1.1831807E-02    7.0660046E-01   -7.0660046E-01
 2.1900    1.1411726E-02    6.8777983E-01   -6.8777983E-01
 2.2000    1.1006845E-02    6.6944992E-01   -6.6944992E-01
 2.2100    1.0616598E-02    6.5159809E-01   -6.5159809E-01
 2.2200    1.0240439E-02    6.3421188E-01   -6.3421188E-01
 2.2300    9.8778395E-03    6.1727907E-01   -6.1727907E-01
 2.2400    9.5282939E-03    6.0078772E-01   -6.0078772E-01
 2.2500    9.1913146E-03    5.8472617E-01   -5.8472617E-01
 2.2600    8.8664334E-03    5.6908312E-01   -5.6908312E-01
 2.2700    8.5532011E-03    5.5384758E-01   -5.5384758E-01
 2.2800    8.2511857E-03    5.3900888E-01   -5.3900888E-01
 2.2900    7.9599719E-03    5.2455661E-01   -5.2455661E-01
 2.3000    7.6791605E-03    5.1048064E-01   -5.1048064E-01
 2.3100    7.4083684E-03    4.9677118E-01   -4.9677118E-01
 2.3200    7.1472290E-03    4.8341880E-01   -4.8341880E-01
 2.3300    6.8953919E-03    4.7041446E-01   -4.7041446E-01
 2.3400    6.6525208E-03    4.5774944E-01   -4.5774944E-01
 2.3500    6.4182921E-03    4.4541523E-01   -4.4541523E-01
 2.3600    6.1923936E-03    4.3340351E-01   -4.3340351E-01
 2.3700    5.9745237E-03    4.2170606E-01   -4.2170606E-01
 2.3800    5.7643921E-03    4.1031490E-01   -4.1031490E-01
 2.3900    5.5617199E-03    3.9922229E-01   -3.9922229E-01
 2.4000    5.3662397E-03    3.8842074E-01   -3.8842074E-01
 2.4100    5.1776950E-03    3.7790306E-01   -3.7790306E-01
 2.4200    4.9958395E-03    3.6766227E-01   -3.6766227E-01
 2.4300    4.8204367E-03    3.5769164E-01   -3.5769164E-01
 2.4400    4.6512592E-03    3.4798463E-01   -3.4798463E-01
 2.4500    4.4880880E-03    3.3853486E-01   -3.3853486E-01
 2.4600    4.3307116E-03    3.2933610E-01   -3.2933610E-01
 2.4700    4.1789257E-03    3.2038223E-01   -3.2038223E-01
 2.4800    4.0325327E-03    3.1166722E-01   -3.1166722E-01
 2.4900    3.8913419E-03    3.0318517E-01   -3.0318517E-01
 2.5000    3.7551689E-03    2.9493027E-01   -2.9493027E-01
 2.5100    3.6238350E-03    2.8689681E-01   -2.8689681E-01
 2.5200    3.4971680E-03    2.7907918E-01   -2.7907918E-01
 2.5300    3.3750014E-03    2.7147189E-01   -2.7147189E-01
 2.5400    3.2571746E-03    2.6406956E-01   -2.6406956E-01
 2.5500    3.1435326E-03    2.5686693E-01   -2.5686693E-01
 2.5600    3.0339254E-03    2.4985882E-01   -2.4985882E-01
 2.5700    2.9282078E-03    2.4304014E-01   -2.4304014E-01
 2.5800    2.8262392E-03    2.3640584E-01   -2.3640584E-01
 2.5900    2.7278836E-03    2.2995096E-01   -2.2995096E-01
 2.6000    2.6330092E-03    2.2367062E-01   -2.2367062E-01
 2.6100    2.5414888E-03    2.1756001E-01   -2.1756001E-01
 2.6200    2.4531993E-03    2.1161443E-01   -2.1161443E-01
 2.6300    2.3680225E-03    2.0582930E-01   -2.0582930E-01
 2.6400    2.2858447E-03    2.0020017E-01   -2.0020017E-01
 2.6500    2.2065568E-03    1.9472276E-01   -1.9472276E-01
 2.6600    2.1300538E-03    1.8939290E-01   -1.8939290E-01
 2.6700    2.0562345E-03    1.8420653E-01   -1.8420653E-01
 2.6800    1.9850011E-03    1.7915965E-01   -1.7915965E-01
 2.6900    1.9162589E-03    1.7424832E-01   -1.7424832E-01
 2.7000    1.8499166E-03    1.6946872E-01   -1.6946872E-01
 2.7100    1.7858868E-03    1.6481714E-01   -1.6481714E-01
 2.7200    1.7240856E-03    1.6029003E-01   -1.6029003E-01
 2.7300    1.6644332E-03    1.5588400E-01   -1.5588400E-01
 2.7400    1.6068530E-03    1.5159579E-01   -1.5159579E-01
 2.7500    1.5512714E-03    1.4742225E-01   -1.4742225E-01
 2.7600    1.4976178E-03    1.4336034E-01   -1.4336034E-01
 2.7700    1.4458241E-03    1.3940709E-01   -1.3940709E-01
 2.7800    1.3958249E-03    1.3555964E-01   -1.3555964E-01
 2.7900    1.3475571E-03    1.3181518E-01   -1.3181518E-01
 2.8000    1.3009601E-03    1.2817103E-01   -1.2817103E-01
 2.8100    1.2559755E-03    1.2462457E-01   -1.2462457E-01
 2.8200    1.2125474E-03    1.2117326E-01   -1.2117326E-01
 2.8300    1.1706222E-03    1.1781470E-01   -1.1781470E-01
 2.8400    1.1301487E-03    1.1454659E-01   -1.1454659E-01
 2.8500    1.0910781E-03    1.1136672E-01   -1.1136672E-01
 2.8600    1.0533634E-03    1.0827300E-01   -1.0827300E-01
 2.8700    1.0169593E-03    1.0526336E-01   -1.0526336E-01
 2.8800    9.8182162E-04    1.0233576E-01   -1.0233576E-01
 2.8900    9.4790718E-04    9.9488152E-02   -9.9488152E-02
 2.9000    9.1517385E-04    9.6718480E-02   -9.6718480E-02
 2.9100    8.8358070E-04    9.4024723E-02   -9.4024723E-02
 2.9200    8.5308835E-04    9.1404921E-02   -9.1404921E-02
 2.9300    8.2365902E-04    8.8857188E-02   -8.8857188E-02
 2.9400    7.9525648E-04    8.6379710E-02   -8.6379710E-02
 2.9500    7.6784572E-04    8.3970718E-02   -8.3970718E-02
 2.9600    7.4139265E-04    8.1628452E-02   -8.1628452E-02
 2.9700    7.1586389E-04    7.9351148E-02   -7.9351148E-02
 2.9800    6.9122687E-04    7.7137046E-02   -7.7137046E-02
 2.9900    6.6745002E-04    7.4984412E-02   -7.4984412E-02
 3.0000    6.4450288E-04    7.2891558E-02   -7.2891558E-02
 3.0100    6.2235612E-04    7.0856846E-02   -7.0856846E-02
 3.0200    6.0098136E-04    6.8878670E-02   -6.8878670E-02
 3.0300    5.8035111E-04    6.6955451E-02   -6.6955451E-02
 3.0400    5.6043865E-04    6.5085629E-02   -6.5085629E-02
 3.0500    5.4121809E-04    6.3267671E-02   -6.3267671E-02
 3.0600    5.2266439E-04    6.1500073E-02   -6.1500073E-02
 3.0700    5.0475337E-04    5.9781367E-02   -5.9781367E-02
 3.0800    4.8746178E-04    5.8110133E-02   -5.8110133E-02
 3.0900    4.7076727E-04    5.6484994E-02   -5.6484994E-02
 3.1000    4.5464836E-04    5.4904619E-02   -5.4904619E-02
 3.1100    4.3908435E-04    5.3367714E-02   -5.3367714E-02
 3.1200    4.2405526E-04    5.1873017E-02   -5.1873017E-02
 3.1300    4.0954176E-04    5.0419291E-02   -5.0419291E-02
 3.1400    3.9552523E-04    4.9005334E-02   -4.9005334E-02
 3.1500    3.8198782E-04    4.7629989E-02   -4.7629989E-02
 3.1600    3.6891251E-04    4.6292156E-02   -4.6292156E-02
 3.1700    3.5628313E-04    4.4990794E-02   -4.4990794E-02
 3.1800    3.4408429E-04    4.3724913E-02   -4.3724913E-02
 3.1900    3.3230119E-04    4.2493562E-02   -4.2493562E-02
 3.2000    3.2091961E-04    4.1295819E-02   -4.1295819E-02
 3.2100    3.0992586E-04    4.0130794E-02   -4.0130794E-02
 3.2200    2.9930679E-04    3.8997627E-02   -3.8997627E-02
 3.2300    2.8904975E-04    3.7895489E-02   -3.7895489E-02
 3.2400    2.7914257E-04    3.6823575E-02   -3.6823575E-02
 3.2500    2.6957347E-04    3.5781105E-02   -3.5781105E-02
 3.2600    2.6033116E-04    3.4767320E-02   -3.4767320E-02
 3.2700    2.5140473E-04    3.3781491E-02   -3.3781491E-02
 3.2800    2.4278375E-04    3.2822917E-02   -3.2822917E-02
 3.2900    2.3445821E-04    3.1890924E-02   -3.1890924E-02
 3.3000    2.2641854E-04    3.0984874E-02   -3.0984874E-02
 3.3100    2.1865561E-04    3.0104158E-02   -3.0104158E-02
 3.3200    2.1116060E-04    2.9248185E-02   -2.9248185E-02
 3.3300    2.0392483E-04    2.8416359E-02   -2.8416359E-02
 3.3400    1.9693960E-04    2.7608057E-02   -2.7608057E-02
 3.3500    1.9019618E-04    2.6822625E-02   -2.6822625E-02
 3.3600    1.8368597E-04    2.6059400E-02   -2.6059400E-02
 3.3700    1.7740072E-04    2.5317746E-02   -2.5317746E-02
 3.3800    1.7133269E-04    2.4597077E-02   -2.4597077E-02
 3.3900    1.6547469E-04    2.3896861E-02   -2.3896861E-02
 3.4000    1.5981994E-04    2.3216602E-02   -2.3216602E-02
 3.4100    1.5436181E-04    2.2555813E-02   -2.2555813E-02
 3.4200    1.4909369E-04    2.1913984E-02   -2.1913984E-02
 3.4300    1.4400888E-04    2.1290575E-02   -2.1290575E-02
 3.4400    1.3910068E-04    2.0685023E-02   -2.0685023E-02
 3.4500    1.3436255E-04    2.0096771E-02   -2.0096771E-02
 3.4600    1.2978824E-04    1.9525286E-02   -1.9525286E-02
 3.4700    1.2537189E-04    1.8970072E-02   -1.8970072E-02
 3.4800    1.2110789E-04    1.8430657E-02   -1.8430657E-02
 3.4900    1.1699089E-04    1.7906585E-02   -1.7906585E-02
 3.5000    1.1301562E-04    1.7397403E-02   -1.7397403E-02
 3.5100    1.0917688E-04    1.6902650E-02   -1.6902650E-02
 3.5200    1.0546956E-04    1.6421860E-02   -1.6421860E-02
 3.5300    1.0188868E-04    1.5954574E-02   -1.5954574E-02
 3.5400    9.8429476E-05    1.5500352E-02   -1.5500352E-02
 3.5500    9.5087482E-05    1.5058784E-02   -1.5058784E-02
 3.5600    9.1858526E-05    1.4629495E-02   -1.4629495E-02
 3.5700    8.8738703E-05    1.4212137E-02   -1.4212137E-02
 3.5800    8.5724334E-05    1.3806387E-02   -1.3806387E-02
 3.5900    8.2811911E-05    1.3411939E-02   -1.3411939E-02
 3.6000    7.9998019E-05    1.3028490E-02   -1.3028490E-02
 3.6100    7.7279243E-05    1.2655728E-02   -1.2655728E-02
 3.6200    7.4652139E-05    1.2293322E-02   -1.2293322E-02
 3.6300    7.2113278E-05    1.1940936E-02   -1.1940936E-02
 3.6400    6.9659381E-05    1.1598244E-02   -1.1598244E-02
 3.6500    6.7287439E-05    1.1264958E-02   -1.1264958E-02
 3.6600    6.4994796E-05    1.0940839E-02   -1.0940839E-02
 3.6700    6.2779125E-05    1.0625693E-02   -1.0625693E-02
 3.6800    6.0638310E-05    1.0319356E-02   -1.0319356E-02
 3.6900    5.8570241E-05    1.0021659E-02   -1.0021659E-02
 3.7000    5.6572618E-05    9.7323920E-03   -9.7323920E-03
 3.7100    5.4642902E-05    9.4512976E-03   -9.4512976E-03
 3.7200    5.2778475E-05    9.1780957E-03   -9.1780957E-03
 3.7300    5.0976926E-05    8.9125335E-03   -8.9125335E-03
 3.7400    4.9236241E-05    8.6544198E-03   -8.6544198E-03
 3.7500    4.7554754E-05    8.4036187E-03   -8.4036187E-03
 3.7600    4.5930945E-05    8.1600145E-03   -8.1600145E-03
 3.7700    4.4363240E-05    7.9234773E-03   -7.9234773E-03
 3.7800    4.2849944E-05    7.6938501E-03   -7.6938501E-03
 3.7900    4.1389272E-05    7.4709542E-03   -7.4709542E-03
 3.8000    3.9979410E-05    7.2545994E-03   -7.2545994E-03
 3.8100    3.8618549E-05    7.0445908E-03   -7.0445908E-03
 3.8200    3.7304926E-05    6.8407351E-03   -6.8407351E-03
 3.8300    3.6036864E-05    6.6428494E-03   -6.6428494E-03
 3.8400    3.4812814E-05    6.4507683E-03   -6.4507683E-03
 3.8500    3.3631347E-05    6.2643437E-03   -6.2643437E-03
 3.8600    3.2491091E-05    6.0834335E-03   -6.0834335E-03
 3.8700    3.1390650E-05    5.9078860E-03   -5.9078860E-03
 3.8800    3.0328563E-05    5.7375323E-03   -5.7375323E-03
 3.8900    2.9303339E-05    5.5721934E-03   -5.5721934E-03
 3.9000    2.8313527E-05    5.4116917E-03   -5.4116917E-03
 3.9100    2.7357748E-05    5.2558593E-03   -5.2558593E-03
 3.9200    2.6434699E-05    5.1045371E-03   -5.1045371E-03
 3.9300    2.5543133E-05    4.9575730E-03   -4.9575730E-03
 3.9400    2.4681876E-05    4.8148246E-03   -4.8148246E-03
 3.9500    2.3849847E-05    4.6761630E-03   -4.6761630E-03
 3.9600    2.3046057E-05    4.5414743E-03   -4.5414743E-03
 3.9700    2.2269566E-05    4.4106504E-03   -4.4106504E-03
 3.9800    2.1519419E-05    4.2835767E-03   -4.2835767E-03
 3.9900    2.0794587E-05    4.1601209E-03   -4.1601209E-03
 4.0000    2.0093982E-05    4.0401348E-03   -4.0401348E-03
 4.0100    1.9416531E-05    3.9234693E-03   -3.9234693E-03
 4.0200    1.8761289E-05    3.8099971E-03   -3.8099971E-03
 4.0300    1.8127505E-05    3.6996274E-03   -3.6996274E-03
 4.0400    1.7514587E-05    3.5922991E-03   -3.5922991E-03
 4.0500    1.6921994E-05    3.4879595E-03   -3.4879595E-03
 4.0600    1.6349135E-05    3.3865440E-03   -3.3865440E-03
 4.0700    1.5795363E-05    3.2879734E-03   -3.2879734E-03
 4.0800    1.5260027E-05    3.1921662E-03   -3.1921662E-03
 4.0900    1.4742528E-05    3.0990490E-03   -3.0990490E-03
 4.1000    1.4242316E-05    3.0085567E-03   -3.0085567E-03
 4.1100    1.3758855E-05    2.9206250E-03   -2.9206250E-03
 4.1200    1.3291609E-05    2.8351880E-03   -2.8351880E-03
 4.1300    1.2840059E-05    2.7521809E-03   -2.7521809E-03
 4.1400    1.2403722E-05    2.6715455E-03   -2.6715455E-03
 4.1500    1.1982161E-05    2.5932311E-03   -2.5932311E-03
 4.1600    1.1574958E-05    2.5171896E-03   -2.5171896E-03
 4.1700    1.1181690E-05    2.4433711E-03   -2.4433711E-03
 4.1800    1.0801930E-05    2.3717220E-03   -2.3717220E-03
 4.1900    1.0435249E-05    2.3021876E-03   -2.3021876E-03
 4.2000    1.0081225E-05    2.2347129E-03   -2.2347129E-03
 4.2100    9.7394399E-06    2.1692422E-03   -2.1692422E-03
 4.2200    9.4094840E-06    2.1057198E-03   -2.1057198E-03
 4.2300    9.0909587E-06    2.0440913E-03   -2.0440913E-03
 4.2400    8.7834843E-06    1.9843049E-03   -1.9843049E-03
 4.2500    8.4866976E-06    1.9263112E-03   -1.9263112E-03
 4.2600    8.2002465E-06    1.8700619E-03   -1.8700619E-03
 4.2700    7.9237902E-06    1.8155097E-03   -1.8155097E-03
 4.2800    7.6569947E-06    1.7626080E-03   -1.7626080E-03
 4.2900    7.3995230E-06    1.7113080E-03   -1.7113080E-03
 4.3000    7.1510275E-06    1.6615569E-03   -1.6615569E-03
 4.3100    6.9111636E-06    1.6133017E-03   -1.6133017E-03
 4.3200    6.6796247E-06    1.5664965E-03   -1.5664965E-03
 4.3300    6.4561711E-06    1.5211102E-03   -1.5211102E-03
 4.3400    6.2406168E-06    1.4771236E-03   -1.4771236E-03
 4.3500    6.0327680E-06    1.4345147E-03   -1.4345147E-03
 4.3600    5.8323482E-06    1.3932411E-03   -1.3932411E-03
 4.3700    5.6389694E-06    1.3532327E-03   -1.3532327E-03
 4.3800    5.4521769E-06    1.3144014E-03   -1.3144014E-03
 4.3900    5.2715336E-06    1.2766619E-03   -1.2766619E-03
 4.4000    5.0966851E-06    1.2399467E-03   -1.2399467E-03
 4.4100    4.9273796E-06    1.2042123E-03   -1.2042123E-03
 4.4200    4.7634593E-06    1.1694371E-03   -1.1694371E-03
 4.4300    4.6048423E-06    1.1356175E-03   -1.1356175E-03
 4.4400    4.4514806E-06    1.1027582E-03   -1.1027582E-03
 4.4500    4.3032897E-06    1.0708545E-03   -1.0708545E-03
 4.4600    4.1600880E-06    1.0398773E-03   -1.0398773E-03
 4.4700    4.0215997E-06    1.0097730E-03   -1.0097730E-03
 4.4800    3.8875323E-06    9.8048264E-04   -9.8048264E-04
 4.4900    3.7576686E-06    9.5196510E-04   -9.5196510E-04
 4.5000    3.6319051E-06    9.2420728E-04   -9.2420728E-04
 4.5100    3.5102149E-06    8.9721527E-04   -8.9721527E-04
 4.5200    3.3925793E-06    8.7099717E-04   -8.7099717E-04
 4.5300    3.2789456E-06    8.4555231E-04   -8.4555231E-04
 4.5400    3.1692276E-06    8.2087117E-04   -8.2087117E-04
 4.5500    3.0633193E-06    7.9693871E-04   -7.9693871E-04
 4.5600    2.9610888E-06    7.7373275E-04   -7.7373275E-04
 4.5700    2.8623623E-06    7.5121954E-04   -7.5121954E-04
 4.5800    2.7669335E-06    7.2935596E-04   -7.2935596E-04
 4.5900    2.6746114E-06    7.0810217E-04   -7.0810217E-04
 4.6000    2.5852781E-06    6.8743682E-04   -6.8743682E-04
 4.6100    2.4989046E-06    6.6736188E-04   -6.6736188E-04
 4.6200    2.4155112E-06    6.4789237E-04   -6.4789237E-04
 4.6300    2.3350966E-06    6.2903773E-04   -6.2903773E-04
 4.6400    2.2575868E-06    6.1078769E-04   -6.1078769E-04
 4.6500    2.1828335E-06    5.9311155E-04   -5.9311155E-04
 4.6600    2.1106618E-06    5.7597063E-04   -5.7597063E-04
 4.6700    2.0409301E-06    5.5933470E-04   -5.5933470E-04
 4.6800    1.9735633E-06    5.4319107E-04   -5.4319107E-04
 4.6900    1.9085363E-06    5.2754069E-04   -5.2754069E-04
 4.7000    1.8458293E-06    5.1238584E-04   -5.1238584E-04
 4.7100    1.7853923E-06    4.9772027E-04   -4.9772027E-04
 4.7200    1.7271461E-06    4.8352945E-04   -4.8352945E-04
 4.7300    1.6710153E-06    4.6979953E-04   -4.6979953E-04
 4.7400    1.6169637E-06    4.5652736E-04   -4.5652736E-04
 4.7500    1.5649986E-06    4.4372208E-04   -4.4372208E-04
 4.7600    1.5151251E-06    4.3139218E-04   -4.3139218E-04
 4.7700    1.4672582E-06    4.1952048E-04   -4.1952048E-04
 4.7800    1.4211589E-06    4.0804521E-04   -4.0804521E-04
 4.7900    1.3764789E-06    3.9687200E-04   -3.9687200E-04
 4.8000    1.3329292E-06    3.8592191E-04   -3.8592191E-04
 4.8100    1.2904596E-06    3.7518411E-04   -3.7518411E-04
 4.8200    1.2492935E-06    3.6472743E-04   -3.6472743E-04
 4.8300    1.2097685E-06    3.5465525E-04   -3.5465525E-04
 4.8400    1.1721003E-06    3.4503675E-04   -3.4503675E-04
 4.8500    1.1362441E-06    3.3586519E-04   -3.3586519E-04
 4.8600    1.1019266E-06    3.2706575E-04   -3.2706575E-04
 4.8700    1.0687784E-06    3.1853374E-04   -3.1853374E-04
 4.8800    1.0364587E-06    3.1017124E-04   -3.1017124E-04
 4.8900    1.0047295E-06    3.0190948E-04   -3.0190948E-04
 4.9000    9.7349910E-07    2.9372275E-04   -2.9372275E-04
 4.9100    9.4283676E-07    2.8563364E-04   -2.8563364E-04
 4.9200    9.1291991E-07    2.7769800E-04   -2.7769800E-04
 4.9300    8.8391276E-07    2.6996851E-04   -2.6996851E-04
 4.9400    8.5585936E-07    2.6246184E-04   -2.6246184E-04
 4.9500    8.2868462E-07    2.5515821E-04   -2.5515821E-04
 4.9600    8.0229912E-07    2.4803304E-04   -2.4803304E-04
 4.9700    7.7670258E-07    2.4108900E-04   -2.4108900E-04
 4.9800    7.5199064E-07    2.3435865E-04   -2.3435865E-04
 4.9900    7.2827147E-07    2.2787897E-04   -2.2787897E-04
 5.0000    7.0557879E-07    2.2166411E-04   -2.2166411E-04
 5.0100    6.8385296E-07    2.1569896E-04   -2.1569896E-04
 5.0200    6.6299054E-07    2.0995423E-04   -2.0995423E-04
 5.0300    6.4291489E-07    2.0440867E-04   -2.0440867E-04
 5.0400    6.2362067E-07    1.9906341E-04   -1.9906341E-04
 5.0500    6.0516640E-07    1.9394002E-04   -1.9394002E-04
 5.0600    5.8761131E-07    1.8906061E-04   -1.8906061E-04
 5.0700    5.7092106E-07    1.8441738E-04   -1.8441738E-04
 5.0800    5.5489818E-07    1.7994948E-04   -1.7994948E-04
 5.0900    5.3920067E-07    1.7554799E-04   -1.7554799E-04
 5.1000    5.2347607E-07    1.7109883E-04   -1.7109883E-04
 5.1100    5.0756400E-07    1.6654917E-04   -1.6654917E-04
 5.1200    4.9164761E-07    1.6195849E-04   -1.6195849E-04
 5.1300    4.7622840E-07    1.5749250E-04   -1.5749250E-04
 5.1400    4.6189995E-07    1.5335008E-04   -1.5335008E-04
 5.1500    4.4904635E-07    1.4966336E-04   -1.4966336E-04
 5.1600    4.3765622E-07    1.4643415E-04   -1.4643415E-04
 5.1700    4.2735103E-07    1.4354091E-04   -1.4354091E-04
 5.1800    4.1756880E-07    1.4079830E-04   -1.4079830E-04
 5.1900    4.0777219E-07    1.3802641E-04   -1.3802641E-04
 5.2000    3.9759644E-07    1.3510115E-04   -1.3510115E-04
 5.2100    3.8692162E-07    1.3198006E-04   -1.3198006E-04
 5.2200    3.7587064E-07    1.2870318E-04   -1.2870318E-04
 5.2300    3.6472888E-07    1.2536705E-04   -1.2536705E-04
 5.2400    3.5380944E-07    1.2207925E-04   -1.2207925E-04
 5.2500    3.4333387E-07    1.1891732E-04   -1.1891732E-04
 5.2600    3.3339769E-07    1.1591615E-04   -1.1591615E-04
 5.2700    3.2401987E-07    1.1308441E-04   -1.1308441E-04
 5.2800    3.1520187E-07    1.1042477E-04   -1.1042477E-04
 5.2900    3.0692501E-07    1.0793281E-04   -1.0793281E-04
 5.3000    2.9909794E-07    1.0557839E-04   -1.0557839E-04
 5.3100    2.9153509E-07    1.0329748E-04   -1.0329748E-04
 5.3200    2.8402308E-07    1.0101521E-04   -1.0101521E-04
 5.3300    2.7643766E-07    9.8687351E-05   -9.8687351E-05
 5.3400    2.6881266E-07    9.6325684E-05   -9.6325684E-05
 5.3500    2.6130213E-07    9.3985396E-05   -9.3985396E-05
 5.3600    2.5407216E-07    9.1726861E-05   -9.1726861E-05
 5.3700    2.4721340E-07    8.9583998E-05   -8.9583998E-05
 5.3800    2.4073254E-07    8.7560699E-05   -8.7560699E-05
 5.3900    2.3460751E-07    8.5650381E-05   -8.5650381E-05
 5.4000    2.2884952E-07    8.3858558E-05   -8.3858558E-05
 5.4100    2.2353072E-07    8.2213210E-05   -8.2213210E-05
 5.4200    2.1876840E-07    8.0759391E-05   -8.0759391E-05
 5.4300    2.1467697E-07    7.9541722E-05   -7.9541722E-05
 5.4400    2.1131321E-07    7.8584034E-05   -7.8584034E-05
 5.4500    2.0864815E-07    7.7878471E-05   -7.7878471E-05
 5.4600    2.0658020E-07    7.7389822E-05   -7.7389822E-05
