# total charge: 9.000000 
# r(A)     rho (e/A^3)     4*pi*r^2*rho(e/A)  dip  
 0.0000   -1.2858966E+00   -0.0000000E+00    7.1809610E+01
 0.0100   -1.2809802E+00   -1.6097271E-03    7.1453068E+01
 0.0200   -1.2747711E+00   -6.4076982E-03    7.0394093E+01
 0.0300   -1.2670117E+00   -1.4329565E-02    6.8664136E+01
 0.0400   -1.2574302E+00   -2.5282135E-02    6.6313907E+01
 0.0500   -1.2457312E+00   -3.9135799E-02    6.3410895E+01
 0.0600   -1.2315897E+00   -5.5715805E-02    6.0036144E+01
 0.0700   -1.2146795E+00   -7.4794153E-02    5.6280502E+01
 0.0800   -1.1947401E+00   -9.6086704E-02    5.2240566E+01
 0.0900   -1.1716446E+00   -1.1925890E-01    4.8014604E+01
 0.1000   -1.1454196E+00   -1.4393768E-01    4.3698668E+01
 0.1100   -1.1162076E+00   -1.6972281E-01    3.9383115E+01
 0.1200   -1.0842018E+00   -1.9619254E-01    3.5149682E+01
 0.1300   -1.0495936E+00   -2.2290394E-01    3.1069251E+01
 0.1400   -1.0125484E+00   -2.4939154E-01    2.7200335E+01
 0.1500   -9.7320760E-01   -2.7516797E-01    2.3588335E+01
 0.1600   -9.3170311E-01   -2.9972804E-01    2.0265478E+01
 0.1700   -8.8817016E-01   -3.2255508E-01    1.7251389E+01
 0.1800   -8.4275133E-01   -3.4312655E-01    1.4554155E+01
 0.1900   -7.9559025E-01   -3.6091632E-01    1.2171763E+01
 0.2000   -7.4682204E-01   -3.7539370E-01    1.0093768E+01
 0.2100   -6.9656935E-01   -3.8602267E-01    8.3030700E+00
 0.2200   -6.4494746E-01   -3.9226501E-01    6.7776917E+00
 0.2300   -5.9207376E-01   -3.9358755E-01    5.4924543E+00
 0.2400   -5.3807469E-01   -3.8947081E-01    4.4204863E+00
 0.2500   -4.8308686E-01   -3.7941553E-01    3.5345096E+00
 0.2600   -4.2725374E-01   -3.6294635E-01    2.8078808E+00
 0.2700   -3.7072131E-01   -3.3961350E-01    2.2153818E+00
 0.2800   -3.1363457E-01   -3.0899386E-01    1.7337751E+00
 0.2900   -2.5613558E-01   -2.7069222E-01    1.3421481E+00
 0.3000   -1.9836289E-01   -2.2434314E-01    1.0220759E+00
 0.3100   -1.4045198E-01   -1.6961378E-01    7.5764121E-01
 0.3200   -8.2536090E-02   -1.0620714E-01    5.3534302E-01
 0.3300   -2.4746773E-02   -3.3865409E-02    3.4392782E-01
 0.3400    3.2786068E-02    4.7627418E-02    1.7417203E-01
 0.3500    8.9934806E-02    1.3844388E-01    1.8639008E-02
 0.3600    1.4657511E-01    2.3871247E-01   -1.2857012E-01
 0.3700    2.0258699E-01    3.4851772E-01   -2.7205727E-01
 0.3800    2.5785524E-01    4.6789996E-01   -4.1534952E-01
 0.3900    3.1226911E-01    5.9685399E-01   -5.6109600E-01
 0.4000    3.6572162E-01    7.3532695E-01   -7.1123751E-01
 0.4100    4.1810923E-01    8.8321681E-01   -8.6714971E-01
 0.4200    4.6933226E-01    1.0403725E+00   -1.0297627E+00
 0.4300    5.1929611E-01    1.2065959E+00   -1.1996596E+00
 0.4400    5.6791224E-01    1.3816449E+00   -1.3771553E+00
 0.4500    6.1509876E-01    1.5652357E+00   -1.5623586E+00
 0.4600    6.6078030E-01    1.7570439E+00   -1.7552186E+00
 0.4700    7.0488772E-01    1.9567058E+00   -1.9555592E+00
 0.4800    7.4735766E-01    2.1638185E+00   -2.1631055E+00
 0.4900    7.8813216E-01    2.3779410E+00   -2.3775020E+00
 0.5000    8.2715854E-01    2.5985952E+00   -2.5983276E+00
 0.5100    8.6438968E-01    2.8252689E+00   -2.8251074E+00
 0.5200    8.9978462E-01    3.0574201E+00   -3.0573236E+00
 0.5300    9.3330885E-01    3.2944809E+00   -3.2944238E+00
 0.5400    9.6493400E-01    3.5358595E+00   -3.5358260E+00
 0.5500    9.9463715E-01    3.7809411E+00   -3.7809218E+00
 0.5600    1.0224004E+00    4.0290895E+00   -4.0290784E+00
 0.5700    1.0482109E+00    4.2796498E+00   -4.2796435E+00
 0.5800    1.0720614E+00    4.5319541E+00   -4.5319505E+00
 0.5900    1.0939502E+00    4.7853250E+00   -4.7853230E+00
 0.6000    1.1138810E+00    5.0390789E+00   -5.0390778E+00
 0.6100    1.1318624E+00    5.2925281E+00   -5.2925275E+00
 0.6200    1.1479077E+00    5.5449828E+00   -5.5449825E+00
 0.6300    1.1620345E+00    5.7957546E+00   -5.7957544E+00
 0.6400    1.1742650E+00    6.0441597E+00   -6.0441596E+00
 0.6500    1.1846256E+00    6.2895228E+00   -6.2895227E+00
 0.6600    1.1931467E+00    6.5311787E+00   -6.5311787E+00
 0.6700    1.1998622E+00    6.7684754E+00   -6.7684754E+00
 0.6800    1.2048098E+00    7.0007760E+00   -7.0007760E+00
 0.6900    1.2080301E+00    7.2274619E+00   -7.2274618E+00
 0.7000    1.2095672E+00    7.4479359E+00   -7.4479359E+00
 0.7100    1.2094678E+00    7.6616249E+00   -7.6616248E+00
 0.7200    1.2077818E+00    7.8679817E+00   -7.8679817E+00
 0.7300    1.2045611E+00    8.0664869E+00   -8.0664869E+00
 0.7400    1.1998599E+00    8.2566492E+00   -8.2566492E+00
 0.7500    1.1937339E+00    8.4380078E+00   -8.4380078E+00
 0.7600    1.1862409E+00    8.6101345E+00   -8.6101345E+00
 0.7700    1.1774399E+00    8.7726353E+00   -8.7726353E+00
 0.7800    1.1673913E+00    8.9251501E+00   -8.9251501E+00
 0.7900    1.1561561E+00    9.0673526E+00   -9.0673526E+00
 0.8000    1.1437956E+00    9.1989500E+00   -9.1989500E+00
 0.8100    1.1303719E+00    9.3196857E+00   -9.3196857E+00
 0.8200    1.1159475E+00    9.4293412E+00   -9.4293412E+00
 0.8300    1.1005854E+00    9.5277381E+00   -9.5277381E+00
 0.8400    1.0843487E+00    9.6147372E+00   -9.6147372E+00
 0.8500    1.0673005E+00    9.6902376E+00   -9.6902376E+00
 0.8600    1.0495034E+00    9.7541763E+00   -9.7541763E+00
 0.8700    1.0310196E+00    9.8065284E+00   -9.8065284E+00
 0.8800    1.0119111E+00    9.8473091E+00   -9.8473091E+00
 0.8900    9.9223927E-01    9.8765732E+00   -9.8765732E+00
 0.9000    9.7206490E-01    9.8944155E+00   -9.8944155E+00
 0.9100    9.5144794E-01    9.9009685E+00   -9.9009685E+00
 0.9200    9.3044717E-01    9.8963999E+00   -9.8963999E+00
 0.9300    9.0912004E-01    9.8809111E+00   -9.8809111E+00
 0.9400    8.8752256E-01    9.8547355E+00   -9.8547355E+00
 0.9500    8.6570932E-01    9.8181388E+00   -9.8181388E+00
 0.9600    8.4373362E-01    9.7714201E+00   -9.7714201E+00
 0.9700    8.2164764E-01    9.7149136E+00   -9.7149136E+00
 0.9800    7.9950253E-01    9.6489901E+00   -9.6489901E+00
 0.9900    7.7734837E-01    9.5740556E+00   -9.5740556E+00
 1.0000    7.5523385E-01    9.4905484E+00   -9.4905484E+00
 1.0100    7.3320596E-01    9.3989339E+00   -9.3989339E+00
 1.0200    7.1130965E-01    9.2996993E+00   -9.2996993E+00
 1.0300    6.8958768E-01    9.1933503E+00   -9.1933503E+00
 1.0400    6.6808070E-01    9.0804102E+00   -9.0804102E+00
 1.0500    6.4682752E-01    8.9614225E+00   -8.9614225E+00
 1.0600    6.2586543E-01    8.8369533E+00   -8.8369533E+00
 1.0700    6.0523038E-01    8.7075933E+00   -8.7075933E+00
 1.0800    5.8495685E-01    8.5739552E+00   -8.5739552E+00
 1.0900    5.6507750E-01    8.4366664E+00   -8.4366664E+00
 1.1000    5.4562250E-01    8.2963584E+00   -8.2963584E+00
 1.1100    5.2661876E-01    8.1536515E+00   -8.1536515E+00
 1.1200    5.0808902E-01    8.0091369E+00   -8.0091369E+00
 1.1300    4.9005102E-01    7.8633580E+00   -7.8633580E+00
 1.1400    4.7251697E-01    7.7167952E+00   -7.7167952E+00
 1.1500    4.5549342E-01    7.5698566E+00   -7.5698566E+00
 1.1600    4.3898181E-01    7.4228788E+00   -7.4228788E+00
 1.1700    4.2297935E-01    7.2761351E+00   -7.2761351E+00
 1.1800    4.0748010E-01    7.1298481E+00   -7.1298481E+00
 1.1900    3.9247601E-01    6.9842038E+00   -6.9842038E+00
 1.2000    3.7795774E-01    6.8393621E+00   -6.8393621E+00
 1.2100    3.6391517E-01    6.6954654E+00   -6.6954654E+00
 1.2200    3.5033778E-01    6.5526428E+00   -6.5526428E+00
 1.2300    3.3721476E-01    6.4110131E+00   -6.4110131E+00
 1.2400    3.2453516E-01    6.2706851E+00   -6.2706851E+00
 1.2500    3.1228786E-01    6.1317578E+00   -6.1317578E+00
 1.2600    3.0046170E-01    5.9943221E+00   -5.9943221E+00
 1.2700    2.8904556E-01    5.8584619E+00   -5.8584619E+00
 1.2800    2.7802847E-01    5.7242563E+00   -5.7242563E+00
 1.2900    2.6739960E-01    5.5917795E+00   -5.5917795E+00
 1.3000    2.5714825E-01    5.4611002E+00   -5.4611002E+00
 1.3100    2.4726378E-01    5.3322802E+00   -5.3322802E+00
 1.3200    2.3773561E-01    5.2053744E+00   -5.2053744E+00
 1.3300    2.2855327E-01    5.0804312E+00   -5.0804312E+00
 1.3400    2.1970640E-01    4.9574937E+00   -4.9574937E+00
 1.3500    2.1118483E-01    4.8365995E+00   -4.8365995E+00
 1.3600    2.0297854E-01    4.7177812E+00   -4.7177812E+00
 1.3700    1.9507766E-01    4.6010669E+00   -4.6010669E+00
 1.3800    1.8747259E-01    4.4864808E+00   -4.4864808E+00
 1.3900    1.8015394E-01    4.3740449E+00   -4.3740449E+00
 1.4000    1.7311260E-01    4.2637782E+00   -4.2637782E+00
 1.4100    1.6633966E-01    4.1556972E+00   -4.1556972E+00
 1.4200    1.5982643E-01    4.0498147E+00   -4.0498147E+00
 1.4300    1.5356438E-01    3.9461394E+00   -3.9461394E+00
 1.4400    1.4754513E-01    3.8446759E+00   -3.8446759E+00
 1.4500    1.4176051E-01    3.7454252E+00   -3.7454252E+00
 1.4600    1.3620249E-01    3.6483848E+00   -3.6483848E+00
 1.4700    1.3086331E-01    3.5535499E+00   -3.5535499E+00
 1.4800    1.2573537E-01    3.4609137E+00   -3.4609137E+00
 1.4900    1.2081134E-01    3.3704671E+00   -3.3704671E+00
 1.5000    1.1608403E-01    3.2821988E+00   -3.2821988E+00
 1.5100    1.1154648E-01    3.1960946E+00   -3.1960946E+00
 1.5200    1.0719184E-01    3.1121375E+00   -3.1121375E+00
 1.5300    1.0301349E-01    3.0303083E+00   -3.0303083E+00
 1.5400    9.9004942E-02    2.9505853E+00   -2.9505853E+00
 1.5500    9.5159924E-02    2.8729452E+00   -2.8729452E+00
 1.5600    9.1472310E-02    2.7973622E+00   -2.7973622E+00
 1.5700    8.7936130E-02    2.7238082E+00   -2.7238082E+00
 1.5800    8.4545566E-02    2.6522525E+00   -2.6522525E+00
 1.5900    8.1294959E-02    2.5826629E+00   -2.5826629E+00
 1.6000    7.8178829E-02    2.5150058E+00   -2.5150058E+00
 1.6100    7.5191881E-02    2.4492469E+00   -2.4492469E+00
 1.6200    7.2328992E-02    2.3853511E+00   -2.3853511E+00
 1.6300    6.9585194E-02    2.3232819E+00   -2.3232819E+00
 1.6400    6.6955671E-02    2.2630019E+00   -2.2630019E+00
 1.6500    6.4435755E-02    2.2044724E+00   -2.2044724E+00
 1.6600    6.2020940E-02    2.1476543E+00   -2.1476543E+00
 1.6700    5.9706887E-02    2.0925085E+00   -2.0925085E+00
 1.6800    5.7489426E-02    2.0389961E+00   -2.0389961E+00
 1.6900    5.5364545E-02    1.9870784E+00   -1.9870784E+00
 1.7000    5.3328374E-02    1.9367165E+00   -1.9367165E+00
 1.7100    5.1377175E-02    1.8878709E+00   -1.8878709E+00
 1.7200    4.9507337E-02    1.8405021E+00   -1.8405021E+00
 1.7300    4.7715392E-02    1.7945707E+00   -1.7945707E+00
 1.7400    4.5998014E-02    1.7500378E+00   -1.7500378E+00
 1.7500    4.4352033E-02    1.7068663E+00   -1.7068663E+00
 1.7600    4.2774421E-02    1.6650196E+00   -1.6650196E+00
 1.7700    4.1262273E-02    1.6244620E+00   -1.6244620E+00
 1.7800    3.9812791E-02    1.5851578E+00   -1.5851578E+00
 1.7900    3.8423274E-02    1.5470712E+00   -1.5470712E+00
 1.8000    3.7091134E-02    1.5101670E+00   -1.5101670E+00
 1.8100    3.5813912E-02    1.4744117E+00   -1.4744117E+00
 1.8200    3.4589281E-02    1.4397735E+00   -1.4397735E+00
 1.8300    3.3415028E-02    1.4062219E+00   -1.4062219E+00
 1.8400    3.2289010E-02    1.3737264E+00   -1.3737264E+00
 1.8500    3.1209139E-02    1.3422552E+00   -1.3422552E+00
 1.8600    3.0173391E-02    1.3117766E+00   -1.3117766E+00
 1.8700    2.9179848E-02    1.2822600E+00   -1.2822600E+00
 1.8800    2.8226723E-02    1.2536780E+00   -1.2536780E+00
 1.8900    2.7312356E-02    1.2260061E+00   -1.2260061E+00
 1.9000    2.6435170E-02    1.1992209E+00   -1.1992209E+00
 1.9100    2.5593637E-02    1.1732987E+00   -1.1732987E+00
 1.9200    2.4786264E-02    1.1482155E+00   -1.1482155E+00
 1.9300    2.4011610E-02    1.1239468E+00   -1.1239468E+00
 1.9400    2.3268306E-02    1.1004697E+00   -1.1004697E+00
 1.9500    2.2555062E-02    1.0777626E+00   -1.0777626E+00
 1.9600    2.1870660E-02    1.0558055E+00   -1.0558055E+00
 1.9700    2.1213925E-02    1.0345782E+00   -1.0345782E+00
 1.9800    2.0583698E-02    1.0140600E+00   -1.0140600E+00
 1.9900    1.9978821E-02    9.9422773E-01   -9.9422773E-01
 2.0000    1.9398135E-02    9.7505660E-01   -9.7505660E-01
 2.0100    1.8840510E-02    9.5652126E-01   -9.5652126E-01
 2.0200    1.8304883E-02    9.3859786E-01   -9.3859786E-01
 2.0300    1.7790285E-02    9.2126558E-01   -9.2126558E-01
 2.0400    1.7295838E-02    9.0450674E-01   -9.0450674E-01
 2.0500    1.6820730E-02    8.8830563E-01   -8.8830563E-01
 2.0600    1.6364176E-02    8.7264667E-01   -8.7264667E-01
 2.0700    1.5925393E-02    8.5751298E-01   -8.5751298E-01
 2.0800    1.5503599E-02    8.4288641E-01   -8.4288641E-01
 2.0900    1.5098036E-02    8.2874879E-01   -8.2874879E-01
 2.1000    1.4708004E-02    8.1508365E-01   -8.1508365E-01
 2.1100    1.4332862E-02    8.0187688E-01   -8.0187688E-01
 2.1200    1.3972022E-02    7.8911601E-01   -7.8911601E-01
 2.1300    1.3624917E-02    7.7678876E-01   -7.7678876E-01
 2.1400    1.3290976E-02    7.6488174E-01   -7.6488174E-01
 2.1500    1.2969615E-02    7.5337961E-01   -7.5337961E-01
 2.1600    1.2660221E-02    7.4226443E-01   -7.4226443E-01
 2.1700    1.2362157E-02    7.3151558E-01   -7.3151558E-01
 2.1800    1.2074780E-02    7.2111094E-01   -7.2111094E-01
 2.1900    1.1797491E-02    7.1102972E-01   -7.1102972E-01
 2.2000    1.1529788E-02    7.0125594E-01   -7.0125594E-01
 2.2100    1.1271294E-02    6.9178030E-01   -6.9178030E-01
 2.2200    1.1021732E-02    6.8259905E-01   -6.8259905E-01
 2.2300    1.0780868E-02    6.7371053E-01   -6.7371053E-01
 2.2400    1.0548450E-02    6.6511164E-01   -6.6511164E-01
 2.2500    1.0324180E-02    6.5679598E-01   -6.5679598E-01
 2.2600    1.0107728E-02    6.4875436E-01   -6.4875436E-01
 2.2700    9.8987518E-03    6.4097636E-01   -6.4097636E-01
 2.2800    9.6969202E-03    6.3345151E-01   -6.3345151E-01
 2.2900    9.5019079E-03    6.2616912E-01   -6.2616912E-01
 2.3000    9.3133863E-03    6.1911760E-01   -6.1911760E-01
 2.3100    9.1310232E-03    6.1228451E-01   -6.1228451E-01
 2.3200    8.9544927E-03    6.0565711E-01   -6.0565711E-01
 2.3300    8.7834877E-03    5.9922332E-01   -5.9922332E-01
 2.3400    8.6177329E-03    5.9297258E-01   -5.9297258E-01
 2.3500    8.4570026E-03    5.8689722E-01   -5.8689722E-01
 2.3600    8.3011399E-03    5.8099394E-01   -5.8099394E-01
 2.3700    8.1500549E-03    5.7526386E-01   -5.7526386E-01
 2.3800    8.0036846E-03    5.6970987E-01   -5.6970987E-01
 2.3900    7.8619284E-03    5.6433209E-01   -5.6433209E-01
 2.4000    7.7246036E-03    5.5912453E-01   -5.5912453E-01
 2.4100    7.5914521E-03    5.5407532E-01   -5.5407532E-01
 2.4200    7.4621947E-03    5.4917046E-01   -5.4917046E-01
 2.4300    7.3365896E-03    5.4439814E-01   -5.4439814E-01
 2.4400    7.2144608E-03    5.3975093E-01   -5.3975093E-01
 2.4500    7.0956896E-03    5.3522531E-01   -5.3522531E-01
 2.4600    6.9801912E-03    5.3082015E-01   -5.3082015E-01
 2.4700    6.8678972E-03    5.2653538E-01   -5.2653538E-01
 2.4800    6.7587414E-03    5.2237100E-01   -5.2237100E-01
 2.4900    6.6526397E-03    5.1832549E-01   -5.1832549E-01
 2.5000    6.5494645E-03    5.1439374E-01   -5.1439374E-01
 2.5100    6.4490346E-03    5.1056614E-01   -5.1056614E-01
 2.5200    6.3511370E-03    5.0683013E-01   -5.0683013E-01
 2.5300    6.2555763E-03    5.0317404E-01   -5.0317404E-01
 2.5400    6.1622230E-03    4.9959112E-01   -4.9959112E-01
 2.5500    6.0710332E-03    4.9608128E-01   -4.9608128E-01
 2.5600    5.9820200E-03    4.9264906E-01   -4.9264906E-01
 2.5700    5.8951889E-03    4.8929844E-01   -4.8929844E-01
 2.5800    5.8104760E-03    4.8602766E-01   -4.8602766E-01
 2.5900    5.7277355E-03    4.8282789E-01   -4.8282789E-01
 2.6000    5.6467882E-03    4.7968712E-01   -4.7968712E-01
 2.6100    5.5674934E-03    4.7659622E-01   -4.7659622E-01
 2.6200    5.4897800E-03    4.7355168E-01   -4.7355168E-01
 2.6300    5.4136036E-03    4.7055220E-01   -4.7055220E-01
 2.6400    5.3388726E-03    4.6759222E-01   -4.6759222E-01
 2.6500    5.2654254E-03    4.6465978E-01   -4.6465978E-01
 2.6600    5.1931031E-03    4.6174275E-01   -4.6174275E-01
 2.6700    5.1218644E-03    4.5883914E-01   -4.5883914E-01
 2.6800    5.0518372E-03    4.5596216E-01   -4.5596216E-01
 2.6900    4.9832504E-03    4.5313450E-01   -4.5313450E-01
 2.7000    4.9162904E-03    4.5037567E-01   -4.5037567E-01
 2.7100    4.8509910E-03    4.4769156E-01   -4.4769156E-01
 2.7200    4.7872255E-03    4.4507331E-01   -4.4507331E-01
 2.7300    4.7247938E-03    4.4250484E-01   -4.4250484E-01
 2.7400    4.6635292E-03    4.3997266E-01   -4.3997266E-01
 2.7500    4.6033456E-03    4.3747056E-01   -4.3747056E-01
 2.7600    4.5442051E-03    4.3499669E-01   -4.3499669E-01
 2.7700    4.4860553E-03    4.3254772E-01   -4.3254772E-01
 2.7800    4.4288068E-03    4.3011659E-01   -4.3011659E-01
 2.7900    4.3723716E-03    4.2769614E-01   -4.2769614E-01
 2.8000    4.3167237E-03    4.2528511E-01   -4.2528511E-01
 2.8100    4.2619290E-03    4.2289126E-01   -4.2289126E-01
 2.8200    4.2081219E-03    4.2052943E-01   -4.2052943E-01
 2.8300    4.1554435E-03    4.1821549E-01   -4.1821549E-01
 2.8400    4.1039690E-03    4.1595909E-01   -4.1595909E-01
 2.8500    4.0536499E-03    4.1375744E-01   -4.1375744E-01
 2.8600    4.0042895E-03    4.1159245E-01   -4.1159245E-01
 2.8700    3.9555764E-03    4.0943356E-01   -4.0943356E-01
 2.8800    3.9071856E-03    4.0724793E-01   -4.0724793E-01
 2.8900    3.8589267E-03    4.0501590E-01   -4.0501590E-01
 2.9000    3.8108535E-03    4.0274311E-01   -4.0274311E-01
 2.9100    3.7632414E-03    4.0045887E-01   -4.0045887E-01
 2.9200    3.7164089E-03    3.9819799E-01   -3.9819799E-01
 2.9300    3.6704891E-03    3.9597616E-01   -3.9597616E-01
 2.9400    3.6253161E-03    3.9377705E-01   -3.9377705E-01
 2.9500    3.5805244E-03    3.9156200E-01   -3.9156200E-01
 2.9600    3.5358011E-03    3.8929705E-01   -3.8929705E-01
 2.9700    3.4911080E-03    3.8697779E-01   -3.8697779E-01
 2.9800    3.4467050E-03    3.8463296E-01   -3.8463296E-01
 2.9900    3.4029603E-03    3.8230425E-01   -3.8230425E-01
 3.0000    3.3601054E-03    3.8001896E-01   -3.8001896E-01
 3.0100    3.3181257E-03    3.7777715E-01   -3.7777715E-01
 3.0200    3.2768485E-03    3.7556068E-01   -3.7556068E-01
 3.0300    3.2361182E-03    3.7335287E-01   -3.7335287E-01
 3.0400    3.1959026E-03    3.7115095E-01   -3.7115095E-01
 3.0500    3.1562597E-03    3.6896253E-01   -3.6896253E-01
 3.0600    3.1172259E-03    3.6679296E-01   -3.6679296E-01
 3.0700    3.0787471E-03    3.6463691E-01   -3.6463691E-01
 3.0800    3.0407132E-03    3.6248226E-01   -3.6248226E-01
 3.0900    3.0030581E-03    3.6032182E-01   -3.6032182E-01
 3.1000    2.9658247E-03    3.5816136E-01   -3.5816136E-01
 3.1100    2.9291326E-03    3.5601613E-01   -3.5601613E-01
 3.1200    2.8930729E-03    3.5389827E-01   -3.5389827E-01
 3.1300    2.8576168E-03    3.5180542E-01   -3.5180542E-01
 3.1400    2.8226081E-03    3.4971942E-01   -3.4971942E-01
 3.1500    2.7878439E-03    3.4761573E-01   -3.4761573E-01
 3.1600    2.7531803E-03    3.4547664E-01   -3.4547664E-01
 3.1700    2.7186033E-03    3.4330033E-01   -3.4330033E-01
 3.1800    2.6842349E-03    3.4110227E-01   -3.4110227E-01
 3.1900    2.6502791E-03    3.3890879E-01   -3.3890879E-01
 3.2000    2.6169303E-03    3.3674563E-01   -3.3674563E-01
 3.2100    2.5842836E-03    3.3462632E-01   -3.3462632E-01
 3.2200    2.5522941E-03    3.3254646E-01   -3.3254646E-01
 3.2300    2.5208102E-03    3.3048752E-01   -3.3048752E-01
 3.2400    2.4896611E-03    3.2842796E-01   -3.2842796E-01
 3.2500    2.4587507E-03    3.2635561E-01   -3.2635561E-01
 3.2600    2.4281075E-03    3.2427463E-01   -3.2427463E-01
 3.2700    2.3978554E-03    3.2220209E-01   -3.2220209E-01
 3.2800    2.3681051E-03    3.2015369E-01   -3.2015369E-01
 3.2900    2.3388239E-03    3.1812601E-01   -3.1812601E-01
 3.3000    2.3097878E-03    3.1608933E-01   -3.1608933E-01
 3.3100    2.2806842E-03    3.1400098E-01   -3.1400098E-01
 3.3200    2.2513137E-03    3.1183298E-01   -3.1183298E-01
 3.3300    2.2217441E-03    3.0959388E-01   -3.0959388E-01
 3.3400    2.1922868E-03    3.0732661E-01   -3.0732661E-01
 3.3500    2.1633083E-03    3.0508292E-01   -3.0508292E-01
 3.3600    2.1350199E-03    3.0289377E-01   -3.0289377E-01
 3.3700    2.1074045E-03    3.0075827E-01   -3.0075827E-01
 3.3800    2.0803159E-03    2.9865689E-01   -2.9865689E-01
 3.3900    2.0536366E-03    2.9657385E-01   -2.9657385E-01
 3.4000    2.0273485E-03    2.9450733E-01   -2.9450733E-01
 3.4100    2.0014710E-03    2.9246097E-01   -2.9246097E-01
 3.4200    1.9759567E-03    2.9042868E-01   -2.9042868E-01
 3.4300    1.9506661E-03    2.8839055E-01   -2.8839055E-01
 3.4400    1.9254517E-03    2.8632506E-01   -2.8632506E-01
 3.4500    1.9002680E-03    2.8422541E-01   -2.8422541E-01
 3.4600    1.8751997E-03    2.8210422E-01   -2.8210422E-01
 3.4700    1.8503859E-03    2.7998266E-01   -2.7998266E-01
 3.4800    1.8259186E-03    2.7787518E-01   -2.7787518E-01
 3.4900    1.8018018E-03    2.7578315E-01   -2.7578315E-01
 3.5000    1.7779913E-03    2.7370050E-01   -2.7370050E-01
 3.5100    1.7544664E-03    2.7162464E-01   -2.7162464E-01
 3.5200    1.7312817E-03    2.6956464E-01   -2.6956464E-01
 3.5300    1.7085696E-03    2.6754200E-01   -2.6754200E-01
 3.5400    1.6864866E-03    2.6558239E-01   -2.6558239E-01
 3.5500    1.6651128E-03    2.6370006E-01   -2.6370006E-01
 3.5600    1.6443590E-03    2.6188252E-01   -2.6188252E-01
 3.5700    1.6239514E-03    2.6008741E-01   -2.6008741E-01
 3.5800    1.6035338E-03    2.5825815E-01   -2.5825815E-01
 3.5900    1.5828373E-03    2.5635102E-01   -2.5635102E-01
 3.6000    1.5618050E-03    2.5435581E-01   -2.5435581E-01
 3.6100    1.5405890E-03    2.5229640E-01   -2.5229640E-01
 3.6200    1.5194410E-03    2.5021356E-01   -2.5021356E-01
 3.6300    1.4985900E-03    2.4814524E-01   -2.4814524E-01
 3.6400    1.4781873E-03    2.4611728E-01   -2.4611728E-01
 3.6500    1.4583265E-03    2.4414642E-01   -2.4414642E-01
 3.6600    1.4390897E-03    2.4224783E-01   -2.4224783E-01
 3.6700    1.4205566E-03    2.4043658E-01   -2.4043658E-01
 3.6800    1.4027469E-03    2.3871781E-01   -2.3871781E-01
 3.6900    1.3855227E-03    2.3706980E-01   -2.3706980E-01
 3.7000    1.3685379E-03    2.3543452E-01   -2.3543452E-01
 3.7100    1.3513195E-03    2.3373069E-01   -2.3373069E-01
 3.7200    1.3334838E-03    2.3189079E-01   -2.3189079E-01
 3.7300    1.3149634E-03    2.2990118E-01   -2.2990118E-01
 3.7400    1.2960718E-03    2.2781490E-01   -2.2781490E-01
 3.7500    1.2773348E-03    2.2572370E-01   -2.2572370E-01
 3.7600    1.2592027E-03    2.2370784E-01   -2.2370784E-01
 3.7700    1.2418436E-03    2.2179894E-01   -2.2179894E-01
 3.7800    1.2251385E-03    2.1997769E-01   -2.1997769E-01
 3.7900    1.2088305E-03    2.1819947E-01   -2.1819947E-01
 3.8000    1.1926890E-03    2.1642344E-01   -2.1642344E-01
 3.8100    1.1765835E-03    2.1462612E-01   -2.1462612E-01
 3.8200    1.1604703E-03    2.1279950E-01   -2.1279950E-01
 3.8300    1.1443623E-03    2.1094583E-01   -2.1094583E-01
 3.8400    1.1283282E-03    2.0907772E-01   -2.0907772E-01
 3.8500    1.1125006E-03    2.0721996E-01   -2.0721996E-01
 3.8600    1.0970452E-03    2.0540405E-01   -2.0540405E-01
 3.8700    1.0820817E-03    2.0365349E-01   -2.0365349E-01
 3.8800    1.0676061E-03    2.0196883E-01   -2.0196883E-01
 3.8900    1.0534803E-03    2.0032515E-01   -2.0032515E-01
 3.9000    1.0395095E-03    1.9868613E-01   -1.9868613E-01
 3.9100    1.0255541E-03    1.9702529E-01   -1.9702529E-01
 3.9200    1.0115913E-03    1.9533816E-01   -1.9533816E-01
 3.9300    9.9769244E-04    1.9363847E-01   -1.9363847E-01
 3.9400    9.8395734E-04    1.9194578E-01   -1.9194578E-01
 3.9500    9.7047686E-04    1.9027829E-01   -1.9027829E-01
 3.9600    9.5734310E-04    1.8865480E-01   -1.8865480E-01
 3.9700    9.4466571E-04    1.8709795E-01   -1.8709795E-01
 3.9800    9.3254711E-04    1.8562941E-01   -1.8562941E-01
 3.9900    9.2102321E-04    1.8425795E-01   -1.8425795E-01
 4.0000    9.1002274E-04    1.8297093E-01   -1.8297093E-01
 4.0100    8.9938372E-04    1.8173711E-01   -1.8173711E-01
 4.0200    8.8890800E-04    1.8051728E-01   -1.8051728E-01
 4.0300    8.7840653E-04    1.7927326E-01   -1.7927326E-01
 4.0400    8.6771970E-04    1.7797215E-01   -1.7797215E-01
 4.0500    8.5673799E-04    1.7659074E-01   -1.7659074E-01
 4.0600    8.4543523E-04    1.7512263E-01   -1.7512263E-01
 4.0700    8.3388294E-04    1.7358163E-01   -1.7358163E-01
 4.0800    8.2221026E-04    1.7199391E-01   -1.7199391E-01
 4.0900    8.1053025E-04    1.7038278E-01   -1.7038278E-01
 4.1000    7.9889803E-04    1.6875977E-01   -1.6875977E-01
 4.1100    7.8733654E-04    1.6712981E-01   -1.6712981E-01
 4.1200    7.7589577E-04    1.6550369E-01   -1.6550369E-01
 4.1300    7.6468043E-04    1.6390415E-01   -1.6390415E-01
 4.1400    7.5381838E-04    1.6235934E-01   -1.6235934E-01
 4.1500    7.4340013E-04    1.6088987E-01   -1.6088987E-01
 4.1600    7.3344248E-04    1.5950070E-01   -1.5950070E-01
 4.1700    7.2390241E-04    1.5818380E-01   -1.5818380E-01
 4.1800    7.1471622E-04    1.5692642E-01   -1.5692642E-01
 4.1900    7.0581276E-04    1.5571391E-01   -1.5571391E-01
 4.2000    6.9708683E-04    1.5452378E-01   -1.5452378E-01
 4.2100    6.8838260E-04    1.5332181E-01   -1.5332181E-01
 4.2200    6.7954169E-04    1.5207256E-01   -1.5207256E-01
 4.2300    6.7049238E-04    1.5075941E-01   -1.5075941E-01
 4.2400    6.6129108E-04    1.4939437E-01   -1.4939437E-01
 4.2500    6.5206827E-04    1.4800650E-01   -1.4800650E-01
 4.2600    6.4293154E-04    1.4662020E-01   -1.4662020E-01
 4.2700    6.3391174E-04    1.4524273E-01   -1.4524273E-01
 4.2800    6.2497553E-04    1.4386674E-01   -1.4386674E-01
 4.2900    6.1606618E-04    1.4247931E-01   -1.4247931E-01
 4.3000    6.0714070E-04    1.4107047E-01   -1.4107047E-01
 4.3100    5.9820771E-04    1.3964211E-01   -1.3964211E-01
 4.3200    5.8936973E-04    1.3821818E-01   -1.3821818E-01
 4.3300    5.8083811E-04    1.3684873E-01   -1.3684873E-01
 4.3400    5.7287118E-04    1.3559582E-01   -1.3559582E-01
 4.3500    5.6562993E-04    1.3449953E-01   -1.3449953E-01
 4.3600    5.5903435E-04    1.3354306E-01   -1.3354306E-01
 4.3700    5.5274990E-04    1.3264822E-01   -1.3264822E-01
 4.3800    5.4635360E-04    1.3171399E-01   -1.3171399E-01
 4.3900    5.3956611E-04    1.3067231E-01   -1.3067231E-01
 4.4000    5.3236280E-04    1.2951585E-01   -1.2951585E-01
 4.4100    5.2489278E-04    1.2827961E-01   -1.2827961E-01
 4.4200    5.1731791E-04    1.2700240E-01   -1.2700240E-01
 4.4300    5.0972937E-04    1.2570628E-01   -1.2570628E-01
 4.4400    5.0217582E-04    1.2440321E-01   -1.2440321E-01
 4.4500    4.9471285E-04    1.2310709E-01   -1.2310709E-01
 4.4600    4.8739504E-04    1.2183181E-01   -1.2183181E-01
 4.4700    4.8023349E-04    1.2058058E-01   -1.2058058E-01
 4.4800    4.7319197E-04    1.1934473E-01   -1.1934473E-01
 4.4900    4.6624087E-04    1.1811713E-01   -1.1811713E-01
 4.5000    4.5941019E-04    1.1690565E-01   -1.1690565E-01
 4.5100    4.5278162E-04    1.1573154E-01   -1.1573154E-01
 4.5200    4.4642994E-04    1.1461463E-01   -1.1461463E-01
 4.5300    4.4037621E-04    1.1356124E-01   -1.1356124E-01
 4.5400    4.3459249E-04    1.1256511E-01   -1.1256511E-01
 4.5500    4.2903702E-04    1.1161625E-01   -1.1161625E-01
 4.5600    4.2367459E-04    1.1070621E-01   -1.1070621E-01
 4.5700    4.1846802E-04    1.0982584E-01   -1.0982584E-01
 4.5800    4.1336592E-04    1.0896211E-01   -1.0896211E-01
 4.5900    4.0831446E-04    1.0810107E-01   -1.0810107E-01
 4.6000    4.0328775E-04    1.0723599E-01   -1.0723599E-01
 4.6100    3.9830396E-04    1.0637176E-01   -1.0637176E-01
 4.6200    3.9340230E-04    1.0551901E-01   -1.0551901E-01
 4.6300    3.8859328E-04    1.0468082E-01   -1.0468082E-01
 4.6400    3.8382412E-04    1.0384321E-01   -1.0384321E-01
 4.6500    3.7899253E-04    1.0297847E-01   -1.0297847E-01
 4.6600    3.7400254E-04    1.0206016E-01   -1.0206016E-01
 4.6700    3.6882169E-04    1.0107880E-01   -1.0107880E-01
 4.6800    3.6349805E-04    1.0004690E-01   -1.0004690E-01
 4.6900    3.5812777E-04    9.8990507E-02   -9.8990507E-02
 4.7000    3.5280128E-04    9.7934504E-02   -9.7934504E-02
 4.7100    3.4757016E-04    9.6893394E-02   -9.6893394E-02
 4.7200    3.4245569E-04    9.5873427E-02   -9.5873427E-02
 4.7300    3.3748389E-04    9.4882297E-02   -9.4882297E-02
 4.7400    3.3271369E-04    9.3937115E-02   -9.3937115E-02
 4.7500    3.2823226E-04    9.3063278E-02   -9.3063278E-02
 4.7600    3.2410922E-04    9.2281607E-02   -9.2281607E-02
 4.7700    3.2032515E-04    9.1587807E-02   -9.1587807E-02
 4.7800    3.1672403E-04    9.0938266E-02   -9.0938266E-02
 4.7900    3.1305401E-04    9.0261005E-02   -9.0261005E-02
 4.8000    3.0910869E-04    8.9495984E-02   -8.9495984E-02
 4.8100    3.0488133E-04    8.8640223E-02   -8.8640223E-02
 4.8200    3.0060468E-04    8.7760619E-02   -8.7760619E-02
 4.8300    2.9663239E-04    8.6960635E-02   -8.6960635E-02
 4.8400    2.9325077E-04    8.6325629E-02   -8.6325629E-02
 4.8500    2.9055242E-04    8.5885103E-02   -8.5885103E-02
 4.8600    2.8841988E-04    8.5606668E-02   -8.5606668E-02
 4.8700    2.8656791E-04    8.5407368E-02   -8.5407368E-02
 4.8800    2.8459501E-04    8.5168065E-02   -8.5168065E-02
 4.8900    2.8207034E-04    8.4758840E-02   -8.4758840E-02
 4.9000    2.7869201E-04    8.4086550E-02   -8.4086550E-02
 4.9100    2.7444993E-04    8.3144969E-02   -8.3144969E-02
 4.9200    2.6964983E-04    8.2023864E-02   -8.2023864E-02
 4.9300    2.6474681E-04    8.0860131E-02   -8.0860131E-02
 4.9400    2.6012151E-04    7.9770081E-02   -7.9770081E-02
 4.9500    2.5598495E-04    7.8819685E-02   -7.8819685E-02
 4.9600    2.5244481E-04    7.8044025E-02   -7.8044025E-02
 4.9700    2.4958345E-04    7.7470869E-02   -7.7470869E-02
 4.9800    2.4740073E-04    7.7102690E-02   -7.7102690E-02
 4.9900    2.4566358E-04    7.6869089E-02   -7.6869089E-02
 5.0000    2.4386399E-04    7.6612132E-02   -7.6612132E-02
 5.0100    2.4142072E-04    7.6148238E-02   -7.6148238E-02
 5.0200    2.3801654E-04    7.5374499E-02   -7.5374499E-02
 5.0300    2.3380239E-04    7.4335246E-02   -7.4335246E-02
 5.0400    2.2930338E-04    7.3194997E-02   -7.3194997E-02
 5.0500    2.2511358E-04    7.2143018E-02   -7.2143018E-02
 5.0600    2.2160509E-04    7.1300179E-02   -7.1300179E-02
 5.0700    2.1880423E-04    7.0677551E-02   -7.0677551E-02
 5.0800    2.1643855E-04    7.0189461E-02   -7.0189461E-02
 5.0900    2.1408550E-04    6.9699983E-02   -6.9699983E-02
 5.1000    2.1136213E-04    6.9083988E-02   -6.9083988E-02
 5.1100    2.0810437E-04    6.8286187E-02   -6.8286187E-02
 5.1200    2.0446349E-04    6.7354336E-02   -6.7354336E-02
 5.1300    2.0085034E-04    6.6422799E-02   -6.6422799E-02
 5.1400    1.9773179E-04    6.5646656E-02   -6.5646656E-02
 5.1500    1.9539049E-04    6.5122003E-02   -6.5122003E-02
 5.1600    1.9379405E-04    6.4841000E-02   -6.4841000E-02
 5.1700    1.9263781E-04    6.4704200E-02   -6.4704200E-02
 5.1800    1.9150242E-04    6.4571913E-02   -6.4571913E-02
 5.1900    1.9001688E-04    6.4318627E-02   -6.4318627E-02
 5.2000    1.8796066E-04    6.3868030E-02   -6.3868030E-02
 5.2100    1.8530008E-04    6.3206378E-02   -6.3206378E-02
 5.2200    1.8217216E-04    6.2378205E-02   -6.2378205E-02
 5.2300    1.7882199E-04    6.1465890E-02   -6.1465890E-02
 5.2400    1.7550891E-04    6.0558012E-02   -6.0558012E-02
 5.2500    1.7242197E-04    5.9720175E-02   -5.9720175E-02
 5.2600    1.6964572E-04    5.8982648E-02   -5.8982648E-02
 5.2700    1.6717862E-04    5.8346099E-02   -5.8346099E-02
 5.2800    1.6496646E-04    5.7792752E-02   -5.7792752E-02
 5.2900    1.6291745E-04    5.7291318E-02   -5.7291318E-02
 5.3000    1.6090616E-04    5.6798160E-02   -5.6798160E-02
 5.3100    1.5879962E-04    5.6266301E-02   -5.6266301E-02
 5.3200    1.5651390E-04    5.5665490E-02   -5.5665490E-02
 5.3300    1.5406364E-04    5.5000220E-02   -5.5000220E-02
 5.3400    1.5155694E-04    5.4308552E-02   -5.4308552E-02
 5.3500    1.4913150E-04    5.3639758E-02   -5.3639758E-02
 5.3600    1.4687887E-04    5.3027208E-02   -5.3027208E-02
 5.3700    1.4481043E-04    5.2475703E-02   -5.2475703E-02
 5.3800    1.4287824E-04    5.1968540E-02   -5.1968540E-02
 5.3900    1.4102328E-04    5.1484703E-02   -5.1484703E-02
 5.4000    1.3921618E-04    5.1013732E-02   -5.1013732E-02
 5.4100    1.3747450E-04    5.0562268E-02   -5.0562268E-02
 5.4200    1.3585410E-04    5.0151182E-02   -5.0151182E-02
 5.4300    1.3441482E-04    4.9803134E-02   -4.9803134E-02
 5.4400    1.3317286E-04    4.9524876E-02   -4.9524876E-02
 5.4500    1.3207294E-04    4.9296570E-02   -4.9296570E-02
 5.4600    1.3101015E-04    4.9079498E-02   -4.9079498E-02
 5.4700    1.2989056E-04    4.8838474E-02   -4.8838474E-02
 5.4800    1.2868187E-04    4.8561081E-02   -4.8561081E-02
 5.4900    1.2741686E-04    4.8259349E-02   -4.8259349E-02
 5.5000    1.2615869E-04    4.7957044E-02   -4.7957044E-02
 5.5100    1.2496789E-04    4.7677284E-02   -4.7677284E-02
 5.5200    1.2389552E-04    4.7439884E-02   -4.7439884E-02
 5.5300    1.2299094E-04    4.7264302E-02   -4.7264302E-02
 5.5400    1.2229835E-04    4.7168273E-02   -4.7168273E-02
 5.5500    1.2183286E-04    4.7158533E-02   -4.7158533E-02
 5.5600    1.2155271E-04    4.7219794E-02   -4.7219794E-02
 5.5700    1.2135215E-04    4.7311609E-02   -4.7311609E-02
 5.5800    1.2108760E-04    4.7378133E-02   -4.7378133E-02
 5.5900    1.2062771E-04    4.7367512E-02   -4.7367512E-02
 5.6000    1.1989923E-04    4.7250055E-02   -4.7250055E-02
 5.6100    1.1889662E-04    4.7022435E-02   -4.7022435E-02
 5.6200    1.1764558E-04    4.6693679E-02   -4.6693679E-02
 5.6300    1.1615266E-04    4.6265346E-02   -4.6265346E-02
 5.6400    1.1439434E-04    4.5726988E-02   -4.5726988E-02
 5.6500    1.1236361E-04    4.5074657E-02   -4.5074657E-02
 5.6600    1.1013205E-04    4.4335992E-02   -4.4335992E-02
 5.6700    1.0786714E-04    4.3577784E-02   -4.3577784E-02
 5.6800    1.0578829E-04    4.2888823E-02   -4.2888823E-02
 5.6900    1.0409510E-04    4.2351100E-02   -4.2351100E-02
 5.7000    1.0291313E-04    4.2017515E-02   -4.2017515E-02
 5.7100    1.0228565E-04    4.1907984E-02   -4.1907984E-02
 5.7200    1.0221414E-04    4.2025503E-02   -4.2025503E-02
 5.7300    1.0270874E-04    4.2376641E-02   -4.2376641E-02
 5.7400    1.0377255E-04    4.2965130E-02   -4.2965130E-02
 5.7500    1.0527772E-04    4.3740326E-02   -4.3740326E-02
 5.7600    1.0681790E-04    4.4534734E-02   -4.4534734E-02
 5.7700    1.0772813E-04    4.5070319E-02   -4.5070319E-02
 5.7800    1.0738344E-04    4.5081965E-02   -4.5081965E-02
 5.7900    1.0562173E-04    4.4495930E-02   -4.4495930E-02
 5.8000    1.0294112E-04    4.3516578E-02   -4.3516578E-02
 5.8100    1.0025229E-04    4.2526186E-02   -4.2526186E-02
 5.8200    9.8344904E-05    4.1860817E-02   -4.1860817E-02
 5.8300    9.7472063E-05    4.1631986E-02   -4.1631986E-02
 5.8400    9.7327440E-05    4.1712945E-02   -4.1712945E-02
 5.8500    9.7348143E-05    4.1864824E-02   -4.1864824E-02
 5.8600    9.7065773E-05    4.1886224E-02   -4.1886224E-02
 5.8700    9.6283869E-05    4.1690739E-02   -4.1690739E-02
 5.8800    9.5050508E-05    4.1297043E-02   -4.1297043E-02
 5.8900    9.3537325E-05    4.0777951E-02   -4.0777951E-02
 5.9000    9.1949818E-05    4.0222102E-02   -4.0222102E-02
 5.9100    9.0501184E-05    3.9722730E-02   -3.9722730E-02
 5.9200    8.9381365E-05    3.9364094E-02   -3.9364094E-02
 5.9300    8.8660007E-05    3.9178428E-02   -3.9178428E-02
 5.9400    8.8180408E-05    3.9098028E-02   -3.9098028E-02
 5.9500    8.7581265E-05    3.8963235E-02   -3.8963235E-02
 5.9600    8.6492747E-05    3.8608424E-02   -3.8608424E-02
 5.9700    8.4771147E-05    3.7967026E-02   -3.7967026E-02
 5.9800    8.2576320E-05    3.7108018E-02   -3.7108018E-02
 5.9900    8.0240993E-05    3.6179270E-02   -3.6179270E-02
 6.0000    7.8070490E-05    3.5318257E-02   -3.5318257E-02
 6.0100    7.6242461E-05    3.4606343E-02   -3.4606343E-02
 6.0200    7.4843458E-05    3.4084481E-02   -3.4084481E-02
 6.0300    7.3950373E-05    3.3789741E-02   -3.3789741E-02
 6.0400    7.3661111E-05    3.3769296E-02   -3.3769296E-02
 6.0500    7.4061951E-05    3.4065578E-02   -3.4065578E-02
 6.0600    7.5178466E-05    3.4693536E-02   -3.4693536E-02
 6.0700    7.6939653E-05    3.5623573E-02   -3.5623573E-02
 6.0800    7.9137170E-05    3.6761865E-02   -3.6761865E-02
 6.0900    8.1370113E-05    3.7923583E-02   -3.7923583E-02
 6.1000    8.3043842E-05    3.8830856E-02   -3.8830856E-02
 6.1100    8.3523733E-05    3.9183406E-02   -3.9183406E-02
 6.1200    8.2424104E-05    3.8794213E-02   -3.8794213E-02
 6.1300    7.9834200E-05    3.7698128E-02   -3.7698128E-02
 6.1400    7.6277342E-05    3.6136173E-02   -3.6136173E-02
 6.1500    7.2420806E-05    3.4420997E-02   -3.4420997E-02
 6.1600    6.8771082E-05    3.2792698E-02   -3.2792698E-02
 6.1700    6.5565530E-05    3.1365757E-02   -3.1365757E-02
 6.1800    6.2857479E-05    3.0167809E-02   -3.0167809E-02
 6.1900    6.0639650E-05    2.9197647E-02   -2.9197647E-02
 6.2000    5.8895926E-05    2.8449753E-02   -2.8449753E-02
 6.2100    5.7602017E-05    2.7914558E-02   -2.7914558E-02
 6.2200    5.6737094E-05    2.7584030E-02   -2.7584030E-02
 6.2300    5.6303766E-05    2.7461446E-02   -2.7461446E-02
 6.2400    5.6305086E-05    2.7550321E-02   -2.7550321E-02
 6.2500    5.6670620E-05    2.7818125E-02   -2.7818125E-02
 6.2600    5.7199645E-05    2.8167731E-02   -2.8167731E-02
 6.2700    5.7596395E-05    2.8453798E-02   -2.8453798E-02
 6.2800    5.7593384E-05    2.8543140E-02   -2.8543140E-02
 6.2900    5.7074899E-05    2.8376335E-02   -2.8376335E-02
 6.3000    5.6109671E-05    2.7985217E-02   -2.7985217E-02
 6.3100    5.4883353E-05    2.7460549E-02   -2.7460549E-02
 6.3200    5.3604502E-05    2.6905761E-02   -2.6905761E-02
 6.3300    5.2457845E-05    2.6413608E-02   -2.6413608E-02
 6.3400    5.1604819E-05    2.6066255E-02   -2.6066255E-02
 6.3500    5.1176412E-05    2.5931471E-02   -2.5931471E-02
 6.3600    5.1226067E-05    2.6038449E-02   -2.6038449E-02
 6.3700    5.1669306E-05    2.6346405E-02   -2.6346405E-02
 6.3800    5.2261565E-05    2.6732134E-02   -2.6732134E-02
 6.3900    5.2645773E-05    2.7013141E-02   -2.7013141E-02
 6.4000    5.2465630E-05    2.7005033E-02   -2.7005033E-02
 6.4100    5.1503597E-05    2.6592764E-02   -2.6592764E-02
 6.4200    4.9774445E-05    2.5780204E-02   -2.5780204E-02
 6.4300    4.7517550E-05    2.4687997E-02   -2.4687997E-02
 6.4400    4.5094701E-05    2.3502124E-02   -2.3502124E-02
 6.4500    4.2863411E-05    2.2408667E-02   -2.2408667E-02
 6.4600    4.1095109E-05    2.1550881E-02   -2.1550881E-02
 6.4700    3.9949559E-05    2.1015049E-02   -2.1015049E-02
 6.4800    3.9469264E-05    2.0826626E-02   -2.0826626E-02
 6.4900    3.9566457E-05    2.0942399E-02   -2.0942399E-02
 6.5000    4.0018219E-05    2.1246839E-02   -2.1246839E-02
 6.5100    4.0506062E-05    2.1572072E-02   -2.1572072E-02
 6.5200    4.0708267E-05    2.1746415E-02   -2.1746415E-02
 6.5300    4.0406538E-05    2.1651494E-02   -2.1651494E-02
 6.5400    3.9553324E-05    2.1259270E-02   -2.1259270E-02
 6.5500    3.8274096E-05    2.0634664E-02   -2.0634664E-02
 6.5600    3.6813988E-05    1.9908127E-02   -1.9908127E-02
 6.5700    3.5451160E-05    1.9229635E-02   -1.9229635E-02
 6.5800    3.4401487E-05    1.8717113E-02   -1.8717113E-02
 6.5900    3.3748835E-05    1.8417873E-02   -1.8417873E-02
 6.6000    3.3436079E-05    1.8302612E-02   -1.8302612E-02
 6.6100    3.3321110E-05    1.8294993E-02   -1.8294993E-02
 6.6200    3.3258574E-05    1.8315951E-02   -1.8315951E-02
 6.6300    3.3157390E-05    1.8315436E-02   -1.8315436E-02
 6.6400    3.2994725E-05    1.8280604E-02   -1.8280604E-02
 6.6500    3.2801235E-05    1.8228181E-02   -1.8228181E-02
 6.6600    3.2638279E-05    1.8192215E-02   -1.8192215E-02
 6.6700    3.2573776E-05    1.8210826E-02   -1.8210826E-02
 6.6800    3.2654254E-05    1.8310599E-02   -1.8310599E-02
 6.6900    3.2875830E-05    1.8490081E-02   -1.8490081E-02
 6.7000    3.3167764E-05    1.8710081E-02   -1.8710081E-02
 6.7100    3.3405571E-05    1.8900522E-02   -1.8900522E-02
 6.7200    3.3457728E-05    1.8986497E-02   -1.8986497E-02
 6.7300    3.3246124E-05    1.8922609E-02   -1.8922609E-02
 6.7400    3.2785158E-05    1.8715737E-02   -1.8715737E-02
 6.7500    3.2174051E-05    1.8421422E-02   -1.8421422E-02
 6.7600    3.1546370E-05    1.8115597E-02   -1.8115597E-02
 6.7700    3.1007234E-05    1.7858716E-02   -1.7858716E-02
 6.7800    3.0593546E-05    1.7672544E-02   -1.7672544E-02
 6.7900    3.0275016E-05    1.7540170E-02   -1.7540170E-02
 6.8000    2.9988494E-05    1.7425384E-02   -1.7425384E-02
 6.8100    2.9681704E-05    1.7297881E-02   -1.7297881E-02
 6.8200    2.9341618E-05    1.7149943E-02   -1.7149943E-02
 6.8300    2.8993669E-05    1.6996302E-02   -1.6996302E-02
 6.8400    2.8674237E-05    1.6858306E-02   -1.6858306E-02
 6.8500    2.8395070E-05    1.6743026E-02   -1.6743026E-02
 6.8600    2.8125924E-05    1.6632782E-02   -1.6632782E-02
 6.8700    2.7811673E-05    1.6494929E-02   -1.6494929E-02
 6.8800    2.7414692E-05    1.6306851E-02   -1.6306851E-02
 6.8900    2.6951259E-05    1.6077828E-02   -1.6077828E-02
 6.9000    2.6491967E-05    1.5849744E-02   -1.5849744E-02
 6.9100    2.6122744E-05    1.5674177E-02   -1.5674177E-02
 6.9200    2.5895250E-05    1.5582680E-02   -1.5582680E-02
 6.9300    2.5804726E-05    1.5573118E-02   -1.5573118E-02
 6.9400    2.5807459E-05    1.5619749E-02   -1.5619749E-02
 6.9500    2.5851940E-05    1.5691795E-02   -1.5691795E-02
 6.9600    2.5889267E-05    1.5759705E-02   -1.5759705E-02
 6.9700    2.5861246E-05    1.5787918E-02   -1.5787918E-02
 6.9800    2.5698211E-05    1.5733437E-02   -1.5733437E-02
 6.9900    2.5347206E-05    1.5563036E-02   -1.5563036E-02
 7.0000    2.4807235E-05    1.5275109E-02   -1.5275109E-02
 7.0100    2.4130645E-05    1.4900980E-02   -1.4900980E-02
 7.0200    2.3385192E-05    1.4481883E-02   -1.4481883E-02
 7.0300    2.2616934E-05    1.4046051E-02   -1.4046051E-02
 7.0400    2.1853155E-05    1.3610351E-02   -1.3610351E-02
 7.0500    2.1138025E-05    1.3202388E-02   -1.3202388E-02
 7.0600    2.0555106E-05    1.2874755E-02   -1.2874755E-02
 7.0700    2.0201382E-05    1.2689069E-02   -1.2689069E-02
 7.0800    2.0125404E-05    1.2677132E-02   -1.2677132E-02
 7.0900    2.0279909E-05    1.2810567E-02   -1.2810567E-02
 7.1000    2.0531762E-05    1.3006270E-02   -1.3006270E-02
 7.1100    2.0726704E-05    1.3166772E-02   -1.3166772E-02
 7.1200    2.0763552E-05    1.3227309E-02   -1.3227309E-02
 7.1300    2.0628303E-05    1.3178089E-02   -1.3178089E-02
 7.1400    2.0373545E-05    1.3051875E-02   -1.3051875E-02
 7.1500    2.0069418E-05    1.2893082E-02   -1.2893082E-02
 7.1600    1.9764923E-05    1.2733009E-02   -1.2733009E-02
 7.1700    1.9478791E-05    1.2583753E-02   -1.2583753E-02
 7.1800    1.9212595E-05    1.2446429E-02   -1.2446429E-02
 7.1900    1.8968142E-05    1.2322319E-02   -1.2322319E-02
 7.2000    1.8756646E-05    1.2218842E-02   -1.2218842E-02
 7.2100    1.8596484E-05    1.2148180E-02   -1.2148180E-02
 7.2200    1.8502607E-05    1.2120406E-02   -1.2120406E-02
 7.2300    1.8473749E-05    1.2135048E-02   -1.2135048E-02
 7.2400    1.8484105E-05    1.2175461E-02   -1.2175461E-02
 7.2500    1.8484902E-05    1.2209645E-02   -1.2209645E-02
 7.2600    1.8418536E-05    1.2199393E-02   -1.2199393E-02
 7.2700    1.8242514E-05    1.2116115E-02   -1.2116115E-02
 7.2800    1.7952424E-05    1.1956270E-02   -1.1956270E-02
 7.2900    1.7588910E-05    1.1746375E-02   -1.1746375E-02
 7.3000    1.7220395E-05    1.1531842E-02   -1.1531842E-02
 7.3100    1.6909208E-05    1.1354497E-02   -1.1354497E-02
 7.3200    1.6681568E-05    1.1232305E-02   -1.1232305E-02
 7.3300    1.6519895E-05    1.1153858E-02   -1.1153858E-02
 7.3400    1.6380209E-05    1.1089741E-02   -1.1089741E-02
 7.3500    1.6220532E-05    1.1011580E-02   -1.1011580E-02
 7.3600    1.6021324E-05    1.0905960E-02   -1.0905960E-02
 7.3700    1.5788095E-05    1.0776421E-02   -1.0776421E-02
 7.3800    1.5540323E-05    1.0636105E-02   -1.0636105E-02
 7.3900    1.5297760E-05    1.0498484E-02   -1.0498484E-02
 7.4000    1.5071818E-05    1.0371437E-02   -1.0371437E-02
 7.4100    1.4863075E-05    1.0255455E-02   -1.0255455E-02
 7.4200    1.4663624E-05    1.0145162E-02   -1.0145162E-02
 7.4300    1.4464030E-05    1.0034063E-02   -1.0034063E-02
 7.4400    1.4263071E-05    9.9213048E-03   -9.9213048E-03
 7.4500    1.4074024E-05    9.8161386E-03   -9.8161386E-03
 7.4600    1.3920638E-05    9.7352400E-03   -9.7352400E-03
 7.4700    1.3822893E-05    9.6928169E-03   -9.6928169E-03
 7.4800    1.3781792E-05    9.6898881E-03   -9.6898881E-03
 7.4900    1.3774691E-05    9.7108077E-03   -9.7108077E-03
 7.5000    1.3765011E-05    9.7299131E-03   -9.7299131E-03
 7.5100    1.3719886E-05    9.7238944E-03   -9.7238944E-03
 7.5200    1.3625027E-05    9.6823975E-03   -9.6823975E-03
 7.5300    1.3489205E-05    9.6113897E-03   -9.6113897E-03
 7.5400    1.3336117E-05    9.5275657E-03   -9.5275657E-03
 7.5500    1.3187374E-05    9.4463081E-03   -9.4463081E-03
 7.5600    1.3047385E-05    9.3708054E-03   -9.3708054E-03
 7.5700    1.2902896E-05    9.2915640E-03   -9.2915640E-03
 7.5800    1.2739326E-05    9.1980277E-03   -9.1980277E-03
 7.5900    1.2559177E-05    9.0918986E-03   -9.0918986E-03
 7.6000    1.2383935E-05    8.9886755E-03   -8.9886755E-03
 7.6100    1.2236519E-05    8.9050644E-03   -8.9050644E-03
 7.6200    1.2120535E-05    8.8438545E-03   -8.8438545E-03
 7.6300    1.2015619E-05    8.7903283E-03   -8.7903283E-03
 7.6400    1.1893372E-05    8.7237174E-03   -8.7237174E-03
 7.6500    1.1740245E-05    8.6339571E-03   -8.6339571E-03
 7.6600    1.1568165E-05    8.5296630E-03   -8.5296630E-03
 7.6700    1.1405128E-05    8.4314209E-03   -8.4314209E-03
 7.6800    1.1275618E-05    8.3574279E-03   -8.3574279E-03
 7.6900    1.1187589E-05    8.3137897E-03   -8.3137897E-03
 7.7000    1.1133482E-05    8.2951132E-03   -8.2951132E-03
 7.7100    1.1098957E-05    8.2908832E-03   -8.2908832E-03
 7.7200    1.1069300E-05    8.2901923E-03   -8.2901923E-03
 7.7300    1.1030680E-05    8.2826850E-03   -8.2826850E-03
 7.7400    1.0970885E-05    8.2591134E-03   -8.2591134E-03
 7.7500    1.0883159E-05    8.2142562E-03   -8.2142562E-03
 7.7600    1.0770360E-05    8.1501112E-03   -8.1501112E-03
 7.7700    1.0643709E-05    8.0750436E-03   -8.0750436E-03
 7.7800    1.0515074E-05    7.9979999E-03   -7.9979999E-03
 7.7900    1.0388575E-05    7.9221079E-03   -7.9221079E-03
 7.8000    1.0258884E-05    7.8433068E-03   -7.8433068E-03
 7.8100    1.0118349E-05    7.7557104E-03   -7.7557104E-03
 7.8200    9.9675991E-06    7.6597383E-03   -7.6597383E-03
 7.8300    9.8208936E-06    7.5663146E-03   -7.5663146E-03
 7.8400    9.7008667E-06    7.4929447E-03   -7.4929447E-03
 7.8500    9.6253833E-06    7.4536194E-03   -7.4536194E-03
 7.8600    9.5955800E-06    7.4494839E-03   -7.4494839E-03
 7.8700    9.5933092E-06    7.4666840E-03   -7.4666840E-03
 7.8800    9.5888717E-06    7.4822085E-03   -7.4822085E-03
 7.8900    9.5532311E-06    7.4733299E-03   -7.4733299E-03
 7.9000    9.4683074E-06    7.4256828E-03   -7.4256828E-03
 7.9100    9.3322873E-06    7.3375476E-03   -7.3375476E-03
 7.9200    9.1591735E-06    7.2196561E-03   -7.2196561E-03
 7.9300    8.9728991E-06    7.0906986E-03   -7.0906986E-03
 7.9400    8.7988199E-06    6.9706824E-03   -6.9706824E-03
 7.9500    8.6573233E-06    6.8758716E-03   -6.8758716E-03
 7.9600    8.5616219E-06    6.8169804E-03   -6.8169804E-03
 7.9700    8.5169492E-06    6.7984603E-03   -6.7984603E-03
 7.9800    8.5184857E-06    6.8167606E-03   -6.8167606E-03
 7.9900    8.5506773E-06    6.8596813E-03   -6.8596813E-03
 8.0000    8.5923506E-06    6.9103784E-03   -6.9103784E-03
 8.0100    8.6257289E-06    6.9545767E-03   -6.9545767E-03
 8.0200    8.6416426E-06    6.9848149E-03   -6.9848149E-03
 8.0300    8.6372619E-06    6.9986946E-03   -6.9986946E-03
 8.0400    8.6114568E-06    6.9951751E-03   -6.9951751E-03
 8.0500    8.5639399E-06    6.9738923E-03   -6.9738923E-03
 8.0600    8.4971815E-06    6.9367308E-03   -6.9367308E-03
 8.0700    8.4160399E-06    6.8875493E-03   -6.8875493E-03
 8.0800    8.3240876E-06    6.8291905E-03   -6.8291905E-03
 8.0900    8.2204392E-06    6.7608598E-03   -6.7608598E-03
 8.1000    8.1002287E-06    6.6784731E-03   -6.6784731E-03
 8.1100    7.9585440E-06    6.5778686E-03   -6.5778686E-03
 8.1200    7.7961075E-06    6.4595125E-03   -6.4595125E-03
 8.1300    7.6245549E-06    6.3329411E-03   -6.3329411E-03
 8.1400    7.4677119E-06    6.2179358E-03   -6.2179358E-03
 8.1500    7.3550463E-06    6.1391817E-03   -6.1391817E-03
 8.1600    7.3080392E-06    6.1149238E-03   -6.1149238E-03
 8.1700    7.3271497E-06    6.1459503E-03   -6.1459503E-03
 8.1800    7.3886169E-06    6.2126891E-03   -6.2126891E-03
 8.1900    7.4535134E-06    6.2825898E-03   -6.2825898E-03
 8.2000    7.4829098E-06    6.3227801E-03   -6.3227801E-03
 8.2100    7.4508285E-06    6.3110373E-03   -6.3110373E-03
 8.2200    7.3504875E-06    6.2412222E-03   -6.2412222E-03
 8.2300    7.1933705E-06    6.1226857E-03   -6.1226857E-03
 8.2400    7.0026951E-06    5.9748844E-03   -5.9748844E-03
 8.2500    6.8045886E-06    5.8199551E-03   -5.8199551E-03
 8.2600    6.6214480E-06    5.6770528E-03   -5.6770528E-03
 8.2700    6.4703006E-06    5.5609033E-03   -5.5609033E-03
 8.2800    6.3650265E-06    5.4836629E-03   -5.4836629E-03
 8.2900    6.3184033E-06    5.4566521E-03   -5.4566521E-03
 8.3000    6.3401660E-06    5.4886644E-03   -5.4886644E-03
 8.3100    6.4301890E-06    5.5800186E-03   -5.5800186E-03
 8.3200    6.5699032E-06    5.7149902E-03   -5.7149902E-03
 8.3300    6.7180312E-06    5.8578991E-03   -5.8578991E-03
 8.3400    6.8166670E-06    5.9581859E-03   -5.9581859E-03
 8.3500    6.8095757E-06    5.9662695E-03   -5.9662695E-03
 8.3600    6.6667423E-06    5.8551238E-03   -5.8551238E-03
 8.3700    6.4015371E-06    5.6356634E-03   -5.6356634E-03
 8.3800    6.0672815E-06    5.3541687E-03   -5.3541687E-03
 8.3900    5.7326736E-06    5.0709695E-03   -5.0709695E-03
 8.4000    5.4514829E-06    4.8337378E-03   -4.8337378E-03
 8.4100    5.2457047E-06    4.6623588E-03   -4.6623588E-03
 8.4200    5.1094757E-06    4.5520853E-03   -4.5520853E-03
 8.4300    5.0259389E-06    4.4883035E-03   -4.4883035E-03
 8.4400    4.9831751E-06    4.4606783E-03   -4.4606783E-03
 8.4500    4.9791001E-06    4.4675985E-03   -4.4675985E-03
 8.4600    5.0137337E-06    4.5093283E-03   -4.5093283E-03
 8.4700    5.0764830E-06    4.5765649E-03   -4.5765649E-03
 8.4800    5.1410940E-06    4.6457637E-03   -4.6457637E-03
 8.4900    5.1757143E-06    4.6880857E-03   -4.6880857E-03
 8.5000    5.1616888E-06    4.6864019E-03   -4.6864019E-03
 8.5100    5.1050290E-06    4.6458715E-03   -4.6458715E-03
 8.5200    5.0301990E-06    4.5885368E-03   -4.5885368E-03
 8.5300    4.9618228E-06    4.5367952E-03   -4.5367952E-03
 8.5400    4.9095139E-06    4.4994984E-03   -4.4994984E-03
 8.5500    4.8659527E-06    4.4700252E-03   -4.4700252E-03
 8.5600    4.8165188E-06    4.4349696E-03   -4.4349696E-03
 8.5700    4.7518213E-06    4.3856261E-03   -4.3856261E-03
 8.5800    4.6748892E-06    4.3246977E-03   -4.3246977E-03
 8.5900    4.5990416E-06    4.2644549E-03   -4.2644549E-03
 8.6000    4.5384240E-06    4.2180511E-03   -4.2180511E-03
 8.6100    4.4988476E-06    4.1909979E-03   -4.1909979E-03
 8.6200    4.4767684E-06    4.1801226E-03   -4.1801226E-03
 8.6300    4.4666022E-06    4.1803123E-03   -4.1803123E-03
 8.6400    4.4679913E-06    4.1913089E-03   -4.1913089E-03
 8.6500    4.4849848E-06    4.2169947E-03   -4.2169947E-03
 8.6600    4.5183698E-06    4.2582134E-03   -4.2582134E-03
 8.6700    4.5599282E-06    4.3073093E-03   -4.3073093E-03
 8.6800    4.5948347E-06    4.3503000E-03   -4.3503000E-03
 8.6900    4.6094766E-06    4.3742241E-03   -4.3742241E-03
 8.7000    4.5971412E-06    4.3725643E-03   -4.3725643E-03
 8.7100    4.5578849E-06    4.3451976E-03   -4.3451976E-03
 8.7200    4.4956027E-06    4.2956685E-03   -4.2956685E-03
 8.7300    4.4166407E-06    4.2299031E-03   -4.2299031E-03
 8.7400    4.3300174E-06    4.1564482E-03   -4.1564482E-03
 8.7500    4.2464197E-06    4.0855346E-03   -4.0855346E-03
 8.7600    4.1753874E-06    4.0263808E-03   -4.0263808E-03
 8.7700    4.1229317E-06    3.9848795E-03   -3.9848795E-03
 8.7800    4.0904576E-06    3.9625138E-03   -3.9625138E-03
 8.7900    4.0734747E-06    3.9550560E-03   -3.9550560E-03
 8.8000    4.0605425E-06    3.9514752E-03   -3.9514752E-03
 8.8100    4.0361880E-06    3.9367067E-03   -3.9367067E-03
 8.8200    3.9888733E-06    3.8993954E-03   -3.8993954E-03
 8.8300    3.9181729E-06    3.8389714E-03   -3.8389714E-03
 8.8400    3.8341824E-06    3.7651924E-03   -3.7651924E-03
 8.8500    3.7497499E-06    3.6906147E-03   -3.6906147E-03
 8.8600    3.6730433E-06    3.6232922E-03   -3.6232922E-03
 8.8700    3.6061518E-06    3.5653413E-03   -3.5653413E-03
 8.8800    3.5485975E-06    3.5163536E-03   -3.5163536E-03
 8.8900    3.5010932E-06    3.4770990E-03   -3.4770990E-03
 8.9000    3.4663569E-06    3.4503500E-03   -3.4503500E-03
 8.9100    3.4466901E-06    3.4384879E-03   -3.4384879E-03
 8.9200    3.4403149E-06    3.4398363E-03   -3.4398363E-03
 8.9300    3.4398277E-06    3.4470649E-03   -3.4470649E-03
 8.9400    3.4350235E-06    3.4499644E-03   -3.4499644E-03
 8.9500    3.4184455E-06    3.4409994E-03   -3.4409994E-03
 8.9600    3.3891590E-06    3.4191474E-03   -3.4191474E-03
 8.9700    3.3521487E-06    3.3893626E-03   -3.3893626E-03
 8.9800    3.3150626E-06    3.3593424E-03   -3.3593424E-03
 8.9900    3.2854337E-06    3.3367368E-03   -3.3367368E-03
 9.0000    3.2691678E-06    3.3276075E-03   -3.3276075E-03
 9.0100    3.2690964E-06    3.3349335E-03   -3.3349335E-03
 9.0200    3.2833533E-06    3.3569166E-03   -3.3569166E-03
 9.0300    3.3051045E-06    3.3866519E-03   -3.3866519E-03
 9.0400    3.3247588E-06    3.4143409E-03   -3.4143409E-03
 9.0500    3.3335545E-06    3.4309516E-03   -3.4309516E-03
 9.0600    3.3262076E-06    3.4309597E-03   -3.4309597E-03
 9.0700    3.3015491E-06    3.4130465E-03   -3.4130465E-03
 9.0800    3.2620338E-06    3.3796367E-03   -3.3796367E-03
 9.0900    3.2132279E-06    3.3364080E-03   -3.3364080E-03
 9.1000    3.1630653E-06    3.2915526E-03   -3.2915526E-03
 9.1100    3.1200666E-06    3.2539470E-03   -3.2539470E-03
 9.1200    3.0907189E-06    3.2304204E-03   -3.2304204E-03
 9.1300    3.0772133E-06    3.2233616E-03   -3.2233616E-03
 9.1400    3.0764752E-06    3.2296516E-03   -3.2296516E-03
 9.1500    3.0807344E-06    3.2412036E-03   -3.2412036E-03
 9.1600    3.0798055E-06    3.2473126E-03   -3.2473126E-03
 9.1700    3.0649940E-06    3.2387555E-03   -3.2387555E-03
 9.1800    3.0331415E-06    3.2120914E-03   -3.2120914E-03
 9.1900    2.9880965E-06    3.1712867E-03   -3.1712867E-03
 9.2000    2.9381587E-06    3.1250773E-03   -3.1250773E-03
 9.2100    2.8913463E-06    3.0819759E-03   -3.0819759E-03
 9.2200    2.8522026E-06    3.0468571E-03   -3.0468571E-03
 9.2300    2.8220621E-06    3.0212025E-03   -3.0212025E-03
 9.2400    2.8011641E-06    3.0053314E-03   -3.0053314E-03
 9.2500    2.7896096E-06    2.9994164E-03   -2.9994164E-03
 9.2600    2.7861803E-06    3.0022099E-03   -3.0022099E-03
 9.2700    2.7869341E-06    3.0095117E-03   -3.0095117E-03
 9.2800    2.7860037E-06    3.0150013E-03   -3.0150013E-03
 9.2900    2.7787103E-06    3.0135928E-03   -3.0135928E-03
 9.3000    2.7644476E-06    3.0045824E-03   -3.0045824E-03
 9.3100    2.7465742E-06    2.9915796E-03   -2.9915796E-03
 9.3200    2.7291324E-06    2.9789711E-03   -2.9789711E-03
 9.3300    2.7131765E-06    2.9679132E-03   -2.9679132E-03
 9.3400    2.6959784E-06    2.9554256E-03   -2.9554256E-03
 9.3500    2.6738489E-06    2.9374463E-03   -2.9374463E-03
 9.3600    2.6460684E-06    2.9131485E-03   -2.9131485E-03
 9.3700    2.6163925E-06    2.8866355E-03   -2.8866355E-03
 9.3800    2.5906979E-06    2.8643911E-03   -2.8643911E-03
 9.3900    2.5726970E-06    2.8505567E-03   -2.8505567E-03
 9.4000    2.5612351E-06    2.8439046E-03   -2.8439046E-03
 9.4100    2.5511715E-06    2.8387606E-03   -2.8387606E-03
 9.4200    2.5368587E-06    2.8288371E-03   -2.8288371E-03
 9.4300    2.5154768E-06    2.8109529E-03   -2.8109529E-03
 9.4400    2.4880947E-06    2.7862543E-03   -2.7862543E-03
 9.4500    2.4583065E-06    2.7587319E-03   -2.7587319E-03
 9.4600    2.4299115E-06    2.7326411E-03   -2.7326411E-03
 9.4700    2.4053245E-06    2.7107127E-03   -2.7107127E-03
 9.4800    2.3853563E-06    2.6938896E-03   -2.6938896E-03
 9.4900    2.3697870E-06    2.6819557E-03   -2.6819557E-03
 9.5000    2.3578727E-06    2.6740987E-03   -2.6740987E-03
 9.5100    2.3485566E-06    2.6691435E-03   -2.6691435E-03
 9.5200    2.3406466E-06    2.6657511E-03   -2.6657511E-03
 9.5300    2.3330878E-06    2.6627277E-03   -2.6627277E-03
