# total charge: 10.000000 
# r(A)     rho (e/A^3)     4*pi*r^2*rho(e/A)  dip  
 0.0000    5.7321218E-01    0.0000000E+00    7.9788456E+01
 0.0100    5.7517442E-01    7.2278549E-04    7.9389787E+01
 0.0200    5.7765231E-01    2.9035972E-03    7.8205635E+01
 0.0300    5.8074834E-01    6.5681090E-03    7.6270995E+01
 0.0400    5.8457036E-01    1.1753484E-02    7.3642275E+01
 0.0500    5.8923536E-01    1.8511375E-02    7.0394554E+01
 0.0600    5.9487176E-01    2.6911364E-02    6.6618009E+01
 0.0700    6.0160837E-01    3.7044165E-02    6.2413743E+01
 0.0800    6.0954775E-01    4.9022739E-02    5.7889288E+01
 0.0900    6.1873911E-01    6.2979970E-02    5.3154070E+01
 0.1000    6.2917011E-01    7.9063847E-02    4.8315081E+01
 0.1100    6.4078174E-01    9.7432840E-02    4.3473003E+01
 0.1200    6.5349410E-01    1.1825351E-01    3.8718957E+01
 0.1300    6.6722763E-01    1.4170024E-01    3.4132018E+01
 0.1400    6.8191276E-01    1.6795570E-01    2.9777537E+01
 0.1500    6.9748929E-01    1.9721045E-01    2.5706309E+01
 0.1600    7.1390081E-01    2.2966124E-01    2.1954506E+01
 0.1700    7.3108939E-01    2.6550835E-01    1.8544307E+01
 0.1800    7.4899394E-01    3.0495319E-01    1.5485078E+01
 0.1900    7.6755256E-01    3.4819713E-01    1.2774966E+01
 0.2000    7.8670609E-01    3.9544161E-01    1.0402752E+01
 0.2100    8.0639956E-01    4.4688804E-01    8.3498312E+00
 0.2200    8.2658023E-01    5.0273630E-01    6.5921823E+00
 0.2300    8.4719416E-01    5.6318164E-01    5.1022259E+00
 0.2400    8.6818382E-01    6.2841137E-01    3.8504947E+00
 0.2500    8.8948787E-01    6.9860214E-01    2.8070580E+00
 0.2600    9.1104233E-01    7.7391830E-01    1.9426755E+00
 0.2700    9.3278198E-01    8.5451077E-01    1.2296762E+00
 0.2800    9.5464138E-01    9.4051599E-01    6.4257433E-01
 0.2900    9.7655550E-01    1.0320549E+00    1.5845160E-01
 0.3000    9.9846015E-01    1.1292318E+00   -2.4286215E-01
 0.3100    1.0202921E+00    1.2321336E+00   -5.7876974E-01
 0.3200    1.0419891E+00    1.3408277E+00   -8.6401009E-01
 0.3300    1.0634893E+00    1.4553614E+00   -1.1108476E+00
 0.3400    1.0847315E+00    1.5757596E+00   -1.3293158E+00
 0.3500    1.1056553E+00    1.7020241E+00   -1.5274876E+00
 0.3600    1.1262014E+00    1.8341335E+00   -1.7117531E+00
 0.3700    1.1463126E+00    1.9720431E+00   -1.8870870E+00
 0.3800    1.1659340E+00    2.1156851E+00   -2.0572957E+00
 0.3900    1.1850124E+00    2.2649675E+00   -2.2252364E+00
 0.4000    1.2034962E+00    2.4197726E+00   -2.3930066E+00
 0.4100    1.2213347E+00    2.5799559E+00   -2.5621036E+00
 0.4200    1.2384790E+00    2.7453460E+00   -2.7335574E+00
 0.4300    1.2548821E+00    2.9157461E+00   -2.9080390E+00
 0.4400    1.2705003E+00    3.0909358E+00   -3.0859473E+00
 0.4500    1.2852933E+00    3.2706731E+00   -3.2674763E+00
 0.4600    1.2992240E+00    3.4546938E+00   -3.4526657E+00
 0.4700    1.3122582E+00    3.6427122E+00   -3.6414383E+00
 0.4800    1.3243638E+00    3.8344197E+00   -3.8336274E+00
 0.4900    1.3355112E+00    4.0294850E+00   -4.0289972E+00
 0.5000    1.3456725E+00    4.2275550E+00   -4.2272576E+00
 0.5100    1.3548230E+00    4.4282567E+00   -4.4280773E+00
 0.5200    1.3629411E+00    4.6312011E+00   -4.6310939E+00
 0.5300    1.3700089E+00    4.8359855E+00   -4.8359221E+00
 0.5400    1.3760121E+00    5.0421949E+00   -5.0421577E+00
 0.5500    1.3809391E+00    5.2494011E+00   -5.2493795E+00
 0.5600    1.3847806E+00    5.4571623E+00   -5.4571500E+00
 0.5700    1.3875293E+00    5.6650239E+00   -5.6650169E+00
 0.5800    1.3891806E+00    5.8725209E+00   -5.8725170E+00
 0.5900    1.3897328E+00    6.0791825E+00   -6.0791803E+00
 0.6000    1.3891872E+00    6.2845351E+00   -6.2845338E+00
 0.6100    1.3875490E+00    6.4881048E+00   -6.4881041E+00
 0.6200    1.3848257E+00    6.6894183E+00   -6.6894179E+00
 0.6300    1.3810276E+00    6.8880030E+00   -6.8880028E+00
 0.6400    1.3761673E+00    7.0833881E+00   -7.0833880E+00
 0.6500    1.3702592E+00    7.2751057E+00   -7.2751056E+00
 0.6600    1.3633201E+00    7.4626929E+00   -7.4626928E+00
 0.6700    1.3553687E+00    7.6456939E+00   -7.6456939E+00
 0.6800    1.3464258E+00    7.8236624E+00   -7.8236624E+00
 0.6900    1.3365143E+00    7.9961631E+00   -7.9961631E+00
 0.7000    1.3256590E+00    8.1627739E+00   -8.1627739E+00
 0.7100    1.3138867E+00    8.3230880E+00   -8.3230880E+00
 0.7200    1.3012260E+00    8.4767151E+00   -8.4767151E+00
 0.7300    1.2877071E+00    8.6232839E+00   -8.6232839E+00
 0.7400    1.2733620E+00    8.7624429E+00   -8.7624429E+00
 0.7500    1.2582240E+00    8.8938615E+00   -8.8938615E+00
 0.7600    1.2423275E+00    9.0172299E+00   -9.0172299E+00
 0.7700    1.2257078E+00    9.1322600E+00   -9.1322600E+00
 0.7800    1.2084011E+00    9.2386854E+00   -9.2386854E+00
 0.7900    1.1904442E+00    9.3362634E+00   -9.3362634E+00
 0.8000    1.1718747E+00    9.4247755E+00   -9.4247755E+00
 0.8100    1.1527308E+00    9.5040302E+00   -9.5040302E+00
 0.8200    1.1330516E+00    9.5738639E+00   -9.5738639E+00
 0.8300    1.1128766E+00    9.6341421E+00   -9.6341421E+00
 0.8400    1.0922457E+00    9.6847584E+00   -9.6847584E+00
 0.8500    1.0711990E+00    9.7256333E+00   -9.7256333E+00
 0.8600    1.0497762E+00    9.7567120E+00   -9.7567120E+00
 0.8700    1.0280166E+00    9.7779657E+00   -9.7779657E+00
 0.8800    1.0059597E+00    9.7893938E+00   -9.7893938E+00
 0.8900    9.8364492E-01    9.7910266E+00   -9.7910266E+00
 0.9000    9.6111186E-01    9.7829271E+00   -9.7829271E+00
 0.9100    9.3840006E-01    9.7651895E+00   -9.7651895E+00
 0.9200    9.1554859E-01    9.7379360E+00   -9.7379360E+00
 0.9300    8.9259576E-01    9.7013144E+00   -9.7013144E+00
 0.9400    8.6957899E-01    9.6554964E+00   -9.6554964E+00
 0.9500    8.4653478E-01    9.6006775E+00   -9.6006775E+00
 0.9600    8.2349876E-01    9.5370768E+00   -9.5370768E+00
 0.9700    8.0050564E-01    9.4649370E+00   -9.4649370E+00
 0.9800    7.7758915E-01    9.3845231E+00   -9.3845231E+00
 0.9900    7.5478209E-01    9.2961226E+00   -9.2961226E+00
 1.0000    7.3211633E-01    9.2000451E+00   -9.2000451E+00
 1.0100    7.0962281E-01    9.0966227E+00   -9.0966227E+00
 1.0200    6.8733157E-01    8.9862087E+00   -8.9862087E+00
 1.0300    6.6527157E-01    8.8691761E+00   -8.8691761E+00
 1.0400    6.4347051E-01    8.7459137E+00   -8.7459137E+00
 1.0500    6.2195472E-01    8.6168241E+00   -8.6168241E+00
 1.0600    6.0074917E-01    8.4823224E+00   -8.4823224E+00
 1.0700    5.7987760E-01    8.3428369E+00   -8.3428369E+00
 1.0800    5.5936264E-01    8.1988101E+00   -8.1988101E+00
 1.0900    5.3922581E-01    8.0506979E+00   -8.0506979E+00
 1.1000    5.1948746E-01    7.8989670E+00   -7.8989670E+00
 1.1100    5.0016666E-01    7.7440931E+00   -7.7440931E+00
 1.1200    4.8128119E-01    7.5865582E+00   -7.5865582E+00
 1.1300    4.6284749E-01    7.4268502E+00   -7.4268502E+00
 1.1400    4.4488081E-01    7.2654621E+00   -7.2654621E+00
 1.1500    4.2739521E-01    7.1028917E+00   -7.1028917E+00
 1.1600    4.1040360E-01    6.9396411E+00   -6.9396411E+00
 1.1700    3.9391771E-01    6.7762137E+00   -6.7762137E+00
 1.1800    3.7794785E-01    6.6131102E+00   -6.6131102E+00
 1.1900    3.6250268E-01    6.4508213E+00   -6.4508213E+00
 1.2000    3.4758874E-01    6.2898176E+00   -6.2898176E+00
 1.2100    3.3320995E-01    6.1305377E+00   -6.1305377E+00
 1.2200    3.1936716E-01    5.9733750E+00   -5.9733750E+00
 1.2300    3.0605777E-01    5.8186668E+00   -5.8186668E+00
 1.2400    2.9327564E-01    5.6666870E+00   -5.6666870E+00
 1.2500    2.8101146E-01    5.5176471E+00   -5.5176471E+00
 1.2600    2.6925332E-01    5.3717033E+00   -5.3717033E+00
 1.2700    2.5798757E-01    5.2289692E+00   -5.2289692E+00
 1.2800    2.4719957E-01    5.0895281E+00   -5.0895281E+00
 1.2900    2.3687424E-01    4.9534424E+00   -4.9534424E+00
 1.3000    2.2699631E-01    4.8207584E+00   -4.8207584E+00
 1.3100    2.1755049E-01    4.6915087E+00   -4.6915087E+00
 1.3200    2.0852151E-01    4.5657128E+00   -4.5657128E+00
 1.3300    1.9989416E-01    4.4433779E+00   -4.4433779E+00
 1.3400    1.9165333E-01    4.3244993E+00   -4.3244993E+00
 1.3500    1.8378407E-01    4.2090615E+00   -4.2090615E+00
 1.3600    1.7627164E-01    4.0970393E+00   -4.0970393E+00
 1.3700    1.6910157E-01    3.9883992E+00   -3.9883992E+00
 1.3800    1.6225976E-01    3.8831026E+00   -3.8831026E+00
 1.3900    1.5573257E-01    3.7811066E+00   -3.7811066E+00
 1.4000    1.4950679E-01    3.6823652E+00   -3.6823652E+00
 1.4100    1.4356957E-01    3.5868275E+00   -3.5868275E+00
 1.4200    1.3790840E-01    3.4944373E+00   -3.4944373E+00
 1.4300    1.3251103E-01    3.4051322E+00   -3.4051322E+00
 1.4400    1.2736558E-01    3.3188446E+00   -3.3188446E+00
 1.4500    1.2246051E-01    3.2355039E+00   -3.2355039E+00
 1.4600    1.1778475E-01    3.1550383E+00   -3.1550383E+00
 1.4700    1.1332767E-01    3.0773755E+00   -3.0773755E+00
 1.4800    1.0907909E-01    3.0024433E+00   -3.0024433E+00
 1.4900    1.0502922E-01    2.9301681E+00   -2.9301681E+00
 1.5000    1.0116860E-01    2.8604749E+00   -2.8604749E+00
 1.5100    9.7488163E-02    2.7932875E+00   -2.7932875E+00
 1.5200    9.3979204E-02    2.7285304E+00   -2.7285304E+00
 1.5300    9.0633445E-02    2.6661294E+00   -2.6661294E+00
 1.5400    8.7443001E-02    2.6060117E+00   -2.6060117E+00
 1.5500    8.4400342E-02    2.5481059E+00   -2.5481059E+00
 1.5600    8.1498260E-02    2.4923406E+00   -2.4923406E+00
 1.5700    7.8729852E-02    2.4386451E+00   -2.4386451E+00
 1.5800    7.6088528E-02    2.3869495E+00   -2.3869495E+00
 1.5900    7.3568020E-02    2.3371855E+00   -2.3371855E+00
 1.6000    7.1162390E-02    2.2892876E+00   -2.2892876E+00
 1.6100    6.8866020E-02    2.2431928E+00   -2.2431928E+00
 1.6200    6.6673580E-02    2.1988402E+00   -2.1988402E+00
 1.6300    6.4579993E-02    2.1561703E+00   -2.1561703E+00
 1.6400    6.2580408E-02    2.1151246E+00   -2.1151246E+00
 1.6500    6.0670203E-02    2.0756456E+00   -2.0756456E+00
 1.6600    5.8844991E-02    2.0376779E+00   -2.0376779E+00
 1.6700    5.7100616E-02    2.0011682E+00   -2.0011682E+00
 1.6800    5.5433142E-02    1.9660652E+00   -1.9660652E+00
 1.6900    5.3838825E-02    1.9323191E+00   -1.9323191E+00
 1.7000    5.2314106E-02    1.8998815E+00   -1.8998815E+00
 1.7100    5.0855593E-02    1.8687053E+00   -1.8687053E+00
 1.7200    4.9460059E-02    1.8387445E+00   -1.8387445E+00
 1.7300    4.8124436E-02    1.8099548E+00   -1.8099548E+00
 1.7400    4.6845811E-02    1.7822931E+00   -1.7822931E+00
 1.7500    4.5621421E-02    1.7557180E+00   -1.7557180E+00
 1.7600    4.4448641E-02    1.7301895E+00   -1.7301895E+00
 1.7700    4.3324970E-02    1.7056687E+00   -1.7056687E+00
 1.7800    4.2248015E-02    1.6821169E+00   -1.6821169E+00
 1.7900    4.1215484E-02    1.6594964E+00   -1.6594964E+00
 1.8000    4.0225193E-02    1.6377704E+00   -1.6377704E+00
 1.8100    3.9275085E-02    1.6169037E+00   -1.6169037E+00
 1.8200    3.8363222E-02    1.5968632E+00   -1.5968632E+00
 1.8300    3.7487756E-02    1.5776167E+00   -1.5776167E+00
 1.8400    3.6646895E-02    1.5591313E+00   -1.5591313E+00
 1.8500    3.5838877E-02    1.5413729E+00   -1.5413729E+00
 1.8600    3.5061995E-02    1.5243068E+00   -1.5243068E+00
 1.8700    3.4314639E-02    1.5078999E+00   -1.5078999E+00
 1.8800    3.3595336E-02    1.4921228E+00   -1.4921228E+00
 1.8900    3.2902734E-02    1.4769489E+00   -1.4769489E+00
 1.9000    3.2235558E-02    1.4623531E+00   -1.4623531E+00
 1.9100    3.1592569E-02    1.4483100E+00   -1.4483100E+00
 1.9200    3.0972553E-02    1.4347933E+00   -1.4347933E+00
 1.9300    3.0374340E-02    1.4217765E+00   -1.4217765E+00
 1.9400    2.9796826E-02    1.4092347E+00   -1.4092347E+00
 1.9500    2.9238982E-02    1.3971445E+00   -1.3971445E+00
 1.9600    2.8699843E-02    1.3854841E+00   -1.3854841E+00
 1.9700    2.8178487E-02    1.3742318E+00   -1.3742318E+00
 1.9800    2.7674002E-02    1.3633652E+00   -1.3633652E+00
 1.9900    2.7185477E-02    1.3528604E+00   -1.3528604E+00
 2.0000    2.6712008E-02    1.3426920E+00   -1.3426920E+00
 2.0100    2.6252729E-02    1.3328351E+00   -1.3328351E+00
 2.0200    2.5806849E-02    1.3232673E+00   -1.3232673E+00
 2.0300    2.5373670E-02    1.3139693E+00   -1.3139693E+00
 2.0400    2.4952575E-02    1.3049251E+00   -1.3049251E+00
 2.0500    2.4543004E-02    1.2961203E+00   -1.2961203E+00
 2.0600    2.4144412E-02    1.2875406E+00   -1.2875406E+00
 2.0700    2.3756255E-02    1.2791708E+00   -1.2791708E+00
 2.0800    2.3377999E-02    1.2709951E+00   -1.2709951E+00
 2.0900    2.3009141E-02    1.2629985E+00   -1.2629985E+00
 2.1000    2.2649236E-02    1.2551684E+00   -1.2551684E+00
 2.1100    2.2297899E-02    1.2474947E+00   -1.2474947E+00
 2.1200    2.1954780E-02    1.2399686E+00   -1.2399686E+00
 2.1300    2.1619546E-02    1.2325815E+00   -1.2325815E+00
 2.1400    2.1291854E-02    1.2253239E+00   -1.2253239E+00
 2.1500    2.0971357E-02    1.2181852E+00   -1.2181852E+00
 2.1600    2.0657688E-02    1.2111532E+00   -1.2111532E+00
 2.1700    2.0350464E-02    1.2042139E+00   -1.2042139E+00
 2.1800    2.0049301E-02    1.1973527E+00   -1.1973527E+00
 2.1900    1.9753846E-02    1.1905558E+00   -1.1905558E+00
 2.2000    1.9463820E-02    1.1838135E+00   -1.1838135E+00
 2.2100    1.9179044E-02    1.1771217E+00   -1.1771217E+00
 2.2200    1.8899417E-02    1.1704806E+00   -1.1704806E+00
 2.2300    1.8624864E-02    1.1638921E+00   -1.1638921E+00
 2.2400    1.8355299E-02    1.1573570E+00   -1.1573570E+00
 2.2500    1.8090589E-02    1.1508736E+00   -1.1508736E+00
 2.2600    1.7830575E-02    1.1444376E+00   -1.1444376E+00
 2.2700    1.7575085E-02    1.1380439E+00   -1.1380439E+00
 2.2800    1.7323952E-02    1.1316876E+00   -1.1316876E+00
 2.2900    1.7077016E-02    1.1253635E+00   -1.1253635E+00
 2.3000    1.6834113E-02    1.1190662E+00   -1.1190662E+00
 2.3100    1.6595070E-02    1.1127892E+00   -1.1127892E+00
 2.3200    1.6359717E-02    1.1065260E+00   -1.1065260E+00
 2.3300    1.6127892E-02    1.1002701E+00   -1.1002701E+00
 2.3400    1.5899449E-02    1.0940160E+00   -1.0940160E+00
 2.3500    1.5674285E-02    1.0877606E+00   -1.0877606E+00
 2.3600    1.5452344E-02    1.0815043E+00   -1.0815043E+00
 2.3700    1.5233624E-02    1.0752508E+00   -1.0752508E+00
 2.3800    1.5018138E-02    1.0690053E+00   -1.0690053E+00
 2.3900    1.4805870E-02    1.0627708E+00   -1.0627708E+00
 2.4000    1.4596740E-02    1.0565456E+00   -1.0565456E+00
 2.4100    1.4390606E-02    1.0503234E+00   -1.0503234E+00
 2.4200    1.4187305E-02    1.0440962E+00   -1.0440962E+00
 2.4300    1.3986698E-02    1.0378572E+00   -1.0378572E+00
 2.4400    1.3788689E-02    1.0316028E+00   -1.0316028E+00
 2.4500    1.3593229E-02    1.0253324E+00   -1.0253324E+00
 2.4600    1.3400296E-02    1.0190476E+00   -1.0190476E+00
 2.4700    1.3209881E-02    1.0127510E+00   -1.0127510E+00
 2.4800    1.3021979E-02    1.0064454E+00   -1.0064454E+00
 2.4900    1.2836570E-02    1.0001325E+00   -1.0001325E+00
 2.5000    1.2653596E-02    9.9381113E-01   -9.9381113E-01
 2.5100    1.2472960E-02    9.8747665E-01   -9.8747665E-01
 2.5200    1.2294535E-02    9.8112212E-01   -9.8112212E-01
 2.5300    1.2118208E-02    9.7474119E-01   -9.7474119E-01
 2.5400    1.1943911E-02    9.6833101E-01   -9.6833101E-01
 2.5500    1.1771636E-02    9.6189367E-01   -9.6189367E-01
 2.5600    1.1601423E-02    9.5543480E-01   -9.5543480E-01
 2.5700    1.1433305E-02    9.4895999E-01   -9.4895999E-01
 2.5800    1.1267271E-02    9.4247107E-01   -9.4247107E-01
 2.5900    1.1103252E-02    9.3596499E-01   -9.3596499E-01
 2.6000    1.0941153E-02    9.2943631E-01   -9.2943631E-01
 2.6100    1.0780899E-02    9.2288130E-01   -9.2288130E-01
 2.6200    1.0622464E-02    9.1630002E-01   -9.1630002E-01
 2.6300    1.0465839E-02    9.0969419E-01   -9.0969419E-01
 2.6400    1.0310988E-02    9.0306291E-01   -9.0306291E-01
 2.6500    1.0157825E-02    8.9640097E-01   -8.9640097E-01
 2.6600    1.0006261E-02    8.8970285E-01   -8.8970285E-01
 2.6700    9.8562866E-03    8.8296952E-01   -8.8296952E-01
 2.6800    9.7079996E-03    8.7621201E-01   -8.7621201E-01
 2.6900    9.5615677E-03    8.6944783E-01   -8.6944783E-01
 2.7000    9.4171327E-03    8.6269262E-01   -8.6269262E-01
 2.7100    9.2747357E-03    8.5595314E-01   -8.5595314E-01
 2.7200    9.1343095E-03    8.4922622E-01   -8.4922622E-01
 2.7300    8.9957347E-03    8.4250366E-01   -8.4250366E-01
 2.7400    8.8589109E-03    8.3577875E-01   -8.3577875E-01
 2.7500    8.7237908E-03    8.2904956E-01   -8.2904956E-01
 2.7600    8.5903621E-03    8.2231744E-01   -8.2231744E-01
 2.7700    8.4586058E-03    8.1558304E-01   -8.1558304E-01
 2.7800    8.3284786E-03    8.0884467E-01   -8.0884467E-01
 2.7900    8.1999338E-03    8.0210018E-01   -8.0210018E-01
 2.8000    8.0729594E-03    7.9535075E-01   -7.9535075E-01
 2.8100    7.9475993E-03    7.8860307E-01   -7.8860307E-01
 2.8200    7.8239408E-03    7.8186836E-01   -7.8186836E-01
 2.8300    7.7020775E-03    7.7515869E-01   -7.7515869E-01
 2.8400    7.5820623E-03    7.6848234E-01   -7.6848234E-01
 2.8500    7.4638682E-03    7.6183960E-01   -7.6183960E-01
 2.8600    7.3473712E-03    7.5522075E-01   -7.5522075E-01
 2.8700    7.2323707E-03    7.4860778E-01   -7.4860778E-01
 2.8800    7.1186554E-03    7.4198104E-01   -7.4198104E-01
 2.8900    7.0060997E-03    7.3532929E-01   -7.3532929E-01
 2.9000    6.8947354E-03    7.2865754E-01   -7.2865754E-01
 2.9100    6.7847366E-03    7.2198610E-01   -7.2198610E-01
 2.9200    6.6763060E-03    7.1533883E-01   -7.1533883E-01
 2.9300    6.5695288E-03    7.0872757E-01   -7.0872757E-01
 2.9400    6.4643010E-03    7.0214385E-01   -7.0214385E-01
 2.9500    6.3603911E-03    6.9556500E-01   -6.9556500E-01
 2.9600    6.2575985E-03    6.8897106E-01   -6.8897106E-01
 2.9700    6.1558914E-03    6.8236024E-01   -6.8236024E-01
 2.9800    6.0554220E-03    6.7575117E-01   -6.7575117E-01
 2.9900    5.9564076E-03    6.6917029E-01   -6.6917029E-01
 3.0000    5.8589801E-03    6.6263503E-01   -6.6263503E-01
 3.0100    5.7631192E-03    6.5614596E-01   -6.5614596E-01
 3.0200    5.6687079E-03    6.4969246E-01   -6.4969246E-01
 3.0300    5.5756409E-03    6.4326499E-01   -6.4326499E-01
 3.0400    5.4838904E-03    6.3686268E-01   -6.3686268E-01
 3.0500    5.3934855E-03    6.3049124E-01   -6.3049124E-01
 3.0600    5.3044428E-03    6.2415505E-01   -6.2415505E-01
 3.0700    5.2167235E-03    6.1785197E-01   -6.1785197E-01
 3.0800    5.1302524E-03    6.1157543E-01   -6.1157543E-01
 3.0900    5.0449786E-03    6.0532158E-01   -6.0532158E-01
 3.1000    4.9609156E-03    5.9909417E-01   -5.9909417E-01
 3.1100    4.8781243E-03    5.9290281E-01   -5.9290281E-01
 3.1200    4.7966515E-03    5.8675557E-01   -5.8675557E-01
 3.1300    4.7164749E-03    5.8065219E-01   -5.8065219E-01
 3.1400    4.6374972E-03    5.7458306E-01   -5.7458306E-01
 3.1500    4.5595915E-03    5.6853460E-01   -5.6853460E-01
 3.1600    4.4826637E-03    5.6249697E-01   -5.6249697E-01
 3.1700    4.4066950E-03    5.5646952E-01   -5.5646952E-01
 3.1800    4.3317467E-03    5.5046177E-01   -5.5046177E-01
 3.1900    4.2579287E-03    5.4448964E-01   -5.4448964E-01
 3.2000    4.1853457E-03    5.3856875E-01   -5.3856875E-01
 3.2100    4.1140446E-03    5.3270764E-01   -5.3270764E-01
 3.2200    4.0439918E-03    5.2690446E-01   -5.2690446E-01
 3.2300    3.9750914E-03    5.2114915E-01   -5.2114915E-01
 3.2400    3.9072363E-03    5.1542985E-01   -5.1542985E-01
 3.2500    3.8403608E-03    5.0973989E-01   -5.0973989E-01
 3.2600    3.7744698E-03    5.0408180E-01   -5.0408180E-01
 3.2700    3.7096232E-03    4.9846557E-01   -4.9846557E-01
 3.2800    3.6458757E-03    4.9290067E-01   -4.9290067E-01
 3.2900    3.5832034E-03    4.8738608E-01   -4.8738608E-01
 3.3000    3.5214748E-03    4.8190600E-01   -4.8190600E-01
 3.3100    3.4605074E-03    4.7643717E-01   -4.7643717E-01
 3.3200    3.4001803E-03    4.7096429E-01   -4.7096429E-01
 3.3300    3.3405211E-03    4.6549235E-01   -4.6549235E-01
 3.3400    3.2816940E-03    4.6004560E-01   -4.6004560E-01
 3.3500    3.2238943E-03    4.5465322E-01   -4.5465322E-01
 3.3600    3.1672309E-03    4.4933282E-01   -4.4933282E-01
 3.3700    3.1116850E-03    4.4408417E-01   -4.4408417E-01
 3.3800    3.0571652E-03    4.3889656E-01   -4.3889656E-01
 3.3900    3.0035956E-03    4.3376122E-01   -4.3376122E-01
 3.4000    2.9509547E-03    4.2867706E-01   -4.2867706E-01
 3.4100    2.8992421E-03    4.2364600E-01   -4.2364600E-01
 3.4200    2.8484209E-03    4.1866460E-01   -4.1866460E-01
 3.4300    2.7984031E-03    4.1372178E-01   -4.1372178E-01
 3.4400    2.7490956E-03    4.0880537E-01   -4.0880537E-01
 3.4500    2.7004605E-03    4.0391119E-01   -4.0391119E-01
 3.4600    2.6525316E-03    3.9904569E-01   -3.9904569E-01
 3.4700    2.6053737E-03    3.9422018E-01   -3.9422018E-01
 3.4800    2.5590279E-03    3.8944253E-01   -3.8944253E-01
 3.4900    2.5134882E-03    3.8471363E-01   -3.8471363E-01
 3.5000    2.4687222E-03    3.8003025E-01   -3.8003025E-01
 3.5100    2.4247085E-03    3.7539081E-01   -3.7539081E-01
 3.5200    2.3814653E-03    3.7079977E-01   -3.7079977E-01
 3.5300    2.3390520E-03    3.6626815E-01   -3.6626815E-01
 3.5400    2.2975410E-03    3.6180924E-01   -3.6180924E-01
 3.5500    2.2569654E-03    3.5743039E-01   -3.5743039E-01
 3.5600    2.2172690E-03    3.5312482E-01   -3.5312482E-01
 3.5700    2.1782977E-03    3.4886993E-01   -3.4886993E-01
 3.5800    2.1398532E-03    3.4463541E-01   -3.4463541E-01
 3.5900    2.1017819E-03    3.4039754E-01   -3.4039754E-01
 3.6000    2.0640419E-03    3.3615020E-01   -3.3615020E-01
 3.6100    2.0267028E-03    3.3190542E-01   -3.3190542E-01
 3.6200    1.9898892E-03    3.2768450E-01   -3.2768450E-01
 3.6300    1.9537161E-03    3.2350765E-01   -3.2350765E-01
 3.6400    1.9182586E-03    3.1938887E-01   -3.1938887E-01
 3.6500    1.8835613E-03    3.1533731E-01   -3.1533731E-01
 3.6600    1.8496613E-03    3.1136102E-01   -3.1136102E-01
 3.6700    1.8165928E-03    3.0746776E-01   -3.0746776E-01
 3.6800    1.7843572E-03    3.0365980E-01   -3.0365980E-01
 3.6900    1.7528724E-03    2.9992516E-01   -2.9992516E-01
 3.7000    1.7219465E-03    2.9623267E-01   -2.9623267E-01
 3.7100    1.6913214E-03    2.9253904E-01   -2.9253904E-01
 3.7200    1.6607883E-03    2.8880853E-01   -2.8880853E-01
 3.7300    1.6303064E-03    2.8503405E-01   -2.8503405E-01
 3.7400    1.6000362E-03    2.8124375E-01   -2.8124375E-01
 3.7500    1.5702497E-03    2.7748603E-01   -2.7748603E-01
 3.7600    1.5411777E-03    2.7380304E-01   -2.7380304E-01
 3.7700    1.5129017E-03    2.7021116E-01   -2.7021116E-01
 3.7800    1.4853522E-03    2.6669994E-01   -2.6669994E-01
 3.7900    1.4583877E-03    2.6324570E-01   -2.6324570E-01
 3.8000    1.4318809E-03    2.5982681E-01   -2.5982681E-01
 3.8100    1.4057580E-03    2.5643092E-01   -2.5643092E-01
 3.8200    1.3799917E-03    2.5305391E-01   -2.5305391E-01
 3.8300    1.3545843E-03    2.4969707E-01   -2.4969707E-01
 3.8400    1.3295662E-03    2.4636686E-01   -2.4636686E-01
 3.8500    1.3049991E-03    2.4307570E-01   -2.4307570E-01
 3.8600    1.2809605E-03    2.3983922E-01   -2.3983922E-01
 3.8700    1.2575039E-03    2.3666887E-01   -2.3666887E-01
 3.8800    1.2346200E-03    2.3356439E-01   -2.3356439E-01
 3.8900    1.2122308E-03    2.3051245E-01   -2.3051245E-01
 3.9000    1.1902292E-03    2.2749386E-01   -2.2749386E-01
 3.9100    1.1685361E-03    2.2449439E-01   -2.2449439E-01
 3.9200    1.1471327E-03    2.2151119E-01   -2.2151119E-01
 3.9300    1.1260502E-03    2.1855096E-01   -2.1855096E-01
 3.9400    1.1053357E-03    2.1562370E-01   -2.1562370E-01
 3.9500    1.0850329E-03    2.1273892E-01   -2.1273892E-01
 3.9600    1.0651857E-03    2.0990635E-01   -2.0990635E-01
 3.9700    1.0458461E-03    2.0713747E-01   -2.0713747E-01
 3.9800    1.0270610E-03    2.0444301E-01   -2.0444301E-01
 3.9900    1.0088432E-03    2.0182703E-01   -2.0182703E-01
 4.0000    9.9115044E-04    1.9928262E-01   -1.9928262E-01
 4.0100    9.7389367E-04    1.9679323E-01   -1.9679323E-01
 4.0200    9.5696404E-04    1.9433794E-01   -1.9433794E-01
 4.0300    9.4025612E-04    1.9189609E-01   -1.9189609E-01
 4.0400    9.2367965E-04    1.8944972E-01   -1.8944972E-01
 4.0500    9.0717218E-04    1.8698623E-01   -1.8698623E-01
 4.0600    8.9071721E-04    1.8450230E-01   -1.8450230E-01
 4.0700    8.7435048E-04    1.8200538E-01   -1.8200538E-01
 4.0800    8.5813718E-04    1.7950928E-01   -1.7950928E-01
 4.0900    8.4213264E-04    1.7702597E-01   -1.7702597E-01
 4.1000    8.2636099E-04    1.7456107E-01   -1.7456107E-01
 4.1100    8.1082957E-04    1.7211673E-01   -1.7211673E-01
 4.1200    7.9555977E-04    1.6969815E-01   -1.6969815E-01
 4.1300    7.8060056E-04    1.6731652E-01   -1.6731652E-01
 4.1400    7.6601187E-04    1.6498560E-01   -1.6498560E-01
 4.1500    7.5183401E-04    1.6271516E-01   -1.6271516E-01
 4.1600    7.3807039E-04    1.6050712E-01   -1.6050712E-01
 4.1700    7.2469562E-04    1.5835713E-01   -1.5835713E-01
 4.1800    7.1167549E-04    1.5625878E-01   -1.5625878E-01
 4.1900    6.9897304E-04    1.5420496E-01   -1.5420496E-01
 4.2000    6.8653414E-04    1.5218456E-01   -1.5218456E-01
 4.2100    6.7427829E-04    1.5018039E-01   -1.5018039E-01
 4.2200    6.6212276E-04    1.4817444E-01   -1.4817444E-01
 4.2300    6.5002818E-04    1.4615806E-01   -1.4615806E-01
 4.2400    6.3801996E-04    1.4413712E-01   -1.4413712E-01
 4.2500    6.2616100E-04    1.4212607E-01   -1.4212607E-01
 4.2600    6.1450235E-04    1.4013693E-01   -1.4013693E-01
 4.2700    6.0305551E-04    1.3817291E-01   -1.3817291E-01
 4.2800    5.9179901E-04    1.3622965E-01   -1.3622965E-01
 4.2900    5.8069999E-04    1.3430008E-01   -1.3430008E-01
 4.3000    5.6973392E-04    1.3237893E-01   -1.3237893E-01
 4.3100    5.5890388E-04    1.3046726E-01   -1.3046726E-01
 4.3200    5.4826084E-04    1.2857738E-01   -1.2857738E-01
 4.3300    5.3790971E-04    1.2673455E-01   -1.2673455E-01
 4.3400    5.2797733E-04    1.2496966E-01   -1.2496966E-01
 4.3500    5.1854019E-04    1.2330219E-01   -1.2330219E-01
 4.3600    5.0955309E-04    1.2172290E-01   -1.2172290E-01
 4.3700    5.0084324E-04    1.2019172E-01   -1.2019172E-01
 4.3800    4.9219435E-04    1.1865737E-01   -1.1865737E-01
 4.3900    4.8346388E-04    1.1708545E-01   -1.1708545E-01
 4.4000    4.7463905E-04    1.1547253E-01   -1.1547253E-01
 4.4100    4.6579540E-04    1.1383668E-01   -1.1383668E-01
 4.4200    4.5701447E-04    1.1219780E-01   -1.1219780E-01
 4.4300    4.4834054E-04    1.1056695E-01   -1.1056695E-01
 4.4400    4.3979469E-04    1.0894964E-01   -1.0894964E-01
 4.4500    4.3140079E-04    1.0735217E-01   -1.0735217E-01
 4.4600    4.2318266E-04    1.0578095E-01   -1.0578095E-01
 4.4700    4.1514312E-04    1.0423720E-01   -1.0423720E-01
 4.4800    4.0726149E-04    1.0271627E-01   -1.0271627E-01
 4.4900    3.9952029E-04    1.0121418E-01   -1.0121418E-01
 4.5000    3.9193194E-04    9.9734531E-02   -9.9734531E-02
 4.5100    3.8453542E-04    9.8287728E-02   -9.8287728E-02
 4.5200    3.7736700E-04    9.6883685E-02   -9.6883685E-02
 4.5300    3.7043635E-04    9.5525620E-02   -9.5525620E-02
 4.5400    3.6372803E-04    9.4210289E-02   -9.4210289E-02
 4.5500    3.5721844E-04    9.2932266E-02   -9.2932266E-02
 4.5600    3.5088630E-04    9.1686620E-02   -9.1686620E-02
 4.5700    3.4470920E-04    9.0468031E-02   -9.0468031E-02
 4.5800    3.3865856E-04    8.9269454E-02   -8.9269454E-02
 4.5900    3.3270617E-04    8.8083810E-02   -8.8083810E-02
 4.6000    3.2683912E-04    8.6907961E-02   -8.6907961E-02
 4.6100    3.2106681E-04    8.5744668E-02   -8.5744668E-02
 4.6200    3.1540831E-04    8.4599335E-02   -8.4599335E-02
 4.6300    3.0986722E-04    8.3473280E-02   -8.3473280E-02
 4.6400    3.0441489E-04    8.2359123E-02   -8.2359123E-02
 4.6500    2.9899819E-04    8.1242696E-02   -8.1242696E-02
 4.6600    2.9356759E-04    8.0110567E-02   -8.0110567E-02
 4.6700    2.8810528E-04    7.8957765E-02   -7.8957765E-02
 4.6800    2.8263352E-04    7.7790263E-02   -7.7790263E-02
 4.6900    2.7719907E-04    7.6620913E-02   -7.6620913E-02
 4.7000    2.7184737E-04    7.5462417E-02   -7.5462417E-02
 4.7100    2.6660617E-04    7.4322767E-02   -7.4322767E-02
 4.7200    2.6148870E-04    7.3206019E-02   -7.3206019E-02
 4.7300    2.5650918E-04    7.2116569E-02   -7.2116569E-02
 4.7400    2.5169523E-04    7.1062672E-02   -7.1062672E-02
 4.7500    2.4708544E-04    7.0055824E-02   -7.0055824E-02
 4.7600    2.4270846E-04    6.9104874E-02   -6.9104874E-02
 4.7700    2.3855041E-04    6.8206660E-02   -6.8206660E-02
 4.7800    2.3453341E-04    6.7339577E-02   -6.7339577E-02
 4.7900    2.3053525E-04    6.6468861E-02   -6.6468861E-02
 4.8000    2.2645633E-04    6.5565714E-02   -6.5565714E-02
 4.8100    2.2229308E-04    6.4628782E-02   -6.4628782E-02
 4.8200    2.1815730E-04    6.3690358E-02   -6.3690358E-02
 4.8300    2.1421982E-04    6.2800599E-02   -6.2800599E-02
 4.8400    2.1062060E-04    6.2001392E-02   -6.2001392E-02
 4.8500    2.0740722E-04    6.1308008E-02   -6.1308008E-02
 4.8600    2.0452456E-04    6.0705476E-02   -6.0705476E-02
 4.8700    2.0183154E-04    6.0152935E-02   -6.0152935E-02
 4.8800    1.9912350E-04    5.9589814E-02   -5.9589814E-02
 4.8900    1.9617621E-04    5.8948659E-02   -5.8948659E-02
 4.9000    1.9282939E-04    5.8180206E-02   -5.8180206E-02
 4.9100    1.8907343E-04    5.7280046E-02   -5.7280046E-02
 4.9200    1.8506372E-04    5.6293902E-02   -5.6293902E-02
 4.9300    1.8103534E-04    5.5292608E-02   -5.5292608E-02
 4.9400    1.7718684E-04    5.4336946E-02   -5.4336946E-02
 4.9500    1.7362945E-04    5.3461808E-02   -5.3461808E-02
 4.9600    1.7041982E-04    5.2685768E-02   -5.2685768E-02
 4.9700    1.6759957E-04    5.2023017E-02   -5.2023017E-02
 4.9800    1.6516594E-04    5.1474134E-02   -5.1474134E-02
 4.9900    1.6299484E-04    5.1001718E-02   -5.1001718E-02
 5.0000    1.6081988E-04    5.0523055E-02   -5.0523055E-02
 5.0100    1.5833750E-04    4.9942365E-02   -4.9942365E-02
 5.0200    1.5538198E-04    4.9205988E-02   -4.9205988E-02
 5.0300    1.5203126E-04    4.8336893E-02   -4.8336893E-02
 5.0400    1.4855774E-04    4.7420512E-02   -4.7420512E-02
 5.0500    1.4526947E-04    4.6555068E-02   -4.6555068E-02
 5.0600    1.4235914E-04    4.5803246E-02   -4.5803246E-02
 5.0700    1.3984076E-04    4.5170986E-02   -4.5170986E-02
 5.0800    1.3757541E-04    4.4614712E-02   -4.4614712E-02
 5.0900    1.3534900E-04    4.4065680E-02   -4.4065680E-02
 5.1000    1.3296918E-04    4.3461149E-02   -4.3461149E-02
 5.1100    1.3035416E-04    4.2773676E-02   -4.2773676E-02
 5.1200    1.2757829E-04    4.2026825E-02   -4.2026825E-02
 5.1300    1.2484196E-04    4.1286224E-02   -4.1286224E-02
 5.1400    1.2237054E-04    4.0626835E-02   -4.0626835E-02
 5.1500    1.2029797E-04    4.0094299E-02   -4.0094299E-02
 5.1600    1.1860523E-04    3.9683787E-02   -3.9683787E-02
 5.1700    1.1714313E-04    3.9346651E-02   -3.9346651E-02
 5.1800    1.1570904E-04    3.9015454E-02   -3.9015454E-02
 5.1900    1.1412461E-04    3.8629927E-02   -3.8629927E-02
 5.2000    1.1228371E-04    3.8153406E-02   -3.8153406E-02
 5.2100    1.1016957E-04    3.7579152E-02   -3.7579152E-02
 5.2200    1.0784787E-04    3.6928565E-02   -3.6928565E-02
 5.2300    1.0543777E-04    3.6241775E-02   -3.6241775E-02
 5.2400    1.0306719E-04    3.5562547E-02   -3.5562547E-02
 5.2500    1.0083114E-04    3.4923932E-02   -3.4923932E-02
 5.2600    9.8773452E-05    3.4341684E-02   -3.4341684E-02
 5.2700    9.6893674E-05    3.3816333E-02   -3.3816333E-02
 5.2800    9.5162096E-05    3.3338166E-02   -3.3338166E-02
 5.2900    9.3527608E-05    3.2889785E-02   -3.2889785E-02
 5.3000    9.1922255E-05    3.2447577E-02   -3.2447577E-02
 5.3100    9.0277431E-05    3.1987338E-02   -3.1987338E-02
 5.3200    8.8553593E-05    3.1494834E-02   -3.1494834E-02
 5.3300    8.6763376E-05    3.0974245E-02   -3.0974245E-02
 5.3400    8.4965431E-05    3.0446309E-02   -3.0446309E-02
 5.3500    8.3229646E-05    2.9936118E-02   -2.9936118E-02
 5.3600    8.1599250E-05    2.9459516E-02   -2.9459516E-02
 5.3700    8.0075896E-05    2.9017517E-02   -2.9017517E-02
 5.3800    7.8632266E-05    2.8600604E-02   -2.8600604E-02
 5.3900    7.7236968E-05    2.8197630E-02   -2.8197630E-02
 5.4000    7.5874710E-05    2.7803177E-02   -2.7803177E-02
 5.4100    7.4554459E-05    2.7420667E-02   -2.7420667E-02
 5.4200    7.3304443E-05    2.7060682E-02   -2.7060682E-02
 5.4300    7.2154295E-05    2.6734478E-02   -2.6734478E-02
 5.4400    7.1111214E-05    2.6445133E-02   -2.6445133E-02
 5.4500    7.0147127E-05    2.6182599E-02   -2.6182599E-02
 5.4600    6.9210716E-05    2.5927969E-02   -2.5927969E-02
 5.4700    6.8257433E-05    2.5664598E-02   -2.5664598E-02
 5.4800    6.7273433E-05    2.5387186E-02   -2.5387186E-02
 5.4900    6.6276107E-05    2.5102186E-02   -2.5102186E-02
 5.5000    6.5296782E-05    2.4821443E-02   -2.4821443E-02
 5.5100    6.4364844E-05    2.4556235E-02   -2.4556235E-02
 5.5200    6.3504531E-05    2.4316033E-02   -2.4316033E-02
 5.5300    6.2738706E-05    2.4109915E-02   -2.4109915E-02
 5.5400    6.2087180E-05    2.3945909E-02   -2.3945909E-02
 5.5500    6.1555303E-05    2.3826558E-02   -2.3826558E-02
 5.5600    6.1120636E-05    2.3743641E-02   -2.3743641E-02
 5.5700    6.0729686E-05    2.3676707E-02   -2.3676707E-02
 5.5800    6.0310983E-05    2.3597971E-02   -2.3597971E-02
 5.5900    5.9800110E-05    2.3482020E-02   -2.3482020E-02
 5.6000    5.9162629E-05    2.3314890E-02   -2.3314890E-02
 5.6100    5.8398362E-05    2.3095972E-02   -2.3095972E-02
 5.6200    5.7521955E-05    2.2830537E-02   -2.2830537E-02
 5.6300    5.6536368E-05    2.2519283E-02   -2.2519283E-02
 5.6400    5.5426857E-05    2.2155845E-02   -2.2155845E-02
 5.6500    5.4185438E-05    2.1736486E-02   -2.1736486E-02
 5.6600    5.2844305E-05    2.1273596E-02   -2.1273596E-02
 5.6700    5.1486651E-05    2.0800349E-02   -2.0800349E-02
 5.6800    5.0224901E-05    2.0362243E-02   -2.0362243E-02
 5.6900    4.9163008E-05    2.0001973E-02   -2.0001973E-02
 5.7000    4.8367003E-05    1.9747347E-02   -1.9747347E-02
 5.7100    4.7859905E-05    1.9608931E-02   -1.9608931E-02
 5.7200    4.7642548E-05    1.9588307E-02   -1.9588307E-02
 5.7300    4.7719793E-05    1.9688728E-02   -1.9688728E-02
 5.7400    4.8093050E-05    1.9912050E-02   -1.9912050E-02
 5.7500    4.8697853E-05    2.0232771E-02   -2.0232771E-02
 5.7600    4.9329078E-05    2.0566379E-02   -2.0566379E-02
 5.7700    4.9649885E-05    2.0772068E-02   -2.0772068E-02
 5.7800    4.9340734E-05    2.0714342E-02   -2.0714342E-02
 5.7900    4.8312331E-05    2.0352838E-02   -2.0352838E-02
 5.8000    4.6807646E-05    1.9787123E-02   -1.9787123E-02
 5.8100    4.5282238E-05    1.9208348E-02   -1.9208348E-02
 5.8200    4.4139713E-05    1.8788207E-02   -1.8788207E-02
 5.8300    4.3522146E-05    1.8589053E-02   -1.8589053E-02
 5.8400    4.3292539E-05    1.8554473E-02   -1.8554473E-02
 5.8500    4.3178990E-05    1.8569238E-02   -1.8569238E-02
 5.8600    4.2946228E-05    1.8532334E-02   -1.8532334E-02
 5.8700    4.2485878E-05    1.8396308E-02   -1.8396308E-02
 5.8800    4.1808091E-05    1.8164559E-02   -1.8164559E-02
 5.8900    4.0986392E-05    1.7868173E-02   -1.7868173E-02
 5.9000    4.0115609E-05    1.7547986E-02   -1.7547986E-02
 5.9100    3.9299091E-05    1.7249135E-02   -1.7249135E-02
 5.9200    3.8632755E-05    1.7014099E-02   -1.7014099E-02
 5.9300    3.8156476E-05    1.6861162E-02   -1.6861162E-02
 5.9400    3.7800756E-05    1.6760356E-02   -1.6760356E-02
 5.9500    3.7395676E-05    1.6636623E-02   -1.6636623E-02
 5.9600    3.6765225E-05    1.6411173E-02   -1.6411173E-02
 5.9700    3.5841183E-05    1.6052433E-02   -1.6052433E-02
 5.9800    3.4701106E-05    1.5593929E-02   -1.5593929E-02
 5.9900    3.3505181E-05    1.5106904E-02   -1.5106904E-02
 6.0000    3.2399005E-05    1.4656964E-02   -1.4656964E-02
 6.0100    3.1464830E-05    1.4281841E-02   -1.4281841E-02
 6.0200    3.0739653E-05    1.3999154E-02   -1.3999154E-02
 6.0300    3.0255802E-05    1.3824618E-02   -1.3824618E-02
 6.0400    3.0057490E-05    1.3779595E-02   -1.3779595E-02
 6.0500    3.0186543E-05    1.3884620E-02   -1.3884620E-02
 6.0600    3.0658835E-05    1.4148512E-02   -1.4148512E-02
 6.0700    3.1444742E-05    1.4559125E-02   -1.4559125E-02
 6.0800    3.2445431E-05    1.5071989E-02   -1.5071989E-02
 6.0900    3.3463439E-05    1.5596065E-02   -1.5596065E-02
 6.1000    3.4204171E-05    1.5993688E-02   -1.5993688E-02
 6.1100    3.4356710E-05    1.6117729E-02   -1.6117729E-02
 6.1200    3.3738903E-05    1.5879750E-02   -1.5879750E-02
 6.1300    3.2405475E-05    1.5302036E-02   -1.5302036E-02
 6.1400    3.0621341E-05    1.4506773E-02   -1.4506773E-02
 6.1500    2.8714870E-05    1.3647935E-02   -1.3647935E-02
 6.1600    2.6929463E-05    1.2841004E-02   -1.2841004E-02
 6.1700    2.5374479E-05    1.2138844E-02   -1.2138844E-02
 6.1800    2.4069946E-05    1.1552126E-02   -1.1552126E-02
 6.1900    2.3007658E-05    1.1078056E-02   -1.1078056E-02
 6.2000    2.2175851E-05    1.0712073E-02   -1.0712073E-02
 6.2100    2.1558535E-05    1.0447498E-02   -1.0447498E-02
 6.2200    2.1140333E-05    1.0277854E-02   -1.0277854E-02
 6.2300    2.0916559E-05    1.0201786E-02   -1.0201786E-02
 6.2400    2.0884484E-05    1.0218868E-02   -1.0218868E-02
 6.2500    2.1011090E-05    1.0313795E-02   -1.0313795E-02
 6.2600    2.1207474E-05    1.0443534E-02   -1.0443534E-02
 6.2700    2.1343707E-05    1.0544228E-02   -1.0544228E-02
 6.2800    2.1302814E-05    1.0557622E-02   -1.0557622E-02
 6.2900    2.1034994E-05    1.0458118E-02   -1.0458118E-02
 6.3000    2.0571761E-05    1.0260356E-02   -1.0260356E-02
 6.3100    1.9995771E-05    1.0004761E-02   -1.0004761E-02
 6.3200    1.9399036E-05    9.7369775E-03   -9.7369775E-03
 6.3300    1.8862312E-05    9.4975638E-03   -9.4975638E-03
 6.3400    1.8455795E-05    9.3222585E-03   -9.3222585E-03
 6.3500    1.8236701E-05    9.2406727E-03   -9.2406727E-03
 6.3600    1.8229053E-05    9.2659127E-03   -9.2659127E-03
 6.3700    1.8396905E-05    9.3806620E-03   -9.3806620E-03
 6.3800    1.8633618E-05    9.5312180E-03   -9.5312180E-03
 6.3900    1.8781759E-05    9.6371329E-03   -9.6371329E-03
 6.4000    1.8682928E-05    9.6164492E-03   -9.6164492E-03
 6.4100    1.8239932E-05    9.4177927E-03   -9.4177927E-03
 6.4200    1.7459964E-05    9.0432235E-03   -9.0432235E-03
 6.4300    1.6451939E-05    8.5476925E-03   -8.5476925E-03
 6.4400    1.5379883E-05    8.0155743E-03   -8.0155743E-03
 6.4500    1.4403975E-05    7.5302893E-03   -7.5302893E-03
 6.4600    1.3641876E-05    7.1540008E-03   -7.1540008E-03
 6.4700    1.3157224E-05    6.9212206E-03   -6.9212206E-03
 6.4800    1.2959758E-05    6.8384356E-03   -6.8384356E-03
 6.4900    1.3003813E-05    6.8828765E-03   -6.8828765E-03
 6.5000    1.3189899E-05    7.0029019E-03   -7.0029019E-03
 6.5100    1.3383301E-05    7.1274649E-03   -7.1274649E-03
 6.5200    1.3452663E-05    7.1864320E-03   -7.1864320E-03
 6.5300    1.3312620E-05    7.1334523E-03   -7.1334523E-03
 6.5400    1.2948776E-05    6.9597568E-03   -6.9597568E-03
 6.5500    1.2415452E-05    6.6935266E-03   -6.6935266E-03
 6.5600    1.1811750E-05    6.3875128E-03   -6.3875128E-03
 6.5700    1.1246619E-05    6.1004598E-03   -6.1004598E-03
 6.5800    1.0802992E-05    5.8776768E-03   -5.8776768E-03
 6.5900    1.0512920E-05    5.7372536E-03   -5.7372536E-03
 6.6000    1.0355417E-05    5.6684631E-03   -5.6684631E-03
 6.6100    1.0277833E-05    5.6430556E-03   -5.6430556E-03
 6.6200    1.0226192E-05    5.6317037E-03   -5.6317037E-03
 6.6300    1.0166303E-05    5.6156490E-03   -5.6156490E-03
 6.6400    1.0088774E-05    5.5896473E-03   -5.5896473E-03
 6.6500    1.0003606E-05    5.5591671E-03   -5.5591671E-03
 6.6600    9.9320278E-06    5.5360022E-03   -5.5360022E-03
 6.6700    9.8978943E-06    5.5335565E-03   -5.5335565E-03
 6.6800    9.9174938E-06    5.5611515E-03   -5.5611515E-03
 6.6900    9.9886555E-06    5.6178370E-03   -5.6178370E-03
 6.7000    1.0084387E-05    5.6886470E-03   -5.6886470E-03
 6.7100    1.0157633E-05    5.7470822E-03   -5.7470822E-03
 6.7200    1.0158775E-05    5.7648732E-03   -5.7648732E-03
 6.7300    1.0058393E-05    5.7249093E-03   -5.7249093E-03
 6.7400    9.8620505E-06    5.6298507E-03   -5.6298507E-03
 6.7500    9.6075739E-06    5.5008670E-03   -5.5008670E-03
 6.7600    9.3462135E-06    5.3670909E-03   -5.3670909E-03
 6.7700    9.1189587E-06    5.2520935E-03   -5.2520935E-03
 6.7800    8.9412840E-06    5.1649859E-03   -5.1649859E-03
 6.7900    8.8031954E-06    5.1002299E-03   -5.1002299E-03
 6.8000    8.6819059E-06    5.0447862E-03   -5.0447862E-03
 6.8100    8.5581299E-06    4.9875006E-03   -4.9875006E-03
 6.8200    8.4266533E-06    4.9253119E-03   -4.9253119E-03
 6.8300    8.2960573E-06    4.8632099E-03   -4.8632099E-03
 6.8400    8.1786221E-06    4.8084180E-03   -4.8084180E-03
 6.8500    8.0773807E-06    4.7627914E-03   -4.7627914E-03
 6.8600    7.9800118E-06    4.7191266E-03   -4.7191266E-03
 6.8700    7.8654405E-06    4.6649435E-03   -4.6649435E-03
 6.8800    7.7196123E-06    4.5917923E-03   -4.5917923E-03
 6.8900    7.5488282E-06    4.5032686E-03   -4.5032686E-03
 6.9000    7.3795575E-06    4.4150778E-03   -4.4150778E-03
 6.9100    7.2435367E-06    4.3462692E-03   -4.3462692E-03
 6.9200    7.1589817E-06    4.3079763E-03   -4.3079763E-03
 6.9300    7.1223502E-06    4.2983290E-03   -4.2983290E-03
 6.9400    7.1154761E-06    4.3065825E-03   -4.3065825E-03
 6.9500    7.1183305E-06    4.3207349E-03   -4.3207349E-03
 6.9600    7.1139181E-06    4.3304916E-03   -4.3304916E-03
 6.9700    7.0838688E-06    4.3245999E-03   -4.3245999E-03
 6.9800    7.0063617E-06    4.2895651E-03   -4.2895651E-03
 6.9900    6.8647733E-06    4.2149305E-03   -4.2149305E-03
 7.0000    6.6597086E-06    4.1007300E-03   -4.1007300E-03
 7.0100    6.4100606E-06    3.9582939E-03   -3.9582939E-03
 7.0200    6.1405111E-06    3.8026698E-03   -3.8026698E-03
 7.0300    5.8686245E-06    3.6446585E-03   -3.6446585E-03
 7.0400    5.6047751E-06    3.4907068E-03   -3.4907068E-03
 7.0500    5.3629632E-06    3.3495998E-03   -3.3495998E-03
 7.0600    5.1680311E-06    3.2370126E-03   -3.2370126E-03
 7.0700    5.0481497E-06    3.1708881E-03   -3.1708881E-03
 7.0800    5.0163534E-06    3.1598357E-03   -3.1598357E-03
 7.0900    5.0564318E-06    3.1940851E-03   -3.1940851E-03
 7.1000    5.1261719E-06    3.2472799E-03   -3.2472799E-03
 7.1100    5.1772570E-06    3.2888858E-03   -3.2888858E-03
 7.1200    5.1781253E-06    3.2986968E-03   -3.2986968E-03
 7.1300    5.1246230E-06    3.2737902E-03   -3.2737902E-03
 7.1400    5.0337465E-06    3.2247617E-03   -3.2247617E-03
 7.1500    4.9283309E-06    3.1660794E-03   -3.1660794E-03
 7.1600    4.8246585E-06    3.1081537E-03   -3.1081537E-03
 7.1700    4.7291744E-06    3.0551568E-03   -3.0551568E-03
 7.1800    4.6423093E-06    3.0074113E-03   -3.0074113E-03
 7.1900    4.5639427E-06    2.9648848E-03   -2.9648848E-03
 7.2000    4.4965491E-06    2.9292349E-03   -2.9292349E-03
 7.2100    4.4448798E-06    2.9036243E-03   -2.9036243E-03
 7.2200    4.4129613E-06    2.8907756E-03   -2.8907756E-03
 7.2300    4.4001638E-06    2.8903824E-03   -2.8903824E-03
 7.2400    4.3984172E-06    2.8972330E-03   -2.8972330E-03
 7.2500    4.3924837E-06    2.9013227E-03   -2.9013227E-03
 7.2600    4.3644109E-06    2.8907381E-03   -2.8907381E-03
 7.2700    4.3012798E-06    2.8567773E-03   -2.8567773E-03
 7.2800    4.2025065E-06    2.7988590E-03   -2.7988590E-03
 7.2900    4.0817053E-06    2.7258790E-03   -2.7258790E-03
 7.3000    3.9607440E-06    2.6523593E-03   -2.6523593E-03
 7.3100    3.8589269E-06    2.5912611E-03   -2.5912611E-03
 7.3200    3.7839476E-06    2.5478692E-03   -2.5478692E-03
 7.3300    3.7300617E-06    2.5184528E-03   -2.5184528E-03
 7.3400    3.6837929E-06    2.4940042E-03   -2.4940042E-03
 7.3500    3.6325762E-06    2.4660352E-03   -2.4660352E-03
 7.3600    3.5706865E-06    2.4306208E-03   -2.4306208E-03
 7.3700    3.4997958E-06    2.3888426E-03   -2.3888426E-03
 7.3800    3.4255871E-06    2.3445398E-03   -2.3445398E-03
 7.3900    3.3537142E-06    2.3015732E-03   -2.3015732E-03
 7.4000    3.2872998E-06    2.2621042E-03   -2.2621042E-03
 7.4100    3.2262470E-06    2.2260960E-03   -2.2260960E-03
 7.4200    3.1679979E-06    2.1918083E-03   -2.1918083E-03
 7.4300    3.1096280E-06    2.1572274E-03   -2.1572274E-03
 7.4400    3.0506803E-06    2.1220345E-03   -2.1220345E-03
 7.4500    2.9949339E-06    2.0888615E-03   -2.0888615E-03
 7.4600    2.9492071E-06    2.0624945E-03   -2.0624945E-03
 7.4700    2.9192781E-06    2.0470410E-03   -2.0470410E-03
 7.4800    2.9055466E-06    2.0428708E-03   -2.0428708E-03
 7.4900    2.9016743E-06    2.0456068E-03   -2.0456068E-03
 7.5000    2.8973422E-06    2.0480105E-03   -2.0480105E-03
 7.5100    2.8833241E-06    2.0435403E-03   -2.0435403E-03
 7.5200    2.8557720E-06    2.0294066E-03   -2.0294066E-03
 7.5300    2.8173986E-06    2.0074656E-03   -2.0074656E-03
 7.5400    2.7749168E-06    1.9824513E-03   -1.9824513E-03
 7.5500    2.7340219E-06    1.9584196E-03   -1.9584196E-03
 7.5600    2.6952190E-06    1.9357422E-03   -1.9357422E-03
 7.5700    2.6540968E-06    1.9112539E-03   -1.9112539E-03
 7.5800    2.6063290E-06    1.8818176E-03   -1.8818176E-03
 7.5900    2.5529553E-06    1.8481475E-03   -1.8481475E-03
 7.6000    2.5006730E-06    1.8150724E-03   -1.8150724E-03
 7.6100    2.4565524E-06    1.7877435E-03   -1.7877435E-03
 7.6200    2.4219707E-06    1.7672121E-03   -1.7672121E-03
 7.6300    2.3912353E-06    1.7493683E-03   -1.7493683E-03
 7.6400    2.3560984E-06    1.7281841E-03   -1.7281841E-03
 7.6500    2.3123039E-06    1.7005039E-03   -1.7005039E-03
 7.6600    2.2627822E-06    1.6684383E-03   -1.6684383E-03
 7.6700    2.2152516E-06    1.6376597E-03   -1.6376597E-03
 7.6800    2.1768294E-06    1.6134544E-03   -1.6134544E-03
 7.6900    2.1502383E-06    1.5978983E-03   -1.5978983E-03
 7.7000    2.1337904E-06    1.5898022E-03   -1.5898022E-03
 7.7100    2.1236326E-06    1.5863463E-03   -1.5863463E-03
 7.7200    2.1155888E-06    1.5844397E-03   -1.5844397E-03
 7.7300    2.1057069E-06    1.5811271E-03   -1.5811271E-03
 7.7400    2.0905554E-06    1.5738142E-03   -1.5738142E-03
 7.7500    2.0681928E-06    1.5610050E-03   -1.5610050E-03
 7.7600    2.0391858E-06    1.5430859E-03   -1.5430859E-03
 7.7700    2.0063092E-06    1.5221231E-03   -1.5221231E-03
 7.7800    1.9726444E-06    1.5004373E-03   -1.5004373E-03
 7.7900    1.9394592E-06    1.4789906E-03   -1.4789906E-03
 7.8000    1.9056809E-06    1.4569655E-03   -1.4569655E-03
 7.8100    1.8695350E-06    1.4329978E-03   -1.4329978E-03
 7.8200    1.8311114E-06    1.4071427E-03   -1.4071427E-03
 7.8300    1.7937380E-06    1.3819502E-03   -1.3819502E-03
 7.8400    1.7628177E-06    1.3615995E-03   -1.3615995E-03
 7.8500    1.7427184E-06    1.3495109E-03   -1.3495109E-03
 7.8600    1.7338786E-06    1.3460886E-03   -1.3460886E-03
 7.8700    1.7321147E-06    1.3481431E-03   -1.3481431E-03
 7.8800    1.7303806E-06    1.3502181E-03   -1.3502181E-03
 7.8900    1.7216342E-06    1.3468051E-03   -1.3468051E-03
 7.9000    1.7013195E-06    1.3342890E-03   -1.3342890E-03
 7.9100    1.6687368E-06    1.3120509E-03   -1.3120509E-03
 7.9200    1.6270607E-06    1.2825195E-03   -1.2825195E-03
 7.9300    1.5819983E-06    1.2501504E-03   -1.2501504E-03
 7.9400    1.5397144E-06    1.2198068E-03   -1.2198068E-03
 7.9500    1.5051907E-06    1.1954616E-03   -1.1954616E-03
 7.9600    1.4816121E-06    1.1796971E-03   -1.1796971E-03
 7.9700    1.4701850E-06    1.1735416E-03   -1.1735416E-03
 7.9800    1.4697237E-06    1.1761192E-03   -1.1761192E-03
 7.9900    1.4765499E-06    1.1845450E-03   -1.1845450E-03
 8.0000    1.4856963E-06    1.1948679E-03   -1.1948679E-03
 8.0100    1.4929926E-06    1.2037396E-03   -1.2037396E-03
 8.0200    1.4962717E-06    1.2093975E-03   -1.2093975E-03
 8.0300    1.4948507E-06    1.2112639E-03   -1.2112639E-03
 8.0400    1.4884623E-06    1.2090933E-03   -1.2090933E-03
 8.0500    1.4770545E-06    1.2028131E-03   -1.2028131E-03
 8.0600    1.4612163E-06    1.1928737E-03   -1.1928737E-03
 8.0700    1.4420696E-06    1.1801661E-03   -1.1801661E-03
 8.0800    1.4204170E-06    1.1653287E-03   -1.1653287E-03
 8.0900    1.3960354E-06    1.1481624E-03   -1.1481624E-03
 8.1000    1.3678144E-06    1.1277351E-03   -1.1277351E-03
 8.1100    1.3346541E-06    1.1031137E-03   -1.1031137E-03
 8.1200    1.2967271E-06    1.0744111E-03   -1.0744111E-03
 8.1300    1.2566645E-06    1.0437832E-03   -1.0437832E-03
 8.1400    1.2198861E-06    1.0157292E-03   -1.0157292E-03
 8.1500    1.1931793E-06    9.9593457E-04   -9.9593457E-04
 8.1600    1.1816177E-06    9.8870602E-04   -9.8870602E-04
 8.1700    1.1855101E-06    9.9439567E-04   -9.9439567E-04
 8.1800    1.1995252E-06    1.0086160E-03   -1.0086160E-03
 8.1900    1.2146537E-06    1.0238354E-03   -1.0238354E-03
 8.2000    1.2217035E-06    1.0322940E-03   -1.0322940E-03
 8.2100    1.2144203E-06    1.0286442E-03   -1.0286442E-03
 8.2200    1.1910951E-06    1.0113464E-03   -1.0113464E-03
 8.2300    1.1544253E-06    9.8259687E-04   -9.8259687E-04
 8.2400    1.1099515E-06    9.4703989E-04   -9.4703989E-04
 8.2500    1.0638991E-06    9.0995138E-04   -9.0995138E-04
 8.2600    1.0215609E-06    8.7585906E-04   -8.7585906E-04
 8.2700    9.8690613E-07    8.4819700E-04   -8.4819700E-04
 8.2800    9.6311430E-07    8.2975212E-04   -8.2975212E-04
 8.2900    9.5305870E-07    8.2307342E-04   -8.2307342E-04
 8.3000    9.5887458E-07    8.3009511E-04   -8.3009511E-04
 8.3100    9.8044840E-07    8.5081797E-04   -8.5081797E-04
 8.3200    1.0135309E-06    8.8164450E-04   -8.8164450E-04
 8.3300    1.0487919E-06    9.1451158E-04   -9.1451158E-04
 8.3400    1.0731367E-06    9.3798745E-04   -9.3798745E-04
 8.3500    1.0737481E-06    9.4077380E-04   -9.4077380E-04
 8.3600    1.0436058E-06    9.1655579E-04   -9.1655579E-04
 8.3700    9.8545319E-07    8.6755453E-04   -8.6755453E-04
 8.3800    9.1116639E-07    8.0407321E-04   -8.0407321E-04
 8.3900    8.3629276E-07    7.3976217E-04   -7.3976217E-04
 8.4000    7.7317968E-07    6.8556536E-04   -6.8556536E-04
 8.4100    7.2706085E-07    6.4620842E-04   -6.4620842E-04
 8.4200    6.9682229E-07    6.2080625E-04   -6.2080625E-04
 8.4300    6.7872750E-07    6.0612257E-04   -6.0612257E-04
 8.4400    6.6998003E-07    5.9973116E-04   -5.9973116E-04
 8.4500    6.6986203E-07    6.0104729E-04   -6.0104729E-04
 8.4600    6.7811209E-07    6.0989079E-04   -6.0989079E-04
 8.4700    6.9222751E-07    6.2405884E-04   -6.2405884E-04
 8.4800    7.0641984E-07    6.3835822E-04   -6.3835822E-04
 8.4900    7.1379719E-07    6.4654697E-04   -6.4654697E-04
 8.5000    7.1038501E-07    6.4497296E-04   -6.4497296E-04
 8.5100    6.9755539E-07    6.3481574E-04   -6.3481574E-04
 8.5200    6.8067757E-07    6.2091263E-04   -6.2091263E-04
 8.5300    6.6520396E-07    6.0822288E-04   -6.0822288E-04
 8.5400    6.5342453E-07    5.9885412E-04   -5.9885412E-04
 8.5500    6.4401742E-07    5.9161572E-04   -5.9161572E-04
 8.5600    6.3402070E-07    5.8379562E-04   -5.8379562E-04
 8.5700    6.2141010E-07    5.7352165E-04   -5.7352165E-04
 8.5800    6.0659244E-07    5.6115319E-04   -5.6115319E-04
 8.5900    5.9201807E-07    5.4894794E-04   -5.4894794E-04
 8.6000    5.8031973E-07    5.3935425E-04   -5.3935425E-04
 8.6100    5.7251504E-07    5.3333866E-04   -5.3333866E-04
 8.6200    5.6784303E-07    5.3021583E-04   -5.3021583E-04
 8.6300    5.6525443E-07    5.2902406E-04   -5.2902406E-04
 8.6400    5.6484752E-07    5.2986908E-04   -5.2986908E-04
 8.6500    5.6763685E-07    5.3371900E-04   -5.3371900E-04
 8.6600    5.7394059E-07    5.4089453E-04   -5.4089453E-04
 8.6700    5.8218675E-07    5.4993375E-04   -5.4993375E-04
 8.6800    5.8939414E-07    5.5802690E-04   -5.5802690E-04
 8.6900    5.9276787E-07    5.6251496E-04   -5.6251496E-04
 8.7000    5.9087795E-07    5.6201273E-04   -5.6201273E-04
 8.7100    5.8366419E-07    5.5642832E-04   -5.5642832E-04
 8.7200    5.7184144E-07    5.4640977E-04   -5.4640977E-04
 8.7300    5.5654514E-07    5.3301415E-04   -5.3301415E-04
 8.7400    5.3923054E-07    5.1761542E-04   -5.1761542E-04
 8.7500    5.2132432E-07    5.0157278E-04   -5.0157278E-04
 8.7600    5.0365866E-07    4.8568465E-04   -4.8568465E-04
 8.7700    4.8630976E-07    4.7002617E-04   -4.7002617E-04
 8.7800    4.6906683E-07    4.5439507E-04   -4.5439507E-04
 8.7900    4.5199824E-07    4.3885834E-04   -4.3885834E-04
 8.8000    4.3558832E-07    4.2388830E-04   -4.2388830E-04
