# total charge: 11.000000 
# r(A)     rho (e/A^3)     4*pi*r^2*rho(e/A)  dip  
 0.0000    4.7303042E-01    0.0000000E+00    8.7767302E+01
 0.0100    4.7608023E-01    5.9826006E-04    8.7328962E+01
 0.0200    4.7993153E-01    2.4123990E-03    8.6026980E+01
 0.0300    4.8474366E-01    5.4823217E-03    8.3899837E+01
 0.0400    4.9068435E-01    9.8657941E-03    8.1009565E+01
 0.0500    4.9793558E-01    1.5643108E-02    7.7438729E+01
 0.0600    5.0669722E-01    2.2922442E-02    7.3286490E+01
 0.0700    5.1716996E-01    3.1844852E-02    6.8664020E+01
 0.0800    5.2951414E-01    4.2586054E-02    6.3689556E+01
 0.0900    5.4380783E-01    5.5352895E-02    5.8483402E+01
 0.1000    5.6003417E-01    7.0375969E-02    5.3163183E+01
 0.1100    5.7810441E-01    8.7902559E-02    4.7839576E+01
 0.1200    5.9789781E-01    1.0819304E-01    4.2612739E+01
 0.1300    6.1929482E-01    1.3152067E-01    3.7569570E+01
 0.1400    6.4219181E-01    1.5817240E-01    3.2781870E+01
 0.1500    6.6649819E-01    1.8844792E-01    2.8305423E+01
 0.1600    6.9212380E-01    2.2265559E-01    2.4179928E+01
 0.1700    7.1896751E-01    2.6110607E-01    2.0429691E+01
 0.1800    7.4691699E-01    3.0410756E-01    1.7064927E+01
 0.1900    7.7586052E-01    3.5196600E-01    1.4083513E+01
 0.2000    8.0570156E-01    4.0498977E-01    1.1473023E+01
 0.2100    8.3636371E-01    4.6349348E-01    9.2128976E+00
 0.2200    8.6778354E-01    5.2779665E-01    7.2766138E+00
 0.2300    8.9989889E-01    5.9821769E-01    5.6337306E+00
 0.2400    9.3264000E-01    6.7506624E-01    4.2517304E+00
 0.2500    9.6592369E-01    7.5863470E-01    3.0975914E+00
 0.2600    9.9964758E-01    8.4918728E-01    2.1390660E+00
 0.2700    1.0336869E+00    9.4694857E-01    1.3456571E+00
 0.2800    1.0679006E+00    1.0520994E+00    6.8929998E-01
 0.2900    1.1021502E+00    1.1647873E+00    1.4476981E-01
 0.3000    1.1363216E+00    1.2851494E+00   -3.1014278E-01
 0.3100    1.1703351E+00    1.4133296E+00   -6.9462945E-01
 0.3200    1.2041311E+00    1.5494715E+00   -1.0249721E+00
 0.3300    1.2376390E+00    1.6936815E+00   -1.3147163E+00
 0.3400    1.2707531E+00    1.8459880E+00   -1.5748998E+00
 0.3500    1.3033363E+00    2.0063304E+00   -1.8143402E+00
 0.3600    1.3352511E+00    2.1745922E+00   -2.0399738E+00
 0.3700    1.3663903E+00    2.3506505E+00   -2.2571989E+00
 0.3800    1.3966841E+00    2.5344006E+00   -2.4701723E+00
 0.3900    1.4260848E+00    2.7257401E+00   -2.6820359E+00
 0.4000    1.4545433E+00    2.9245328E+00   -2.8950902E+00
 0.4100    1.4819926E+00    3.1305715E+00   -3.1109339E+00
 0.4200    1.5083382E+00    3.3435451E+00   -3.3305776E+00
 0.4300    1.5334581E+00    3.5630236E+00   -3.5545459E+00
 0.4400    1.5572221E+00    3.7884867E+00   -3.7829994E+00
 0.4500    1.5795294E+00    4.0194127E+00   -4.0158963E+00
 0.4600    1.6003432E+00    4.2553829E+00   -4.2531519E+00
 0.4700    1.6196891E+00    4.4961133E+00   -4.4947120E+00
 0.4800    1.6376092E+00    4.7413565E+00   -4.7404850E+00
 0.4900    1.6541006E+00    4.9907286E+00   -4.9901921E+00
 0.5000    1.6690903E+00    5.2436019E+00   -5.2432748E+00
 0.5100    1.6824680E+00    5.4991684E+00   -5.4989710E+00
 0.5200    1.6941518E+00    5.7566372E+00   -5.7565193E+00
 0.5300    1.7041288E+00    6.0153933E+00   -6.0153236E+00
 0.5400    1.7124338E+00    6.2749632E+00   -6.2749224E+00
 0.5500    1.7190838E+00    6.5347997E+00   -6.5347760E+00
 0.5600    1.7240265E+00    6.7940676E+00   -6.7940540E+00
 0.5700    1.7271495E+00    7.0516297E+00   -7.0516220E+00
 0.5800    1.7283432E+00    7.3062721E+00   -7.3062678E+00
 0.5900    1.7275725E+00    7.5570129E+00   -7.5570105E+00
 0.6000    1.7249029E+00    7.8032771E+00   -7.8032757E+00
 0.6100    1.7204707E+00    8.0448292E+00   -8.0448285E+00
 0.6200    1.7144221E+00    8.2815378E+00   -8.2815374E+00
 0.6300    1.7068654E+00    8.5131489E+00   -8.5131487E+00
 0.6400    1.6978601E+00    8.7392007E+00   -8.7392006E+00
 0.6500    1.6874306E+00    8.9590610E+00   -8.9590609E+00
 0.6600    1.6755768E+00    9.1719582E+00   -9.1719581E+00
 0.6700    1.6622702E+00    9.3769392E+00   -9.3769391E+00
 0.6800    1.6474554E+00    9.5728524E+00   -9.5728524E+00
 0.6900    1.6310808E+00    9.7585100E+00   -9.7585100E+00
 0.7000    1.6131513E+00    9.9330137E+00   -9.9330137E+00
 0.7100    1.5937638E+00    1.0096027E+01   -1.0096027E+01
 0.7200    1.5730950E+00    1.0247780E+01   -1.0247780E+01
 0.7300    1.5513493E+00    1.0388795E+01   -1.0388795E+01
 0.7400    1.5286987E+00    1.0519503E+01   -1.0519503E+01
 0.7500    1.5052442E+00    1.0639945E+01   -1.0639945E+01
 0.7600    1.4810140E+00    1.0749697E+01   -1.0749697E+01
 0.7700    1.4559911E+00    1.0848009E+01   -1.0848009E+01
 0.7800    1.4301523E+00    1.0934057E+01   -1.0934057E+01
 0.7900    1.4034944E+00    1.1007146E+01   -1.1007146E+01
 0.8000    1.3760477E+00    1.1066832E+01   -1.1066832E+01
 0.8100    1.3478819E+00    1.1113011E+01   -1.1113011E+01
 0.8200    1.3191101E+00    1.1145989E+01   -1.1145989E+01
 0.8300    1.2898748E+00    1.1166411E+01   -1.1166411E+01
 0.8400    1.2603099E+00    1.1174955E+01   -1.1174955E+01
 0.8500    1.2304998E+00    1.1171957E+01   -1.1171957E+01
 0.8600    1.2004679E+00    1.1157254E+01   -1.1157254E+01
 0.8700    1.1702085E+00    1.1130422E+01   -1.1130422E+01
 0.8800    1.1397359E+00    1.1091223E+01   -1.1091223E+01
 0.8900    1.1091120E+00    1.1039903E+01   -1.1039903E+01
 0.9000    1.0784376E+00    1.0977158E+01   -1.0977158E+01
 0.9100    1.0478225E+00    1.0903862E+01   -1.0903862E+01
 0.9200    1.0173589E+00    1.0820809E+01   -1.0820809E+01
 0.9300    9.8710623E-01    1.0728516E+01   -1.0728516E+01
 0.9400    9.5708362E-01    1.0627117E+01   -1.0627117E+01
 0.9500    9.2727367E-01    1.0516349E+01   -1.0516349E+01
 0.9600    8.9765013E-01    1.0395836E+01   -1.0395836E+01
 0.9700    8.6822961E-01    1.0265685E+01   -1.0265685E+01
 0.9800    8.3911751E-01    1.0127093E+01   -1.0127093E+01
 0.9900    8.1050819E-01    9.9824619E+00   -9.9824619E+00
 1.0000    7.8262472E-01    9.8347523E+00   -9.8347523E+00
 1.0100    7.5562053E-01    9.6862654E+00   -9.6862654E+00
 1.0200    7.2948689E-01    9.5373495E+00   -9.5373495E+00
 1.0300    7.0401765E-01    9.3857257E+00   -9.3857257E+00
 1.0400    6.7887473E-01    9.2271204E+00   -9.2271204E+00
 1.0500    6.5374928E-01    9.0573195E+00   -9.0573195E+00
 1.0600    6.2853246E-01    8.8746107E+00   -8.8746107E+00
 1.0700    6.0337568E-01    8.6809093E+00   -8.6809093E+00
 1.0800    5.7859564E-01    8.4807163E+00   -8.4807163E+00
 1.0900    5.5450714E-01    8.2788498E+00   -8.2788498E+00
 1.1000    5.3131202E-01    8.0787632E+00   -8.0787632E+00
 1.1100    5.0909597E-01    7.8823458E+00   -7.8823458E+00
 1.1200    4.8788147E-01    7.6906001E+00   -7.6906001E+00
 1.1300    4.6766280E-01    7.5041167E+00   -7.5041167E+00
 1.1400    4.4840476E-01    7.3230126E+00   -7.3230126E+00
 1.1500    4.3003691E-01    7.1467942E+00   -7.1467942E+00
 1.1600    4.1246979E-01    6.9745789E+00   -6.9745789E+00
 1.1700    3.9562274E-01    6.8055438E+00   -6.8055438E+00
 1.1800    3.7943773E-01    6.6391793E+00   -6.6391793E+00
 1.1900    3.6387240E-01    6.4751958E+00   -6.4751958E+00
 1.2000    3.4888787E-01    6.3133262E+00   -6.3133262E+00
 1.2100    3.3444791E-01    6.1533141E+00   -6.1533141E+00
 1.2200    3.2052932E-01    5.9951117E+00   -5.9951117E+00
 1.2300    3.0713132E-01    5.8390768E+00   -5.8390768E+00
 1.2400    2.9427338E-01    5.6859655E+00   -5.6859655E+00
 1.2500    2.8198164E-01    5.5366966E+00   -5.5366966E+00
 1.2600    2.7027151E-01    5.3920165E+00   -5.3920165E+00
 1.2700    2.5913543E-01    5.2522345E+00   -5.2522345E+00
 1.2800    2.4854121E-01    5.1171508E+00   -5.1171508E+00
 1.2900    2.3844135E-01    4.9862134E+00   -4.9862134E+00
 1.3000    2.2878917E-01    4.8588337E+00   -4.8588337E+00
 1.3100    2.1955289E-01    4.7346907E+00   -4.7346907E+00
 1.3200    2.1071919E-01    4.6138324E+00   -4.6138324E+00
 1.3300    2.0228441E-01    4.4965098E+00   -4.4965098E+00
 1.3400    1.9424098E-01    4.3828874E+00   -4.3828874E+00
 1.3500    1.8657077E-01    4.2728830E+00   -4.2728830E+00
 1.3600    1.7925147E-01    4.1662988E+00   -4.1662988E+00
 1.3700    1.7227295E-01    4.0631990E+00   -4.0631990E+00
 1.3800    1.6565253E-01    3.9642964E+00   -3.9642964E+00
 1.3900    1.5943484E-01    3.8709957E+00   -3.8709957E+00
 1.4000    1.5366519E-01    3.7847869E+00   -3.7847869E+00
 1.4100    1.4834294E-01    3.7060816E+00   -3.7060816E+00
 1.4200    1.4338568E-01    3.6332254E+00   -3.6332254E+00
 1.4300    1.3864241E-01    3.5626899E+00   -3.5626899E+00
 1.4400    1.3396154E-01    3.4907198E+00   -3.4907198E+00
 1.4500    1.2926995E-01    3.4154148E+00   -3.4154148E+00
 1.4600    1.2460254E-01    3.3376629E+00   -3.3376629E+00
 1.4700    1.2006328E-01    3.2602788E+00   -3.2602788E+00
 1.4800    1.1575641E-01    3.1862388E+00   -3.1862388E+00
 1.4900    1.1174326E-01    3.1174805E+00   -3.1174805E+00
 1.5000    1.0804512E-01    3.0549039E+00   -3.0549039E+00
 1.5100    1.0466756E-01    2.9989959E+00   -2.9989959E+00
 1.5200    1.0160873E-01    2.9500411E+00   -2.9500411E+00
 1.5300    9.8837100E-02    2.9074531E+00   -2.9074531E+00
 1.5400    9.6261084E-02    2.8688118E+00   -2.8688118E+00
 1.5500    9.3731588E-02    2.8298228E+00   -2.8298228E+00
 1.5600    9.1095972E-02    2.7858532E+00   -2.7858532E+00
 1.5700    8.8271887E-02    2.7342082E+00   -2.7342082E+00
 1.5800    8.5283763E-02    2.6754103E+00   -2.6754103E+00
 1.5900    8.2237109E-02    2.6125941E+00   -2.6125941E+00
 1.6000    7.9260895E-02    2.5498158E+00   -2.5498158E+00
 1.6100    7.6463260E-02    2.4906599E+00   -2.4906599E+00
 1.6200    7.3914316E-02    2.4376338E+00   -2.4376338E+00
 1.6300    7.1642365E-02    2.3919659E+00   -2.3919659E+00
 1.6400    6.9634726E-02    2.3535500E+00   -2.3535500E+00
 1.6500    6.7847097E-02    2.3211811E+00   -2.3211811E+00
 1.6600    6.6220479E-02    2.2930755E+00   -2.2930755E+00
 1.6700    6.4694318E-02    2.2672998E+00   -2.2672998E+00
 1.6800    6.3209840E-02    2.2418839E+00   -2.2418839E+00
 1.6900    6.1712490E-02    2.2149113E+00   -2.2149113E+00
 1.7000    6.0164479E-02    2.1849820E+00   -2.1849820E+00
 1.7100    5.8562890E-02    2.1519124E+00   -2.1519124E+00
 1.7200    5.6945106E-02    2.1170112E+00   -2.1170112E+00
 1.7300    5.5370304E-02    2.0824711E+00   -2.0824711E+00
 1.7400    5.3887505E-02    2.0502010E+00   -2.0502010E+00
 1.7500    5.2513516E-02    2.0209569E+00   -2.0209569E+00
 1.7600    5.1234679E-02    1.9943401E+00   -1.9943401E+00
 1.7700    5.0025674E-02    1.9694699E+00   -1.9694699E+00
 1.7800    4.8867397E-02    1.9456695E+00   -1.9456695E+00
 1.7900    4.7751582E-02    1.9226653E+00   -1.9226653E+00
 1.8000    4.6673238E-02    1.9003028E+00   -1.9003028E+00
 1.8100    4.5621165E-02    1.8781635E+00   -1.8781635E+00
 1.8200    4.4577301E-02    1.8555233E+00   -1.8555233E+00
 1.8300    4.3528310E-02    1.8318244E+00   -1.8318244E+00
 1.8400    4.2481423E-02    1.8073596E+00   -1.8073596E+00
 1.8500    4.1469375E-02    1.7835316E+00   -1.7835316E+00
 1.8600    4.0535360E-02    1.7622592E+00   -1.7622592E+00
 1.8700    3.9706545E-02    1.7448382E+00   -1.7448382E+00
 1.8800    3.8977364E-02    1.7311632E+00   -1.7311632E+00
 1.8900    3.8316354E-02    1.7199572E+00   -1.7199572E+00
 1.9000    3.7688385E-02    1.7097184E+00   -1.7097184E+00
 1.9100    3.7070955E-02    1.6994577E+00   -1.6994577E+00
 1.9200    3.6453004E-02    1.6886733E+00   -1.6886733E+00
 1.9300    3.5825206E-02    1.6769232E+00   -1.6769232E+00
 1.9400    3.5177877E-02    1.6637304E+00   -1.6637304E+00
 1.9500    3.4509636E-02    1.6489955E+00   -1.6489955E+00
 1.9600    3.3834534E-02    1.6333611E+00   -1.6333611E+00
 1.9700    3.3176401E-02    1.6179742E+00   -1.6179742E+00
 1.9800    3.2554168E-02    1.6037876E+00   -1.6037876E+00
 1.9900    3.1971827E-02    1.5910487E+00   -1.5910487E+00
 2.0000    3.1420873E-02    1.5793853E+00   -1.5793853E+00
 2.0100    3.0890412E-02    1.5682875E+00   -1.5682875E+00
 2.0200    3.0375186E-02    1.5575125E+00   -1.5575125E+00
 2.0300    2.9877310E-02    1.5471892E+00   -1.5471892E+00
 2.0400    2.9404440E-02    1.5377407E+00   -1.5377407E+00
 2.0500    2.8967459E-02    1.5297765E+00   -1.5297765E+00
 2.0600    2.8576413E-02    1.5238844E+00   -1.5238844E+00
 2.0700    2.8232046E-02    1.5201726E+00   -1.5201726E+00
 2.0800    2.7915727E-02    1.5176984E+00   -1.5176984E+00
 2.0900    2.7587388E-02    1.5143038E+00   -1.5143038E+00
 2.1000    2.7199540E-02    1.5073358E+00   -1.5073358E+00
 2.1100    2.6722620E-02    1.4950434E+00   -1.4950434E+00
 2.1200    2.6164015E-02    1.4776990E+00   -1.4776990E+00
 2.1300    2.5565075E-02    1.4575254E+00   -1.4575254E+00
 2.1400    2.4977786E-02    1.4374454E+00   -1.4374454E+00
 2.1500    2.4438853E-02    1.4196053E+00   -1.4196053E+00
 2.1600    2.3958256E-02    1.4046644E+00   -1.4046644E+00
 2.1700    2.3525116E-02    1.3920701E+00   -1.3920701E+00
 2.1800    2.3121336E-02    1.3808159E+00   -1.3808159E+00
 2.1900    2.2732252E-02    1.3700631E+00   -1.3700631E+00
 2.2000    2.2350031E-02    1.3593565E+00   -1.3593565E+00
 2.2100    2.1971821E-02    1.3485296E+00   -1.3485296E+00
 2.2200    2.1596864E-02    1.3375392E+00   -1.3375392E+00
 2.2300    2.1225437E-02    1.3264053E+00   -1.3264053E+00
 2.2400    2.0859536E-02    1.3152567E+00   -1.3152567E+00
 2.2500    2.0503007E-02    1.3043450E+00   -1.3043450E+00
 2.2600    2.0159608E-02    1.2939242E+00   -1.2939242E+00
 2.2700    1.9830294E-02    1.2840760E+00   -1.2840760E+00
 2.2800    1.9512514E-02    1.2746554E+00   -1.2746554E+00
 2.2900    1.9202162E-02    1.2654091E+00   -1.2654091E+00
 2.3000    1.8895966E-02    1.2561301E+00   -1.2561301E+00
 2.3100    1.8592027E-02    1.2466960E+00   -1.2466960E+00
 2.3200    1.8288844E-02    1.2370068E+00   -1.2370068E+00
 2.3300    1.7984795E-02    1.2269509E+00   -1.2269509E+00
 2.3400    1.7678986E-02    1.2164631E+00   -1.2164631E+00
 2.3500    1.7372430E-02    1.2056081E+00   -1.2056081E+00
 2.3600    1.7068075E-02    1.1945888E+00   -1.1945888E+00
 2.3700    1.6769505E-02    1.1836595E+00   -1.1836595E+00
 2.3800    1.6479250E-02    1.1730087E+00   -1.1730087E+00
 2.3900    1.6197743E-02    1.1626799E+00   -1.1626799E+00
 2.4000    1.5923341E-02    1.1525679E+00   -1.1525679E+00
 2.4100    1.5653348E-02    1.1424868E+00   -1.1424868E+00
 2.4200    1.5385619E-02    1.1322845E+00   -1.1322845E+00
 2.4300    1.5119914E-02    1.1219454E+00   -1.1219454E+00
 2.4400    1.4858092E-02    1.1116103E+00   -1.1116103E+00
 2.4500    1.4602865E-02    1.1014888E+00   -1.1014888E+00
 2.4600    1.4355988E-02    1.0917248E+00   -1.0917248E+00
 2.4700    1.4117312E-02    1.0823202E+00   -1.0823202E+00
 2.4800    1.3885337E-02    1.0731728E+00   -1.0731728E+00
 2.4900    1.3658553E-02    1.0641755E+00   -1.0641755E+00
 2.5000    1.3436222E-02    1.0552784E+00   -1.0552784E+00
 2.5100    1.3217974E-02    1.0464590E+00   -1.0464590E+00
 2.5200    1.3002856E-02    1.0376472E+00   -1.0376472E+00
 2.5300    1.2788978E-02    1.0286953E+00   -1.0286953E+00
 2.5400    1.2574311E-02    1.0194396E+00   -1.0194396E+00
 2.5500    1.2358021E-02    1.0098088E+00   -1.0098088E+00
 2.5600    1.2141143E-02    9.9988340E-01   -9.9988340E-01
 2.5700    1.1925998E-02    9.8985333E-01   -9.8985333E-01
 2.5800    1.1714860E-02    9.7991041E-01   -9.7991041E-01
 2.5900    1.1508916E-02    9.7016101E-01   -9.7016101E-01
 2.6000    1.1308145E-02    9.6061181E-01   -9.6061181E-01
 2.6100    1.1111864E-02    9.5121306E-01   -9.5121306E-01
 2.6200    1.0919335E-02    9.4190831E-01   -9.4190831E-01
 2.6300    1.0730026E-02    9.3265740E-01   -9.3265740E-01
 2.6400    1.0543638E-02    9.2343898E-01   -9.2343898E-01
 2.6500    1.0360132E-02    9.1425409E-01   -9.1425409E-01
 2.6600    1.0179767E-02    9.0513001E-01   -9.0513001E-01
 2.6700    1.0002846E-02    8.9609895E-01   -8.9609895E-01
 2.6800    9.8291147E-03    8.8714346E-01   -8.8714346E-01
 2.6900    9.6572686E-03    8.7815005E-01   -8.7815005E-01
 2.7000    9.4852200E-03    8.6893002E-01   -8.6893002E-01
 2.7100    9.3111937E-03    8.5931780E-01   -8.5931780E-01
 2.7200    9.1349634E-03    8.4928702E-01   -8.4928702E-01
 2.7300    8.9583254E-03    8.3900006E-01   -8.3900006E-01
 2.7400    8.7844014E-03    8.2874928E-01   -8.2874928E-01
 2.7500    8.6161742E-03    8.1882242E-01   -8.1882242E-01
 2.7600    8.4552262E-03    8.0938147E-01   -8.0938147E-01
 2.7700    8.3015247E-03    8.0043720E-01   -8.0043720E-01
 2.7800    8.1542940E-03    7.9192822E-01   -7.9192822E-01
 2.7900    8.0131990E-03    7.8383418E-01   -7.8383418E-01
 2.8000    7.8788736E-03    7.7622935E-01   -7.7622935E-01
 2.8100    7.7522619E-03    7.6922066E-01   -7.6922066E-01
 2.8200    7.6329459E-03    7.6278170E-01   -7.6278170E-01
 2.8300    7.5174504E-03    7.5657729E-01   -7.5657729E-01
 2.8400    7.3991345E-03    7.4994163E-01   -7.4994163E-01
 2.8500    7.2708574E-03    7.4213893E-01   -7.4213893E-01
 2.8600    7.1296372E-03    7.3284033E-01   -7.3284033E-01
 2.8700    6.9802406E-03    7.2251031E-01   -7.2251031E-01
 2.8800    6.8344073E-03    7.1235372E-01   -7.1235372E-01
 2.8900    6.7051779E-03    7.0374586E-01   -7.0374586E-01
 2.9000    6.5995286E-03    6.9745915E-01   -6.9745915E-01
 2.9100    6.5139982E-03    6.9317594E-01   -6.9317594E-01
 2.9200    6.4360465E-03    6.8959601E-01   -6.8959601E-01
 2.9300    6.3502608E-03    6.8507271E-01   -6.8507271E-01
 2.9400    6.2457924E-03    6.7840973E-01   -6.7840973E-01
 2.9500    6.1209349E-03    6.6937835E-01   -6.6937835E-01
 2.9600    5.9826225E-03    6.5869578E-01   -6.5869578E-01
 2.9700    5.8417930E-03    6.4754346E-01   -6.4754346E-01
 2.9800    5.7079565E-03    6.3697597E-01   -6.3697597E-01
 2.9900    5.5860787E-03    6.2756583E-01   -6.2756583E-01
 3.0000    5.4765045E-03    6.1937807E-01   -6.1937807E-01
 3.0100    5.3765402E-03    6.1213294E-01   -6.1213294E-01
 3.0200    5.2821408E-03    6.0538788E-01   -6.0538788E-01
 3.0300    5.1892418E-03    5.9868590E-01   -5.9868590E-01
 3.0400    5.0949614E-03    5.9169504E-01   -5.9169504E-01
 3.0500    4.9986063E-03    5.8433039E-01   -5.8433039E-01
 3.0600    4.9019249E-03    5.7679219E-01   -5.7679219E-01
 3.0700    4.8082073E-03    5.6946862E-01   -5.6946862E-01
 3.0800    4.7205290E-03    5.6273246E-01   -5.6273246E-01
 3.0900    4.6399759E-03    5.5672734E-01   -5.5672734E-01
 3.1000    4.5647486E-03    5.5125192E-01   -5.5125192E-01
 3.1100    4.4907273E-03    5.4581733E-01   -5.4581733E-01
 3.1200    4.4133922E-03    5.3987296E-01   -5.3987296E-01
 3.1300    4.3300869E-03    5.3308339E-01   -5.3308339E-01
 3.1400    4.2412002E-03    5.2548211E-01   -5.2548211E-01
 3.1500    4.1495649E-03    5.1740847E-01   -5.1740847E-01
 3.1600    4.0586850E-03    5.0929496E-01   -5.0929496E-01
 3.1700    3.9710695E-03    5.0145952E-01   -5.0145952E-01
 3.1800    3.8875291E-03    4.9401229E-01   -4.9401229E-01
 3.1900    3.8074870E-03    4.8688866E-01   -4.8688866E-01
 3.2000    3.7298673E-03    4.7995797E-01   -4.7995797E-01
 3.2100    3.6539898E-03    4.7313738E-01   -4.7313738E-01
 3.2200    3.5799908E-03    4.6644831E-01   -4.6644831E-01
 3.2300    3.5085994E-03    4.5999032E-01   -4.5999032E-01
 3.2400    3.4405095E-03    4.5386077E-01   -4.5386077E-01
 3.2500    3.3757969E-03    4.4807725E-01   -4.4807725E-01
 3.2600    3.3137019E-03    4.4254608E-01   -4.4254608E-01
 3.2700    3.2528574E-03    4.3708952E-01   -4.3708952E-01
 3.2800    3.1918573E-03    4.3152009E-01   -4.3152009E-01
 3.2900    3.1299201E-03    4.2573064E-01   -4.2573064E-01
 3.3000    3.0672808E-03    4.1975055E-01   -4.1975055E-01
 3.3100    3.0050201E-03    4.1372640E-01   -4.1372640E-01
 3.3200    2.9444039E-03    4.0783398E-01   -4.0783398E-01
 3.3300    2.8861898E-03    4.0218255E-01   -4.0218255E-01
 3.3400    2.8303663E-03    3.9677604E-01   -3.9677604E-01
 3.3500    2.7763951E-03    3.9154416E-01   -3.9154416E-01
 3.3600    2.7236576E-03    3.8640339E-01   -3.8640339E-01
 3.3700    2.6717770E-03    3.8130270E-01   -3.8130270E-01
 3.3800    2.6207013E-03    3.7623638E-01   -3.7623638E-01
 3.3900    2.5705983E-03    3.7123035E-01   -3.7123035E-01
 3.4000    2.5216654E-03    3.6631538E-01   -3.6631538E-01
 3.4100    2.4739581E-03    3.6150221E-01   -3.6150221E-01
 3.4200    2.4273251E-03    3.5677139E-01   -3.5677139E-01
 3.4300    2.3814687E-03    3.5208132E-01   -3.5208132E-01
 3.4400    2.3360666E-03    3.4738572E-01   -3.4738572E-01
 3.4500    2.2908740E-03    3.4264883E-01   -3.4264883E-01
 3.4600    2.2457836E-03    3.3785470E-01   -3.3785470E-01
 3.4700    2.2008725E-03    3.3301492E-01   -3.3301492E-01
 3.4800    2.1564355E-03    3.2817450E-01   -3.2817450E-01
 3.4900    2.1129344E-03    3.2340500E-01   -3.2340500E-01
 3.5000    2.0708081E-03    3.1877615E-01   -3.1877615E-01
 3.5100    2.0302302E-03    3.1431809E-01   -3.1431809E-01
 3.5200    1.9910103E-03    3.1000499E-01   -3.1000499E-01
 3.5300    1.9527495E-03    3.0577769E-01   -3.0577769E-01
 3.5400    1.9151215E-03    3.0158708E-01   -3.0158708E-01
 3.5500    1.8780217E-03    2.9741796E-01   -2.9741796E-01
 3.5600    1.8414630E-03    2.9327353E-01   -2.9327353E-01
 3.5700    1.8053676E-03    2.8914251E-01   -2.8914251E-01
 3.5800    1.7695163E-03    2.8499057E-01   -2.8499057E-01
 3.5900    1.7337497E-03    2.8079228E-01   -2.8079228E-01
 3.6000    1.6982332E-03    2.7657454E-01   -2.7657454E-01
 3.6100    1.6634944E-03    2.7242415E-01   -2.7242415E-01
 3.6200    1.6301428E-03    2.6844335E-01   -2.6844335E-01
 3.6300    1.5984892E-03    2.6468713E-01   -2.6468713E-01
 3.6400    1.5683799E-03    2.6113429E-01   -2.6113429E-01
 3.6500    1.5393352E-03    2.5770854E-01   -2.5770854E-01
 3.6600    1.5108024E-03    2.5431952E-01   -2.5431952E-01
 3.6700    1.4823013E-03    2.5088719E-01   -2.5088719E-01
 3.6800    1.4534643E-03    2.4734884E-01   -2.4734884E-01
 3.6900    1.4241150E-03    2.4367314E-01   -2.4367314E-01
 3.7000    1.3944173E-03    2.3988664E-01   -2.3988664E-01
 3.7100    1.3649269E-03    2.3608429E-01   -2.3608429E-01
 3.7200    1.3363927E-03    2.3239664E-01   -2.3239664E-01
 3.7300    1.3093883E-03    2.2892645E-01   -2.2892645E-01
 3.7400    1.2840331E-03    2.2569881E-01   -2.2569881E-01
 3.7500    1.2599837E-03    2.2265751E-01   -2.2265751E-01
 3.7600    1.2366573E-03    2.1970246E-01   -2.1970246E-01
 3.7700    1.2135129E-03    2.1673895E-01   -2.1673895E-01
 3.7800    1.1902507E-03    2.1371347E-01   -2.1371347E-01
 3.7900    1.1668746E-03    2.1062624E-01   -2.1062624E-01
 3.8000    1.1436306E-03    2.0752137E-01   -2.0752137E-01
 3.8100    1.1208629E-03    2.0446186E-01   -2.0446186E-01
 3.8200    1.0988580E-03    2.0150145E-01   -2.0150145E-01
 3.8300    1.0777424E-03    1.9866547E-01   -1.9866547E-01
 3.8400    1.0574609E-03    1.9594609E-01   -1.9594609E-01
 3.8500    1.0378118E-03    1.9330805E-01   -1.9330805E-01
 3.8600    1.0185020E-03    1.9069811E-01   -1.9069811E-01
 3.8700    9.9921320E-04    1.8805720E-01   -1.8805720E-01
 3.8800    9.7969764E-04    1.8533839E-01   -1.8533839E-01
 3.8900    9.5988647E-04    1.8252776E-01   -1.8252776E-01
 3.9000    9.3994152E-04    1.7965525E-01   -1.7965525E-01
 3.9100    9.2018819E-04    1.7678281E-01   -1.7678281E-01
 3.9200    9.0094936E-04    1.7397321E-01   -1.7397321E-01
 3.9300    8.8238625E-04    1.7125911E-01   -1.7125911E-01
 3.9400    8.6445561E-04    1.6863395E-01   -1.6863395E-01
 3.9500    8.4700736E-04    1.6607002E-01   -1.6607002E-01
 3.9600    8.2993839E-04    1.6354832E-01   -1.6354832E-01
 3.9700    8.1327466E-04    1.6107499E-01   -1.6107499E-01
 3.9800    7.9711568E-04    1.5867093E-01   -1.5867093E-01
 3.9900    7.8149754E-04    1.5634474E-01   -1.5634474E-01
 4.0000    7.6630462E-04    1.5407469E-01   -1.5407469E-01
 4.0100    7.5131568E-04    1.5181723E-01   -1.5181723E-01
 4.0200    7.3635275E-04    1.4953673E-01   -1.4953673E-01
 4.0300    7.2141689E-04    1.4723337E-01   -1.4723337E-01
 4.0400    7.0670634E-04    1.4494778E-01   -1.4494778E-01
 4.0500    6.9249930E-04    1.4273788E-01   -1.4273788E-01
 4.0600    6.7898285E-04    1.4064385E-01   -1.4064385E-01
 4.0700    6.6614869E-04    1.3866596E-01   -1.3866596E-01
 4.0800    6.5381967E-04    1.3676916E-01   -1.3676916E-01
 4.0900    6.4176559E-04    1.3490651E-01   -1.3490651E-01
 4.1000    6.2981156E-04    1.3304183E-01   -1.3304183E-01
 4.1100    6.1787963E-04    1.3115879E-01   -1.3115879E-01
 4.1200    6.0597455E-04    1.2925837E-01   -1.2925837E-01
 4.1300    5.9415266E-04    1.2735266E-01   -1.2735266E-01
 4.1400    5.8249421E-04    1.2545910E-01   -1.2545910E-01
 4.1500    5.7108012E-04    1.2359563E-01   -1.2359563E-01
 4.1600    5.5997611E-04    1.2177721E-01   -1.2177721E-01
 4.1700    5.4922875E-04    1.2001492E-01   -1.2001492E-01
 4.1800    5.3886235E-04    1.1831513E-01   -1.1831513E-01
 4.1900    5.2885465E-04    1.1667404E-01   -1.1667404E-01
 4.2000    5.1909650E-04    1.1506853E-01   -1.1506853E-01
 4.2100    5.0938581E-04    1.1345428E-01   -1.1345428E-01
 4.2200    4.9950476E-04    1.1178265E-01   -1.1178265E-01
 4.2300    4.8935362E-04    1.1003058E-01   -1.1003058E-01
 4.2400    4.7903760E-04    1.0822091E-01   -1.0822091E-01
 4.2500    4.6882317E-04    1.0641352E-01   -1.0641352E-01
 4.2600    4.5898961E-04    1.0467234E-01   -1.0467234E-01
 4.2700    4.4968728E-04    1.0303297E-01   -1.0303297E-01
 4.2800    4.4089310E-04    1.0149174E-01   -1.0149174E-01
 4.2900    4.3246568E-04    1.0001752E-01   -1.0001752E-01
 4.3000    4.2423937E-04    9.8572948E-02   -9.8572948E-02
 4.3100    4.1610013E-04    9.7131983E-02   -9.7131983E-02
 4.3200    4.0802075E-04    9.5688469E-02   -9.5688469E-02
 4.3300    4.0005527E-04    9.4255272E-02   -9.4255272E-02
 4.3400    3.9229581E-04    9.2854507E-02   -9.2854507E-02
 4.3500    3.8480458E-04    9.1501583E-02   -9.1501583E-02
 4.3600    3.7755682E-04    9.0191408E-02   -9.0191408E-02
 4.3700    3.7043879E-04    8.8897429E-02   -8.8897429E-02
 4.3800    3.6331202E-04    8.7586637E-02   -8.7586637E-02
 4.3900    3.5610003E-04    8.6240430E-02   -8.6240430E-02
 4.4000    3.4883152E-04    8.4865453E-02   -8.4865453E-02
 4.4100    3.4161170E-04    8.3487177E-02   -8.3487177E-02
 4.4200    3.3455415E-04    8.2133593E-02   -8.2133593E-02
 4.4300    3.2772939E-04    8.0822580E-02   -8.0822580E-02
 4.4400    3.2115713E-04    7.9559742E-02   -7.9559742E-02
 4.4500    3.1482531E-04    7.8342878E-02   -7.8342878E-02
 4.4600    3.0870630E-04    7.7165837E-02   -7.7165837E-02
 4.4700    3.0276099E-04    7.6019468E-02   -7.6019468E-02
 4.4800    2.9694411E-04    7.4892892E-02   -7.4892892E-02
 4.4900    2.9122027E-04    7.3777535E-02   -7.3777535E-02
 4.5000    2.8558006E-04    7.2671273E-02   -7.2671273E-02
 4.5100    2.8003937E-04    7.1578409E-02   -7.1578409E-02
 4.5200    2.7462157E-04    7.0505237E-02   -7.0505237E-02
 4.5300    2.6933946E-04    6.9455438E-02   -6.9455438E-02
 4.5400    2.6419114E-04    6.8428941E-02   -6.8428941E-02
 4.5500    2.5916721E-04    6.7423720E-02   -6.7423720E-02
 4.5600    2.5425826E-04    6.6437705E-02   -6.6437705E-02
 4.5700    2.4945669E-04    6.5469257E-02   -6.5469257E-02
 4.5800    2.4475618E-04    6.4517047E-02   -6.4517047E-02
 4.5900    2.4015376E-04    6.3580600E-02   -6.3580600E-02
 4.6000    2.3565340E-04    6.2661277E-02   -6.2661277E-02
 4.6100    2.3126473E-04    6.1761968E-02   -6.1761968E-02
 4.6200    2.2699268E-04    6.0884349E-02   -6.0884349E-02
 4.6300    2.2282401E-04    6.0025231E-02   -6.0025231E-02
 4.6400    2.1872352E-04    5.9175415E-02   -5.9175415E-02
 4.6500    2.1464632E-04    5.8322914E-02   -5.8322914E-02
 4.6600    2.1055810E-04    5.7458417E-02   -5.7458417E-02
 4.6700    2.0644846E-04    5.6579000E-02   -5.6579000E-02
 4.6800    2.0232983E-04    5.5687982E-02   -5.5687982E-02
 4.6900    1.9822703E-04    5.4792159E-02   -5.4792159E-02
 4.7000    1.9416671E-04    5.3898955E-02   -5.3898955E-02
 4.7100    1.9017243E-04    5.3015057E-02   -5.3015057E-02
 4.7200    1.8626484E-04    5.2146450E-02   -5.2146450E-02
 4.7300    1.8246374E-04    5.1298979E-02   -5.1298979E-02
 4.7400    1.7878948E-04    5.0478741E-02   -5.0478741E-02
 4.7500    1.7526226E-04    4.9691886E-02   -4.9691886E-02
 4.7600    1.7189643E-04    4.8943004E-02   -4.8943004E-02
 4.7700    1.6868786E-04    4.8231465E-02   -4.8231465E-02
 4.7800    1.6560120E-04    4.7547659E-02   -4.7547659E-02
 4.7900    1.6257383E-04    4.6873947E-02   -4.6873947E-02
 4.8000    1.5954578E-04    4.6193158E-02   -4.6193158E-02
 4.8100    1.5649955E-04    4.5500180E-02   -4.5500180E-02
 4.8200    1.5347750E-04    4.4807288E-02   -4.4807288E-02
 4.8300    1.5055961E-04    4.4137995E-02   -4.4137995E-02
 4.8400    1.4781838E-04    4.3514002E-02   -4.3514002E-02
 4.8500    1.4528308E-04    4.2944582E-02   -4.2944582E-02
 4.8600    1.4292940E-04    4.2423254E-02   -4.2423254E-02
 4.8700    1.4068621E-04    4.1929464E-02   -4.1929464E-02
 4.8800    1.3844912E-04    4.1432363E-02   -4.1432363E-02
 4.8900    1.3610634E-04    4.0898365E-02   -4.0898365E-02
 4.9000    1.3358250E-04    4.0304318E-02   -4.0304318E-02
 4.9100    1.3088028E-04    3.9650354E-02   -3.9650354E-02
 4.9200    1.2808305E-04    3.8961145E-02   -3.8961145E-02
 4.9300    1.2530769E-04    3.8272022E-02   -3.8272022E-02
 4.9400    1.2264513E-04    3.7610929E-02   -3.7610929E-02
 4.9500    1.2013758E-04    3.6991262E-02   -3.6991262E-02
 4.9600    1.1779991E-04    3.6418173E-02   -3.6418173E-02
 4.9700    1.1564471E-04    3.5896194E-02   -3.5896194E-02
 4.9800    1.1367212E-04    3.5426031E-02   -3.5426031E-02
 4.9900    1.1183350E-04    3.4993137E-02   -3.4993137E-02
 5.0000    1.1001826E-04    3.4563254E-02   -3.4563254E-02
 5.0100    1.0809719E-04    3.4095707E-02   -3.4095707E-02
 5.0200    1.0599878E-04    3.3567436E-02   -3.3567436E-02
 5.0300    1.0375741E-04    3.2988681E-02   -3.2988681E-02
 5.0400    1.0149461E-04    3.2397679E-02   -3.2397679E-02
 5.0500    9.9350132E-05    3.1839121E-02   -3.1839121E-02
 5.0600    9.7411188E-05    3.1341497E-02   -3.1341497E-02
 5.0700    9.5676298E-05    3.0905099E-02   -3.0905099E-02
 5.0800    9.4061661E-05    3.0503518E-02   -3.0503518E-02
 5.0900    9.2440939E-05    3.0096069E-02   -3.0096069E-02
 5.1000    9.0704265E-05    2.9646807E-02   -2.9646807E-02
 5.1100    8.8815244E-05    2.9143330E-02   -2.9143330E-02
 5.1200    8.6836864E-05    2.8605788E-02   -2.8605788E-02
 5.1300    8.4904742E-05    2.8078671E-02   -2.8078671E-02
 5.1400    8.3156650E-05    2.7607882E-02   -2.7607882E-02
 5.1500    8.1660484E-05    2.7216750E-02   -2.7216750E-02
 5.1600    8.0385842E-05    2.6896070E-02   -2.6896070E-02
 5.1700    7.9230291E-05    2.6612287E-02   -2.6612287E-02
 5.1800    7.8072655E-05    2.6324997E-02   -2.6324997E-02
 5.1900    7.6817680E-05    2.6001941E-02   -2.6001941E-02
 5.2000    7.5417560E-05    2.5626484E-02   -2.5626484E-02
 5.2100    7.3875742E-05    2.5199224E-02   -2.5199224E-02
 5.2200    7.2239395E-05    2.4735743E-02   -2.4735743E-02
 5.2300    7.0580526E-05    2.4260410E-02   -2.4260410E-02
 5.2400    6.8968760E-05    2.3797145E-02   -2.3797145E-02
 5.2500    6.7448406E-05    2.3361470E-02   -2.3361470E-02
 5.2600    6.6032569E-05    2.2958290E-02   -2.2958290E-02
 5.2700    6.4713126E-05    2.2585176E-02   -2.2585176E-02
 5.2800    6.3472339E-05    2.2236284E-02   -2.2236284E-02
 5.2900    6.2285325E-05    2.1903168E-02   -2.1903168E-02
 5.3000    6.1118136E-05    2.1574051E-02   -2.1574051E-02
 5.3100    5.9934296E-05    2.1236078E-02   -2.1236078E-02
 5.3200    5.8712505E-05    2.0881598E-02   -2.0881598E-02
 5.3300    5.7461792E-05    2.0513674E-02   -2.0513674E-02
 5.3400    5.6218137E-05    2.0145072E-02   -2.0145072E-02
 5.3500    5.5022648E-05    1.9790598E-02   -1.9790598E-02
 5.3600    5.3898394E-05    1.9458765E-02   -1.9458765E-02
 5.3700    5.2842872E-05    1.9148945E-02   -1.9148945E-02
 5.3800    5.1837885E-05    1.8854789E-02   -1.8854789E-02
 5.3900    5.0865451E-05    1.8569931E-02   -1.8569931E-02
 5.4000    4.9918562E-05    1.8291927E-02   -1.8291927E-02
 5.4100    4.9003644E-05    1.8023236E-02   -1.8023236E-02
 5.4200    4.8136202E-05    1.7769707E-02   -1.7769707E-02
 5.4300    4.7330677E-05    1.7536876E-02   -1.7536876E-02
 5.4400    4.6587777E-05    1.7325256E-02   -1.7325256E-02
 5.4500    4.5888277E-05    1.7127920E-02   -1.7127920E-02
 5.4600    4.5201191E-05    1.6933434E-02   -1.6933434E-02
 5.4700    4.4502240E-05    1.6732714E-02   -1.6732714E-02
 5.4800    4.3787740E-05    1.6524317E-02   -1.6524317E-02
 5.4900    4.3073045E-05    1.6313988E-02   -1.6313988E-02
 5.5000    4.2379658E-05    1.6109894E-02   -1.6109894E-02
 5.5100    4.1724409E-05    1.5918541E-02   -1.5918541E-02
 5.5200    4.1118621E-05    1.5744416E-02   -1.5744416E-02
 5.5300    4.0572939E-05    1.5591812E-02   -1.5591812E-02
 5.5400    4.0098143E-05    1.5465133E-02   -1.5465133E-02
 5.5500    3.9697869E-05    1.5366078E-02   -1.5366078E-02
 5.5600    3.9358538E-05    1.5289680E-02   -1.5289680E-02
 5.5700    3.9046111E-05    1.5222922E-02   -1.5222922E-02
 5.5800    3.8715375E-05    1.5148225E-02   -1.5148225E-02
 5.5900    3.8328163E-05    1.5050519E-02   -1.5050519E-02
 5.6000    3.7868111E-05    1.4923118E-02   -1.4923118E-02
 5.6100    3.7339053E-05    1.4767225E-02   -1.4767225E-02
 5.6200    3.6746163E-05    1.4584599E-02   -1.4584599E-02
 5.6300    3.6076505E-05    1.4369813E-02   -1.4369813E-02
 5.6400    3.5300538E-05    1.4110727E-02   -1.4110727E-02
 5.6500    3.4398617E-05    1.3799004E-02   -1.3799004E-02
 5.6600    3.3392033E-05    1.3442671E-02   -1.3442671E-02
 5.6700    3.2352651E-05    1.3070309E-02   -1.3070309E-02
 5.6800    3.1383045E-05    1.2723354E-02   -1.2723354E-02
 5.6900    3.0580058E-05    1.2441499E-02   -1.2441499E-02
 5.7000    3.0002986E-05    1.2249660E-02   -1.2249660E-02
 5.7100    2.9664202E-05    1.2153875E-02   -1.2153875E-02
 5.7200    2.9547390E-05    1.2148455E-02   -1.2148455E-02
 5.7300    2.9636103E-05    1.2227571E-02   -1.2227571E-02
 5.7400    2.9917670E-05    1.2386865E-02   -1.2386865E-02
 5.7500    3.0342588E-05    1.2606606E-02   -1.2606606E-02
 5.7600    3.0770532E-05    1.2828912E-02   -1.2828912E-02
 5.7700    3.0973548E-05    1.2958432E-02   -1.2958432E-02
 5.7800    3.0736047E-05    1.2903679E-02   -1.2903679E-02
 5.7900    2.9997264E-05    1.2637135E-02   -1.2637135E-02
 5.8000    2.8917361E-05    1.2224314E-02   -1.2224314E-02
 5.8100    2.7796656E-05    1.1791110E-02   -1.1791110E-02
 5.8200    2.6903277E-05    1.1451464E-02   -1.1451464E-02
 5.8300    2.6340404E-05    1.1250437E-02   -1.1250437E-02
 5.8400    2.6037847E-05    1.1159395E-02   -1.1159395E-02
 5.8500    2.5843909E-05    1.1114241E-02   -1.1114241E-02
 5.8600    2.5630044E-05    1.1059983E-02   -1.1059983E-02
 5.8700    2.5340466E-05    1.0972375E-02   -1.0972375E-02
 5.8800    2.4979201E-05    1.0852832E-02   -1.0852832E-02
 5.8900    2.4572312E-05    1.0712393E-02   -1.0712393E-02
 5.9000    2.4146565E-05    1.0562562E-02   -1.0562562E-02
 5.9100    2.3733038E-05    1.0416892E-02   -1.0416892E-02
 5.9200    2.3369044E-05    1.0291868E-02   -1.0291868E-02
 5.9300    2.3074271E-05    1.0196409E-02   -1.0196409E-02
 5.9400    2.2817190E-05    1.0116841E-02   -1.0116841E-02
 5.9500    2.2514995E-05    1.0016492E-02   -1.0016492E-02
 5.9600    2.2083349E-05    9.8575122E-03   -9.8575122E-03
 5.9700    2.1497380E-05    9.6281767E-03   -9.6281767E-03
 5.9800    2.0808648E-05    9.3509579E-03   -9.3509579E-03
 5.9900    2.0106347E-05    9.0656027E-03   -9.0656027E-03
 6.0000    1.9464237E-05    8.8054132E-03   -8.8054132E-03
 6.0100    1.8919395E-05    8.5874864E-03   -8.5874864E-03
 6.0200    1.8487977E-05    8.4196152E-03   -8.4196152E-03
 6.0300    1.8188556E-05    8.3107978E-03   -8.3107978E-03
 6.0400    1.8047606E-05    8.2737679E-03   -8.2737679E-03
 6.0500    1.8087961E-05    8.3197491E-03   -8.3197491E-03
 6.0600    1.8315690E-05    8.4523682E-03   -8.4523682E-03
 6.0700    1.8711662E-05    8.6636242E-03   -8.6636242E-03
 6.0800    1.9219655E-05    8.9281735E-03   -8.9281735E-03
 6.0900    1.9728932E-05    9.1949216E-03   -9.1949216E-03
 6.1000    2.0074084E-05    9.3865343E-03   -9.3865343E-03
 6.1100    2.0081095E-05    9.4206240E-03   -9.4206240E-03
 6.1200    1.9649352E-05    9.2482793E-03   -9.2482793E-03
 6.1300    1.8810481E-05    8.8824081E-03   -8.8824081E-03
 6.1400    1.7711209E-05    8.3906347E-03   -8.3906347E-03
 6.1500    1.6533308E-05    7.8581416E-03   -7.8581416E-03
 6.1600    1.5417242E-05    7.3515343E-03   -7.3515343E-03
 6.1700    1.4439156E-05    6.9075176E-03   -6.9075176E-03
 6.1800    1.3630631E-05    6.5418828E-03   -6.5418828E-03
 6.1900    1.2999376E-05    6.2591254E-03   -6.2591254E-03
 6.2000    1.2532670E-05    6.0539223E-03   -6.0539223E-03
 6.2100    1.2200508E-05    5.9124977E-03   -5.9124977E-03
 6.2200    1.1973993E-05    5.8214295E-03   -5.8214295E-03
 6.2300    1.1845005E-05    5.7772507E-03   -5.7772507E-03
 6.2400    1.1821338E-05    5.7842314E-03   -5.7842314E-03
 6.2500    1.1896103E-05    5.8394857E-03   -5.8394857E-03
 6.2600    1.2021231E-05    5.9198058E-03   -5.9198058E-03
 6.2700    1.2114872E-05    5.9849946E-03   -5.9849946E-03
 6.2800    1.2101069E-05    5.9972603E-03   -5.9972603E-03
 6.2900    1.1950168E-05    5.9413503E-03   -5.9413503E-03
 6.3000    1.1688684E-05    5.8298392E-03   -5.8298392E-03
 6.3100    1.1375342E-05    5.6915829E-03   -5.6915829E-03
 6.3200    1.1067563E-05    5.5551530E-03   -5.5551530E-03
 6.3300    1.0804267E-05    5.4401716E-03   -5.4401716E-03
 6.3400    1.0608698E-05    5.3585892E-03   -5.3585892E-03
 6.3500    1.0495329E-05    5.3180616E-03   -5.3180616E-03
 6.3600    1.0467080E-05    5.3204657E-03   -5.3204657E-03
 6.3700    1.0504665E-05    5.3563743E-03   -5.3563743E-03
 6.3800    1.0559443E-05    5.4012245E-03   -5.4012245E-03
 6.3900    1.0558946E-05    5.4179145E-03   -5.4179145E-03
 6.4000    1.0426996E-05    5.3669681E-03   -5.3669681E-03
 6.4100    1.0112575E-05    5.2214084E-03   -5.2214084E-03
 6.4200    9.6144572E-06    4.9797173E-03   -4.9797173E-03
 6.4300    8.9876103E-06    4.6695609E-03   -4.6695609E-03
 6.4400    8.3268808E-06    4.3397423E-03   -4.3397423E-03
 6.4500    7.7369994E-06    4.0448447E-03   -4.0448447E-03
 6.4600    7.3033874E-06    3.8300041E-03   -3.8300041E-03
 6.4700    7.0728502E-06    3.7205992E-03   -3.7205992E-03
 6.4800    7.0453571E-06    3.7176020E-03   -3.7176020E-03
 6.4900    7.1754641E-06    3.7979501E-03   -3.7979501E-03
 6.5000    7.3835017E-06    3.9201163E-03   -3.9201163E-03
 6.5100    7.5764098E-06    4.0349234E-03   -4.0349234E-03
 6.5200    7.6735599E-06    4.0992268E-03   -4.0992268E-03
 6.5300    7.6283755E-06    4.0875991E-03   -4.0875991E-03
 6.5400    7.4377672E-06    3.9976792E-03   -3.9976792E-03
 6.5500    7.1377666E-06    3.8481749E-03   -3.8481749E-03
 6.5600    6.7890651E-06    3.6713646E-03   -3.6713646E-03
 6.5700    6.4572679E-06    3.5025908E-03   -3.5025908E-03
 6.5800    6.1929022E-06    3.3694256E-03   -3.3694256E-03
 6.5900    6.0179345E-06    3.2841891E-03   -3.2841891E-03
 6.6000    5.9247459E-06    3.2431532E-03   -3.2431532E-03
 6.6100    5.8869196E-06    3.2322198E-03   -3.2322198E-03
 6.6200    5.8739685E-06    3.2348746E-03   -3.2348746E-03
 6.6300    5.8619058E-06    3.2379919E-03   -3.2379919E-03
 6.6400    5.8375611E-06    3.2342788E-03   -3.2342788E-03
 6.6500    5.7991925E-06    3.2227060E-03   -3.2227060E-03
 6.6600    5.7554038E-06    3.2079982E-03   -3.2079982E-03
 6.6700    5.7217311E-06    3.1988139E-03   -3.1988139E-03
 6.6800    5.7137426E-06    3.2039332E-03   -3.2039332E-03
 6.6900    5.7378609E-06    3.2270977E-03   -3.2270977E-03
 6.7000    5.7843406E-06    3.2629718E-03   -3.2629718E-03
 6.7100    5.8277074E-06    3.2972558E-03   -3.2972558E-03
 6.7200    5.8363861E-06    3.3120160E-03   -3.3120160E-03
 6.7300    5.7869759E-06    3.2937578E-03   -3.2937578E-03
 6.7400    5.6749199E-06    3.2395851E-03   -3.2395851E-03
 6.7500    5.5156647E-06    3.1580228E-03   -3.1580228E-03
 6.7600    5.3368215E-06    3.0646856E-03   -3.0646856E-03
 6.7700    5.1669537E-06    2.9759236E-03   -2.9759236E-03
 6.7800    5.0268746E-06    2.9038040E-03   -2.9038040E-03
 6.7900    4.9258292E-06    2.8538343E-03   -2.8538343E-03
 6.8000    4.8617052E-06    2.8249860E-03   -2.8249860E-03
 6.8100    4.8238950E-06    2.8112660E-03   -2.8112660E-03
 6.8200    4.7980387E-06    2.8044155E-03   -2.8044155E-03
 6.8300    4.7711560E-06    2.7968868E-03   -2.7968868E-03
 6.8400    4.7345903E-06    2.7835849E-03   -2.7835849E-03
 6.8500    4.6835561E-06    2.7616379E-03   -2.7616379E-03
 6.8600    4.6153936E-06    2.7293978E-03   -2.7293978E-03
 6.8700    4.5298719E-06    2.6866387E-03   -2.6866387E-03
 6.8800    4.4320427E-06    2.6362748E-03   -2.6362748E-03
 6.8900    4.3341925E-06    2.5855712E-03   -2.5855712E-03
 6.9000    4.2528114E-06    2.5443928E-03   -2.5443928E-03
 6.9100    4.2004699E-06    2.5203673E-03   -2.5203673E-03
 6.9200    4.1779220E-06    2.5140991E-03   -2.5140991E-03
 6.9300    4.1732752E-06    2.5185661E-03   -2.5185661E-03
 6.9400    4.1698442E-06    2.5237633E-03   -2.5237633E-03
 6.9500    4.1562569E-06    2.5227944E-03   -2.5227944E-03
 6.9600    4.1298625E-06    2.5139923E-03   -2.5139923E-03
 6.9700    4.0911400E-06    2.4975820E-03   -2.4975820E-03
 6.9800    4.0359850E-06    2.4709858E-03   -2.4709858E-03
 6.9900    3.9543380E-06    2.4279403E-03   -2.4279403E-03
 7.0000    3.8361861E-06    2.3621399E-03   -2.3621399E-03
 7.0100    3.6786696E-06    2.2716253E-03   -2.2716253E-03
 7.0200    3.4888438E-06    2.1605564E-03   -2.1605564E-03
 7.0300    3.2825851E-06    2.0386211E-03   -2.0386211E-03
 7.0400    3.0825739E-06    1.9198561E-03   -1.9198561E-03
 7.0500    2.9152856E-06    1.8208292E-03   -1.8208292E-03
 7.0600    2.8047295E-06    1.7567512E-03   -1.7567512E-03
 7.0700    2.7635726E-06    1.7358795E-03   -1.7358795E-03
 7.0800    2.7866304E-06    1.7553178E-03   -1.7553178E-03
 7.0900    2.8517200E-06    1.8013961E-03   -1.8013961E-03
 7.1000    2.9281108E-06    1.8548725E-03   -1.8548725E-03
 7.1100    2.9878073E-06    1.8980238E-03   -1.8980238E-03
 7.1200    3.0137408E-06    1.9198874E-03   -1.9198874E-03
 7.1300    3.0019455E-06    1.9177488E-03   -1.9177488E-03
 7.1400    2.9590156E-06    1.8956298E-03   -1.8956298E-03
 7.1500    2.8979734E-06    1.8617285E-03   -1.8617285E-03
 7.1600    2.8341509E-06    1.8258239E-03   -1.8258239E-03
 7.1700    2.7806610E-06    1.7963717E-03   -1.7963717E-03
 7.1800    2.7437107E-06    1.7774487E-03   -1.7774487E-03
 7.1900    2.7203223E-06    1.7672094E-03   -1.7672094E-03
 7.2000    2.7008642E-06    1.7594528E-03   -1.7594528E-03
 7.2100    2.6752527E-06    1.7476127E-03   -1.7476127E-03
 7.2200    2.6386375E-06    1.7284785E-03   -1.7284785E-03
 7.2300    2.5931030E-06    1.7033591E-03   -1.7033591E-03
 7.2400    2.5451023E-06    1.6764563E-03   -1.6764563E-03
 7.2500    2.5008999E-06    1.6518941E-03   -1.6518941E-03
 7.2600    2.4630257E-06    1.6313684E-03   -1.6313684E-03
 7.2700    2.4299418E-06    1.6138923E-03   -1.6138923E-03
 7.2800    2.3990039E-06    1.5977307E-03   -1.5977307E-03
 7.2900    2.3701169E-06    1.5828315E-03   -1.5828315E-03
 7.3000    2.3465008E-06    1.5713621E-03   -1.5713621E-03
 7.3100    2.3313587E-06    1.5655023E-03   -1.5655023E-03
 7.3200    2.3232162E-06    1.5643058E-03   -1.5643058E-03
 7.3300    2.3141770E-06    1.5624797E-03   -1.5624797E-03
 7.3400    2.2927098E-06    1.5522121E-03   -1.5522121E-03
 7.3500    2.2488705E-06    1.5266834E-03   -1.5266834E-03
 7.3600    2.1789258E-06    1.4832280E-03   -1.4832280E-03
 7.3700    2.0879249E-06    1.4251472E-03   -1.4251472E-03
 7.3800    1.9896878E-06    1.3617818E-03   -1.3617818E-03
 7.3900    1.9030706E-06    1.3060314E-03   -1.3060314E-03
 7.4000    1.8442317E-06    1.2690794E-03   -1.2690794E-03
 7.4100    1.8183910E-06    1.2546816E-03   -1.2546816E-03
 7.4200    1.8172084E-06    1.2572522E-03   -1.2572522E-03
 7.4300    1.8246286E-06    1.2657909E-03   -1.2657909E-03
 7.4400    1.8268886E-06    1.2707725E-03   -1.2707725E-03
 7.4500    1.8188991E-06    1.2686184E-03   -1.2686184E-03
 7.4600    1.8030887E-06    1.2609696E-03   -1.2609696E-03
 7.4700    1.7836585E-06    1.2507277E-03   -1.2507277E-03
 7.4800    1.7622616E-06    1.2390346E-03   -1.2390346E-03
 7.4900    1.7383665E-06    1.2255043E-03   -1.2255043E-03
 7.5000    1.7125133E-06    1.2105043E-03   -1.2105043E-03
 7.5100    1.6882439E-06    1.1965337E-03   -1.1965337E-03
 7.5200    1.6705351E-06    1.1871379E-03   -1.1871379E-03
 7.5300    1.6623674E-06    1.1844775E-03   -1.1844775E-03
 7.5400    1.6624866E-06    1.1877108E-03   -1.1877108E-03
 7.5500    1.6656865E-06    1.1931554E-03   -1.1931554E-03
 7.5600    1.6649587E-06    1.1957955E-03   -1.1957955E-03
 7.5700    1.6545207E-06    1.1914445E-03   -1.1914445E-03
 7.5800    1.6327734E-06    1.1788924E-03   -1.1788924E-03
 7.5900    1.6035674E-06    1.1608621E-03   -1.1608621E-03
 7.6000    1.5742355E-06    1.1426330E-03   -1.1426330E-03
 7.6100    1.5509789E-06    1.1287170E-03   -1.1287170E-03
 7.6200    1.5347067E-06    1.1198122E-03   -1.1198122E-03
 7.6300    1.5205869E-06    1.1124236E-03   -1.1124236E-03
 7.6400    1.5018753E-06    1.1016166E-03   -1.1016166E-03
 7.6500    1.4752023E-06    1.0848865E-03   -1.0848865E-03
 7.6600    1.4432050E-06    1.0641318E-03   -1.0641318E-03
 7.6700    1.4124635E-06    1.0441859E-03   -1.0441859E-03
 7.6800    1.3885268E-06    1.0291687E-03   -1.0291687E-03
 7.6900    1.3720373E-06    1.0195968E-03   -1.0195968E-03
 7.7000    1.3586664E-06    1.0122882E-03   -1.0122882E-03
 7.7100    1.3423167E-06    1.0027060E-03   -1.0027060E-03
 7.7200    1.3189248E-06    9.8778970E-04   -9.8778970E-04
 7.7300    1.2885296E-06    9.6752738E-04   -9.6752738E-04
 7.7400    1.2548489E-06    9.4467676E-04   -9.4467676E-04
 7.7500    1.2229417E-06    9.2303681E-04   -9.2303681E-04
 7.7600    1.1963811E-06    9.0532155E-04   -9.0532155E-04
 7.7700    1.1757706E-06    8.9201977E-04   -8.9201977E-04
 7.7800    1.1596652E-06    8.8206721E-04   -8.8206721E-04
 7.7900    1.1468786E-06    8.7458538E-04   -8.7458538E-04
 7.8000    1.1376633E-06    8.6978680E-04   -8.6978680E-04
 7.8100    1.1324035E-06    8.6798679E-04   -8.6798679E-04
 7.8200    1.1293211E-06    8.6784227E-04   -8.6784227E-04
 7.8300    1.1240576E-06    8.6600810E-04   -8.6600810E-04
 7.8400    1.1122459E-06    8.5909816E-04   -8.5909816E-04
 7.8500    1.0931906E-06    8.4653525E-04   -8.4653525E-04
 7.8600    1.0714614E-06    8.3182410E-04   -8.3182410E-04
 7.8700    1.0546131E-06    8.2082859E-04   -8.2082859E-04
 7.8800    1.0481762E-06    8.1789319E-04   -8.1789319E-04
 7.8900    1.0513901E-06    8.2248457E-04   -8.2248457E-04
 7.9000    1.0570055E-06    8.2897475E-04   -8.2897475E-04
 7.9100    1.0555583E-06    8.2993683E-04   -8.2993683E-04
 7.9200    1.0409588E-06    8.2052869E-04   -8.2052869E-04
 7.9300    1.0132961E-06    8.0074198E-04   -8.0074198E-04
 7.9400    9.7735687E-07    7.7429069E-04   -7.7429069E-04
 7.9500    9.3894677E-07    7.4573598E-04   -7.4573598E-04
 7.9600    9.0236797E-07    7.1848825E-04   -7.1848825E-04
 7.9700    8.7063531E-07    6.9496476E-04   -6.9496476E-04
 7.9800    8.4719633E-07    6.7795320E-04   -6.7795320E-04
 7.9900    8.3659437E-07    6.7114809E-04   -6.7114809E-04
 8.0000    8.4270273E-07    6.7774175E-04   -6.7774175E-04
 8.0100    8.6570948E-07    6.9798658E-04   -6.9798658E-04
 8.0200    9.0056340E-07    7.2790196E-04   -7.2790196E-04
 8.0300    9.3861731E-07    7.6055306E-04   -7.6055306E-04
 8.0400    9.7158290E-07    7.8922680E-04   -7.8922680E-04
 8.0500    9.9499837E-07    8.1025924E-04   -8.1025924E-04
 8.0600    1.0088443E-06    8.2357680E-04   -8.2357680E-04
 8.0700    1.0152602E-06    8.3087231E-04   -8.3087231E-04
 8.0800    1.0154942E-06    8.3312474E-04   -8.3312474E-04
 8.0900    1.0085066E-06    8.2944131E-04   -8.2944131E-04
 8.1000    9.9203281E-07    8.1791079E-04   -8.1791079E-04
 8.1100    9.6497174E-07    7.9756515E-04   -7.9756515E-04
 8.1200    9.2925926E-07    7.6994344E-04   -7.6994344E-04
 8.1300    8.9010384E-07    7.3931859E-04   -7.3931859E-04
 8.1400    8.5457158E-07    7.1155278E-04   -7.1155278E-04
 8.1500    8.2914277E-07    6.9207698E-04   -6.9207698E-04
 8.1600    8.1715727E-07    6.8374762E-04   -6.8374762E-04
 8.1700    8.1732665E-07    6.8556657E-04   -6.8556657E-04
 8.1800    8.2426892E-07    6.9308324E-04   -6.9308324E-04
 8.1900    8.3090534E-07    7.0037271E-04   -7.0037271E-04
 8.2000    8.3131580E-07    7.0243089E-04   -7.0243089E-04
 8.2100    8.2249301E-07    6.9667206E-04   -6.9667206E-04
 8.2200    8.0443292E-07    6.8303559E-04   -6.8303559E-04
 8.2300    7.7911276E-07    6.6314706E-04   -6.6314706E-04
 8.2400    7.4934033E-07    6.3935696E-04   -6.3935696E-04
 8.2500    7.1818228E-07    6.1426030E-04   -6.1426030E-04
 8.2600    6.8900823E-07    5.9073726E-04   -5.9073726E-04
 8.2700    6.6557153E-07    5.7202580E-04   -5.7202580E-04
 8.2800    6.5147294E-07    5.6126366E-04   -5.6126366E-04
 8.2900    6.4884707E-07    5.6035245E-04   -5.6035245E-04
 8.3000    6.5668329E-07    5.6848893E-04   -5.6848893E-04
 8.3100    6.6961478E-07    5.8108136E-04   -5.8108136E-04
 8.3200    6.7839501E-07    5.9011841E-04   -5.9011841E-04
 8.3300    6.7307836E-07    5.8690188E-04   -5.8690188E-04
 8.3400    6.4816530E-07    5.6653630E-04   -5.6653630E-04
 8.3500    6.0648048E-07    5.3137320E-04   -5.3137320E-04
 8.3600    5.5830345E-07    4.9033481E-04   -4.9033481E-04
 8.3700    5.1572201E-07    4.5402153E-04   -4.5402153E-04
 8.3800    4.8630848E-07    4.2915062E-04   -4.2915062E-04
 8.3900    4.7059289E-07    4.1627387E-04   -4.1627387E-04
 8.4000    4.6415437E-07    4.1155784E-04   -4.1155784E-04
 8.4100    4.6158500E-07    4.1025468E-04   -4.1025468E-04
 8.4200    4.5934156E-07    4.0923219E-04   -4.0923219E-04
 8.4300    4.5661137E-07    4.0776668E-04   -4.0776668E-04
 8.4400    4.5485031E-07    4.0715826E-04   -4.0715826E-04
 8.4500    4.5652767E-07    4.0962871E-04   -4.0962871E-04
 8.4600    4.6318564E-07    4.1658696E-04   -4.1658696E-04
 8.4700    4.7349112E-07    4.2686301E-04   -4.2686301E-04
 8.4800    4.8283576E-07    4.3631586E-04   -4.3631586E-04
 8.4900    4.8550655E-07    4.3976467E-04   -4.3976467E-04
 8.5000    4.7831418E-07    4.3427114E-04   -4.3427114E-04
 8.5100    4.6291028E-07    4.2127511E-04   -4.2127511E-04
 8.5200    4.4484773E-07    4.0578915E-04   -4.0578915E-04
 8.5300    4.3010626E-07    3.9326354E-04   -3.9326354E-04
 8.5400    4.2171465E-07    3.8649536E-04   -3.8649536E-04
 8.5500    4.1867993E-07    3.8461324E-04   -3.8461324E-04
 8.5600    4.1751535E-07    3.8444112E-04   -3.8444112E-04
 8.5700    4.1497622E-07    3.8299642E-04   -3.8299642E-04
 8.5800    4.1006717E-07    3.7934943E-04   -3.7934943E-04
 8.5900    4.0403311E-07    3.7463914E-04   -3.7463914E-04
 8.6000    3.9857957E-07    3.7044334E-04   -3.7044334E-04
 8.6100    3.9403497E-07    3.6707172E-04   -3.6707172E-04
 8.6200    3.8914880E-07    3.6336249E-04   -3.6336249E-04
 8.6300    3.8247710E-07    3.5796198E-04   -3.5796198E-04
 8.6400    3.7374141E-07    3.5059730E-04   -3.5059730E-04
 8.6500    3.6395289E-07    3.4220571E-04   -3.4220571E-04
 8.6600    3.5460094E-07    3.3418391E-04   -3.3418391E-04
