# total charge: 12.000000 
# r(A)     rho (e/A^3)     4*pi*r^2*rho(e/A)  dip  
 0.0000    3.4996714E-01    0.0000000E+00    9.5746147E+01
 0.0100    3.5688180E-01    4.4847089E-04    9.5268163E+01
 0.0200    3.6560993E-01    1.8377559E-03    9.3848409E+01
 0.0300    3.7650756E-01    4.2582002E-03    9.1528818E+01
 0.0400    3.8994523E-01    7.8403141E-03    8.8376993E+01
 0.0500    4.0631972E-01    1.2764910E-02    8.4482914E+01
 0.0600    4.2606125E-01    1.9274557E-02    7.9954630E+01
 0.0700    4.4959545E-01    2.7683937E-02    7.4913260E+01
 0.0800    4.7725077E-01    3.8382784E-02    6.9487590E+01
 0.0900    5.0916437E-01    5.1826620E-02    6.3808633E+01
 0.1000    5.4525388E-01    6.8518624E-02    5.8004455E+01
 0.1100    5.8527004E-01    8.8992115E-02    5.2195530E+01
 0.1200    6.2888715E-01    1.1380074E-01    4.6490852E+01
 0.1300    6.7577811E-01    1.4351612E-01    4.0984946E+01
 0.1400    7.2564845E-01    1.7872784E-01    3.5755864E+01
 0.1500    7.7823380E-01    2.2004042E-01    3.0864183E+01
 0.1600    8.3327874E-01    2.6806501E-01    2.6352935E+01
 0.1700    8.9051716E-01    3.2340743E-01    2.2248371E+01
 0.1800    9.4966848E-01    3.8665791E-01    1.8561380E+01
 0.1900    1.0104513E+00    4.5838718E-01    1.5289408E+01
 0.2000    1.0726017E+00    5.3914842E-01    1.2418684E+01
 0.2100    1.1358800E+00    6.2947852E-01    9.9265845E+00
 0.2200    1.2000629E+00    7.2989308E-01    7.7840092E+00
 0.2300    1.2649296E+00    8.4087584E-01    5.9576132E+00
 0.2400    1.3302519E+00    9.6286685E-01    4.4118204E+00
 0.2500    1.3957896E+00    1.0962506E+00    3.1105415E+00
 0.2600    1.4612844E+00    1.2413416E+00    2.0185710E+00
 0.2700    1.5264551E+00    1.3983678E+00    1.1026566E+00
 0.2800    1.5910016E+00    1.5674603E+00    3.3224809E-01
 0.2900    1.6546260E+00    1.7486613E+00   -3.2005352E-01
 0.3000    1.7170610E+00    1.9419503E+00   -8.7830665E-01
 0.3100    1.7780903E+00    2.1472720E+00   -1.3632354E+00
 0.3200    1.8375410E+00    2.3645411E+00   -1.7923599E+00
 0.3300    1.8952533E+00    2.5936120E+00   -2.1801954E+00
 0.3400    1.9510468E+00    2.8342319E+00   -2.5384993E+00
 0.3500    2.0047115E+00    3.0860136E+00   -2.8765697E+00
 0.3600    2.0560273E+00    3.3484494E+00   -3.2015930E+00
 0.3700    2.1047973E+00    3.6209588E+00   -3.5190116E+00
 0.3800    2.1508699E+00    3.9029339E+00   -3.8328666E+00
 0.3900    2.1941400E+00    4.1937585E+00   -4.1460811E+00
 0.4000    2.2345322E+00    4.4927936E+00   -4.4606743E+00
 0.4100    2.2719764E+00    4.7993387E+00   -4.7779159E+00
 0.4200    2.3063873E+00    5.1125866E+00   -5.0984403E+00
 0.4300    2.3376573E+00    5.4315980E+00   -5.4223496E+00
 0.4400    2.3656693E+00    5.7553171E+00   -5.7493309E+00
 0.4500    2.3903190E+00    6.0826209E+00   -6.0787848E+00
 0.4600    2.4115325E+00    6.4123711E+00   -6.4099373E+00
 0.4700    2.4292719E+00    6.7434433E+00   -6.7419145E+00
 0.4800    2.4435323E+00    7.0747389E+00   -7.0737882E+00
 0.4900    2.4543355E+00    7.4051856E+00   -7.4046003E+00
 0.5000    2.4617212E+00    7.7337253E+00   -7.7333685E+00
 0.5100    2.4657377E+00    8.0592956E+00   -8.0590802E+00
 0.5200    2.4664427E+00    8.3808405E+00   -8.3807118E+00
 0.5300    2.4639154E+00    8.6973588E+00   -8.6972827E+00
 0.5400    2.4582559E+00    9.0079190E+00   -9.0078744E+00
 0.5500    2.4495543E+00    9.3115572E+00   -9.3115314E+00
 0.5600    2.4378474E+00    9.6071027E+00   -9.6070878E+00
 0.5700    2.4231120E+00    9.8931151E+00   -9.8931067E+00
 0.5800    2.4053232E+00    1.0168088E+01   -1.0168083E+01
 0.5900    2.3845444E+00    1.0430841E+01   -1.0430838E+01
 0.6000    2.3609806E+00    1.0680825E+01   -1.0680823E+01
 0.6100    2.3349462E+00    1.0918084E+01   -1.0918083E+01
 0.6200    2.3067614E+00    1.1142841E+01   -1.1142840E+01
 0.6300    2.2766403E+00    1.1354954E+01   -1.1354954E+01
 0.6400    2.2446384E+00    1.1553570E+01   -1.1553570E+01
 0.6500    2.2106901E+00    1.1737198E+01   -1.1737198E+01
 0.6600    2.1747187E+00    1.1904216E+01   -1.1904216E+01
 0.6700    2.1367657E+00    1.2053589E+01   -1.2053589E+01
 0.6800    2.0970772E+00    1.2185465E+01   -1.2185465E+01
 0.6900    2.0560904E+00    1.2301279E+01   -1.2301279E+01
 0.7000    2.0143023E+00    1.2403110E+01   -1.2403110E+01
 0.7100    1.9720831E+00    1.2492570E+01   -1.2492570E+01
 0.7200    1.9295554E+00    1.2569908E+01   -1.2569908E+01
 0.7300    1.8866203E+00    1.2633977E+01   -1.2633977E+01
 0.7400    1.8431009E+00    1.2683012E+01   -1.2683012E+01
 0.7500    1.7988877E+00    1.2715588E+01   -1.2715588E+01
 0.7600    1.7540007E+00    1.2731126E+01   -1.2731126E+01
 0.7700    1.7085696E+00    1.2729870E+01   -1.2729870E+01
 0.7800    1.6627820E+00    1.2712600E+01   -1.2712600E+01
 0.7900    1.6168406E+00    1.2680350E+01   -1.2680350E+01
 0.8000    1.5709391E+00    1.2634242E+01   -1.2634242E+01
 0.8100    1.5252556E+00    1.2575421E+01   -1.2575421E+01
 0.8200    1.4799485E+00    1.2505013E+01   -1.2505013E+01
 0.8300    1.4351435E+00    1.2423998E+01   -1.2423998E+01
 0.8400    1.3909099E+00    1.2332964E+01   -1.2332964E+01
 0.8500    1.3472442E+00    1.2231903E+01   -1.2231903E+01
 0.8600    1.3040874E+00    1.2120303E+01   -1.2120303E+01
 0.8700    1.2613816E+00    1.1997614E+01   -1.1997614E+01
 0.8800    1.2191302E+00    1.1863841E+01   -1.1863841E+01
 0.8900    1.1774194E+00    1.1719823E+01   -1.1719823E+01
 0.9000    1.1363857E+00    1.1566997E+01   -1.1566997E+01
 0.9100    1.0961585E+00    1.1406857E+01   -1.1406857E+01
 0.9200    1.0568242E+00    1.1240568E+01   -1.1240568E+01
 0.9300    1.0184292E+00    1.1068955E+01   -1.1068955E+01
 0.9400    9.8100515E-01    1.0892733E+01   -1.0892733E+01
 0.9500    9.4458130E-01    1.0712638E+01   -1.0712638E+01
 0.9600    9.0917834E-01    1.0529346E+01   -1.0529346E+01
 0.9700    8.7479805E-01    1.0343348E+01   -1.0343348E+01
 0.9800    8.4142490E-01    1.0154940E+01   -1.0154940E+01
 0.9900    8.0903383E-01    9.9643032E+00   -9.9643032E+00
 1.0000    7.7759307E-01    9.7715228E+00   -9.7715228E+00
 1.0100    7.4706507E-01    9.5765933E+00   -9.5765933E+00
 1.0200    7.1741707E-01    9.3795480E+00   -9.3795480E+00
 1.0300    6.8863996E-01    9.1807156E+00   -9.1807156E+00
 1.0400    6.6075835E-01    8.9808863E+00   -8.9808863E+00
 1.0500    6.3381854E-01    8.7811905E+00   -8.7811905E+00
 1.0600    6.0786082E-01    8.5827359E+00   -8.5827359E+00
 1.0700    5.8289592E-01    8.3862622E+00   -8.3862622E+00
 1.0800    5.5890088E-01    8.1920420E+00   -8.1920420E+00
 1.0900    5.3583284E-01    8.0000405E+00   -8.0000405E+00
 1.1000    5.1364624E-01    7.8101495E+00   -7.8101495E+00
 1.1100    4.9230017E-01    7.6222959E+00   -7.6222959E+00
 1.1200    4.7175568E-01    7.4364052E+00   -7.4364052E+00
 1.1300    4.5197357E-01    7.2523673E+00   -7.2523673E+00
 1.1400    4.3292027E-01    7.0701314E+00   -7.0701314E+00
 1.1500    4.1457688E-01    6.8898636E+00   -6.8898636E+00
 1.1600    3.9693988E-01    6.7119789E+00   -6.7119789E+00
 1.1700    3.8001042E-01    6.5369791E+00   -6.5369791E+00
 1.1800    3.6378210E-01    6.3652461E+00   -6.3652461E+00
 1.1900    3.4823842E-01    6.1969854E+00   -6.1969854E+00
 1.2000    3.3336016E-01    6.0323434E+00   -6.0323434E+00
 1.2100    3.1913246E-01    5.8715341E+00   -5.8715341E+00
 1.2200    3.0554407E-01    5.7148308E+00   -5.7148308E+00
 1.2300    2.9258083E-01    5.5624479E+00   -5.5624479E+00
 1.2400    2.8022157E-01    5.4144555E+00   -5.4144555E+00
 1.2500    2.6844004E-01    5.2708079E+00   -5.2708079E+00
 1.2600    2.5720957E-01    5.1314260E+00   -5.1314260E+00
 1.2700    2.4650426E-01    4.9962220E+00   -4.9962220E+00
 1.2800    2.3629585E-01    4.8650342E+00   -4.8650342E+00
 1.2900    2.2655090E-01    4.7375639E+00   -4.7375639E+00
 1.3000    2.1723385E-01    4.6134314E+00   -4.6134314E+00
 1.3100    2.0831604E-01    4.4923664E+00   -4.4923664E+00
 1.3200    1.9978396E-01    4.3743986E+00   -4.3743986E+00
 1.3300    1.9163841E-01    4.2598637E+00   -4.2598637E+00
 1.3400    1.8388287E-01    4.1491653E+00   -4.1491653E+00
 1.3500    1.7650943E-01    4.0424561E+00   -4.0424561E+00
 1.3600    1.6949413E-01    3.9395112E+00   -3.9395112E+00
 1.3700    1.6280653E-01    3.8399258E+00   -3.8399258E+00
 1.3800    1.5642589E-01    3.7434899E+00   -3.7434899E+00
 1.3900    1.5034991E-01    3.6504183E+00   -3.6504183E+00
 1.4000    1.4458834E-01    3.5612232E+00   -3.5612232E+00
 1.4100    1.3914607E-01    3.4763144E+00   -3.4763144E+00
 1.4200    1.3400946E-01    3.3956428E+00   -3.3956428E+00
 1.4300    1.2914585E-01    3.3186571E+00   -3.3186571E+00
 1.4400    1.2451515E-01    3.2445693E+00   -3.2445693E+00
 1.4500    1.2008369E-01    3.1727063E+00   -3.1727063E+00
 1.4600    1.1583172E-01    3.1027235E+00   -3.1027235E+00
 1.4700    1.1175243E-01    3.0346005E+00   -3.0346005E+00
 1.4800    1.0784488E-01    2.9684712E+00   -2.9684712E+00
 1.4900    1.0410586E-01    2.9044077E+00   -2.9044077E+00
 1.5000    1.0052567E-01    2.8422963E+00   -2.8422963E+00
 1.5100    9.7090508E-02    2.7818937E+00   -2.7818937E+00
 1.5200    9.3789929E-02    2.7230351E+00   -2.7230351E+00
 1.5300    9.0624007E-02    2.6658517E+00   -2.6658517E+00
 1.5400    8.7604795E-02    2.6108335E+00   -2.6108335E+00
 1.5500    8.4749785E-02    2.5586558E+00   -2.5586558E+00
 1.5600    8.2070438E-02    2.5098387E+00   -2.5098387E+00
 1.5700    7.9563142E-02    2.4644561E+00   -2.4644561E+00
 1.5800    7.7209225E-02    2.4221065E+00   -2.4221065E+00
 1.5900    7.4983651E-02    2.3821587E+00   -2.3821587E+00
 1.6000    7.2864842E-02    2.3440553E+00   -2.3440553E+00
 1.6100    7.0838579E-02    2.3074455E+00   -2.3074455E+00
 1.6200    6.8895938E-02    2.2721318E+00   -2.2721318E+00
 1.6300    6.7030067E-02    2.2379724E+00   -2.2379724E+00
 1.6400    6.5234988E-02    2.2048454E+00   -2.2048454E+00
 1.6500    6.3505995E-02    2.1726636E+00   -2.1726636E+00
 1.6600    6.1840447E-02    2.1414042E+00   -2.1414042E+00
 1.6700    6.0238548E-02    2.1111413E+00   -2.1111413E+00
 1.6800    5.8703436E-02    2.0820538E+00   -2.0820538E+00
 1.6900    5.7239189E-02    2.0543609E+00   -2.0543609E+00
 1.7000    5.5846658E-02    2.0281725E+00   -2.0281725E+00
 1.7100    5.4519689E-02    2.0033436E+00   -2.0033436E+00
 1.7200    5.3245254E-02    1.9794643E+00   -1.9794643E+00
 1.7300    5.2008561E-02    1.9560363E+00   -1.9560363E+00
 1.7400    5.0800142E-02    1.9327394E+00   -1.9327394E+00
 1.7500    4.9619951E-02    1.9095995E+00   -1.9095995E+00
 1.7600    4.8475487E-02    1.8869369E+00   -1.8869369E+00
 1.7700    4.7375385E-02    1.8651302E+00   -1.8651302E+00
 1.7800    4.6323056E-02    1.8443659E+00   -1.8443659E+00
 1.7900    4.5314865E-02    1.8245535E+00   -1.8245535E+00
 1.8000    4.4344039E-02    1.8054694E+00   -1.8054694E+00
 1.8100    4.3407084E-02    1.7870126E+00   -1.7870126E+00
 1.8200    4.2506773E-02    1.7693379E+00   -1.7693379E+00
 1.8300    4.1647921E-02    1.7526910E+00   -1.7526910E+00
 1.8400    4.0828702E-02    1.7370450E+00   -1.7370450E+00
 1.8500    4.0035865E-02    1.7218786E+00   -1.7218786E+00
 1.8600    3.9250040E-02    1.7063804E+00   -1.7063804E+00
 1.8700    3.8457971E-02    1.6899717E+00   -1.6899717E+00
 1.8800    3.7661081E-02    1.6727011E+00   -1.6727011E+00
 1.8900    3.6872780E-02    1.6551576E+00   -1.6551576E+00
 1.9000    3.6107720E-02    1.6380122E+00   -1.6380122E+00
 1.9100    3.5373174E-02    1.6216258E+00   -1.6216258E+00
 1.9200    3.4668911E-02    1.6060258E+00   -1.6060258E+00
 1.9300    3.3992698E-02    1.5911463E+00   -1.5911463E+00
 1.9400    3.3344283E-02    1.5770109E+00   -1.5770109E+00
 1.9500    3.2724570E-02    1.5636986E+00   -1.5636986E+00
 1.9600    3.2132741E-02    1.5512071E+00   -1.5512071E+00
 1.9700    3.1565309E-02    1.5394031E+00   -1.5394031E+00
 1.9800    3.1017681E-02    1.5280923E+00   -1.5280923E+00
 1.9900    3.0485908E-02    1.5171033E+00   -1.5171033E+00
 2.0000    2.9966943E-02    1.5063028E+00   -1.5063028E+00
 2.0100    2.9458022E-02    1.4955659E+00   -1.4955659E+00
 2.0200    2.8956489E-02    1.4847677E+00   -1.4847677E+00
 2.0300    2.8460302E-02    1.4738098E+00   -1.4738098E+00
 2.0400    2.7968422E-02    1.4626424E+00   -1.4626424E+00
 2.0500    2.7480542E-02    1.4512522E+00   -1.4512522E+00
 2.0600    2.6996657E-02    1.4396413E+00   -1.4396413E+00
 2.0700    2.6517415E-02    1.4278472E+00   -1.4278472E+00
 2.0800    2.6045409E-02    1.4160146E+00   -1.4160146E+00
 2.0900    2.5586040E-02    1.4044475E+00   -1.4044475E+00
 2.1000    2.5146199E-02    1.3935444E+00   -1.3935444E+00
 2.1100    2.4730756E-02    1.3836052E+00   -1.3836052E+00
 2.1200    2.4339293E-02    1.3746418E+00   -1.3746418E+00
 2.1300    2.3965886E-02    1.3663519E+00   -1.3663519E+00
 2.1400    2.3602226E-02    1.3582833E+00   -1.3582833E+00
 2.1500    2.3241554E-02    1.3500565E+00   -1.3500565E+00
 2.1600    2.2880618E-02    1.3414828E+00   -1.3414828E+00
 2.1700    2.2519015E-02    1.3325353E+00   -1.3325353E+00
 2.1800    2.2157438E-02    1.3232515E+00   -1.3232515E+00
 2.1900    2.1796582E-02    1.3136707E+00   -1.3136707E+00
 2.2000    2.1437222E-02    1.3038383E+00   -1.3038383E+00
 2.2100    2.1080658E-02    1.2938340E+00   -1.2938340E+00
 2.2200    2.0728630E-02    1.2837676E+00   -1.2837676E+00
 2.2300    2.0382522E-02    1.2737304E+00   -1.2737304E+00
 2.2400    2.0042620E-02    1.2637478E+00   -1.2637478E+00
 2.2500    1.9708320E-02    1.2537892E+00   -1.2537892E+00
 2.2600    1.9379313E-02    1.2438417E+00   -1.2438417E+00
 2.2700    1.9056697E-02    1.2339831E+00   -1.2339831E+00
 2.2800    1.8742758E-02    1.2243710E+00   -1.2243710E+00
 2.2900    1.8439383E-02    1.2151425E+00   -1.2151425E+00
 2.3000    1.8146424E-02    1.2063035E+00   -1.2063035E+00
 2.3100    1.7861402E-02    1.1977036E+00   -1.1977036E+00
 2.3200    1.7580686E-02    1.1891090E+00   -1.1891090E+00
 2.3300    1.7301174E-02    1.1803132E+00   -1.1803132E+00
 2.3400    1.7021384E-02    1.1712145E+00   -1.1712145E+00
 2.3500    1.6741589E-02    1.1618291E+00   -1.1618291E+00
 2.3600    1.6463243E-02    1.1522568E+00   -1.1522568E+00
 2.3700    1.6188170E-02    1.1426265E+00   -1.1426265E+00
 2.3800    1.5917863E-02    1.1330486E+00   -1.1330486E+00
 2.3900    1.5653108E-02    1.1235858E+00   -1.1235858E+00
 2.4000    1.5393948E-02    1.1142493E+00   -1.1142493E+00
 2.4100    1.5139916E-02    1.1050131E+00   -1.1050131E+00
 2.4200    1.4890368E-02    1.0958371E+00   -1.0958371E+00
 2.4300    1.4644738E-02    1.0866859E+00   -1.0866859E+00
 2.4400    1.4402657E-02    1.0775369E+00   -1.0775369E+00
 2.4500    1.4163944E-02    1.0683812E+00   -1.0683812E+00
 2.4600    1.3928559E-02    1.0592202E+00   -1.0592202E+00
 2.4700    1.3696540E-02    1.0500613E+00   -1.0500613E+00
 2.4800    1.3467924E-02    1.0409117E+00   -1.0409117E+00
 2.4900    1.3242670E-02    1.0317729E+00   -1.0317729E+00
 2.5000    1.3020646E-02    1.0226391E+00   -1.0226391E+00
 2.5100    1.2801698E-02    1.0135026E+00   -1.0135026E+00
 2.5200    1.2585799E-02    1.0043654E+00   -1.0043654E+00
 2.5300    1.2373131E-02    9.9524619E-01   -9.9524619E-01
 2.5400    1.2164004E-02    9.8617471E-01   -9.8617471E-01
 2.5500    1.1958650E-02    9.7717510E-01   -9.7717510E-01
 2.5600    1.1757042E-02    9.6825080E-01   -9.6825080E-01
 2.5700    1.1558876E-02    9.5938230E-01   -9.5938230E-01
 2.5800    1.1363714E-02    9.5053817E-01   -9.5053817E-01
 2.5900    1.1171181E-02    9.4169114E-01   -9.4169114E-01
 2.6000    1.0981099E-02    9.3282973E-01   -9.3282973E-01
 2.6100    1.0793492E-02    9.2395929E-01   -9.2395929E-01
 2.6200    1.0608454E-02    9.1509153E-01   -9.1509153E-01
 2.6300    1.0425960E-02    9.0622786E-01   -9.0622786E-01
 2.6400    1.0245742E-02    8.9734851E-01   -8.9734851E-01
 2.6500    1.0067371E-02    8.8841871E-01   -8.8841871E-01
 2.6600    9.8905225E-03    8.7941197E-01   -8.7941197E-01
 2.6700    9.7152648E-03    8.7033616E-01   -8.7033616E-01
 2.6800    9.5421620E-03    8.6124406E-01   -8.6124406E-01
 2.6900    9.3721147E-03    8.5222058E-01   -8.5222058E-01
 2.7000    9.2060253E-03    8.4335332E-01   -8.4335332E-01
 2.7100    9.0444478E-03    8.3470017E-01   -8.3470017E-01
 2.7200    8.8873539E-03    8.2626650E-01   -8.2626650E-01
 2.7300    8.7341039E-03    8.1800039E-01   -8.1800039E-01
 2.7400    8.5836535E-03    8.0981006E-01   -8.0981006E-01
 2.7500    8.4349301E-03    8.0159821E-01   -8.0159821E-01
 2.7600    8.2872011E-03    7.9329718E-01   -7.9329718E-01
 2.7700    8.1402443E-03    7.8488647E-01   -7.8488647E-01
 2.7800    7.9942627E-03    7.7638631E-01   -7.7638631E-01
 2.7900    7.8496366E-03    7.6783486E-01   -7.6783486E-01
 2.8000    7.7066760E-03    7.5926438E-01   -7.5926438E-01
 2.8100    7.5655357E-03    7.5069269E-01   -7.5069269E-01
 2.8200    7.4263972E-03    7.4214071E-01   -7.4214071E-01
 2.8300    7.2898192E-03    7.3366785E-01   -7.3366785E-01
 2.8400    7.1568950E-03    7.2538937E-01   -7.2538937E-01
 2.8500    7.0288239E-03    7.1743448E-01   -7.1743448E-01
 2.8600    6.9059409E-03    7.0984706E-01   -7.0984706E-01
 2.8700    6.7868860E-03    7.0249658E-01   -7.0249658E-01
 2.8800    6.6687647E-03    6.9508871E-01   -6.9508871E-01
 2.8900    6.5485137E-03    6.8730308E-01   -6.8730308E-01
 2.9000    6.4246964E-03    6.7898233E-01   -6.7898233E-01
 2.9100    6.2985060E-03    6.7024470E-01   -6.7024470E-01
 2.9200    6.1732608E-03    6.6143960E-01   -6.6143960E-01
 2.9300    6.0526955E-03    6.5297105E-01   -6.5297105E-01
 2.9400    5.9391020E-03    6.4509742E-01   -6.4509742E-01
 2.9500    5.8324012E-03    6.3782463E-01   -6.3782463E-01
 2.9600    5.7305766E-03    6.3094515E-01   -6.3094515E-01
 2.9700    5.6310079E-03    6.2417864E-01   -6.2417864E-01
 2.9800    5.5317412E-03    6.1731133E-01   -6.1731133E-01
 2.9900    5.4319963E-03    6.1025550E-01   -6.1025550E-01
 3.0000    5.3319368E-03    6.0302785E-01   -6.0302785E-01
 3.0100    5.2321965E-03    5.9569904E-01   -5.9569904E-01
 3.0200    5.1335424E-03    5.8835697E-01   -5.8835697E-01
 3.0300    5.0366913E-03    5.8108605E-01   -5.8108605E-01
 3.0400    4.9421331E-03    5.7394657E-01   -5.7394657E-01
 3.0500    4.8499388E-03    5.6695136E-01   -5.6695136E-01
 3.0600    4.7596925E-03    5.6005621E-01   -5.6005621E-01
 3.0700    4.6706652E-03    5.5317858E-01   -5.5317858E-01
 3.0800    4.5821885E-03    5.4624094E-01   -5.4624094E-01
 3.0900    4.4940453E-03    5.3921786E-01   -5.3921786E-01
 3.1000    4.4066642E-03    5.3216120E-01   -5.3216120E-01
 3.1100    4.3209724E-03    5.2518478E-01   -5.2518478E-01
 3.1200    4.2379341E-03    5.1840986E-01   -5.1840986E-01
 3.1300    4.1580262E-03    5.1190074E-01   -5.1190074E-01
 3.1400    4.0809976E-03    5.0563310E-01   -5.0563310E-01
 3.1500    4.0060712E-03    4.9951627E-01   -4.9951627E-01
 3.1600    3.9324074E-03    4.9344929E-01   -4.9344929E-01
 3.1700    3.8594924E-03    4.8736976E-01   -4.8736976E-01
 3.1800    3.7872476E-03    4.8126890E-01   -4.8126890E-01
 3.1900    3.7158854E-03    4.7517495E-01   -4.7517495E-01
 3.2000    3.6456662E-03    4.6912299E-01   -4.6912299E-01
 3.2100    3.5767002E-03    4.6312953E-01   -4.6312953E-01
 3.2200    3.5088832E-03    4.5718347E-01   -4.5718347E-01
 3.2300    3.4419758E-03    4.5125572E-01   -4.5125572E-01
 3.2400    3.3757640E-03    4.4531976E-01   -4.4531976E-01
 3.2500    3.3102085E-03    4.3937156E-01   -4.3937156E-01
 3.2600    3.2455068E-03    4.3343861E-01   -4.3343861E-01
 3.2700    3.1820343E-03    4.2757296E-01   -4.2757296E-01
 3.2800    3.1201783E-03    4.2182952E-01   -4.2182952E-01
 3.2900    3.0601365E-03    4.1623871E-01   -4.1623871E-01
 3.3000    3.0017996E-03    4.1078960E-01   -4.1078960E-01
 3.3100    2.9448041E-03    4.0543596E-01   -4.0543596E-01
 3.3200    2.8887275E-03    4.0012216E-01   -4.0012216E-01
 3.3300    2.8332907E-03    3.9481120E-01   -3.9481120E-01
 3.3400    2.7784415E-03    3.8949695E-01   -3.8949695E-01
 3.3500    2.7242968E-03    3.8419694E-01   -3.8419694E-01
 3.3600    2.6710179E-03    3.7893544E-01   -3.7893544E-01
 3.3700    2.6187098E-03    3.7372920E-01   -3.7372920E-01
 3.3800    2.5673880E-03    3.6858255E-01   -3.6858255E-01
 3.3900    2.5170087E-03    3.6349126E-01   -3.6349126E-01
 3.4000    2.4675226E-03    3.5845021E-01   -3.5845021E-01
 3.4100    2.4189092E-03    3.5345830E-01   -3.5345830E-01
 3.4200    2.3711716E-03    3.4851788E-01   -3.4851788E-01
 3.4300    2.3243170E-03    3.4363189E-01   -3.4363189E-01
 3.4400    2.2783547E-03    3.3880366E-01   -3.3880366E-01
 3.4500    2.2333161E-03    3.3403983E-01   -3.3403983E-01
 3.4600    2.1892573E-03    3.2935092E-01   -3.2935092E-01
 3.4700    2.1462186E-03    3.2474522E-01   -3.2474522E-01
 3.4800    2.1041640E-03    3.2021961E-01   -3.2021961E-01
 3.4900    2.0629636E-03    3.1575649E-01   -3.1575649E-01
 3.5000    2.0224516E-03    3.1133223E-01   -3.1133223E-01
 3.5100    1.9825188E-03    3.0693147E-01   -3.0693147E-01
 3.5200    1.9431642E-03    3.0255525E-01   -3.0255525E-01
 3.5300    1.9044630E-03    2.9821659E-01   -2.9821659E-01
 3.5400    1.8664920E-03    2.9392906E-01   -2.9392906E-01
 3.5500    1.8292853E-03    2.8969968E-01   -2.8969968E-01
 3.5600    1.7928513E-03    2.8553157E-01   -2.8553157E-01
 3.5700    1.7572161E-03    2.8143070E-01   -2.8143070E-01
 3.5800    1.7224267E-03    2.7740652E-01   -2.7740652E-01
 3.5900    1.6884968E-03    2.7346327E-01   -2.7346327E-01
 3.6000    1.6553418E-03    2.6958924E-01   -2.6958924E-01
 3.6100    1.6227787E-03    2.6575630E-01   -2.6575630E-01
 3.6200    1.5906113E-03    2.6193351E-01   -2.6193351E-01
 3.6300    1.5587423E-03    2.5810561E-01   -2.5810561E-01
 3.6400    1.5272226E-03    2.5428162E-01   -2.5428162E-01
 3.6500    1.4962059E-03    2.5048802E-01   -2.5048802E-01
 3.6600    1.4658621E-03    2.4675453E-01   -2.4675453E-01
 3.6700    1.4363193E-03    2.4310450E-01   -2.4310450E-01
 3.6800    1.4076500E-03    2.3955221E-01   -2.3955221E-01
 3.6900    1.3798612E-03    2.3610109E-01   -2.3610109E-01
 3.7000    1.3528693E-03    2.3273899E-01   -2.3273899E-01
 3.7100    1.3264924E-03    2.2943647E-01   -2.2943647E-01
 3.7200    1.3005041E-03    2.2615566E-01   -2.2615566E-01
 3.7300    1.2747339E-03    2.2286766E-01   -2.2286766E-01
 3.7400    1.2491464E-03    2.1956667E-01   -2.1956667E-01
 3.7500    1.2238422E-03    2.1627078E-01   -2.1627078E-01
 3.7600    1.1989863E-03    2.1300989E-01   -2.1300989E-01
 3.7700    1.1747164E-03    2.0980972E-01   -2.0980972E-01
 3.7800    1.1510847E-03    2.0668110E-01   -2.0668110E-01
 3.7900    1.1280519E-03    2.0361856E-01   -2.0361856E-01
 3.8000    1.1055234E-03    2.0060650E-01   -2.0060650E-01
 3.8100    1.0833999E-03    1.9762806E-01   -1.9762806E-01
 3.8200    1.0616136E-03    1.9467181E-01   -1.9467181E-01
 3.8300    1.0401398E-03    1.9173400E-01   -1.9173400E-01
 3.8400    1.0189919E-03    1.8881784E-01   -1.8881784E-01
 3.8500    9.9821653E-04    1.8593283E-01   -1.8593283E-01
 3.8600    9.7789200E-04    1.8309453E-01   -1.8309453E-01
 3.8700    9.5811385E-04    1.8032208E-01   -1.8032208E-01
 3.8800    9.3895447E-04    1.7763063E-01   -1.7763063E-01
 3.8900    9.2041318E-04    1.7502170E-01   -1.7502170E-01
 3.9000    9.0239899E-04    1.7247958E-01   -1.7247958E-01
 3.9100    8.8477021E-04    1.6997845E-01   -1.6997845E-01
 3.9200    8.6740584E-04    1.6749596E-01   -1.6749596E-01
 3.9300    8.5025598E-04    1.6502307E-01   -1.6502307E-01
 3.9400    8.3334002E-04    1.6256406E-01   -1.6256406E-01
 3.9500    8.1670447E-04    1.6012863E-01   -1.6012863E-01
 3.9600    8.0037867E-04    1.5772326E-01   -1.5772326E-01
 3.9700    7.8436150E-04    1.5534853E-01   -1.5534853E-01
 3.9800    7.6864418E-04    1.5300350E-01   -1.5300350E-01
 3.9900    7.5324301E-04    1.5069220E-01   -1.5069220E-01
 4.0000    7.3820571E-04    1.4842506E-01   -1.4842506E-01
 4.0100    7.2357937E-04    1.4621259E-01   -1.4621259E-01
 4.0200    7.0936567E-04    1.4405626E-01   -1.4405626E-01
 4.0300    6.9550338E-04    1.4194471E-01   -1.4194471E-01
 4.0400    6.8189625E-04    1.3985915E-01   -1.3985915E-01
 4.0500    6.6846692E-04    1.3778433E-01   -1.3778433E-01
 4.0600    6.5519659E-04    1.3571678E-01   -1.3571678E-01
 4.0700    6.4212126E-04    1.3366439E-01   -1.3366439E-01
 4.0800    6.2928950E-04    1.3163782E-01   -1.3163782E-01
 4.0900    6.1671847E-04    1.2964132E-01   -1.2964132E-01
 4.1000    6.0438518E-04    1.2767074E-01   -1.2767074E-01
 4.1100    5.9225705E-04    1.2571982E-01   -1.2571982E-01
 4.1200    5.8032947E-04    1.2378811E-01   -1.2378811E-01
 4.1300    5.6863461E-04    1.2188303E-01   -1.2188303E-01
 4.1400    5.5721630E-04    1.2001468E-01   -1.2001468E-01
 4.1500    5.4609752E-04    1.1818878E-01   -1.1818878E-01
 4.1600    5.3526961E-04    1.1640432E-01   -1.1640432E-01
 4.1700    5.2470855E-04    1.1465688E-01   -1.1465688E-01
 4.1800    5.1439766E-04    1.1294354E-01   -1.1294354E-01
 4.1900    5.0433234E-04    1.1126401E-01   -1.1126401E-01
 4.2000    4.9450252E-04    1.0961676E-01   -1.0961676E-01
 4.2100    4.8487377E-04    1.0799477E-01   -1.0799477E-01
 4.2200    4.7539194E-04    1.0638651E-01   -1.0638651E-01
 4.2300    4.6601271E-04    1.0478240E-01   -1.0478240E-01
 4.2400    4.5672935E-04    1.0318118E-01   -1.0318118E-01
 4.2500    4.4757176E-04    1.0158987E-01   -1.0158987E-01
 4.2600    4.3857710E-04    1.0001728E-01   -1.0001728E-01
 4.2700    4.2975886E-04    9.8466942E-02   -9.8466942E-02
 4.2800    4.2110090E-04    9.6935661E-02   -9.6935661E-02
 4.2900    4.1258107E-04    9.5418754E-02   -9.5418754E-02
 4.3000    4.0420489E-04    9.3917893E-02   -9.3917893E-02
 4.3100    3.9602207E-04    9.2445078E-02   -9.2445078E-02
 4.3200    3.8810956E-04    9.1018924E-02   -9.1018924E-02
 4.3300    3.8053041E-04    8.9655105E-02   -8.9655105E-02
 4.3400    3.7329508E-04    8.8357128E-02   -8.8357128E-02
 4.3500    3.6634732E-04    8.7112684E-02   -8.7112684E-02
 4.3600    3.5957784E-04    8.5896557E-02   -8.5896557E-02
 4.3700    3.5285814E-04    8.4678445E-02   -8.4678445E-02
 4.3800    3.4608496E-04    8.3433567E-02   -8.3433567E-02
 4.3900    3.3921972E-04    8.2152350E-02   -8.2152350E-02
 4.4000    3.3230012E-04    8.0843612E-02   -8.0843612E-02
 4.4100    3.2541327E-04    7.9528410E-02   -7.9528410E-02
 4.4200    3.1864846E-04    7.8228720E-02   -7.8228720E-02
 4.4300    3.1206349E-04    7.6959153E-02   -7.6959153E-02
 4.4400    3.0568172E-04    7.5726046E-02   -7.5726046E-02
 4.4500    2.9950748E-04    7.4531104E-02   -7.4531104E-02
 4.4600    2.9353705E-04    7.3374052E-02   -7.3374052E-02
 4.4700    2.8775775E-04    7.2252343E-02   -7.2252343E-02
 4.4800    2.8214638E-04    7.1160727E-02   -7.1160727E-02
 4.4900    2.7667832E-04    7.0093487E-02   -7.0093487E-02
 4.5000    2.7134140E-04    6.9047976E-02   -6.9047976E-02
 4.5100    2.6613943E-04    6.8025566E-02   -6.8025566E-02
 4.5200    2.6108082E-04    6.7028840E-02   -6.7028840E-02
 4.5300    2.5616527E-04    6.6058167E-02   -6.6058167E-02
 4.5400    2.5138150E-04    6.5111079E-02   -6.5111079E-02
 4.5500    2.4671396E-04    6.4183941E-02   -6.4183941E-02
 4.5600    2.4214670E-04    6.3272952E-02   -6.3272952E-02
 4.5700    2.3766017E-04    6.2373292E-02   -6.2373292E-02
 4.5800    2.3322924E-04    6.1478579E-02   -6.1478579E-02
 4.5900    2.2883140E-04    6.0583010E-02   -6.0583010E-02
 4.6000    2.2446158E-04    5.9685323E-02   -5.9685323E-02
 4.6100    2.2013909E-04    5.8790734E-02   -5.8790734E-02
 4.6200    2.1589670E-04    5.7908168E-02   -5.7908168E-02
 4.6300    2.1175956E-04    5.7044645E-02   -5.7044645E-02
 4.6400    2.0773211E-04    5.6201702E-02   -5.6201702E-02
 4.6500    2.0380191E-04    5.5376311E-02   -5.5376311E-02
 4.6600    1.9995083E-04    5.4563838E-02   -5.4563838E-02
 4.6700    1.9616011E-04    5.3759389E-02   -5.3759389E-02
 4.6800    1.9240927E-04    5.2957511E-02   -5.2957511E-02
 4.6900    1.8867950E-04    5.2153116E-02   -5.2153116E-02
 4.7000    1.8496471E-04    5.1344561E-02   -5.1344561E-02
 4.7100    1.8128050E-04    5.0536221E-02   -5.0536221E-02
 4.7200    1.7766008E-04    4.9737472E-02   -4.9737472E-02
 4.7300    1.7413809E-04    4.8958254E-02   -4.8958254E-02
 4.7400    1.7073477E-04    4.8204605E-02   -4.8204605E-02
 4.7500    1.6745280E-04    4.7477682E-02   -4.7477682E-02
 4.7600    1.6428755E-04    4.6776575E-02   -4.6776575E-02
 4.7700    1.6123800E-04    4.6101392E-02   -4.6101392E-02
 4.7800    1.5830549E-04    4.5452903E-02   -4.5452903E-02
 4.7900    1.5548215E-04    4.4829246E-02   -4.4829246E-02
 4.8000    1.5274522E-04    4.4224199E-02   -4.4224199E-02
 4.8100    1.5006738E-04    4.3630110E-02   -4.3630110E-02
 4.8200    1.4743544E-04    4.3043328E-02   -4.3043328E-02
 4.8300    1.4486015E-04    4.2467143E-02   -4.2467143E-02
 4.8400    1.4236882E-04    4.1909788E-02   -4.1909788E-02
 4.8500    1.3998673E-04    4.1379020E-02   -4.1379020E-02
 4.8600    1.3771687E-04    4.0876109E-02   -4.0876109E-02
 4.8700    1.3552550E-04    4.0391390E-02   -4.0391390E-02
 4.8800    1.3334166E-04    3.9903902E-02   -3.9903902E-02
 4.8900    1.3108003E-04    3.9388016E-02   -3.9388016E-02
 4.9000    1.2868367E-04    3.8826251E-02   -3.8826251E-02
 4.9100    1.2616077E-04    3.8220571E-02   -3.8220571E-02
 4.9200    1.2358320E-04    3.7592352E-02   -3.7592352E-02
 4.9300    1.2104399E-04    3.6969785E-02   -3.6969785E-02
 4.9400    1.1861001E-04    3.6373502E-02   -3.6373502E-02
 4.9500    1.1631009E-04    3.5812750E-02   -3.5812750E-02
 4.9600    1.1415832E-04    3.5292366E-02   -3.5292366E-02
 4.9700    1.1217278E-04    3.4818506E-02   -3.4818506E-02
 4.9800    1.1035771E-04    3.4393092E-02   -3.4393092E-02
 4.9900    1.0866440E-04    3.4001512E-02   -3.4001512E-02
 5.0000    1.0698042E-04    3.3608891E-02   -3.3608891E-02
 5.0100    1.0517662E-04    3.3174510E-02   -3.3174510E-02
 5.0200    1.0318555E-04    3.2676548E-02   -3.2676548E-02
 5.0300    1.0105158E-04    3.2128388E-02   -3.2128388E-02
 5.0400    9.8914308E-05    3.1574033E-02   -3.1574033E-02
 5.0500    9.6937931E-05    3.1066074E-02   -3.1066074E-02
 5.0600    9.5229590E-05    3.0639580E-02   -3.0639580E-02
 5.0700    9.3785395E-05    3.0294305E-02   -3.0294305E-02
 5.0800    9.2484958E-05    2.9992205E-02   -2.9992205E-02
 5.0900    9.1140799E-05    2.9672782E-02   -2.9672782E-02
 5.1000    8.9591068E-05    2.9282957E-02   -2.9282957E-02
 5.1100    8.7796301E-05    2.8808980E-02   -2.8808980E-02
 5.1200    8.5881521E-05    2.8291079E-02   -2.8291079E-02
 5.1300    8.4084661E-05    2.7807463E-02   -2.7807463E-02
 5.1400    8.2632573E-05    2.7433889E-02   -2.7433889E-02
 5.1500    8.1620523E-05    2.7203432E-02   -2.7203432E-02
 5.1600    8.0967184E-05    2.7090580E-02   -2.7090580E-02
 5.1700    8.0458914E-05    2.7024964E-02   -2.7024964E-02
 5.1800    7.9842402E-05    2.6921731E-02   -2.6921731E-02
 5.1900    7.8915843E-05    2.6712146E-02   -2.6712146E-02
 5.2000    7.7590289E-05    2.6364766E-02   -2.6364766E-02
 5.2100    7.5909775E-05    2.5893038E-02   -2.5893038E-02
 5.2200    7.4025259E-05    2.5347248E-02   -2.5347248E-02
 5.2300    7.2130024E-05    2.4793014E-02   -2.4793014E-02
 5.2400    7.0384907E-05    2.4285776E-02   -2.4285776E-02
 5.2500    6.8870851E-05    2.3854148E-02   -2.3854148E-02
 5.2600    6.7588240E-05    2.3499168E-02   -2.3499168E-02
 5.2700    6.6488875E-05    2.3204920E-02   -2.3204920E-02
 5.2800    6.5507757E-05    2.2949353E-02   -2.2949353E-02
 5.2900    6.4575661E-05    2.2708585E-02   -2.2708585E-02
 5.3000    6.3622767E-05    2.2458159E-02   -2.2458159E-02
 5.3100    6.2594037E-05    2.2178485E-02   -2.2178485E-02
 5.3200    6.1476102E-05    2.1864495E-02   -2.1864495E-02
 5.3300    6.0309714E-05    2.1530373E-02   -2.1530373E-02
 5.3400    5.9166580E-05    2.1201610E-02   -2.1201610E-02
 5.3500    5.8103606E-05    2.0898760E-02   -2.0898760E-02
 5.3600    5.7132123E-05    2.0626228E-02   -2.0626228E-02
 5.3700    5.6225231E-05    2.0374628E-02   -2.0374628E-02
 5.3800    5.5349933E-05    2.0132213E-02   -2.0132213E-02
 5.3900    5.4493119E-05    1.9894318E-02   -1.9894318E-02
 5.4000    5.3665635E-05    1.9664987E-02   -1.9664987E-02
 5.4100    5.2891979E-05    1.9453341E-02   -1.9453341E-02
 5.4200    5.2197719E-05    1.9269035E-02   -1.9269035E-02
 5.4300    5.1597052E-05    1.9117646E-02   -1.9117646E-02
 5.4400    5.1080744E-05    1.8996119E-02   -1.8996119E-02
 5.4500    5.0613139E-05    1.8891487E-02   -1.8891487E-02
 5.4600    5.0147047E-05    1.8786268E-02   -1.8786268E-02
 5.4700    4.9649949E-05    1.8668238E-02   -1.8668238E-02
 5.4800    4.9121759E-05    1.8537232E-02   -1.8537232E-02
 5.4900    4.8591223E-05    1.8404007E-02   -1.8404007E-02
 5.5000    4.8097413E-05    1.8283400E-02   -1.8283400E-02
 5.5100    4.7673462E-05    1.8188201E-02   -1.8188201E-02
 5.5200    4.7342204E-05    1.8127441E-02   -1.8127441E-02
 5.5300    4.7118854E-05    1.8107348E-02   -1.8107348E-02
 5.5400    4.7010159E-05    1.8130973E-02   -1.8130973E-02
 5.5500    4.7006201E-05    1.8194955E-02   -1.8194955E-02
 5.5600    4.7071117E-05    1.8285799E-02   -1.8285799E-02
 5.5700    4.7142715E-05    1.8379549E-02   -1.8379549E-02
 5.5800    4.7146440E-05    1.8447060E-02   -1.8447060E-02
 5.5900    4.7019965E-05    1.8463575E-02   -1.8463575E-02
 5.6000    4.6735434E-05    1.8417564E-02   -1.8417564E-02
 5.6100    4.6302899E-05    1.8312337E-02   -1.8312337E-02
 5.6200    4.5748512E-05    1.8157643E-02   -1.8157643E-02
 5.6300    4.5082983E-05    1.7957228E-02   -1.7957228E-02
 5.6400    4.4290168E-05    1.7704163E-02   -1.7704163E-02
 5.6500    4.3351623E-05    1.7390502E-02   -1.7390502E-02
 5.6600    4.2289805E-05    1.7024659E-02   -1.7024659E-02
 5.6700    4.1193811E-05    1.6642094E-02   -1.6642094E-02
 5.6800    4.0204292E-05    1.6299675E-02   -1.6299675E-02
 5.6900    3.9462927E-05    1.6055495E-02   -1.6055495E-02
 5.7000    3.9054753E-05    1.5945329E-02   -1.5945329E-02
 5.7100    3.8979568E-05    1.5970522E-02   -1.5970522E-02
 5.7200    3.9173613E-05    1.6106291E-02   -1.6106291E-02
 5.7300    3.9562760E-05    1.6323215E-02   -1.6323215E-02
 5.7400    4.0092764E-05    1.6599677E-02   -1.6599677E-02
 5.7500    4.0697637E-05    1.6908876E-02   -1.6908876E-02
 5.7600    4.1237379E-05    1.7192771E-02   -1.7192771E-02
 5.7700    4.1493141E-05    1.7359524E-02   -1.7359524E-02
 5.7800    4.1274312E-05    1.7327878E-02   -1.7327878E-02
 5.7900    4.0577576E-05    1.7094370E-02   -1.7094370E-02
 5.8000    3.9655532E-05    1.6763690E-02   -1.6763690E-02
 5.8100    3.8905516E-05    1.6503396E-02   -1.6503396E-02
 5.8200    3.8642596E-05    1.6448342E-02   -1.6448342E-02
 5.8300    3.8922256E-05    1.6624362E-02   -1.6624362E-02
 5.8400    3.9530457E-05    1.6942106E-02   -1.6942106E-02
 5.8500    4.0122881E-05    1.7254950E-02   -1.7254950E-02
 5.8600    4.0403295E-05    1.7434997E-02   -1.7434997E-02
 5.8700    4.0238137E-05    1.7423040E-02   -1.7423040E-02
 5.8800    3.9669925E-05    1.7235580E-02   -1.7235580E-02
 5.8900    3.8857748E-05    1.6940182E-02   -1.6940182E-02
 5.9000    3.8003017E-05    1.6623864E-02   -1.6623864E-02
 5.9100    3.7296698E-05    1.6370246E-02   -1.6370246E-02
 5.9200    3.6875799E-05    1.6240325E-02   -1.6240325E-02
 5.9300    3.6766266E-05    1.6246835E-02   -1.6246835E-02
 5.9400    3.6838831E-05    1.6333851E-02   -1.6333851E-02
 5.9500    3.6842631E-05    1.6390584E-02   -1.6390584E-02
 5.9600    3.6532655E-05    1.6307358E-02   -1.6307358E-02
 5.9700    3.5809558E-05    1.6038269E-02   -1.6038269E-02
 5.9800    3.4762753E-05    1.5621632E-02   -1.5621632E-02
 5.9900    3.3593253E-05    1.5146615E-02   -1.5146615E-02
 6.0000    3.2497623E-05    1.4701578E-02   -1.4701578E-02
 6.0100    3.1606479E-05    1.4346135E-02   -1.4346135E-02
 6.0200    3.0995040E-05    1.4115460E-02   -1.4115460E-02
 6.0300    3.0716294E-05    1.4035029E-02   -1.4035029E-02
 6.0400    3.0810997E-05    1.4125034E-02   -1.4125034E-02
 6.0500    3.1294230E-05    1.4394112E-02   -1.4394112E-02
 6.0600    3.2144247E-05    1.4834003E-02   -1.4834003E-02
 6.0700    3.3302176E-05    1.5419130E-02   -1.5419130E-02
 6.0800    3.4660927E-05    1.6101161E-02   -1.6101161E-02
 6.0900    3.6029153E-05    1.6791848E-02   -1.6791848E-02
 6.1000    3.7109355E-05    1.7352136E-02   -1.7352136E-02
 6.1100    3.7559454E-05    1.7620229E-02   -1.7620229E-02
 6.1200    3.7144102E-05    1.7482461E-02   -1.7482461E-02
 6.1300    3.5872612E-05    1.6939236E-02   -1.6939236E-02
 6.1400    3.4001030E-05    1.6107891E-02   -1.6107891E-02
 6.1500    3.1891795E-05    1.5157901E-02   -1.5157901E-02
 6.1600    2.9850478E-05    1.4233856E-02   -1.4233856E-02
 6.1700    2.8054844E-05    1.3421098E-02   -1.3421098E-02
 6.1800    2.6579232E-05    1.2756433E-02   -1.2756433E-02
 6.1900    2.5439280E-05    1.2248868E-02   -1.2248868E-02
 6.2000    2.4611829E-05    1.1888776E-02   -1.1888776E-02
 6.2100    2.4050378E-05    1.1655072E-02   -1.1655072E-02
 6.2200    2.3720135E-05    1.1532084E-02   -1.1532084E-02
 6.2300    2.3627025E-05    1.1523781E-02   -1.1523781E-02
 6.2400    2.3796721E-05    1.1643838E-02   -1.1643838E-02
 6.2500    2.4208219E-05    1.1883182E-02   -1.1883182E-02
 6.2600    2.4743508E-05    1.2184839E-02   -1.2184839E-02
 6.2700    2.5209886E-05    1.2454200E-02   -1.2454200E-02
 6.2800    2.5426823E-05    1.2601471E-02   -1.2601471E-02
 6.2900    2.5311488E-05    1.2584293E-02   -1.2584293E-02
 6.3000    2.4901390E-05    1.2419799E-02   -1.2419799E-02
 6.3100    2.4310943E-05    1.2163831E-02   -1.2163831E-02
 6.3200    2.3671710E-05    1.1881565E-02   -1.1881565E-02
 6.3300    2.3102890E-05    1.1632782E-02   -1.1632782E-02
 6.3400    2.2710238E-05    1.1471232E-02   -1.1471232E-02
 6.3500    2.2578305E-05    1.1440596E-02   -1.1440596E-02
 6.3600    2.2737907E-05    1.1557784E-02   -1.1557784E-02
 6.3700    2.3128877E-05    1.1793515E-02   -1.1793515E-02
 6.3800    2.3591031E-05    1.2066968E-02   -1.2066968E-02
 6.3900    2.3898934E-05    1.2262813E-02   -1.2262813E-02
 6.4000    2.3832681E-05    1.2267123E-02   -1.2267123E-02
 6.4100    2.3259092E-05    1.2009327E-02   -1.2009327E-02
 6.4200    2.2186561E-05    1.1491320E-02   -1.1491320E-02
 6.4300    2.0763850E-05    1.0787969E-02   -1.0787969E-02
 6.4400    1.9224946E-05    1.0019516E-02   -1.0019516E-02
 6.4500    1.7815112E-05    9.3136059E-03   -9.3136059E-03
 6.4600    1.6735002E-05    8.7760817E-03   -8.7760817E-03
 6.4700    1.6111455E-05    8.4752633E-03   -8.4752633E-03
 6.4800    1.5979894E-05    8.4320617E-03   -8.4320617E-03
 6.4900    1.6269141E-05    8.6112040E-03   -8.6112040E-03
 6.5000    1.6802839E-05    8.9211170E-03   -8.9211170E-03
 6.5100    1.7339007E-05    9.2341317E-03   -9.2341317E-03
 6.5200    1.7645586E-05    9.4262975E-03   -9.4262975E-03
 6.5300    1.7577746E-05    9.4188832E-03   -9.4188832E-03
 6.5400    1.7117763E-05    9.2005200E-03   -9.2005200E-03
 6.5500    1.6364932E-05    8.8228050E-03   -8.8228050E-03
 6.5600    1.5490611E-05    8.3769532E-03   -8.3769532E-03
 6.5700    1.4678920E-05    7.9622296E-03   -7.9622296E-03
 6.5800    1.4068375E-05    7.6543017E-03   -7.6543017E-03
 6.5900    1.3711899E-05    7.4830438E-03   -7.4830438E-03
 6.6000    1.3573783E-05    7.4301678E-03   -7.4301678E-03
 6.6100    1.3565001E-05    7.4478787E-03   -7.4478787E-03
 6.6200    1.3593068E-05    7.4858881E-03   -7.4858881E-03
 6.6300    1.3597249E-05    7.5108305E-03   -7.5108305E-03
 6.6400    1.3558937E-05    7.5122782E-03   -7.5122782E-03
 6.6500    1.3496130E-05    7.5000198E-03   -7.5000198E-03
 6.6600    1.3452055E-05    7.4980264E-03   -7.4980264E-03
 6.6700    1.3479195E-05    7.5357327E-03   -7.5357327E-03
 6.6800    1.3616980E-05    7.6356072E-03   -7.6356072E-03
 6.6900    1.3867473E-05    7.7993681E-03   -7.7993681E-03
 6.7000    1.4180866E-05    7.9994887E-03   -7.9994887E-03
 6.7100    1.4463586E-05    8.1833455E-03   -8.1833455E-03
 6.7200    1.4612235E-05    8.2921101E-03   -8.2921101E-03
 6.7300    1.4559723E-05    8.2869191E-03   -8.2869191E-03
 6.7400    1.4307805E-05    8.1677543E-03   -8.1677543E-03
 6.7500    1.3925233E-05    7.9729653E-03   -7.9729653E-03
 6.7600    1.3511878E-05    7.7592363E-03   -7.7592363E-03
 6.7700    1.3150976E-05    7.5743465E-03   -7.5743465E-03
 6.7800    1.2877440E-05    7.4387300E-03   -7.4387300E-03
 6.7900    1.2676985E-05    7.3445531E-03   -7.3445531E-03
 6.8000    1.2510237E-05    7.2693107E-03   -7.2693107E-03
 6.8100    1.2343145E-05    7.1933287E-03   -7.1933287E-03
 6.8200    1.2165472E-05    7.1106215E-03   -7.1106215E-03
 6.8300    1.1989071E-05    7.0280820E-03   -7.0280820E-03
 6.8400    1.1829889E-05    6.9550897E-03   -6.9550897E-03
 6.8500    1.1687332E-05    6.8913829E-03   -6.8913829E-03
 6.8600    1.1537053E-05    6.8226484E-03   -6.8226484E-03
 6.8700    1.1344868E-05    6.7285700E-03   -6.7285700E-03
 6.8800    1.1093808E-05    6.5988366E-03   -6.5988366E-03
 6.8900    1.0804351E-05    6.4453574E-03   -6.4453574E-03
 6.9000    1.0530211E-05    6.3000664E-03   -6.3000664E-03
 6.9100    1.0329455E-05    6.1978829E-03   -6.1978829E-03
 6.9200    1.0231349E-05    6.1567984E-03   -6.1567984E-03
 6.9300    1.0224675E-05    6.1705780E-03   -6.1705780E-03
 6.9400    1.0274270E-05    6.2184161E-03   -6.2184161E-03
 6.9500    1.0344901E-05    6.2792215E-03   -6.2792215E-03
 6.9600    1.0406369E-05    6.3347219E-03   -6.3347219E-03
 6.9700    1.0420003E-05    6.3612615E-03   -6.3612615E-03
 6.9800    1.0333418E-05    6.3265173E-03   -6.3265173E-03
 6.9900    1.0101643E-05    6.2023497E-03   -6.2023497E-03
 7.0000    9.7174129E-06    5.9835180E-03   -5.9835180E-03
 7.0100    9.2175889E-06    5.6919783E-03   -5.6919783E-03
 7.0200    8.6583096E-06    5.3618813E-03   -5.3618813E-03
 7.0300    8.0863683E-06    5.0219690E-03   -5.0219690E-03
 7.0400    7.5356223E-06    4.6932566E-03   -4.6932566E-03
 7.0500    7.0456070E-06    4.4005454E-03   -4.4005454E-03
 7.0600    6.6734780E-06    4.1799540E-03   -4.1799540E-03
 7.0700    6.4772907E-06    4.0685727E-03   -4.0685727E-03
 7.0800    6.4784769E-06    4.0808374E-03   -4.0808374E-03
 7.0900    6.6341709E-06    4.1907233E-03   -4.1907233E-03
 7.1000    6.8457321E-06    4.3365710E-03   -4.3365710E-03
 7.1100    7.0025592E-06    4.4484207E-03   -4.4484207E-03
 7.1200    7.0327621E-06    4.4801832E-03   -4.4801832E-03
 7.1300    6.9274490E-06    4.4254991E-03   -4.4254991E-03
 7.1400    6.7270922E-06    4.3095673E-03   -4.3095673E-03
 7.1500    6.4868563E-06    4.1673140E-03   -4.1673140E-03
 7.1600    6.2480685E-06    4.0251465E-03   -4.0251465E-03
 7.1700    6.0301280E-06    3.8956031E-03   -3.8956031E-03
 7.1800    5.8381974E-06    3.7821393E-03   -3.7821393E-03
 7.1900    5.6742733E-06    3.6861915E-03   -3.6861915E-03
 7.2000    5.5434064E-06    3.6112003E-03   -3.6112003E-03
 7.2100    5.4536117E-06    3.5625798E-03   -3.5625798E-03
 7.2200    5.4117628E-06    3.5450553E-03   -3.5450553E-03
 7.2300    5.4188315E-06    3.5595254E-03   -3.5595254E-03
 7.2400    5.4675189E-06    3.6014491E-03   -3.6014491E-03
 7.2500    5.5438508E-06    3.6618235E-03   -3.6618235E-03
 7.2600    5.6318688E-06    3.7302302E-03   -3.7302302E-03
 7.2700    5.7185491E-06    3.7980838E-03   -3.7980838E-03
 7.2800    5.7963504E-06    3.8603551E-03   -3.8603551E-03
