# total charge: 13.000000 
# r(A)     rho (e/A^3)     4*pi*r^2*rho(e/A)  dip  
 0.0000    2.3098061E+00    0.0000000E+00    1.0372499E+02
 0.0100    2.3147004E+00    2.9087383E-03    1.0320475E+02
 0.0200    2.3208745E+00    1.1665988E-02    1.0165943E+02
 0.0300    2.3285747E+00    2.6335560E-02    9.9134496E+01
 0.0400    2.3380533E+00    4.7009351E-02    9.5703227E+01
 0.0500    2.3495743E+00    7.3814055E-02    9.1463171E+01
 0.0600    2.3634190E+00    1.0691856E-01    8.6531478E+01
 0.0700    2.3798597E+00    1.4654038E-01    8.1039482E+01
 0.0800    2.3990974E+00    1.9294686E-01    7.5126857E+01
 0.0900    2.4211972E+00    2.4644786E-01    6.8935717E+01
 0.1000    2.4460690E+00    3.0738209E-01    6.2605006E+01
 0.1100    2.4735017E+00    3.7610357E-01    5.6265462E+01
 0.1200    2.5032226E+00    4.5297249E-01    5.0035402E+01
 0.1300    2.5349465E+00    5.3835081E-01    4.4017483E+01
 0.1400    2.5684022E+00    6.3259969E-01    3.8296541E+01
 0.1500    2.6033402E+00    7.3607711E-01    3.2938498E+01
 0.1600    2.6395284E+00    8.4913388E-01    2.7990283E+01
 0.1700    2.6767412E+00    9.7210704E-01    2.3480653E+01
 0.1800    2.7147472E+00    1.1053104E+00    1.9421731E+01
 0.1900    2.7533036E+00    1.2490251E+00    1.5811087E+01
 0.2000    2.7921618E+00    1.4034936E+00    1.2634158E+01
 0.2100    2.8310834E+00    1.5689212E+00    9.8668138E+00
 0.2200    2.8698575E+00    1.7454827E+00    7.4779114E+00
 0.2300    2.9083068E+00    1.9333290E+00    5.4317008E+00
 0.2400    2.9462773E+00    2.1325831E+00    3.6899947E+00
 0.2500    2.9836127E+00    2.3433239E+00    2.2140342E+00
 0.2600    3.0201292E+00    2.5655595E+00    9.6601254E-01
 0.2700    3.0555971E+00    2.7991972E+00   -8.9754103E-02
 0.2800    3.0897250E+00    3.0440077E+00   -9.8599030E-01
 0.2900    3.1221498E+00    3.2995871E+00   -1.7519287E+00
 0.3000    3.1524628E+00    3.5653514E+00   -2.4130709E+00
 0.3100    3.1802969E+00    3.8406162E+00   -2.9912433E+00
 0.3200    3.2054543E+00    4.1247669E+00   -3.5049040E+00
 0.3300    3.2279982E+00    4.4174437E+00   -3.9695758E+00
 0.3400    3.2482435E+00    4.7186338E+00   -4.3982568E+00
 0.3500    3.2666429E+00    5.0286061E+00   -4.8017086E+00
 0.3600    3.2835914E+00    5.3476624E+00   -5.1885679E+00
 0.3700    3.2991833E+00    5.6757042E+00   -5.5652613E+00
 0.3800    3.3130139E+00    6.0117417E+00   -5.9358355E+00
 0.3900    3.3241979E+00    6.3536889E+00   -6.3020385E+00
 0.4000    3.3317026E+00    6.6987856E+00   -6.6639898E+00
 0.4100    3.3348379E+00    7.0445345E+00   -7.0213265E+00
 0.4200    3.3335381E+00    7.3894799E+00   -7.3741547E+00
 0.4300    3.3282165E+00    7.7331840E+00   -7.7231648E+00
 0.4400    3.3193635E+00    8.0755113E+00   -8.0690263E+00
 0.4500    3.3073043E+00    8.4160642E+00   -8.4119084E+00
 0.4600    3.2923148E+00    8.7544100E+00   -8.7517734E+00
 0.4700    3.2748584E+00    9.0907164E+00   -9.0890602E+00
 0.4800    3.2555298E+00    9.4257087E+00   -9.4246788E+00
 0.4900    3.2346192E+00    9.7594464E+00   -9.7588122E+00
 0.5000    3.2116950E+00    1.0089838E+01   -1.0089451E+01
 0.5100    3.1857055E+00    1.0412520E+01   -1.0412286E+01
 0.5200    3.1556478E+00    1.0722723E+01   -1.0722583E+01
 0.5300    3.1212970E+00    1.1017846E+01   -1.1017764E+01
 0.5400    3.0834112E+00    1.1298709E+01   -1.1298661E+01
 0.5500    3.0433214E+00    1.1568660E+01   -1.1568632E+01
 0.5600    3.0023220E+00    1.1831592E+01   -1.1831576E+01
 0.5700    2.9612794E+00    1.2090352E+01   -1.2090343E+01
 0.5800    2.9204880E+00    1.2345858E+01   -1.2345853E+01
 0.5900    2.8795826E+00    1.2596313E+01   -1.2596310E+01
 0.6000    2.8374906E+00    1.2836505E+01   -1.2836503E+01
 0.6100    2.7926449E+00    1.3058258E+01   -1.3058257E+01
 0.6200    2.7435892E+00    1.3252943E+01   -1.3252942E+01
 0.6300    2.6897381E+00    1.3415317E+01   -1.3415317E+01
 0.6400    2.6318148E+00    1.3546439E+01   -1.3546439E+01
 0.6500    2.5716211E+00    1.3653486E+01   -1.3653486E+01
 0.6600    2.5112029E+00    1.3746102E+01   -1.3746101E+01
 0.6700    2.4518713E+00    1.3831113E+01   -1.3831113E+01
 0.6800    2.3936682E+00    1.3908863E+01   -1.3908863E+01
 0.6900    2.3356097E+00    1.3973600E+01   -1.3973600E+01
 0.7000    2.2765199E+00    1.4017721E+01   -1.4017721E+01
 0.7100    2.2158717E+00    1.4036899E+01   -1.4036899E+01
 0.7200    2.1541021E+00    1.4032697E+01   -1.4032697E+01
 0.7300    2.0922974E+00    1.4011318E+01   -1.4011318E+01
 0.7400    2.0315629E+00    1.3979884E+01   -1.3979884E+01
 0.7500    1.9725166E+00    1.3942898E+01   -1.3942898E+01
 0.7600    1.9151647E+00    1.3900908E+01   -1.3900908E+01
 0.7700    1.8591177E+00    1.3851544E+01   -1.3851544E+01
 0.7800    1.8038901E+00    1.3791425E+01   -1.3791425E+01
 0.7900    1.7490605E+00    1.3717308E+01   -1.3717308E+01
 0.8000    1.6942801E+00    1.3626209E+01   -1.3626209E+01
 0.8100    1.6392899E+00    1.3515610E+01   -1.3515610E+01
 0.8200    1.5840420E+00    1.3384565E+01   -1.3384565E+01
 0.8300    1.5288225E+00    1.3234974E+01   -1.3234974E+01
 0.8400    1.4742016E+00    1.3071496E+01   -1.3071496E+01
 0.8500    1.4207979E+00    1.2899712E+01   -1.2899712E+01
 0.8600    1.3690270E+00    1.2723857E+01   -1.2723857E+01
 0.8700    1.3190019E+00    1.2545668E+01   -1.2545668E+01
 0.8800    1.2705881E+00    1.2364598E+01   -1.2364598E+01
 0.8900    1.2235147E+00    1.2178648E+01   -1.2178648E+01
 0.9000    1.1774780E+00    1.1985266E+01   -1.1985266E+01
 0.9100    1.1322418E+00    1.1782348E+01   -1.1782348E+01
 0.9200    1.0877303E+00    1.1569291E+01   -1.1569291E+01
 0.9300    1.0440591E+00    1.1347517E+01   -1.1347517E+01
 0.9400    1.0014684E+00    1.1119950E+01   -1.1119950E+01
 0.9500    9.6019417E-01    1.0889706E+01   -1.0889706E+01
 0.9600    9.2037488E-01    1.0659015E+01   -1.0659015E+01
 0.9700    8.8206629E-01    1.0429286E+01   -1.0429286E+01
 0.9800    8.4532825E-01    1.0202049E+01   -1.0202049E+01
 0.9900    8.1026875E-01    9.9795128E+00   -9.9795128E+00
 1.0000    7.7697009E-01    9.7636941E+00   -9.7636941E+00
 1.0100    7.4535387E-01    9.5546575E+00   -9.5546575E+00
 1.0200    7.1512321E-01    9.3495581E+00   -9.3495581E+00
 1.0300    6.8586034E-01    9.1436586E+00   -9.1436586E+00
 1.0400    6.5721982E-01    8.9327915E+00   -8.9327915E+00
 1.0500    6.2907955E-01    8.7155346E+00   -8.7155346E+00
 1.0600    6.0155388E-01    8.4936846E+00   -8.4936846E+00
 1.0700    5.7488149E-01    8.2709566E+00   -8.2709566E+00
 1.0800    5.4927803E-01    8.0509959E+00   -8.0509959E+00
 1.0900    5.2484372E-01    7.8359718E+00   -7.8359718E+00
 1.1000    5.0155863E-01    7.6263537E+00   -7.6263537E+00
 1.1100    4.7933839E-01    7.4216084E+00   -7.4216084E+00
 1.1200    4.5809762E-01    7.2211098E+00   -7.2211098E+00
 1.1300    4.3778361E-01    7.0246753E+00   -7.0246753E+00
 1.1400    4.1837497E-01    6.8325884E+00   -6.8325884E+00
 1.1500    3.9986169E-01    6.6453115E+00   -6.6453115E+00
 1.1600    3.8222516E-01    6.4631630E+00   -6.4631630E+00
 1.1700    3.6542707E-01    6.2861148E+00   -6.2861148E+00
 1.1800    3.4940880E-01    6.1137505E+00   -6.1137505E+00
 1.1900    3.3409928E-01    5.9453760E+00   -5.9453760E+00
 1.2000    3.1942861E-01    5.7802440E+00   -5.7802440E+00
 1.2100    3.0534360E-01    5.6178407E+00   -5.6178407E+00
 1.2200    2.9182022E-01    5.4581429E+00   -5.4581429E+00
 1.2300    2.7886479E-01    5.3016831E+00   -5.3016831E+00
 1.2400    2.6649732E-01    5.1492750E+00   -5.1492750E+00
 1.2500    2.5472398E-01    5.0014937E+00   -5.0014937E+00
 1.2600    2.4351962E-01    4.8583065E+00   -4.8583065E+00
 1.2700    2.3283708E-01    4.7192115E+00   -4.7192115E+00
 1.2800    2.2263525E-01    4.5837796E+00   -4.5837796E+00
 1.2900    2.1289947E-01    4.4520893E+00   -4.4520893E+00
 1.3000    2.0363700E-01    4.3246728E+00   -4.3246728E+00
 1.3100    1.9485609E-01    4.2021005E+00   -4.2021005E+00
 1.3200    1.8655082E-01    4.0846503E+00   -4.0846503E+00
 1.3300    1.7870238E-01    3.9723131E+00   -3.9723131E+00
 1.3400    1.7128822E-01    3.8649774E+00   -3.8649774E+00
 1.3500    1.6428555E-01    3.7625023E+00   -3.7625023E+00
 1.3600    1.5766726E-01    3.6646222E+00   -3.6646222E+00
 1.3700    1.5139954E-01    3.5708824E+00   -3.5708824E+00
 1.3800    1.4544805E-01    3.4807749E+00   -3.4807749E+00
 1.3900    1.3978828E-01    3.3939874E+00   -3.3939874E+00
 1.4000    1.3440889E-01    3.3105025E+00   -3.3105025E+00
 1.4100    1.2930254E-01    3.2303914E+00   -3.2303914E+00
 1.4200    1.2445177E-01    3.1534623E+00   -3.1534623E+00
 1.4300    1.1982489E-01    3.0791368E+00   -3.0791368E+00
 1.4400    1.1538823E-01    3.0067432E+00   -3.0067432E+00
 1.4500    1.1112401E-01    2.9359845E+00   -2.9359845E+00
 1.4600    1.0703612E-01    2.8671206E+00   -2.8671206E+00
 1.4700    1.0313914E-01    2.8007094E+00   -2.8007094E+00
 1.4800    9.9443324E-02    2.7372151E+00   -2.7372151E+00
 1.4900    9.5950010E-02    2.6768709E+00   -2.6768709E+00
 1.5000    9.2657495E-02    2.6198290E+00   -2.6198290E+00
 1.5100    8.9566418E-02    2.5663091E+00   -2.5663091E+00
 1.5200    8.6675990E-02    2.5164937E+00   -2.5164937E+00
 1.5300    8.3972688E-02    2.4701924E+00   -2.4701924E+00
 1.5400    8.1421037E-02    2.4265427E+00   -2.4265427E+00
 1.5500    7.8967106E-02    2.3840726E+00   -2.3840726E+00
 1.5600    7.6557532E-02    2.3412457E+00   -2.3412457E+00
 1.5700    7.4163472E-02    2.2972022E+00   -2.2972022E+00
 1.5800    7.1791912E-02    2.2521617E+00   -2.2521617E+00
 1.5900    6.9476159E-02    2.2071910E+00   -2.2071910E+00
 1.6000    6.7254811E-02    2.1635811E+00   -2.1635811E+00
 1.6100    6.5155364E-02    2.1223245E+00   -2.1223245E+00
 1.6200    6.3189852E-02    2.0839497E+00   -2.0839497E+00
 1.6300    6.1358513E-02    2.0486129E+00   -2.0486129E+00
 1.6400    5.9654623E-02    2.0162374E+00   -2.0162374E+00
 1.6500    5.8066991E-02    1.9865846E+00   -1.9865846E+00
 1.6600    5.6579725E-02    1.9592365E+00   -1.9592365E+00
 1.6700    5.5170950E-02    1.9335405E+00   -1.9335405E+00
 1.6800    5.3813857E-02    1.9086335E+00   -1.9086335E+00
 1.6900    5.2482738E-02    1.8836480E+00   -1.8836480E+00
 1.7000    5.1162302E-02    1.8580517E+00   -1.8580517E+00
 1.7100    4.9854161E-02    1.8319073E+00   -1.8319073E+00
 1.7200    4.8574877E-02    1.8058367E+00   -1.8058367E+00
 1.7300    4.7345744E-02    1.7806683E+00   -1.7806683E+00
 1.7400    4.6180710E-02    1.7569887E+00   -1.7569887E+00
 1.7500    4.5080138E-02    1.7348870E+00   -1.7348870E+00
 1.7600    4.4033650E-02    1.7140358E+00   -1.7140358E+00
 1.7700    4.3028908E-02    1.6940129E+00   -1.6940129E+00
 1.7800    4.2059652E-02    1.6746172E+00   -1.6746172E+00
 1.7900    4.1127576E-02    1.6559569E+00   -1.6559569E+00
 1.8000    4.0237286E-02    1.6382627E+00   -1.6382627E+00
 1.8100    3.9388696E-02    1.6215809E+00   -1.6215809E+00
 1.8200    3.8573588E-02    1.6056197E+00   -1.6056197E+00
 1.8300    3.7780253E-02    1.5899260E+00   -1.5899260E+00
 1.8400    3.7003129E-02    1.5742872E+00   -1.5742872E+00
 1.8500    3.6248777E-02    1.5590020E+00   -1.5590020E+00
 1.8600    3.5531748E-02    1.5447291E+00   -1.5447291E+00
 1.8700    3.4863185E-02    1.5320049E+00   -1.5320049E+00
 1.8800    3.4242135E-02    1.5208501E+00   -1.5208501E+00
 1.8900    3.3656700E-02    1.5107931E+00   -1.5107931E+00
 1.9000    3.3092318E-02    1.5012197E+00   -1.5012197E+00
 1.9100    3.2538665E-02    1.4916823E+00   -1.4916823E+00
 1.9200    3.1990338E-02    1.4819418E+00   -1.4819418E+00
 1.9300    3.1444084E-02    1.4718496E+00   -1.4718496E+00
 1.9400    3.0897766E-02    1.4613034E+00   -1.4613034E+00
 1.9500    3.0352200E-02    1.4503381E+00   -1.4503381E+00
 1.9600    2.9812516E-02    1.4391983E+00   -1.4391983E+00
 1.9700    2.9286234E-02    1.4282553E+00   -1.4282553E+00
 1.9800    2.8779356E-02    1.4178207E+00   -1.4178207E+00
 1.9900    2.8294065E-02    1.4080282E+00   -1.4080282E+00
 2.0000    2.7829620E-02    1.3988693E+00   -1.3988693E+00
 2.0100    2.7384559E-02    1.3902974E+00   -1.3902974E+00
 2.0200    2.6957667E-02    1.3822764E+00   -1.3822764E+00
 2.0300    2.6547470E-02    1.3747543E+00   -1.3747543E+00
 2.0400    2.6151964E-02    1.3676486E+00   -1.3676486E+00
 2.0500    2.5769562E-02    1.3608950E+00   -1.3608950E+00
 2.0600    2.5399957E-02    1.3544946E+00   -1.3544946E+00
 2.0700    2.5042846E-02    1.3484481E+00   -1.3484481E+00
 2.0800    2.4694536E-02    1.3425714E+00   -1.3425714E+00
 2.0900    2.4345582E-02    1.3363573E+00   -1.3363573E+00
 2.1000    2.3983080E-02    1.3290870E+00   -1.3290870E+00
 2.1100    2.3597511E-02    1.3202038E+00   -1.3202038E+00
 2.1200    2.3189145E-02    1.3096834E+00   -1.3096834E+00
 2.1300    2.2768477E-02    1.2980848E+00   -1.2980848E+00
 2.1400    2.2350197E-02    1.2862304E+00   -1.2862304E+00
 2.1500    2.1945816E-02    1.2747896E+00   -1.2747896E+00
 2.1600    2.1560528E-02    1.2640864E+00   -1.2640864E+00
 2.1700    2.1195252E-02    1.2542032E+00   -1.2542032E+00
 2.1800    2.0850194E-02    1.2451824E+00   -1.2451824E+00
 2.1900    2.0526041E-02    1.2370956E+00   -1.2370956E+00
 2.2000    2.0222261E-02    1.2299429E+00   -1.2299429E+00
 2.2100    1.9935143E-02    1.2235276E+00   -1.2235276E+00
 2.2200    1.9658046E-02    1.2174641E+00   -1.2174641E+00
 2.2300    1.9383910E-02    1.2113258E+00   -1.2113258E+00
 2.2400    1.9107988E-02    1.2048164E+00   -1.2048164E+00
 2.2500    1.8828901E-02    1.1978429E+00   -1.1978429E+00
 2.2600    1.8547724E-02    1.1904670E+00   -1.1904670E+00
 2.2700    1.8266342E-02    1.1828050E+00   -1.1828050E+00
 2.2800    1.7986481E-02    1.1749673E+00   -1.1749673E+00
 2.2900    1.7709692E-02    1.1670563E+00   -1.1670563E+00
 2.3000    1.7437498E-02    1.1591769E+00   -1.1591769E+00
 2.3100    1.7171042E-02    1.1514113E+00   -1.1514113E+00
 2.3200    1.6910481E-02    1.1437782E+00   -1.1437782E+00
 2.3300    1.6654870E-02    1.1362214E+00   -1.1362214E+00
 2.3400    1.6402748E-02    1.1286472E+00   -1.1286472E+00
 2.3500    1.6152953E-02    1.1209791E+00   -1.1209791E+00
 2.3600    1.5905055E-02    1.1131894E+00   -1.1131894E+00
 2.3700    1.5659270E-02    1.1052947E+00   -1.1052947E+00
 2.3800    1.5416028E-02    1.0973275E+00   -1.0973275E+00
 2.3900    1.5175546E-02    1.0893063E+00   -1.0893063E+00
 2.4000    1.4937642E-02    1.0812208E+00   -1.0812208E+00
 2.4100    1.4701880E-02    1.0730423E+00   -1.0730423E+00
 2.4200    1.4467971E-02    1.0647514E+00   -1.0647514E+00
 2.4300    1.4236128E-02    1.0563657E+00   -1.0563657E+00
 2.4400    1.4007100E-02    1.0479432E+00   -1.0479432E+00
 2.4500    1.3781767E-02    1.0395537E+00   -1.0395537E+00
 2.4600    1.3560536E-02    1.0312333E+00   -1.0312333E+00
 2.4700    1.3342938E-02    1.0229519E+00   -1.0229519E+00
 2.4800    1.3127784E-02    1.0146229E+00   -1.0146229E+00
 2.4900    1.2913900E-02    1.0061575E+00   -1.0061575E+00
 2.5000    1.2700990E-02    9.9753345E-01   -9.9753345E-01
 2.5100    1.2490064E-02    9.8883076E-01   -9.8883076E-01
 2.5200    1.2283044E-02    9.8020511E-01   -9.8020511E-01
 2.5300    1.2081762E-02    9.7180963E-01   -9.7180963E-01
 2.5400    1.1886910E-02    9.6370978E-01   -9.6370978E-01
 2.5500    1.1697584E-02    9.5584263E-01   -9.5584263E-01
 2.5600    1.1511737E-02    9.4804874E-01   -9.4804874E-01
 2.5700    1.1327314E-02    9.4016275E-01   -9.4016275E-01
 2.5800    1.1143393E-02    9.3210903E-01   -9.3210903E-01
 2.5900    1.0960591E-02    9.2393918E-01   -9.2393918E-01
 2.6000    1.0780460E-02    9.1578565E-01   -9.1578565E-01
 2.6100    1.0604333E-02    9.0776663E-01   -9.0776663E-01
 2.6200    1.0432502E-02    8.9991386E-01   -8.9991386E-01
 2.6300    1.0264291E-02    8.9217558E-01   -8.9217558E-01
 2.6400    1.0098863E-02    8.8448441E-01   -8.8448441E-01
 2.6500    9.9360065E-03    8.7682612E-01   -8.7682612E-01
 2.6600    9.7761933E-03    8.6924644E-01   -8.6924644E-01
 2.6700    9.6198818E-03    8.6179133E-01   -8.6179133E-01
 2.6800    9.4667430E-03    8.5443699E-01   -8.5443699E-01
 2.6900    9.3155044E-03    8.4707293E-01   -8.4707293E-01
 2.7000    9.1645373E-03    8.3955265E-01   -8.3955265E-01
 2.7100    9.0127099E-03    8.3177112E-01   -8.3177112E-01
 2.7200    8.8599087E-03    8.2371489E-01   -8.2371489E-01
 2.7300    8.7069668E-03    8.1545884E-01   -8.1545884E-01
 2.7400    8.5551619E-03    8.0712207E-01   -8.0712207E-01
 2.7500    8.4056554E-03    7.9881614E-01   -7.9881614E-01
 2.7600    8.2591867E-03    7.9061548E-01   -7.9061548E-01
 2.7700    8.1161068E-03    7.8255912E-01   -7.8255912E-01
 2.7800    7.9766057E-03    7.7467150E-01   -7.7467150E-01
 2.7900    7.8409157E-03    7.6698179E-01   -7.6698179E-01
 2.8000    7.7093314E-03    7.5952600E-01   -7.5952600E-01
 2.8100    7.5819730E-03    7.5232369E-01   -7.5232369E-01
 2.8200    7.4583127E-03    7.4533012E-01   -7.4533012E-01
 2.8300    7.3367078E-03    7.3838686E-01   -7.3838686E-01
 2.8400    7.2144580E-03    7.3122369E-01   -7.3122369E-01
 2.8500    7.0888334E-03    7.2355968E-01   -7.2355968E-01
 2.8600    6.9588270E-03    7.1528311E-01   -7.1528311E-01
 2.8700    6.8264843E-03    7.0659531E-01   -7.0659531E-01
 2.8800    6.6965218E-03    6.9798185E-01   -6.9798185E-01
 2.8900    6.5740211E-03    6.8998022E-01   -6.8998022E-01
 2.9000    6.4615255E-03    6.8287454E-01   -6.8287454E-01
 2.9100    6.3574832E-03    6.7652066E-01   -6.7652066E-01
 2.9200    6.2570834E-03    6.7042084E-01   -6.7042084E-01
 2.9300    6.1549073E-03    6.6399777E-01   -6.6399777E-01
 2.9400    6.0477046E-03    6.5689370E-01   -6.5689370E-01
 2.9500    5.9356648E-03    6.4911742E-01   -6.4911742E-01
 2.9600    5.8216320E-03    6.4097049E-01   -6.4097049E-01
 2.9700    5.7090827E-03    6.3283297E-01   -6.3283297E-01
 2.9800    5.6003807E-03    6.2497111E-01   -6.2497111E-01
 2.9900    5.4962913E-03    6.1747870E-01   -6.1747870E-01
 3.0000    5.3965401E-03    6.1033431E-01   -6.1033431E-01
 3.0100    5.3004991E-03    6.0347546E-01   -6.0347546E-01
 3.0200    5.2074142E-03    5.9682344E-01   -5.9682344E-01
 3.0300    5.1163459E-03    5.9027586E-01   -5.9027586E-01
 3.0400    5.0263041E-03    5.8372163E-01   -5.8372163E-01
 3.0500    4.9367047E-03    5.7709418E-01   -5.7709418E-01
 3.0600    4.8477802E-03    5.7042117E-01   -5.7042117E-01
 3.0700    4.7605053E-03    5.6381895E-01   -5.6381895E-01
 3.0800    4.6759836E-03    5.5742222E-01   -5.5742222E-01
 3.0900    4.5946610E-03    5.5129024E-01   -5.5129024E-01
 3.1000    4.5158729E-03    5.4534955E-01   -5.4534955E-01
 3.1100    4.4380450E-03    5.3941417E-01   -5.3941417E-01
 3.1200    4.3594849E-03    5.3327869E-01   -5.3327869E-01
 3.1300    4.2792844E-03    5.2682902E-01   -5.2682902E-01
 3.1400    4.1977478E-03    5.2009838E-01   -5.2009838E-01
 3.1500    4.1161060E-03    5.1323648E-01   -5.1323648E-01
 3.1600    4.0358048E-03    5.0642388E-01   -5.0642388E-01
 3.1700    3.9578642E-03    4.9979198E-01   -4.9979198E-01
 3.1800    3.8826115E-03    4.9338738E-01   -4.9338738E-01
 3.1900    3.8097897E-03    4.8718312E-01   -4.8718312E-01
 3.2000    3.7388888E-03    4.8111884E-01   -4.8111884E-01
 3.2100    3.6694920E-03    4.7514468E-01   -4.7514468E-01
 3.2200    3.6014486E-03    4.6924411E-01   -4.6924411E-01
 3.2300    3.5347939E-03    4.6342451E-01   -4.6342451E-01
 3.2400    3.4695197E-03    4.5768770E-01   -4.5768770E-01
 3.2500    3.4054025E-03    4.5200687E-01   -4.5200687E-01
 3.2600    3.3420254E-03    4.4632870E-01   -4.4632870E-01
 3.2700    3.2789677E-03    4.4059799E-01   -4.4059799E-01
 3.2800    3.2160265E-03    4.3478762E-01   -4.3478762E-01
 3.2900    3.1533469E-03    4.2891716E-01   -4.2891716E-01
 3.3000    3.0913930E-03    4.2305026E-01   -4.2305026E-01
 3.3100    3.0307526E-03    4.1726921E-01   -4.1726921E-01
 3.3200    2.9718520E-03    4.1163587E-01   -4.1163587E-01
 3.3300    2.9147514E-03    4.0616252E-01   -4.0616252E-01
 3.3400    2.8591802E-03    4.0081533E-01   -4.0081533E-01
 3.3500    2.8047894E-03    3.9554849E-01   -3.9554849E-01
 3.3600    2.7513978E-03    3.9033888E-01   -3.9033888E-01
 3.3700    2.6990131E-03    3.8518969E-01   -3.8518969E-01
 3.3800    2.6476320E-03    3.8010264E-01   -3.8010264E-01
 3.3900    2.5970443E-03    3.7504953E-01   -3.7504953E-01
 3.4000    2.5468658E-03    3.6997618E-01   -3.6997618E-01
 3.4100    2.4968203E-03    3.6484291E-01   -3.6484291E-01
 3.4200    2.4470549E-03    3.5967131E-01   -3.5967131E-01
 3.4300    2.3982056E-03    3.5455574E-01   -3.5455574E-01
 3.4400    2.3510954E-03    3.4962059E-01   -3.4962059E-01
 3.4500    2.3062409E-03    3.4494728E-01   -3.4494728E-01
 3.4600    2.2635265E-03    3.4052394E-01   -3.4052394E-01
 3.4700    2.2222950E-03    3.3625637E-01   -3.3625637E-01
 3.4800    2.1817706E-03    3.3203009E-01   -3.3203009E-01
 3.4900    2.1414754E-03    3.2777348E-01   -3.2777348E-01
 3.5000    2.1013490E-03    3.2347754E-01   -3.2347754E-01
 3.5100    2.0615653E-03    3.1916935E-01   -3.1916935E-01
 3.5200    2.0222769E-03    3.1487329E-01   -3.1487329E-01
 3.5300    1.9835212E-03    3.1059618E-01   -3.1059618E-01
 3.5400    1.9453186E-03    3.0634241E-01   -3.0634241E-01
 3.5500    1.9078023E-03    3.0213423E-01   -3.0213423E-01
 3.5600    1.8712001E-03    2.9800949E-01   -2.9800949E-01
 3.5700    1.8356602E-03    2.9399408E-01   -2.9399408E-01
 3.5800    1.8010841E-03    2.9007474E-01   -2.9007474E-01
 3.5900    1.7671453E-03    2.8620091E-01   -2.8620091E-01
 3.6000    1.7335026E-03    2.8231851E-01   -2.8231851E-01
 3.6100    1.7000330E-03    2.7840795E-01   -2.7840795E-01
 3.6200    1.6668871E-03    2.7449422E-01   -2.7449422E-01
 3.6300    1.6343387E-03    2.7062330E-01   -2.7062330E-01
 3.6400    1.6025732E-03    2.6682744E-01   -2.6682744E-01
 3.6500    1.5715627E-03    2.6310391E-01   -2.6310391E-01
 3.6600    1.5410638E-03    2.5941354E-01   -2.5941354E-01
 3.6700    1.5106993E-03    2.5569369E-01   -2.5569369E-01
 3.6800    1.4801060E-03    2.5188270E-01   -2.5188270E-01
 3.6900    1.4491255E-03    2.4795255E-01   -2.4795255E-01
 3.7000    1.4179443E-03    2.4393408E-01   -2.4393408E-01
 3.7100    1.3870625E-03    2.3991296E-01   -2.3991296E-01
 3.7200    1.3570672E-03    2.3599190E-01   -2.3599190E-01
 3.7300    1.3283486E-03    2.3224138E-01   -2.3224138E-01
 3.7400    1.3009458E-03    2.2867162E-01   -2.2867162E-01
 3.7500    1.2745989E-03    2.2524021E-01   -2.2524021E-01
 3.7600    1.2489388E-03    2.2188436E-01   -2.2188436E-01
 3.7700    1.2236773E-03    2.1855436E-01   -2.1855436E-01
 3.7800    1.1987030E-03    2.1523112E-01   -2.1523112E-01
 3.7900    1.1740644E-03    2.1192403E-01   -2.1192403E-01
 3.8000    1.1498832E-03    2.0865596E-01   -2.0865596E-01
 3.8100    1.1262603E-03    2.0544643E-01   -2.0544643E-01
 3.8200    1.1032258E-03    2.0230239E-01   -2.0230239E-01
 3.8300    1.0807410E-03    1.9921821E-01   -1.9921821E-01
 3.8400    1.0587205E-03    1.9617951E-01   -1.9617951E-01
 3.8500    1.0370428E-03    1.9316480E-01   -1.9316480E-01
 3.8600    1.0155559E-03    1.9014648E-01   -1.9014648E-01
 3.8700    9.9412622E-04    1.8709980E-01   -1.8709980E-01
 3.8800    9.7273661E-04    1.8402150E-01   -1.8402150E-01
 3.8900    9.5156058E-04    1.8094455E-01   -1.8094455E-01
 3.9000    9.3091571E-04    1.7793011E-01   -1.7793011E-01
 3.9100    9.1109621E-04    1.7503610E-01   -1.7503610E-01
 3.9200    8.9220769E-04    1.7228520E-01   -1.7228520E-01
 3.9300    8.7413190E-04    1.6965706E-01   -1.6965706E-01
 3.9400    8.5663289E-04    1.6710793E-01   -1.6710793E-01
 3.9500    8.3951193E-04    1.6460042E-01   -1.6460042E-01
 3.9600    8.2271344E-04    1.6212457E-01   -1.6212457E-01
 3.9700    8.0634088E-04    1.5970171E-01   -1.5970171E-01
 3.9800    7.9058795E-04    1.5737154E-01   -1.5737154E-01
 3.9900    7.7561603E-04    1.5516810E-01   -1.5516810E-01
 4.0000    7.6143061E-04    1.5309471E-01   -1.5309471E-01
 4.0100    7.4781920E-04    1.5111070E-01   -1.5111070E-01
 4.0200    7.3439369E-04    1.4913889E-01   -1.4913889E-01
 4.0300    7.2073632E-04    1.4709448E-01   -1.4709448E-01
 4.0400    7.0659696E-04    1.4492535E-01   -1.4492535E-01
 4.0500    6.9203968E-04    1.4264315E-01   -1.4264315E-01
 4.0600    6.7742091E-04    1.4032031E-01   -1.4032031E-01
 4.0700    6.6315690E-04    1.3804319E-01   -1.3804319E-01
 4.0800    6.4940305E-04    1.3584527E-01   -1.3584527E-01
 4.0900    6.3588818E-04    1.3367101E-01   -1.3367101E-01
 4.1000    6.2207067E-04    1.3140664E-01   -1.3140664E-01
 4.1100    6.0752859E-04    1.2896155E-01   -1.2896155E-01
 4.1200    5.9228656E-04    1.2633863E-01   -1.2633863E-01
 4.1300    5.7682646E-04    1.2363890E-01   -1.2363890E-01
 4.1400    5.6179396E-04    1.2100062E-01   -1.2100062E-01
 4.1500    5.4764694E-04    1.1852412E-01   -1.1852412E-01
 4.1600    5.3449066E-04    1.1623493E-01   -1.1623493E-01
 4.1700    5.2215075E-04    1.1409796E-01   -1.1409796E-01
 4.1800    5.1035925E-04    1.1205685E-01   -1.1205685E-01
 4.1900    4.9890587E-04    1.1006685E-01   -1.1006685E-01
 4.2000    4.8769459E-04    1.0810764E-01   -1.0810764E-01
 4.2100    4.7672521E-04    1.0617987E-01   -1.0617987E-01
 4.2200    4.6603927E-04    1.0429351E-01   -1.0429351E-01
 4.2300    4.5565991E-04    1.0245459E-01   -1.0245459E-01
 4.2400    4.4555114E-04    1.0065588E-01   -1.0065588E-01
 4.2500    4.3561840E-04    9.8876695E-02   -9.8876695E-02
 4.2600    4.2575142E-04    9.7092385E-02   -9.7092385E-02
 4.2700    4.1588435E-04    9.5287995E-02   -9.5287995E-02
 4.2800    4.0603898E-04    9.3468469E-02   -9.3468469E-02
 4.2900    3.9632780E-04    9.1659816E-02   -9.1659816E-02
 4.3000    3.8691219E-04    8.9899896E-02   -8.9899896E-02
 4.3100    3.7793174E-04    8.8222177E-02   -8.8222177E-02
 4.3200    3.6944030E-04    8.6640636E-02   -8.6640636E-02
 4.3300    3.6138713E-04    8.5144841E-02   -8.5144841E-02
 4.3400    3.5365215E-04    8.3707741E-02   -8.3707741E-02
 4.3500    3.4610505E-04    8.2299332E-02   -8.2299332E-02
 4.3600    3.3864853E-04    8.0896929E-02   -8.0896929E-02
 4.3700    3.3123433E-04    7.9489190E-02   -7.9489190E-02
 4.3800    3.2386688E-04    7.8077270E-02   -7.8077270E-02
 4.3900    3.1660353E-04    7.6675154E-02   -7.6675154E-02
 4.4000    3.0953909E-04    7.5306196E-02   -7.5306196E-02
 4.4100    3.0276371E-04    7.3993039E-02   -7.3993039E-02
 4.4200    2.9630937E-04    7.2744437E-02   -7.2744437E-02
 4.4300    2.9011943E-04    7.1547446E-02   -7.1547446E-02
 4.4400    2.8406459E-04    7.0370867E-02   -7.0370867E-02
 4.4500    2.7799715E-04    6.9178356E-02   -6.9178356E-02
 4.4600    2.7181448E-04    6.7944166E-02   -6.7944166E-02
 4.4700    2.6550308E-04    6.6664478E-02   -6.6664478E-02
 4.4800    2.5914664E-04    6.5359914E-02   -6.5359914E-02
 4.4900    2.5289140E-04    6.4067326E-02   -6.4067326E-02
 4.5000    2.4687666E-04    6.2822459E-02   -6.2822459E-02
 4.5100    2.4116240E-04    6.1641408E-02   -6.1641408E-02
 4.5200    2.3570072E-04    6.0512856E-02   -6.0512856E-02
 4.5300    2.3037542E-04    5.9407656E-02   -5.9407656E-02
 4.5400    2.2508129E-04    5.8298981E-02   -5.8298981E-02
 4.5500    2.1978159E-04    5.7177343E-02   -5.7177343E-02
 4.5600    2.1450393E-04    5.6049894E-02   -5.6049894E-02
 4.5700    2.0929000E-04    5.4927615E-02   -5.4927615E-02
 4.5800    2.0414854E-04    5.3812986E-02   -5.3812986E-02
 4.5900    1.9904627E-04    5.2697411E-02   -5.2697411E-02
 4.6000    1.9393264E-04    5.1567542E-02   -5.1567542E-02
 4.6100    1.8877111E-04    5.0413546E-02   -5.0413546E-02
 4.6200    1.8355766E-04    4.9234137E-02   -4.9234137E-02
 4.6300    1.7832753E-04    4.8038589E-02   -4.8038589E-02
 4.6400    1.7315889E-04    4.6847953E-02   -4.6847953E-02
 4.6500    1.6817091E-04    4.5694787E-02   -4.5694787E-02
 4.6600    1.6350202E-04    4.4617458E-02   -4.4617458E-02
 4.6700    1.5926211E-04    4.3647169E-02   -4.3647169E-02
 4.6800    1.5547794E-04    4.2792765E-02   -4.2792765E-02
 4.6900    1.5206766E-04    4.2033196E-02   -4.2033196E-02
 4.7000    1.4886727E-04    4.1324233E-02   -4.1324233E-02
 4.7100    1.4569770E-04    4.0616675E-02   -4.0616675E-02
 4.7200    1.4243561E-04    3.9876078E-02   -3.9876078E-02
 4.7300    1.3905323E-04    3.9094280E-02   -3.9094280E-02
 4.7400    1.3561266E-04    3.8288361E-02   -3.8288361E-02
 4.7500    1.3222078E-04    3.7488391E-02   -3.7488391E-02
 4.7600    1.2896678E-04    3.6719912E-02   -3.6719912E-02
 4.7700    1.2587587E-04    3.5990601E-02   -3.5990601E-02
 4.7800    1.2290847E-04    3.5289661E-02   -3.5289661E-02
 4.7900    1.2000551E-04    3.4600476E-02   -3.4600476E-02
 4.8000    1.1714425E-04    3.3916680E-02   -3.3916680E-02
 4.8100    1.1436132E-04    3.3249046E-02   -3.3249046E-02
 4.8200    1.1172896E-04    3.2618929E-02   -3.2618929E-02
 4.8300    1.0930902E-04    3.2044990E-02   -3.2044990E-02
 4.8400    1.0711894E-04    3.1533115E-02   -3.1533115E-02
 4.8500    1.0512267E-04    3.1073467E-02   -3.1073467E-02
 4.8600    1.0323724E-04    3.0642118E-02   -3.0642118E-02
 4.8700    1.0134584E-04    3.0204642E-02   -3.0204642E-02
 4.8800    9.9323181E-05    2.9723512E-02   -2.9723512E-02
 4.8900    9.7081577E-05    2.9171879E-02   -2.9171879E-02
 4.9000    9.4622999E-05    2.8549515E-02   -2.8549515E-02
 4.9100    9.2056746E-05    2.7888713E-02   -2.7888713E-02
 4.9200    8.9550844E-05    2.7240166E-02   -2.7240166E-02
 4.9300    8.7237265E-05    2.6644388E-02   -2.6644388E-02
 4.9400    8.5142612E-05    2.6110232E-02   -2.6110232E-02
 4.9500    8.3206909E-05    2.5620031E-02   -2.5620031E-02
 4.9600    8.1374781E-05    2.5157243E-02   -2.5157243E-02
 4.9700    7.9664207E-05    2.4727823E-02   -2.4727823E-02
 4.9800    7.8127213E-05    2.4348425E-02   -2.4348425E-02
 4.9900    7.6725667E-05    2.4007759E-02   -2.4007759E-02
 5.0000    7.5251238E-05    2.3640874E-02   -2.3640874E-02
 5.0100    7.3397694E-05    2.3150892E-02   -2.3150892E-02
 5.0200    7.0948703E-05    2.2467863E-02   -2.2467863E-02
 5.0300    6.7925003E-05    2.1596109E-02   -2.1596109E-02
 5.0400    6.4573063E-05    2.0612104E-02   -2.0612104E-02
 5.0500    6.1226288E-05    1.9621425E-02   -1.9621425E-02
 5.0600    5.8162842E-05    1.8713564E-02   -1.8713564E-02
 5.0700    5.5540640E-05    1.7940587E-02   -1.7940587E-02
 5.0800    5.3394120E-05    1.7315328E-02   -1.7315328E-02
 5.0900    5.1646884E-05    1.6814717E-02   -1.6814717E-02
 5.1000    5.0135639E-05    1.6386899E-02   -1.6386899E-02
 5.1100    4.8670398E-05    1.5970428E-02   -1.5970428E-02
 5.1200    4.7125323E-05    1.5524018E-02   -1.5524018E-02
 5.1300    4.5506654E-05    1.5049411E-02   -1.5049411E-02
 5.1400    4.3943964E-05    1.4589330E-02   -1.4589330E-02
 5.1500    4.2603422E-05    1.4199361E-02   -1.4199361E-02
 5.1600    4.1577131E-05    1.3911174E-02   -1.3911174E-02
 5.1700    4.0817643E-05    1.3710045E-02   -1.3710045E-02
 5.1800    4.0156096E-05    1.3540069E-02   -1.3540069E-02
 5.1900    3.9389841E-05    1.3333028E-02   -1.3333028E-02
 5.2000    3.8385178E-05    1.3043079E-02   -1.3043079E-02
 5.2100    3.7137795E-05    1.2667807E-02   -1.2667807E-02
 5.2200    3.5764670E-05    1.2246306E-02   -1.2246306E-02
 5.2300    3.4441318E-05    1.1838400E-02   -1.1838400E-02
 5.2400    3.3323632E-05    1.1498065E-02   -1.1498065E-02
 5.2500    3.2494350E-05    1.1254762E-02   -1.1254762E-02
 5.2600    3.1951735E-05    1.1109021E-02   -1.1109021E-02
 5.2700    3.1627286E-05    1.1038067E-02   -1.1038067E-02
 5.2800    3.1406418E-05    1.1002620E-02   -1.1002620E-02
 5.2900    3.1143942E-05    1.0952034E-02   -1.0952034E-02
 5.3000    3.0691667E-05    1.0833832E-02   -1.0833832E-02
 5.3100    2.9950738E-05    1.0612225E-02   -1.0612225E-02
 5.3200    2.8924494E-05    1.0287241E-02   -1.0287241E-02
 5.3300    2.7724043E-05    9.8973936E-03   -9.8973936E-03
 5.3400    2.6507442E-05    9.4986130E-03   -9.4986130E-03
 5.3500    2.5392398E-05    9.1331618E-03   -9.1331618E-03
 5.3600    2.4408087E-05    8.8119735E-03   -8.8119735E-03
 5.3700    2.3514940E-05    8.5212306E-03   -8.5212306E-03
 5.3800    2.2662391E-05    8.2429022E-03   -8.2429022E-03
 5.3900    2.1832741E-05    7.9706851E-03   -7.9706851E-03
 5.4000    2.1045475E-05    7.7118062E-03   -7.7118062E-03
 5.4100    2.0332614E-05    7.4782091E-03   -7.4782091E-03
 5.4200    1.9709212E-05    7.2757488E-03   -7.2757488E-03
 5.4300    1.9156210E-05    7.0977240E-03   -7.0977240E-03
 5.4400    1.8622820E-05    6.9255314E-03   -6.9255314E-03
 5.4500    1.8047367E-05    6.7362272E-03   -6.7362272E-03
 5.4600    1.7385698E-05    6.5130929E-03   -6.5130929E-03
 5.4700    1.6629818E-05    6.2527635E-03   -6.2527635E-03
 5.4800    1.5805946E-05    5.9647396E-03   -5.9647396E-03
 5.4900    1.4957383E-05    5.6651338E-03   -5.6651338E-03
 5.5000    1.4126924E-05    5.3701060E-03   -5.3701060E-03
 5.5100    1.3345771E-05    5.0916289E-03   -5.0916289E-03
 5.5200    1.2622029E-05    4.8330044E-03   -4.8330044E-03
 5.5300    1.1923322E-05    4.5820244E-03   -4.5820244E-03
 5.5400    1.1168879E-05    4.3076360E-03   -4.3076360E-03
 5.5500    1.0260342E-05    3.9715285E-03   -3.9715285E-03
 5.5600    9.1568981E-06    3.5571963E-03   -3.5571963E-03
 5.5700    7.9482402E-06    3.0987835E-03   -3.0987835E-03
 5.5800    6.8537465E-06    2.6816760E-03   -2.6816760E-03
 5.5900    6.1219390E-06    2.4039336E-03   -2.4039336E-03
 5.6000    5.8900152E-06    2.3211453E-03   -2.3211453E-03
 5.6100    6.1039093E-06    2.4140355E-03   -2.4140355E-03
 5.6200    6.5513895E-06    2.6002549E-03   -2.6002549E-03
 5.6300    6.9742546E-06    2.7779502E-03   -2.7779502E-03
 5.6400    7.1818567E-06    2.8708124E-03   -2.8708124E-03
 5.6500    7.1094390E-06    2.8519512E-03   -2.8519512E-03
 5.6600    6.8121963E-06    2.7423942E-03   -2.7423942E-03
 5.6700    6.4188473E-06    2.5931822E-03   -2.5931822E-03
 5.6800    6.0753644E-06    2.4630820E-03   -2.4630820E-03
 5.6900    5.8980041E-06    2.3996034E-03   -2.3996034E-03
 5.7000    5.9398218E-06    2.4251187E-03   -2.4251187E-03
 5.7100    6.1702338E-06    2.5280386E-03   -2.5280386E-03
 5.7200    6.4739818E-06    2.6617876E-03   -2.6617876E-03
 5.7300    6.6815090E-06    2.7567264E-03   -2.7567264E-03
 5.7400    6.6340574E-06    2.7467104E-03   -2.7467104E-03
 5.7500    6.2619659E-06    2.6016942E-03   -2.6016942E-03
 5.7600    5.6299334E-06    2.3472432E-03   -2.3472432E-03
 5.7700    4.9083063E-06    2.0534926E-03   -2.0534926E-03
 5.7800    4.2783678E-06    1.7961544E-03   -1.7961544E-03
 5.7900    3.8370908E-06    1.6164753E-03   -1.6164753E-03
 5.8000    3.5721767E-06    1.5100759E-03   -1.5100759E-03
 5.8100    3.4172094E-06    1.4495517E-03   -1.4495517E-03
 5.8200    3.3285014E-06    1.4167871E-03   -1.4167871E-03
 5.8300    3.3164692E-06    1.4165207E-03   -1.4165207E-03
 5.8400    3.4151341E-06    1.4636705E-03   -1.4636705E-03
 5.8500    3.6272165E-06    1.5598939E-03   -1.5598939E-03
 5.8600    3.8937516E-06    1.6802478E-03   -1.6802478E-03
 5.8700    4.1084107E-06    1.7789343E-03   -1.7789343E-03
 5.8800    4.1606501E-06    1.8076973E-03   -1.8076973E-03
 5.8900    3.9775045E-06    1.7340081E-03   -1.7340081E-03
 5.9000    3.5451704E-06    1.5507829E-03   -1.5507829E-03
 5.9100    2.9101716E-06    1.2773309E-03   -1.2773309E-03
 5.9200    2.1675643E-06    9.5460845E-04   -9.5460845E-04
 5.9300    1.4395783E-06    6.3614267E-04   -6.3614267E-04
 5.9400    8.4434590E-07    3.7437182E-04   -3.7437182E-04
 5.9500    4.5966733E-07    2.0449723E-04   -2.0449723E-04
 5.9600    2.9691510E-07    1.3253625E-04   -1.3253625E-04
 5.9700    3.0177915E-07    1.3515987E-04   -1.3515987E-04
 5.9800    3.8424111E-07    1.7266967E-04   -1.7266967E-04
 5.9900    4.6070314E-07    2.0772304E-04   -2.0772304E-04
 6.0000    4.8494099E-07    2.1938214E-04   -2.1938214E-04
 6.0100    4.5540831E-07    2.0670918E-04   -2.0670918E-04
 6.0200    4.0165173E-07    1.8291633E-04   -1.8291633E-04
 6.0300    3.6110891E-07    1.6499953E-04   -1.6499953E-04
 6.0400    3.5914746E-07    1.6464803E-04   -1.6464803E-04
 6.0500    4.0211161E-07    1.8495549E-04   -1.8495549E-04
 6.0600    4.8428769E-07    2.2349023E-04   -2.2349023E-04
 6.0700    5.9771839E-07    2.7674760E-04   -2.7674760E-04
 6.0800    7.3029094E-07    3.3924460E-04   -3.3924460E-04
 6.0900    8.5153231E-07    3.9686754E-04   -3.9686754E-04
 6.1000    9.0567744E-07    4.2348993E-04   -4.2348993E-04
 6.1100    8.3139810E-07    3.9003296E-04   -3.9003296E-04
 6.1200    5.9982339E-07    2.8231640E-04   -2.8231640E-04
 6.1300    2.3761506E-07    1.1220308E-04   -1.1220308E-04
 6.1400   -1.8697392E-07   -8.8578360E-05    8.8578360E-05
 6.1500   -6.0101711E-07   -2.8565836E-04    2.8565836E-04
 6.1600   -9.5462976E-07   -4.5520420E-04    4.5520420E-04
 6.1700   -1.2247983E-06   -5.8592869E-04    5.8592869E-04
 6.1800   -1.4069410E-06   -6.7524705E-04    6.7524705E-04
 6.1900   -1.5101703E-06   -7.2713842E-04    7.2713842E-04
 6.2000   -1.5571584E-06   -7.5218736E-04    7.5218736E-04
 6.2100   -1.5791392E-06   -7.6526786E-04    7.6526786E-04
 6.2200   -1.6028931E-06   -7.7928296E-04    7.7928296E-04
 6.2300   -1.6386172E-06   -7.9921472E-04    7.9921472E-04
 6.2400   -1.6793727E-06   -8.2172430E-04    8.2172430E-04
 6.2500   -1.7124118E-06   -8.4057819E-04    8.4057819E-04
 6.2600   -1.7320031E-06   -8.5291782E-04    8.5291782E-04
 6.2700   -1.7431129E-06   -8.6113347E-04    8.6113347E-04
 6.2800   -1.7545031E-06   -8.6952745E-04    8.6952745E-04
 6.2900   -1.7690629E-06   -8.7953763E-04    8.7953763E-04
 6.3000   -1.7807670E-06   -8.8817402E-04    8.8817402E-04
 6.3100   -1.7811667E-06   -8.9119583E-04    8.9119583E-04
 6.3200   -1.7697519E-06   -8.8829332E-04    8.8829332E-04
 6.3300   -1.7591762E-06   -8.8578152E-04    8.8578152E-04
 6.3400   -1.7707998E-06   -8.9445364E-04    8.9445364E-04
 6.3500   -1.8236635E-06   -9.2406393E-04    9.2406393E-04
 6.3600   -1.9238757E-06   -9.7791499E-04    9.7791499E-04
 6.3700   -2.0596462E-06   -1.0502226E-03    1.0502226E-03
 6.3800   -2.2037770E-06   -1.1272464E-03    1.1272464E-03
 6.3900   -2.3233479E-06   -1.1921361E-03    1.1921361E-03
 6.4000   -2.3939581E-06   -1.2322146E-03    1.2322146E-03
 6.4100   -2.4117912E-06   -1.2452760E-03    1.2452760E-03
 6.4200   -2.3950610E-06   -1.2404992E-03    1.2404992E-03
 6.4300   -2.3722029E-06   -1.2324907E-03    1.2324907E-03
 6.4400   -2.3645105E-06   -1.2323182E-03    1.2323182E-03
 6.4500   -2.3757427E-06   -1.2420203E-03    1.2420203E-03
 6.4600   -2.3951936E-06   -1.2560749E-03    1.2560749E-03
 6.4700   -2.4096252E-06   -1.2675582E-03    1.2675582E-03
 6.4800   -2.4134257E-06   -1.2734849E-03    1.2734849E-03
 6.4900   -2.4097087E-06   -1.2754510E-03    1.2754510E-03
 6.5000   -2.4038831E-06   -1.2762916E-03    1.2762916E-03
 6.5100   -2.3976554E-06   -1.2769050E-03    1.2769050E-03
 6.5200   -2.3897634E-06   -1.2766151E-03    1.2766151E-03
 6.5300   -2.3815722E-06   -1.2761449E-03    1.2761449E-03
 6.5400   -2.3795977E-06   -1.2789951E-03    1.2789951E-03
 6.5500   -2.3902321E-06   -1.2886427E-03    1.2886427E-03
 6.5600   -2.4112462E-06   -1.3039445E-03    1.3039445E-03
 6.5700   -2.4292795E-06   -1.3177047E-03    1.3177047E-03
 6.5800   -2.4269649E-06   -1.3204597E-03    1.3204597E-03
 6.5900   -2.3939530E-06   -1.3064606E-03    1.3064606E-03
 6.6000   -2.3330708E-06   -1.2771022E-03    1.2771022E-03
 6.6100   -2.2581066E-06   -1.2398160E-03    1.2398160E-03
 6.6200   -2.1863774E-06   -1.2040679E-03    1.2040679E-03
 6.6300   -2.1312784E-06   -1.1772728E-03    1.1772728E-03
 6.6400   -2.0980925E-06   -1.1624403E-03    1.1624403E-03
 6.6500   -2.0838684E-06   -1.1580397E-03    1.1580397E-03
 6.6600   -2.0804572E-06   -1.1596238E-03    1.1596238E-03
 6.6700   -2.0786975E-06   -1.1621249E-03    1.1621249E-03
 6.6800   -2.0718422E-06   -1.1617681E-03    1.1617681E-03
 6.6900   -2.0575690E-06   -1.1572215E-03    1.1572215E-03
 6.7000   -2.0386615E-06   -1.1500179E-03    1.1500179E-03
 6.7100   -2.0219581E-06   -1.1440027E-03    1.1440027E-03
 6.7200   -2.0151866E-06   -1.1435724E-03    1.1435724E-03
 6.7300   -2.0230550E-06   -1.1514569E-03    1.1514569E-03
 6.7400   -2.0453925E-06   -1.1676329E-03    1.1676329E-03
 6.7500   -2.0785728E-06   -1.1900978E-03    1.1900978E-03
 6.7600   -2.1180840E-06   -1.2163161E-03    1.2163161E-03
 6.7700   -2.1590599E-06   -1.2435175E-03    1.2435175E-03
 6.7800   -2.1945435E-06   -1.2676911E-03    1.2676911E-03
 6.7900   -2.2148050E-06   -1.2831721E-03    1.2831721E-03
 6.8000   -2.2106449E-06   -1.2845372E-03    1.2845372E-03
 6.8100   -2.1792713E-06   -1.2700341E-03    1.2700341E-03
 6.8200   -2.1277854E-06   -1.2436737E-03    1.2436737E-03
 6.8300   -2.0705584E-06   -1.2137766E-03    1.2137766E-03
 6.8400   -2.0217756E-06   -1.1886528E-03    1.1886528E-03
 6.8500   -1.9884483E-06   -1.1724797E-03    1.1724797E-03
 6.8600   -1.9687324E-06   -1.1642461E-03    1.1642461E-03
 6.8700   -1.9560582E-06   -1.1601259E-03    1.1601259E-03
 6.8800   -1.9451722E-06   -1.1570304E-03    1.1570304E-03
 6.8900   -1.9353631E-06   -1.1545447E-03    1.1545447E-03
 6.9000   -1.9292002E-06   -1.1542113E-03    1.1542113E-03
 6.9100   -1.9288694E-06   -1.1573608E-03    1.1573608E-03
 6.9200   -1.9334472E-06   -1.1634678E-03    1.1634678E-03
 6.9300   -1.9388882E-06   -1.1701165E-03    1.1701165E-03
 6.9400   -1.9399921E-06   -1.1741640E-03    1.1741640E-03
 6.9500   -1.9321148E-06   -1.1727688E-03    1.1727688E-03
 6.9600   -1.9111831E-06   -1.1634042E-03    1.1634042E-03
 6.9700   -1.8731883E-06   -1.1435545E-03    1.1435545E-03
 6.9800   -1.8156052E-06   -1.1115836E-03    1.1115836E-03
 6.9900   -1.7407276E-06   -1.0687965E-03    1.0687965E-03
 7.0000   -1.6576072E-06   -1.0206752E-03    1.0206752E-03
 7.0100   -1.5799666E-06   -9.7564946E-04    9.7564946E-04
 7.0200   -1.5213635E-06   -9.4214356E-04    9.4214356E-04
 7.0300   -1.4906284E-06   -9.2574188E-04    9.2574188E-04
 7.0400   -1.4888384E-06   -9.2726261E-04    9.2726261E-04
 7.0500   -1.5080339E-06   -9.4188788E-04    9.4188788E-04
 7.0600   -1.5331679E-06   -9.6030457E-04    9.6030457E-04
 7.0700   -1.5483423E-06   -9.7255837E-04    9.7255837E-04
 7.0800   -1.5442103E-06   -9.7270877E-04    9.7270877E-04
 7.0900   -1.5206630E-06   -9.6058391E-04    9.6058391E-04
 7.1000   -1.4827049E-06   -9.3925018E-04    9.3925018E-04
 7.1100   -1.4341881E-06   -9.1107723E-04    9.1107723E-04
 7.1200   -1.3755854E-06   -8.7630926E-04    8.7630926E-04
 7.1300   -1.3066338E-06   -8.3472381E-04    8.3472381E-04
 7.1400   -1.2294010E-06   -7.8758936E-04    7.8758936E-04
 7.1500   -1.1481134E-06   -7.3757590E-04    7.3757590E-04
 7.1600   -1.0668677E-06   -6.8730023E-04    6.8730023E-04
 7.1700   -9.8875120E-07   -6.3875631E-04    6.3875631E-04
 7.1800   -9.1746589E-07   -5.9435877E-04    5.9435877E-04
 7.1900   -8.5901765E-07   -5.5804565E-04    5.5804565E-04
 7.2000   -8.2086273E-07   -5.3474336E-04    5.3474336E-04
 7.2100   -8.0875736E-07   -5.2832193E-04    5.2832193E-04
 7.2200   -8.2340752E-07   -5.3938528E-04    5.3938528E-04
 7.2300   -8.5811177E-07   -5.6367700E-04    5.6367700E-04
 7.2400   -8.9760214E-07   -5.9124962E-04    5.9124962E-04
 7.2500   -9.1954341E-07   -6.0737668E-04    6.0737668E-04
 7.2600   -9.0107444E-07   -5.9682056E-04    5.9682056E-04
 7.2700   -8.2942850E-07   -5.5088080E-04    5.5088080E-04
 7.2800   -7.1010224E-07   -4.7292634E-04    4.7292634E-04
 7.2900   -5.6550476E-07   -3.7766017E-04    3.7766017E-04
 7.3000   -4.2406787E-07   -2.8398209E-04    2.8398209E-04
 7.3100   -3.0750441E-07   -2.0648855E-04    2.0648855E-04
 7.3200   -2.2425034E-07   -1.5099589E-04    1.5099589E-04
 7.3300   -1.7094031E-07   -1.1541501E-04    1.1541501E-04
 7.3400   -1.3830723E-07   -9.3636868E-05    9.3636868E-05
 7.3500   -1.1715677E-07   -7.9533836E-05    7.9533836E-05
 7.3600   -1.0191122E-07   -6.9372527E-05    6.9372527E-05
 7.3700   -9.0832418E-08   -6.1999147E-05    6.1999147E-05
 7.3800   -8.3459702E-08   -5.7121476E-05    5.7121476E-05
 7.3900   -7.7485476E-08   -5.3176414E-05    5.3176414E-05
 7.4000   -6.7805066E-08   -4.6659002E-05    4.6659002E-05
 7.4100   -4.8580600E-08   -3.3520397E-05    3.3520397E-05
 7.4200   -1.6393908E-08   -1.1342275E-05    1.1342275E-05
 7.4300    2.8140535E-08    1.9521799E-05   -1.9521799E-05
 7.4400    8.0942856E-08    5.6303353E-05   -5.6303353E-05
 7.4500    1.3573794E-07    9.4672463E-05   -9.4672463E-05
 7.4600    1.8486848E-07    1.2928567E-04   -1.2928567E-04
 7.4700    2.2054383E-07    1.5464860E-04   -1.5464860E-04
 7.4800    2.3804147E-07    1.6736540E-04   -1.6736540E-04
 7.4900    2.3995950E-07    1.6916537E-04   -1.6916537E-04
 7.5000    2.3762408E-07    1.6796656E-04   -1.6796656E-04
 7.5100    2.4642593E-07    1.7465304E-04   -1.7465304E-04
 7.5200    2.7699211E-07    1.9683981E-04   -1.9683981E-04
 7.5300    3.2890771E-07    2.3435481E-04   -2.3435481E-04
 7.5400    3.9248602E-07    2.8039918E-04   -2.8039918E-04
 7.5500    4.5713083E-07    3.2744946E-04   -3.2744946E-04
 7.5600    5.1892390E-07    3.7269806E-04   -3.7269806E-04
 7.5700    5.8120295E-07    4.1853274E-04   -4.1853274E-04
 7.5800    6.4871739E-07    4.6838590E-04   -4.6838590E-04
 7.5900    7.2150232E-07    5.2231338E-04   -5.2231338E-04
 7.6000    7.9393262E-07    5.7626295E-04   -5.7626295E-04
 7.6100    8.5914512E-07    6.2523849E-04   -6.2523849E-04
 7.6200    9.1454014E-07    6.6730224E-04   -6.6730224E-04
 7.6300    9.6378691E-07    7.0508254E-04   -7.0508254E-04
 7.6400    1.0139672E-06    7.4373886E-04   -7.4373886E-04
 7.6500    1.0702904E-06    7.8710805E-04   -7.8710805E-04
 7.6600    1.1323973E-06    8.3496104E-04   -8.3496104E-04
 7.6700    1.1946037E-06    8.8312960E-04   -8.8312960E-04
 7.6800    1.2492174E-06    9.2591332E-04   -9.2591332E-04
 7.6900    1.2902465E-06    9.5881588E-04   -9.5881588E-04
 7.7000    1.3155024E-06    9.8012839E-04   -9.8012839E-04
 7.7100    1.3267699E-06    9.9109257E-04   -9.9109257E-04
 7.7200    1.3286966E-06    9.9510819E-04   -9.9510819E-04
 7.7300    1.3271825E-06    9.9655097E-04   -9.9655097E-04
 7.7400    1.3278053E-06    9.9959989E-04   -9.9959989E-04
 7.7500    1.3345611E-06    1.0072835E-03   -1.0072835E-03
 7.7600    1.3492315E-06    1.0209860E-03   -1.0209860E-03
 7.7700    1.3719566E-06    1.0408599E-03   -1.0408599E-03
 7.7800    1.4031890E-06    1.0672968E-03   -1.0672968E-03
 7.7900    1.4456469E-06    1.1024198E-03   -1.1024198E-03
 7.8000    1.5037462E-06    1.1496711E-03   -1.1496711E-03
 7.8100    1.5795786E-06    1.2107463E-03   -1.2107463E-03
 7.8200    1.6682807E-06    1.2820132E-03   -1.2820132E-03
 7.8300    1.7575814E-06    1.3540941E-03   -1.3540941E-03
 7.8400    1.8333904E-06    1.4161099E-03   -1.4161099E-03
 7.8500    1.8877512E-06    1.4618201E-03   -1.4618201E-03
 7.8600    1.9229316E-06    1.4928590E-03   -1.4928590E-03
 7.8700    1.9486291E-06    1.5166610E-03   -1.5166610E-03
 7.8800    1.9750793E-06    1.5411568E-03   -1.5411568E-03
 7.8900    2.0076975E-06    1.5705875E-03   -1.5705875E-03
 7.9000    2.0464866E-06    1.6049923E-03   -1.6049923E-03
 7.9100    2.0888305E-06    1.6423512E-03   -1.6423512E-03
 7.9200    2.1321429E-06    1.6806471E-03   -1.6806471E-03
 7.9300    2.1744733E-06    1.7183448E-03   -1.7183448E-03
 7.9400    2.2138242E-06    1.7538563E-03   -1.7538563E-03
 7.9500    2.2477745E-06    1.7852411E-03   -1.7852411E-03
 7.9600    2.2741048E-06    1.8106999E-03   -1.8106999E-03
 7.9700    2.2921193E-06    1.8296319E-03   -1.8296319E-03
 7.9800    2.3038620E-06    1.8436229E-03   -1.8436229E-03
 7.9900    2.3142457E-06    1.8565767E-03   -1.8565767E-03
 8.0000    2.3295578E-06    1.8735416E-03   -1.8735416E-03
 8.0100    2.3550351E-06    1.8987696E-03   -1.8987696E-03
 8.0200    2.3930750E-06    1.9342603E-03   -1.9342603E-03
 8.0300    2.4429779E-06    1.9795228E-03   -1.9795228E-03
 8.0400    2.5016995E-06    2.0321563E-03   -2.0321563E-03
 8.0500    2.5647303E-06    2.0885425E-03   -2.0885425E-03
 8.0600    2.6269744E-06    2.1445481E-03   -2.1445481E-03
 8.0700    2.6838662E-06    2.1964322E-03   -2.1964322E-03
 8.0800    2.7324631E-06    2.2417485E-03   -2.2417485E-03
 8.0900    2.7719702E-06    2.2797933E-03   -2.2797933E-03
 8.1000    2.8036224E-06    2.3115294E-03   -2.3115294E-03
 8.1100    2.8302459E-06    2.3392452E-03   -2.3392452E-03
 8.1200    2.8555967E-06    2.3660221E-03   -2.3660221E-03
 8.1300    2.8833142E-06    2.3948754E-03   -2.3948754E-03
 8.1400    2.9156262E-06    2.4276749E-03   -2.4276749E-03
 8.1500    2.9524016E-06    2.4643394E-03   -2.4643394E-03
 8.1600    2.9911595E-06    2.5028208E-03   -2.5028208E-03
 8.1700    3.0281935E-06    2.5400227E-03   -2.5400227E-03
 8.1800    3.0604343E-06    2.5733540E-03   -2.5733540E-03
 8.1900    3.0872303E-06    2.6022361E-03   -2.6022361E-03
 8.2000    3.1109946E-06    2.6286746E-03   -2.6286746E-03
 8.2100    3.1360582E-06    2.6563194E-03   -2.6563194E-03
 8.2200    3.1662193E-06    2.6884038E-03   -2.6884038E-03
 8.2300    3.2026252E-06    2.7259360E-03   -2.7259360E-03
 8.2400    3.2435294E-06    2.7674649E-03   -2.7674649E-03
 8.2500    3.2859878E-06    2.8105007E-03   -2.8105007E-03
 8.2600    3.3279835E-06    2.8533242E-03   -2.8533242E-03
 8.2700    3.3692208E-06    2.8956786E-03   -2.8956786E-03
 8.2800    3.4100127E-06    2.9378291E-03   -2.9378291E-03
 8.2900    3.4492388E-06    2.9788058E-03   -2.9788058E-03
 8.3000    3.4831054E-06    3.0153148E-03   -3.0153148E-03
 8.3100    3.5059991E-06    3.0424519E-03   -3.0424519E-03
 8.3200    3.5135269E-06    3.0563269E-03   -3.0563269E-03
 8.3300    3.5065120E-06    3.0575614E-03   -3.0575614E-03
 8.3400    3.4935748E-06    3.0535991E-03   -3.0535991E-03
 8.3500    3.4896222E-06    3.0574631E-03   -3.0574631E-03
 8.3600    3.5094618E-06    3.0822151E-03   -3.0822151E-03
 8.3700    3.5597506E-06    3.1338655E-03   -3.1338655E-03
 8.3800    3.6350395E-06    3.2077982E-03   -3.2077982E-03
 8.3900    3.7211613E-06    3.2916397E-03   -3.2916397E-03
 8.4000    3.8032615E-06    3.3722877E-03   -3.3722877E-03
 8.4100    3.8723772E-06    3.4417515E-03   -3.4417515E-03
 8.4200    3.9267436E-06    3.4983768E-03   -3.4983768E-03
 8.4300    3.9688507E-06    3.5442943E-03   -3.5442943E-03
 8.4400    4.0018383E-06    3.5822368E-03   -3.5822368E-03
 8.4500    4.0277997E-06    3.6140250E-03   -3.6140250E-03
 8.4600    4.0481565E-06    3.6408928E-03   -3.6408928E-03
 8.4700    4.0647635E-06    3.6644767E-03   -3.6644767E-03
 8.4800    4.0803552E-06    3.6872242E-03   -3.6872242E-03
 8.4900    4.0977967E-06    3.7117238E-03   -3.7117238E-03
 8.5000    4.1187040E-06    3.7394549E-03   -3.7394549E-03
 8.5100    4.1426612E-06    3.7700612E-03   -3.7700612E-03
 8.5200    4.1678018E-06    3.8018599E-03   -3.8018599E-03
 8.5300    4.1922310E-06    3.8331263E-03   -3.8331263E-03
 8.5400    4.2150104E-06    3.8629960E-03   -3.8629960E-03
 8.5500    4.2360771E-06    3.8914007E-03   -3.8914007E-03
 8.5600    4.2556265E-06    3.9185095E-03   -3.9185095E-03
 8.5700    4.2737456E-06    3.9443930E-03   -3.9443930E-03
 8.5800    4.2904504E-06    3.9690569E-03   -3.9690569E-03
 8.5900    4.3058175E-06    3.9925633E-03   -3.9925633E-03
