# total charge: 4.000000 
# r(A)     rho (e/A^3)     4*pi*r^2*rho(e/A)  dip  
 0.0000    1.1059975E+00    0.0000000E+00    3.1915382E+01
 0.0100    1.1086785E+00    1.3932065E-03    3.1754811E+01
 0.0200    1.1120573E+00    5.5898095E-03    3.1277826E+01
 0.0300    1.1162641E+00    1.2624650E-02    3.0498401E+01
 0.0400    1.1214286E+00    2.2547660E-02    2.9439064E+01
 0.0500    1.1276813E+00    3.5427154E-02    2.8129799E+01
 0.0600    1.1351562E+00    5.1353257E-02    2.6606615E+01
 0.0700    1.1439763E+00    7.0440587E-02    2.4909874E+01
 0.0800    1.1542200E+00    9.2827878E-02    2.3082496E+01
 0.0900    1.1658863E+00    1.1867277E-01    2.1168147E+01
 0.1000    1.1788851E+00    1.4814307E-01    1.9209515E+01
 0.1100    1.1930581E+00    1.8140816E-01    1.7246766E+01
 0.1200    1.2082150E+00    2.1863344E-01    1.5316251E+01
 0.1300    1.2241637E+00    2.5997768E-01    1.3449510E+01
 0.1400    1.2407234E+00    3.0559124E-01    1.1672606E+01
 0.1500    1.2577243E+00    3.5561317E-01    1.0005794E+01
 0.1600    1.2749996E+00    4.1016620E-01    8.4635006E+00
 0.1700    1.2923785E+00    4.6935066E-01    7.0545755E+00
 0.1800    1.3096872E+00    5.3323966E-01    5.7827730E+00
 0.1900    1.3267556E+00    6.0187734E-01    4.6473878E+00
 0.2000    1.3434265E+00    6.7527982E-01    3.6439975E+00
 0.2100    1.3595580E+00    7.5343568E-01    2.7652520E+00
 0.2200    1.3750190E+00    8.3630350E-01    2.0016639E+00
 0.2300    1.3896828E+00    9.2380692E-01    1.3423561E+00
 0.2400    1.4034244E+00    1.0158308E+00    7.7573163E-01
 0.2500    1.4161228E+00    1.1122203E+00    2.9004376E-01
 0.2600    1.4276647E+00    1.2127821E+00   -1.2614461E-01
 0.2700    1.4379452E+00    1.3172849E+00   -4.8361015E-01
 0.2800    1.4468662E+00    1.4254575E+00   -7.9222142E-01
 0.2900    1.4543368E+00    1.5369893E+00   -1.0607868E+00
 0.3000    1.4602781E+00    1.6515357E+00   -1.2969878E+00
 0.3100    1.4646279E+00    1.7687260E+00   -1.5073805E+00
 0.3200    1.4673391E+00    1.8881666E+00   -1.6974395E+00
 0.3300    1.4683709E+00    2.0094329E+00   -1.8716273E+00
 0.3400    1.4676814E+00    2.1320604E+00   -2.0334828E+00
 0.3500    1.4652333E+00    2.2555514E+00   -2.1857367E+00
 0.3600    1.4610087E+00    2.3794011E+00   -2.3304489E+00
 0.3700    1.4550222E+00    2.5031273E+00   -2.4691449E+00
 0.3800    1.4473182E+00    2.6262803E+00   -2.6029246E+00
 0.3900    1.4379546E+00    2.7484274E+00   -2.7325349E+00
 0.4000    1.4269875E+00    2.8691286E+00   -2.8584222E+00
 0.4100    1.4144646E+00    2.9879247E+00   -2.9807838E+00
 0.4200    1.4004297E+00    3.1043435E+00   -3.0996281E+00
 0.4300    1.3849309E+00    3.2179174E+00   -3.2148345E+00
 0.4400    1.3680269E+00    3.3282034E+00   -3.3262080E+00
 0.4500    1.3497914E+00    3.4348007E+00   -3.4335220E+00
 0.4600    1.3303130E+00    3.5373607E+00   -3.5365495E+00
 0.4700    1.3096909E+00    3.6355857E+00   -3.6350762E+00
 0.4800    1.2880260E+00    3.7292111E+00   -3.7288942E+00
 0.4900    1.2654116E+00    3.8179816E+00   -3.8177865E+00
 0.5000    1.2419311E+00    3.9016416E+00   -3.9015227E+00
 0.5100    1.2176644E+00    3.9799519E+00   -3.9798801E+00
 0.5200    1.1926971E+00    4.0527212E+00   -4.0526783E+00
 0.5300    1.1671251E+00    4.1198272E+00   -4.1198018E+00
 0.5400    1.1410494E+00    4.1812084E+00   -4.1811936E+00
 0.5500    1.1145677E+00    4.2368366E+00   -4.2368279E+00
 0.5600    1.0877677E+00    4.2866900E+00   -4.2866851E+00
 0.5700    1.0607261E+00    4.3307472E+00   -4.3307444E+00
 0.5800    1.0335132E+00    4.3689982E+00   -4.3689966E+00
 0.5900    1.0061975E+00    4.4014638E+00   -4.4014629E+00
 0.6000    9.7884951E-01    4.4282109E+00   -4.4282104E+00
 0.6100    9.5154119E-01    4.4493557E+00   -4.4493555E+00
 0.6200    9.2434388E-01    4.4650550E+00   -4.4650549E+00
 0.6300    8.9732472E-01    4.4754900E+00   -4.4754900E+00
 0.6400    8.7054449E-01    4.4808539E+00   -4.4808539E+00
 0.6500    8.4405790E-01    4.4813495E+00   -4.4813495E+00
 0.6600    8.1791491E-01    4.4771935E+00   -4.4771934E+00
 0.6700    7.9216057E-01    4.4686124E+00   -4.4686124E+00
 0.6800    7.6683242E-01    4.4558253E+00   -4.4558253E+00
 0.6900    7.4195851E-01    4.4390258E+00   -4.4390258E+00
 0.7000    7.1755971E-01    4.4183894E+00   -4.4183894E+00
 0.7100    6.9365561E-01    4.3941053E+00   -4.3941053E+00
 0.7200    6.7026870E-01    4.3664028E+00   -4.3664028E+00
 0.7300    6.4742286E-01    4.3355442E+00   -4.3355442E+00
 0.7400    6.2513818E-01    4.3017912E+00   -4.3017912E+00
 0.7500    6.0342759E-01    4.2653783E+00   -4.2653783E+00
 0.7600    5.8229791E-01    4.2265137E+00   -4.2265137E+00
 0.7700    5.6175331E-01    4.1853999E+00   -4.1853999E+00
 0.7800    5.4179773E-01    4.1422495E+00   -4.1422495E+00
 0.7900    5.2243450E-01    4.0972824E+00   -4.0972824E+00
 0.8000    5.0366426E-01    4.0507083E+00   -4.0507083E+00
 0.8100    4.8548293E-01    4.0027076E+00   -4.0027076E+00
 0.8200    4.6788148E-01    3.9534242E+00   -3.9534242E+00
 0.8300    4.5084738E-01    3.9029734E+00   -3.9029734E+00
 0.8400    4.3436704E-01    3.8514592E+00   -3.8514592E+00
 0.8500    4.1842759E-01    3.7989889E+00   -3.7989889E+00
 0.8600    4.0301720E-01    3.7456772E+00   -3.7456772E+00
 0.8700    3.8812449E-01    3.6916406E+00   -3.6916406E+00
 0.8800    3.7373766E-01    3.6369897E+00   -3.6369897E+00
 0.8900    3.5984420E-01    3.5818252E+00   -3.5818252E+00
 0.9000    3.4643121E-01    3.5262403E+00   -3.5262403E+00
 0.9100    3.3348601E-01    3.4703259E+00   -3.4703259E+00
 0.9200    3.2099633E-01    3.4141735E+00   -3.4141735E+00
 0.9300    3.0895016E-01    3.3578724E+00   -3.3578724E+00
 0.9400    2.9733529E-01    3.3015055E+00   -3.3015055E+00
 0.9500    2.8613903E-01    3.2451456E+00   -3.2451456E+00
 0.9600    2.7534822E-01    3.1888538E+00   -3.1888538E+00
 0.9700    2.6494914E-01    3.1326786E+00   -3.1326786E+00
 0.9800    2.5492747E-01    3.0766539E+00   -3.0766539E+00
 0.9900    2.4526837E-01    3.0207988E+00   -3.0207988E+00
 1.0000    2.3595707E-01    2.9651240E+00   -2.9651240E+00
 1.0100    2.2697988E-01    2.9096447E+00   -2.9096447E+00
 1.0200    2.1832536E-01    2.8543971E+00   -2.8543971E+00
 1.0300    2.0998485E-01    2.7994472E+00   -2.7994472E+00
 1.0400    2.0195163E-01    2.7448834E+00   -2.7448834E+00
 1.0500    1.9421898E-01    2.6907920E+00   -2.6907920E+00
 1.0600    1.8677833E-01    2.6372304E+00   -2.6372304E+00
 1.0700    1.7961873E-01    2.5842173E+00   -2.5842173E+00
 1.0800    1.7272797E-01    2.5317455E+00   -2.5317455E+00
 1.0900    1.6609438E-01    2.4798065E+00   -2.4798065E+00
 1.1000    1.5970789E-01    2.4284077E+00   -2.4284077E+00
 1.1100    1.5356006E-01    2.3775743E+00   -2.3775743E+00
 1.1200    1.4764341E-01    2.3273408E+00   -2.3273408E+00
 1.1300    1.4195076E-01    2.2777417E+00   -2.2777417E+00
 1.1400    1.3647489E-01    2.2288063E+00   -2.2288063E+00
 1.1500    1.3120862E-01    2.1805594E+00   -2.1805594E+00
 1.1600    1.2614490E-01    2.1330230E+00   -2.1330230E+00
 1.1700    1.2127689E-01    2.0862177E+00   -2.0862177E+00
 1.1800    1.1659785E-01    2.0401608E+00   -2.0401608E+00
 1.1900    1.1210092E-01    1.9948625E+00   -1.9948625E+00
 1.2000    1.0777904E-01    1.9503236E+00   -1.9503236E+00
 1.2100    1.0362506E-01    1.9065377E+00   -1.9065377E+00
 1.2200    9.9632140E-02    1.8634982E+00   -1.8634982E+00
 1.2300    9.5794087E-02    1.8212048E+00   -1.8212048E+00
 1.2400    9.2105357E-02    1.7796644E+00   -1.7796644E+00
 1.2500    8.8560773E-02    1.7388867E+00   -1.7388867E+00
 1.2600    8.5155239E-02    1.6988785E+00   -1.6988785E+00
 1.2700    8.1883676E-02    1.6596428E+00   -1.6596428E+00
 1.2800    7.8741180E-02    1.6211818E+00   -1.6211818E+00
 1.2900    7.5723137E-02    1.5834993E+00   -1.5834993E+00
 1.3000    7.2825105E-02    1.5465989E+00   -1.5465989E+00
 1.3100    7.0042557E-02    1.5104782E+00   -1.5104782E+00
 1.3200    6.7370743E-02    1.4751258E+00   -1.4751258E+00
 1.3300    6.4804840E-02    1.4405243E+00   -1.4405243E+00
 1.3400    6.2340266E-02    1.4066567E+00   -1.4066567E+00
 1.3500    5.9972861E-02    1.3735111E+00   -1.3735111E+00
 1.3600    5.7698738E-02    1.3410779E+00   -1.3410779E+00
 1.3700    5.5513871E-02    1.3093402E+00   -1.3093402E+00
 1.3800    5.3413735E-02    1.2782652E+00   -1.2782652E+00
 1.3900    5.1393367E-02    1.2478045E+00   -1.2478045E+00
 1.4000    4.9448026E-02    1.2179092E+00   -1.2179092E+00
 1.4100    4.7574129E-02    1.1885540E+00   -1.1885540E+00
 1.4200    4.5769772E-02    1.1597525E+00   -1.1597525E+00
 1.4300    4.4034348E-02    1.1315494E+00   -1.1315494E+00
 1.4400    4.2367392E-02    1.1039937E+00   -1.1039937E+00
 1.4500    4.0767463E-02    1.0771088E+00   -1.0771088E+00
 1.4600    3.9231758E-02    1.0508805E+00   -1.0508805E+00
 1.4700    3.7756597E-02    1.0252680E+00   -1.0252680E+00
 1.4800    3.6338281E-02    1.0002249E+00   -1.0002249E+00
 1.4900    3.4973692E-02    9.7571702E-01   -9.7571702E-01
 1.5000    3.3660386E-02    9.5172500E-01   -9.5172500E-01
 1.5100    3.2396335E-02    9.2823862E-01   -9.2823862E-01
 1.5200    3.1179682E-02    9.0525039E-01   -9.0525039E-01
 1.5300    3.0008735E-02    8.8275546E-01   -8.8275546E-01
 1.5400    2.8882100E-02    8.6075604E-01   -8.6075604E-01
 1.5500    2.7798728E-02    8.3926321E-01   -8.3926321E-01
 1.5600    2.6757706E-02    8.1829130E-01   -8.1829130E-01
 1.5700    2.5757925E-02    7.9784780E-01   -7.9784780E-01
 1.5800    2.4797873E-02    7.7792632E-01   -7.7792632E-01
 1.5900    2.3875675E-02    7.5850732E-01   -7.5850732E-01
 1.6000    2.2989309E-02    7.3956399E-01   -7.3956399E-01
 1.6100    2.2136812E-02    7.2106880E-01   -7.2106880E-01
 1.6200    2.1316430E-02    7.0299845E-01   -7.0299845E-01
 1.6300    2.0526718E-02    6.8533765E-01   -6.8533765E-01
 1.6400    1.9766568E-02    6.6808055E-01   -6.6808055E-01
 1.6500    1.9035119E-02    6.5122844E-01   -6.5122844E-01
 1.6600    1.8331598E-02    6.3478459E-01   -6.3478459E-01
 1.6700    1.7655203E-02    6.1875043E-01   -6.1875043E-01
 1.6800    1.7005099E-02    6.0312535E-01   -6.0312535E-01
 1.6900    1.6380470E-02    5.8790836E-01   -5.8790836E-01
 1.7000    1.5780515E-02    5.7309797E-01   -5.7309797E-01
 1.7100    1.5204370E-02    5.5868949E-01   -5.5868949E-01
 1.7200    1.4651047E-02    5.4467246E-01   -5.4467246E-01
 1.7300    1.4119456E-02    5.3103121E-01   -5.3103121E-01
 1.7400    1.3608496E-02    5.1774806E-01   -5.1774806E-01
 1.7500    1.3117133E-02    5.0480642E-01   -5.0480642E-01
 1.7600    1.2644424E-02    4.9219164E-01   -4.9219164E-01
 1.7700    1.2189496E-02    4.7989049E-01   -4.7989049E-01
 1.7800    1.1751538E-02    4.6789086E-01   -4.6789086E-01
 1.7900    1.1329818E-02    4.5618274E-01   -4.5618274E-01
 1.8000    1.0923705E-02    4.4475909E-01   -4.4475909E-01
 1.8100    1.0532646E-02    4.3361520E-01   -4.3361520E-01
 1.8200    1.0156112E-02    4.2274659E-01   -4.2274659E-01
 1.8300    9.7935507E-03    4.1214707E-01   -4.1214707E-01
 1.8400    9.4443817E-03    4.0180843E-01   -4.0180843E-01
 1.8500    9.1080180E-03    3.9172131E-01   -3.9172131E-01
 1.8600    8.7838875E-03    3.8187613E-01   -3.8187613E-01
 1.8700    8.4714429E-03    3.7226351E-01   -3.7226351E-01
 1.8800    8.1701786E-03    3.6287505E-01   -3.6287505E-01
 1.8900    7.8796593E-03    3.5370477E-01   -3.5370477E-01
 1.9000    7.5995385E-03    3.4475001E-01   -3.4475001E-01
 1.9100    7.3295370E-03    3.3601072E-01   -3.3601072E-01
 1.9200    7.0693830E-03    3.2748683E-01   -3.2748683E-01
 1.9300    6.8187550E-03    3.1917552E-01   -3.1917552E-01
 1.9400    6.5772652E-03    3.1107039E-01   -3.1107039E-01
 1.9500    6.3444916E-03    3.0316280E-01   -3.0316280E-01
 1.9600    6.1200297E-03    2.9544425E-01   -2.9544425E-01
 1.9700    5.9035285E-03    2.8790816E-01   -2.8790816E-01
 1.9800    5.6946986E-03    2.8055046E-01   -2.8055046E-01
 1.9900    5.4933001E-03    2.7336905E-01   -2.7336905E-01
 2.0000    5.2991238E-03    2.6636301E-01   -2.6636301E-01
 2.0100    5.1119729E-03    2.5953176E-01   -2.5953176E-01
 2.0200    4.9316459E-03    2.5287418E-01   -2.5287418E-01
 2.0300    4.7579216E-03    2.4638781E-01   -2.4638781E-01
 2.0400    4.5905504E-03    2.4006838E-01   -2.4006838E-01
 2.0500    4.4292574E-03    2.3390985E-01   -2.3390985E-01
 2.0600    4.2737656E-03    2.2790560E-01   -2.2790560E-01
 2.0700    4.1238344E-03    2.2205051E-01   -2.2205051E-01
 2.0800    3.9792951E-03    2.1634292E-01   -2.1634292E-01
 2.0900    3.8400548E-03    2.1078508E-01   -2.1078508E-01
 2.1000    3.7060525E-03    2.0538088E-01   -2.0538088E-01
 2.1100    3.5771871E-03    2.0013195E-01   -2.0013195E-01
 2.1200    3.4532663E-03    1.9503460E-01   -1.9503460E-01
 2.1300    3.3340142E-03    1.9008004E-01   -1.9008004E-01
 2.1400    3.2191315E-03    1.8525764E-01   -1.8525764E-01
 2.1500    3.1083630E-03    1.8055874E-01   -1.8055874E-01
 2.1600    3.0015280E-03    1.7597856E-01   -1.7597856E-01
 2.1700    2.8985070E-03    1.7151562E-01   -1.7151562E-01
 2.1800    2.7992048E-03    1.6716969E-01   -1.6716969E-01
 2.1900    2.7035170E-03    1.6293981E-01   -1.6293981E-01
 2.2000    2.6113138E-03    1.5882333E-01   -1.5882333E-01
 2.2100    2.5224450E-03    1.5481610E-01   -1.5481610E-01
 2.2200    2.4367598E-03    1.5091365E-01   -1.5091365E-01
 2.2300    2.3541275E-03    1.4711250E-01   -1.4711250E-01
 2.2400    2.2744403E-03    1.4341033E-01   -1.4341033E-01
 2.2500    2.1975945E-03    1.3980492E-01   -1.3980492E-01
 2.2600    2.1234614E-03    1.3629224E-01   -1.3629224E-01
 2.2700    2.0518725E-03    1.3286541E-01   -1.3286541E-01
 2.2800    1.9826357E-03    1.2951572E-01   -1.2951572E-01
 2.2900    1.9155796E-03    1.2623536E-01   -1.2623536E-01
 2.3000    1.8506006E-03    1.2302071E-01   -1.2302071E-01
 2.3100    1.7876821E-03    1.1987376E-01   -1.1987376E-01
 2.3200    1.7268694E-03    1.1680067E-01   -1.1680067E-01
 2.3300    1.6682130E-03    1.1380811E-01   -1.1380811E-01
 2.3400    1.6117132E-03    1.1089943E-01   -1.1089943E-01
 2.3500    1.5572975E-03    1.0807299E-01   -1.0807299E-01
 2.3600    1.5048382E-03    1.0532311E-01   -1.0532311E-01
 2.3700    1.4541915E-03    1.0264272E-01   -1.0264272E-01
 2.3800    1.4052328E-03    1.0002580E-01   -1.0002580E-01
 2.3900    1.3578721E-03    9.7468558E-02   -9.7468558E-02
 2.4000    1.3120536E-03    9.4969449E-02   -9.4969449E-02
 2.4100    1.2677441E-03    9.2528509E-02   -9.2528509E-02
 2.4200    1.2249196E-03    9.0146355E-02   -9.0146355E-02
 2.4300    1.1835502E-03    8.7823167E-02   -8.7823167E-02
 2.4400    1.1435919E-03    8.5557993E-02   -8.5557993E-02
 2.4500    1.1049858E-03    8.3348684E-02   -8.3348684E-02
 2.4600    1.0676667E-03    8.1192473E-02   -8.1192473E-02
 2.4700    1.0315751E-03    7.9086915E-02   -7.9086915E-02
 2.4800    9.9667025E-04    7.7030855E-02   -7.7030855E-02
 2.4900    9.6293818E-04    7.5025166E-02   -7.5025166E-02
 2.5000    9.3039163E-04    7.3072788E-02   -7.3072788E-02
 2.5100    8.9905539E-04    7.1177668E-02   -7.1177668E-02
 2.5200    8.6894091E-04    6.9342771E-02   -6.9342771E-02
 2.5300    8.4002382E-04    6.7568224E-02   -6.7568224E-02
 2.5400    8.1223871E-04    6.5850788E-02   -6.5850788E-02
 2.5500    7.8549401E-04    6.4184935E-02   -6.4184935E-02
 2.5600    7.5969736E-04    6.2564851E-02   -6.2564851E-02
 2.5700    7.3477768E-04    6.0986269E-02   -6.0986269E-02
 2.5800    7.1069443E-04    5.9447308E-02   -5.9447308E-02
 2.5900    6.8743172E-04    5.7948068E-02   -5.7948068E-02
 2.6000    6.6498259E-04    5.6489383E-02   -5.6489383E-02
 2.6100    6.4333356E-04    5.5071523E-02   -5.5071523E-02
 2.6200    6.2245894E-04    5.3693678E-02   -5.3693678E-02
 2.6300    6.0232689E-04    5.2354451E-02   -5.2354451E-02
 2.6400    5.8290947E-04    5.1052714E-02   -5.1052714E-02
 2.6500    5.6418553E-04    4.9787871E-02   -4.9787871E-02
 2.6600    5.4613288E-04    4.8559193E-02   -4.8559193E-02
 2.6700    5.2871868E-04    4.7364945E-02   -4.7364945E-02
 2.6800    5.1189865E-04    4.6202283E-02   -4.6202283E-02
 2.6900    4.9562532E-04    4.5067961E-02   -4.5067961E-02
 2.7000    4.7985579E-04    4.3959033E-02   -4.3959033E-02
 2.7100    4.6455241E-04    4.2872930E-02   -4.2872930E-02
 2.7200    4.4968093E-04    4.1807302E-02   -4.1807302E-02
 2.7300    4.3521356E-04    4.0760319E-02   -4.0760319E-02
 2.7400    4.2113743E-04    3.9731488E-02   -3.9731488E-02
 2.7500    4.0745978E-04    3.8722198E-02   -3.8722198E-02
 2.7600    3.9420186E-04    3.7735204E-02   -3.7735204E-02
 2.7700    3.8138236E-04    3.6773080E-02   -3.6773080E-02
 2.7800    3.6899998E-04    3.5836518E-02   -3.5836518E-02
 2.7900    3.5702636E-04    3.4923564E-02   -3.4923564E-02
 2.8000    3.4541388E-04    3.4030294E-02   -3.4030294E-02
 2.8100    3.3411330E-04    3.3152499E-02   -3.3152499E-02
 2.8200    3.2309058E-04    3.2287348E-02   -3.2287348E-02
 2.8300    3.1233402E-04    3.1434172E-02   -3.1434172E-02
 2.8400    3.0185106E-04    3.0594210E-02   -3.0594210E-02
 2.8500    2.9166070E-04    2.9769908E-02   -2.9769908E-02
 2.8600    2.8178818E-04    2.8964411E-02   -2.8964411E-02
 2.8700    2.7226187E-04    2.8181264E-02   -2.8181264E-02
 2.8800    2.6310560E-04    2.7423629E-02   -2.7423629E-02
 2.8900    2.5432318E-04    2.6692638E-02   -2.6692638E-02
 2.9000    2.4588525E-04    2.5985934E-02   -2.5985934E-02
 2.9100    2.3773626E-04    2.5298296E-02   -2.5298296E-02
 2.9200    2.2982651E-04    2.4624969E-02   -2.4624969E-02
 2.9300    2.2214854E-04    2.3965615E-02   -2.3965615E-02
 2.9400    2.1474604E-04    2.3325432E-02   -2.3325432E-02
 2.9500    2.0768196E-04    2.2711858E-02   -2.2711858E-02
 2.9600    2.0098720E-04    2.2128995E-02   -2.2128995E-02
 2.9700    1.9462972E-04    2.1574062E-02   -2.1574062E-02
 2.9800    1.8852836E-04    2.1038709E-02   -2.1038709E-02
 2.9900    1.8259928E-04    2.0514044E-02   -2.0514044E-02
 3.0000    1.7679855E-04    1.9995445E-02   -1.9995445E-02
 3.0100    1.7113229E-04    1.9483851E-02   -1.9483851E-02
 3.0200    1.6563423E-04    1.8983393E-02   -1.8983393E-02
 3.0300    1.6033372E-04    1.8497796E-02   -1.8497796E-02
 3.0400    1.5523716E-04    1.8028214E-02   -1.8028214E-02
 3.0500    1.5033047E-04    1.7573431E-02   -1.7573431E-02
 3.0600    1.4559328E-04    1.7131447E-02   -1.7131447E-02
 3.0700    1.4101061E-04    1.6700843E-02   -1.6700843E-02
 3.0800    1.3657441E-04    1.6280983E-02   -1.6280983E-02
 3.0900    1.3227835E-04    1.5871413E-02   -1.5871413E-02
 3.1000    1.2811416E-04    1.5471428E-02   -1.5471428E-02
 3.1100    1.2407407E-04    1.5080359E-02   -1.5080359E-02
 3.1200    1.2015630E-04    1.4698249E-02   -1.4698249E-02
 3.1300    1.1636741E-04    1.4326164E-02   -1.4326164E-02
 3.1400    1.1271836E-04    1.3965736E-02   -1.3965736E-02
 3.1500    1.0921698E-04    1.3618245E-02   -1.3618245E-02
 3.1600    1.0586224E-04    1.3283884E-02   -1.3283884E-02
 3.1700    1.0264353E-04    1.2961640E-02   -1.2961640E-02
 3.1800    9.9544068E-05    1.2649678E-02   -1.2649678E-02
 3.1900    9.6544565E-05    1.2345795E-02   -1.2345795E-02
 3.2000    9.3625178E-05    1.2047654E-02   -1.2047654E-02
 3.2100    9.0766903E-05    1.1752965E-02   -1.1752965E-02
 3.2200    8.7954787E-05    1.1459907E-02   -1.1459907E-02
 3.2300    8.5182433E-05    1.1167731E-02   -1.1167731E-02
 3.2400    8.2453753E-05    1.0877030E-02   -1.0877030E-02
 3.2500    7.9778856E-05    1.0589230E-02   -1.0589230E-02
 3.2600    7.7166183E-05    1.0305572E-02   -1.0305572E-02
 3.2700    7.4617298E-05    1.0026397E-02   -1.0026397E-02
 3.2800    7.2128910E-05    9.7513989E-03   -9.7513989E-03
 3.2900    6.9700018E-05    9.4805723E-03   -9.4805723E-03
 3.3000    6.7336862E-05    9.2148998E-03   -9.2148998E-03
 3.3100    6.5050167E-05    8.9560037E-03   -8.9560037E-03
 3.3200    6.2846440E-05    8.7049586E-03   -8.7049586E-03
 3.3300    6.0721064E-05    8.4613119E-03   -8.4613119E-03
 3.3400    5.8659998E-05    8.2232755E-03   -8.2232755E-03
 3.3500    5.6649522E-05    7.9890608E-03   -7.9890608E-03
 3.3600    5.4685717E-05    7.7582243E-03   -7.7582243E-03
 3.3700    5.2774549E-05    7.5317205E-03   -7.5317205E-03
 3.3800    5.0921777E-05    7.3104956E-03   -7.3104956E-03
 3.3900    4.9122495E-05    7.0939754E-03   -7.0939754E-03
 3.4000    4.7361884E-05    6.8801303E-03   -6.8801303E-03
 3.4100    4.5628632E-05    6.6673932E-03   -6.6673932E-03
 3.4200    4.3929446E-05    6.4568070E-03   -6.4568070E-03
 3.4300    4.2290259E-05    6.2522805E-03   -6.2522805E-03
 3.4400    4.0740870E-05    6.0583875E-03   -6.0583875E-03
 3.4500    3.9294987E-05    5.8773995E-03   -5.8773995E-03
 3.4600    3.7942148E-05    5.7080001E-03   -5.7080001E-03
 3.4700    3.6656861E-05    5.5465647E-03   -5.5465647E-03
 3.4800    3.5415016E-05    5.3895908E-03   -5.3895908E-03
 3.4900    3.4203705E-05    5.2352072E-03   -5.2352072E-03
 3.5000    3.3020137E-05    5.0830552E-03   -5.0830552E-03
 3.5100    3.1865856E-05    4.9334382E-03   -4.9334382E-03
 3.5200    3.0743456E-05    4.7868287E-03   -4.7868287E-03
 3.5300    2.9657047E-05    4.6439462E-03   -4.6439462E-03
 3.5400    2.8613456E-05    4.5059534E-03   -4.5059534E-03
 3.5500    2.7621624E-05    4.3743727E-03   -4.3743727E-03
 3.5600    2.6689756E-05    4.2506414E-03   -4.2506414E-03
 3.5700    2.5821109E-05    4.1354349E-03   -4.1354349E-03
 3.5800    2.5010658E-05    4.0281073E-03   -4.0281073E-03
 3.5900    2.4245884E-05    3.9267820E-03   -3.9267820E-03
 3.6000    2.3512973E-05    3.8293267E-03   -3.8293267E-03
 3.6100    2.2804544E-05    3.7346135E-03   -3.7346135E-03
 3.6200    2.2121929E-05    3.6429230E-03   -3.6429230E-03
 3.6300    2.1469043E-05    3.5549689E-03   -3.5549689E-03
 3.6400    2.0843436E-05    3.4704193E-03   -3.4704193E-03
 3.6500    2.0233752E-05    3.3874431E-03   -3.3874431E-03
 3.6600    1.9626672E-05    3.3038376E-03   -3.3038376E-03
 3.6700    1.9016711E-05    3.2186770E-03   -3.2186770E-03
 3.6800    1.8409845E-05    3.1329656E-03   -3.1329656E-03
 3.6900    1.7818972E-05    3.0489144E-03   -3.0489144E-03
 3.7000    1.7256786E-05    2.9687472E-03   -2.9687472E-03
 3.7100    1.6731698E-05    2.8939945E-03   -2.8939945E-03
 3.7200    1.6247188E-05    2.8253609E-03   -2.8253609E-03
 3.7300    1.5802023E-05    2.7627413E-03   -2.7627413E-03
 3.7400    1.5390512E-05    2.7052421E-03   -2.7052421E-03
 3.7500    1.5004024E-05    2.6514298E-03   -2.6514298E-03
 3.7600    1.4634210E-05    2.5998892E-03   -2.5998892E-03
 3.7700    1.4276145E-05    2.5497847E-03   -2.5497847E-03
 3.7800    1.3929159E-05    2.5010270E-03   -2.5010270E-03
 3.7900    1.3594973E-05    2.4539551E-03   -2.4539551E-03
 3.8000    1.3274697E-05    2.4088051E-03   -2.4088051E-03
 3.8100    1.2966903E-05    2.3653536E-03   -2.3653536E-03
 3.8200    1.2667884E-05    2.3229543E-03   -2.3229543E-03
 3.8300    1.2373662E-05    2.2808970E-03   -2.2808970E-03
 3.8400    1.2082118E-05    2.2388004E-03   -2.2388004E-03
 3.8500    1.1793652E-05    2.1967449E-03   -2.1967449E-03
 3.8600    1.1510015E-05    2.1550649E-03   -2.1550649E-03
 3.8700    1.1232580E-05    2.1140309E-03   -2.1140309E-03
 3.8800    1.0961707E-05    2.0737266E-03   -2.0737266E-03
 3.8900    1.0697357E-05    2.0341620E-03   -2.0341620E-03
 3.9000    1.0439582E-05    1.9953642E-03   -1.9953642E-03
 3.9100    1.0188005E-05    1.9572780E-03   -1.9572780E-03
 3.9200    9.9411611E-06    1.9196370E-03   -1.9196370E-03
 3.9300    9.6969901E-06    1.8820533E-03   -1.8820533E-03
 3.9400    9.4542730E-06    1.8442952E-03   -1.8442952E-03
 3.9500    9.2135938E-06    1.8064798E-03   -1.8064798E-03
 3.9600    8.9768078E-06    1.7689769E-03   -1.7689769E-03
 3.9700    8.7451596E-06    1.7320428E-03   -1.7320428E-03
 3.9800    8.5169904E-06    1.6953609E-03   -1.6953609E-03
 3.9900    8.2864443E-06    1.6577685E-03   -1.6577685E-03
 4.0000    8.0447491E-06    1.6174928E-03   -1.6174928E-03
 4.0100    7.7846442E-06    1.5730313E-03   -1.5730313E-03
 4.0200    7.5060389E-06    1.5243082E-03   -1.5243082E-03
 4.0300    7.2188561E-06    1.4732903E-03   -1.4732903E-03
 4.0400    6.9398712E-06    1.4233903E-03   -1.4233903E-03
 4.0500    6.6843655E-06    1.3777807E-03   -1.3777807E-03
 4.0600    6.4575253E-06    1.3376055E-03   -1.3376055E-03
 4.0700    6.2513266E-06    1.3012803E-03   -1.3012803E-03
 4.0800    6.0492787E-06    1.2654173E-03   -1.2654173E-03
 4.0900    5.8360909E-06    1.2268134E-03   -1.2268134E-03
 4.1000    5.6059440E-06    1.1842035E-03   -1.1842035E-03
 4.1100    5.3643190E-06    1.1386968E-03   -1.1386968E-03
 4.1200    5.1232228E-06    1.0928172E-03   -1.0928172E-03
 4.1300    4.8940134E-06    1.0489991E-03   -1.0489991E-03
 4.1400    4.6825669E-06    1.0085433E-03   -1.0085433E-03
 4.1500    4.4887111E-06    9.7146624E-04   -9.7146624E-04
 4.1600    4.3086688E-06    9.3700011E-04   -9.3700011E-04
 4.1700    4.1380708E-06    9.0423203E-04   -9.0423203E-04
 4.1800    3.9740207E-06    8.7255448E-04   -8.7255448E-04
 4.1900    3.8160751E-06    8.4188897E-04   -8.4188897E-04
 4.2000    3.6663567E-06    8.1272415E-04   -8.1272415E-04
 4.2100    3.5285544E-06    7.8590648E-04   -7.8590648E-04
 4.2200    3.4056781E-06    7.6214633E-04   -7.6214633E-04
 4.2300    3.2976386E-06    7.4147012E-04   -7.4147012E-04
 4.2400    3.2005537E-06    7.2304727E-04   -7.2304727E-04
 4.2500    3.1087060E-06    7.0561429E-04   -7.0561429E-04
 4.2600    3.0179577E-06    6.8824364E-04   -6.8824364E-04
 4.2700    2.9282654E-06    6.7092821E-04   -6.7092821E-04
 4.2800    2.8436790E-06    6.5460297E-04   -6.5460297E-04
 4.2900    2.7699457E-06    6.4061293E-04   -6.4061293E-04
 4.3000    2.7112234E-06    6.2995871E-04   -6.2995871E-04
 4.3100    2.6677499E-06    6.2274394E-04   -6.2274394E-04
 4.3200    2.6356002E-06    6.1809737E-04   -6.1809737E-04
 4.3300    2.6084207E-06    6.1455858E-04   -6.1455858E-04
 4.3400    2.5800610E-06    6.1068787E-04   -6.1068787E-04
 4.3500    2.5468562E-06    6.0560968E-04   -6.0560968E-04
 4.3600    2.5087582E-06    5.9929638E-04   -5.9929638E-04
 4.3700    2.4691559E-06    5.9254488E-04   -5.9254488E-04
 4.3800    2.4336706E-06    5.8670513E-04   -5.8670513E-04
 4.3900    2.4082216E-06    5.8322394E-04   -5.8322394E-04
 4.4000    2.3964265E-06    5.8301446E-04   -5.8301446E-04
 4.4100    2.3967156E-06    5.8573820E-04   -5.8573820E-04
 4.4200    2.4007291E-06    5.8938293E-04   -5.8938293E-04
 4.4300    2.3952533E-06    5.9070243E-04   -5.9070243E-04
 4.4400    2.3681465E-06    5.8665715E-04   -5.8665715E-04
 4.4500    2.3150415E-06    5.7608778E-04   -5.7608778E-04
 4.4600    2.2418922E-06    5.6039508E-04   -5.6039508E-04
 4.4700    2.1612750E-06    5.4266890E-04   -5.4266890E-04
 4.4800    2.0853249E-06    5.2594414E-04   -5.2594414E-04
 4.4900    2.0203818E-06    5.1184209E-04   -5.1184209E-04
 4.5000    1.9661926E-06    5.0033507E-04   -5.0033507E-04
 4.5100    1.9187375E-06    4.9043166E-04   -4.9043166E-04
 4.5200    1.8738115E-06    4.8107483E-04   -4.8107483E-04
 4.5300    1.8291174E-06    4.7168042E-04   -4.7168042E-04
 4.5400    1.7843750E-06    4.6217634E-04   -4.6217634E-04
 4.5500    1.7402822E-06    4.5274363E-04   -4.5274363E-04
 4.5600    1.6974445E-06    4.4354238E-04   -4.4354238E-04
 4.5700    1.6558695E-06    4.3457862E-04   -4.3457862E-04
 4.5800    1.6149510E-06    4.2569659E-04   -4.2569659E-04
 4.5900    1.5736043E-06    4.1661103E-04   -4.1661103E-04
 4.6000    1.5304568E-06    4.0695521E-04   -4.0695521E-04
 4.6100    1.4843549E-06    3.9641444E-04   -3.9641444E-04
 4.6200    1.4353698E-06    3.8499725E-04   -3.8499725E-04
 4.6300    1.3858397E-06    3.7332308E-04   -3.7332308E-04
 4.6400    1.3403786E-06    3.6263801E-04   -3.6263801E-04
 4.6500    1.3041754E-06    3.5436577E-04   -3.5436577E-04
 4.6600    1.2803341E-06    3.4938560E-04   -3.4938560E-04
 4.6700    1.2681266E-06    3.4754115E-04   -3.4754115E-04
 4.6800    1.2634641E-06    3.4774788E-04   -3.4774788E-04
 4.6900    1.2610914E-06    3.4857973E-04   -3.4857973E-04
 4.7000    1.2567987E-06    3.4887617E-04   -3.4887617E-04
 4.7100    1.2483870E-06    3.4801736E-04   -3.4801736E-04
 4.7200    1.2354152E-06    3.4586515E-04   -3.4586515E-04
 4.7300    1.2185172E-06    3.4258144E-04   -3.4258144E-04
 4.7400    1.1988807E-06    3.3848741E-04   -3.3848741E-04
 4.7500    1.1779310E-06    3.3397730E-04   -3.3397730E-04
 4.7600    1.1570276E-06    3.2943329E-04   -3.2943329E-04
 4.7700    1.1371365E-06    3.2513163E-04   -3.2513163E-04
 4.7800    1.1186427E-06    3.2118634E-04   -3.2118634E-04
 4.7900    1.1014355E-06    3.1757037E-04   -3.1757037E-04
 4.8000    1.0852172E-06    3.1420205E-04   -3.1420205E-04
 4.8100    1.0698563E-06    3.1104662E-04   -3.1104662E-04
 4.8200    1.0556030E-06    3.0818008E-04   -3.0818008E-04
 4.8300    1.0430541E-06    3.0578134E-04   -3.0578134E-04
 4.8400    1.0328633E-06    3.0404891E-04   -3.0404891E-04
 4.8500    1.0253244E-06    3.0307814E-04   -3.0307814E-04
 4.8600    1.0200428E-06    3.0276161E-04   -3.0276161E-04
 4.8700    1.0158722E-06    3.0276583E-04   -3.0276583E-04
 4.8800    1.0111489E-06    3.0259701E-04   -3.0259701E-04
 4.8900    1.0041188E-06    3.0172595E-04   -3.0172595E-04
 4.9000    9.9337087E-07    2.9971843E-04   -2.9971843E-04
 4.9100    9.7814174E-07    2.9632933E-04   -2.9632933E-04
 4.9200    9.5857424E-07    2.9158543E-04   -2.9158543E-04
 4.9300    9.3627236E-07    2.8596041E-04   -2.8596041E-04
 4.9400    9.1534634E-07    2.8070439E-04   -2.8070439E-04
 4.9500    9.0332785E-07    2.7814142E-04   -2.7814142E-04
 4.9600    9.1030036E-07    2.8142193E-04   -2.8142193E-04
 4.9700    9.4455906E-07    2.9319176E-04   -2.9319176E-04
 4.9800    1.0053596E-06    3.1332133E-04   -3.1332133E-04
 4.9900    1.0773659E-06    3.3711198E-04   -3.3711198E-04
 5.0000    1.1334114E-06    3.5607171E-04   -3.5607171E-04
 5.0100    1.1473963E-06    3.6190848E-04   -3.6190848E-04
 5.0200    1.1092970E-06    3.5128947E-04   -3.5128947E-04
 5.0300    1.0300764E-06    3.2750299E-04   -3.2750299E-04
 5.0400    9.3300532E-07    2.9782082E-04   -2.9782082E-04
 5.0500    8.4016686E-07    2.6925152E-04   -2.6925152E-04
 5.0600    7.6441981E-07    2.4594774E-04   -2.4594774E-04
