# total charge: 14.000000 
# r(A)     rho (e/A^3)     4*pi*r^2*rho(e/A)  dip  
 0.0000    4.0652372E+00    0.0000000E+00    1.1170384E+02
 0.0100    4.0686316E+00    5.1127932E-03    1.1114160E+02
 0.0200    4.0729098E+00    2.0472678E-02    1.0947148E+02
 0.0300    4.0782377E+00    4.6123781E-02    1.0674246E+02
 0.0400    4.0847801E+00    8.2129376E-02    1.0303351E+02
 0.0500    4.0927038E+00    1.2857608E-01    9.8449715E+01
 0.0600    4.1021790E+00    1.8557821E-01    9.3117311E+01
 0.0700    4.1133610E+00    2.5328109E-01    8.7177820E+01
 0.0800    4.1263460E+00    3.3186044E-01    8.0781774E+01
 0.0900    4.1411271E+00    4.2151540E-01    7.4082355E+01
 0.1000    4.1575838E+00    5.2245739E-01    6.7229345E+01
 0.1100    4.1755116E+00    6.3489942E-01    6.0363710E+01
 0.1200    4.1946702E+00    7.5904964E-01    5.3613046E+01
 0.1300    4.2148205E+00    8.9510844E-01    4.7088097E+01
 0.1400    4.2357376E+00    1.0432658E+00    4.0880425E+01
 0.1500    4.2572044E+00    1.2036962E+00    3.5061231E+01
 0.1600    4.2789981E+00    1.3765498E+00    2.9681284E+01
 0.1700    4.3008805E+00    1.5619427E+00    2.4771799E+01
 0.1800    4.3225973E+00    1.7599473E+00    2.0346097E+01
 0.1900    4.3438896E+00    1.9705880E+00    1.6401840E+01
 0.2000    4.3645138E+00    2.1938439E+00    1.2923627E+01
 0.2100    4.3842571E+00    2.4296542E+00    9.8857527E+00
 0.2200    4.4029327E+00    2.6779180E+00    7.2549680E+00
 0.2300    4.4203532E+00    2.9384784E+00    4.9930922E+00
 0.2400    4.4363087E+00    3.2111020E+00    3.0593664E+00
 0.2500    4.4505831E+00    3.4954798E+00    1.4124444E+00
 0.2600    4.4630084E+00    3.7912661E+00    1.1965288E-02
 0.2700    4.4735048E+00    4.0981260E+00   -1.1802642E+00
 0.2800    4.4820414E+00    4.4157227E+00   -2.1993962E+00
 0.2900    4.4885239E+00    4.7436147E+00   -3.0769056E+00
 0.3000    4.4926996E+00    5.0811235E+00   -3.8402060E+00
 0.3100    4.4941739E+00    5.4272912E+00   -4.5125819E+00
 0.3200    4.4925440E+00    5.7809893E+00   -5.1134446E+00
 0.3300    4.4875647E+00    6.1411325E+00   -5.6588132E+00
 0.3400    4.4792633E+00    6.5069024E+00   -6.1618810E+00
 0.3500    4.4679601E+00    6.8778902E+00   -6.6335391E+00
 0.3600    4.4541515E+00    7.2540384E+00   -7.0827058E+00
 0.3700    4.4382278E+00    7.6352437E+00   -7.5163053E+00
 0.3800    4.4201248E+00    8.0206874E+00   -7.9389423E+00
 0.3900    4.3991710E+00    8.4083335E+00   -8.3527099E+00
 0.4000    4.3743540E+00    8.7951605E+00   -8.7576881E+00
 0.4100    4.3449009E+00    9.1781987E+00   -9.1532054E+00
 0.4200    4.3107492E+00    9.5556713E+00   -9.5391672E+00
 0.4300    4.2725276E+00    9.9273115E+00   -9.9165217E+00
 0.4400    4.2310951E+00    1.0293617E+01   -1.0286633E+01
 0.4500    4.1870707E+00    1.0654797E+01   -1.0650322E+01
 0.4600    4.1407369E+00    1.1010402E+01   -1.1007562E+01
 0.4700    4.0922694E+00    1.1359777E+01   -1.1357993E+01
 0.4800    4.0419122E+00    1.1702515E+01   -1.1701406E+01
 0.4900    3.9898283E+00    1.2038053E+01   -1.2037370E+01
 0.5000    3.9357824E+00    1.2364625E+01   -1.2364209E+01
 0.5100    3.8790598E+00    1.2678757E+01   -1.2678506E+01
 0.5200    3.8188124E+00    1.2976121E+01   -1.2975971E+01
 0.5300    3.7546062E+00    1.3253360E+01   -1.3253271E+01
 0.5400    3.6867769E+00    1.3509654E+01   -1.3509602E+01
 0.5500    3.6164282E+00    1.3747227E+01   -1.3747196E+01
 0.5600    3.5451735E+00    1.3970869E+01   -1.3970852E+01
 0.5700    3.4747189E+00    1.4186630E+01   -1.4186620E+01
 0.5800    3.4062814E+00    1.4399466E+01   -1.4399460E+01
 0.5900    3.3399484E+00    1.4610115E+01   -1.4610112E+01
 0.6000    3.2743658E+00    1.4812882E+01   -1.4812880E+01
 0.6100    3.2071647E+00    1.4996531E+01   -1.4996530E+01
 0.6200    3.1361006E+00    1.5148974E+01   -1.5148974E+01
 0.6300    3.0603131E+00    1.5263595E+01   -1.5263594E+01
 0.6400    2.9809235E+00    1.5343366E+01   -1.5343366E+01
 0.6500    2.9005444E+00    1.5399836E+01   -1.5399836E+01
 0.6600    2.8219216E+00    1.5446948E+01   -1.5446948E+01
 0.6700    2.7464502E+00    1.5492846E+01   -1.5492846E+01
 0.6800    2.6734344E+00    1.5534498E+01   -1.5534498E+01
 0.6900    2.6005781E+00    1.5558866E+01   -1.5558866E+01
 0.7000    2.5254502E+00    1.5550514E+01   -1.5550514E+01
 0.7100    2.4470012E+00    1.5501037E+01   -1.5501037E+01
 0.7200    2.3661635E+00    1.5414151E+01   -1.5414151E+01
 0.7300    2.2852300E+00    1.5303314E+01   -1.5303314E+01
 0.7400    2.2065676E+00    1.5184152E+01   -1.5184152E+01
 0.7500    2.1315730E+00    1.5067202E+01   -1.5067202E+01
 0.7600    2.0604139E+00    1.4955176E+01   -1.4955176E+01
 0.7700    1.9924369E+00    1.4844852E+01   -1.4844852E+01
 0.7800    1.9267368E+00    1.4730635E+01   -1.4730635E+01
 0.7900    1.8624884E+00    1.4606885E+01   -1.4606885E+01
 0.8000    1.7990126E+00    1.4468518E+01   -1.4468518E+01
 0.8100    1.7357957E+00    1.4311281E+01   -1.4311281E+01
 0.8200    1.6726095E+00    1.4132927E+01   -1.4132927E+01
 0.8300    1.6096558E+00    1.3934746E+01   -1.3934746E+01
 0.8400    1.5475514E+00    1.3721877E+01   -1.3721877E+01
 0.8500    1.4870997E+00    1.3501679E+01   -1.3501679E+01
 0.8600    1.4289813E+00    1.3281078E+01   -1.3281078E+01
 0.8700    1.3735348E+00    1.3064357E+01   -1.3064357E+01
 0.8800    1.3206948E+00    1.2852206E+01   -1.2852206E+01
 0.8900    1.2700694E+00    1.2642045E+01   -1.2642045E+01
 0.9000    1.2211151E+00    1.2429437E+01   -1.2429437E+01
 0.9100    1.1733553E+00    1.2210184E+01   -1.2210184E+01
 0.9200    1.1265539E+00    1.1982226E+01   -1.1982226E+01
 0.9300    1.0807534E+00    1.1746335E+01   -1.1746335E+01
 0.9400    1.0361717E+00    1.1505283E+01   -1.1505283E+01
 0.9500    9.9304339E-01    1.1262254E+01   -1.1262254E+01
 0.9600    9.5151471E-01    1.1019651E+01   -1.1019651E+01
 0.9700    9.1164340E-01    1.0778996E+01   -1.0778996E+01
 0.9800    8.7346108E-01    1.0541577E+01   -1.0541577E+01
 0.9900    8.3700760E-01    1.0308837E+01   -1.0308837E+01
 1.0000    8.0228456E-01    1.0081805E+01   -1.0081805E+01
 1.0100    7.6917163E-01    9.8599762E+00   -9.8599762E+00
 1.0200    7.3740690E-01    9.6408961E+00   -9.6408961E+00
 1.0300    7.0668274E-01    9.4212559E+00   -9.4212559E+00
 1.0400    6.7679412E-01    9.1988412E+00   -9.1988412E+00
 1.0500    6.4771985E-01    8.9737852E+00   -8.9737852E+00
 1.0600    6.1957921E-01    8.7481945E+00   -8.7481945E+00
 1.0700    5.9251577E-01    8.5246652E+00   -8.5246652E+00
 1.0800    5.6660352E-01    8.3049427E+00   -8.3049427E+00
 1.0900    5.4182328E-01    8.0894785E+00   -8.0894785E+00
 1.1000    5.1809325E-01    7.8777676E+00   -7.8777676E+00
 1.1100    4.9531718E-01    7.6690084E+00   -7.6690084E+00
 1.1200    4.7342653E-01    7.4627432E+00   -7.4627432E+00
 1.1300    4.5240254E-01    7.2592505E+00   -7.2592505E+00
 1.1400    4.3226854E-01    7.0594879E+00   -7.0594879E+00
 1.1500    4.1305679E-01    6.8646012E+00   -6.8646012E+00
 1.1600    3.9477303E-01    6.6753389E+00   -6.6753389E+00
 1.1700    3.7738368E-01    6.4917935E+00   -6.4917935E+00
 1.1800    3.6082992E-01    6.3135906E+00   -6.3135906E+00
 1.1900    3.4505080E-01    6.1402610E+00   -6.1402610E+00
 1.2000    3.2999630E-01    5.9714724E+00   -5.9714724E+00
 1.2100    3.1562784E-01    5.8070546E+00   -5.8070546E+00
 1.2200    3.0191571E-01    5.6469669E+00   -5.6469669E+00
 1.2300    2.8883724E-01    5.4912760E+00   -5.4912760E+00
 1.2400    2.7636938E-01    5.3400234E+00   -5.3400234E+00
 1.2500    2.6447522E-01    5.1929587E+00   -5.1929587E+00
 1.2600    2.5309907E-01    5.0494200E+00   -5.0494200E+00
 1.2700    2.4218423E-01    4.9086624E+00   -4.9086624E+00
 1.2800    2.3170394E-01    4.7704926E+00   -4.7704926E+00
 1.2900    2.2167639E-01    4.6356297E+00   -4.6356297E+00
 1.3000    2.1214516E-01    4.5053620E+00   -4.5053620E+00
 1.3100    2.0313881E-01    4.3807186E+00   -4.3807186E+00
 1.3200    1.9464342E-01    4.2618430E+00   -4.2618430E+00
 1.3300    1.8660896E-01    4.1480659E+00   -4.1480659E+00
 1.3400    1.7897968E-01    4.0385287E+00   -4.0385287E+00
 1.3500    1.7171964E-01    3.9327593E+00   -3.9327593E+00
 1.3600    1.6481409E-01    3.8307341E+00   -3.8307341E+00
 1.3700    1.5825049E-01    3.7324677E+00   -3.7324677E+00
 1.3800    1.5199874E-01    3.6375420E+00   -3.6375420E+00
 1.3900    1.4600774E-01    3.5449926E+00   -3.5449926E+00
 1.4000    1.4022248E-01    3.4536918E+00   -3.4536918E+00
 1.4100    1.3461142E-01    3.3630242E+00   -3.3630242E+00
 1.4200    1.2918517E-01    3.2734010E+00   -3.2734010E+00
 1.4300    1.2399107E-01    3.1861948E+00   -3.1861948E+00
 1.4400    1.1908419E-01    3.1030514E+00   -3.1030514E+00
 1.4500    1.1449321E-01    3.0250016E+00   -3.0250016E+00
 1.4600    1.1020368E-01    2.9519681E+00   -2.9519681E+00
 1.4700    1.0616800E-01    2.8829570E+00   -2.8829570E+00
 1.4800    1.0233209E-01    2.8167294E+00   -2.8167294E+00
 1.4900    9.8658546E-02    2.7524353E+00   -2.7524353E+00
 1.5000    9.5132172E-02    2.6897988E+00   -2.6897988E+00
 1.5100    9.1748873E-02    2.6288421E+00   -2.6288421E+00
 1.5200    8.8502266E-02    2.5695166E+00   -2.5695166E+00
 1.5300    8.5381882E-02    2.5116461E+00   -2.5116461E+00
 1.5400    8.2383461E-02    2.4552252E+00   -2.4552252E+00
 1.5500    7.9518214E-02    2.4007110E+00   -2.4007110E+00
 1.5600    7.6808672E-02    2.3489259E+00   -2.3489259E+00
 1.5700    7.4273069E-02    2.3005969E+00   -2.3005969E+00
 1.5800    7.1911584E-02    2.2559158E+00   -2.2559158E+00
 1.5900    6.9703906E-02    2.2144263E+00   -2.2144263E+00
 1.6000    6.7615965E-02    2.1751994E+00   -2.1751994E+00
 1.6100    6.5609152E-02    2.1371059E+00   -2.1371059E+00
 1.6200    6.3649630E-02    2.0991128E+00   -2.0991128E+00
 1.6300    6.1717653E-02    2.0606037E+00   -2.0606037E+00
 1.6400    5.9813157E-02    2.0215956E+00   -2.0215956E+00
 1.6500    5.7952250E-02    1.9826591E+00   -1.9826591E+00
 1.6600    5.6155394E-02    1.9445429E+00   -1.9445429E+00
 1.6700    5.4435941E-02    1.9077811E+00   -1.9077811E+00
 1.6800    5.2797304E-02    1.8725791E+00   -1.8725791E+00
 1.6900    5.1238318E-02    1.8389848E+00   -1.8389848E+00
 1.7000    4.9758900E-02    1.8070846E+00   -1.8070846E+00
 1.7100    4.8359858E-02    1.7769987E+00   -1.7769987E+00
 1.7200    4.7038489E-02    1.7487194E+00   -1.7487194E+00
 1.7300    4.5785962E-02    1.7220050E+00   -1.7220050E+00
 1.7400    4.4589297E-02    1.6964419E+00   -1.6964419E+00
 1.7500    4.3435571E-02    1.6715967E+00   -1.6715967E+00
 1.7600    4.2315209E-02    1.6471445E+00   -1.6471445E+00
 1.7700    4.1223998E-02    1.6229551E+00   -1.6229551E+00
 1.7800    4.0164501E-02    1.5991612E+00   -1.5991612E+00
 1.7900    3.9145686E-02    1.5761583E+00   -1.5761583E+00
 1.8000    3.8178941E-02    1.5544571E+00   -1.5544571E+00
 1.8100    3.7271504E-02    1.5344189E+00   -1.5344189E+00
 1.8200    3.6421439E-02    1.5160368E+00   -1.5160368E+00
 1.8300    3.5617789E-02    1.4989219E+00   -1.4989219E+00
 1.8400    3.4845707E-02    1.4825003E+00   -1.4825003E+00
 1.8500    3.4092998E-02    1.4662854E+00   -1.4662854E+00
 1.8600    3.3354094E-02    1.4500564E+00   -1.4500564E+00
 1.8700    3.2629668E-02    1.4338566E+00   -1.4338566E+00
 1.8800    3.1923027E-02    1.4178479E+00   -1.4178479E+00
 1.8900    3.1236059E-02    1.4021346E+00   -1.4021346E+00
 1.9000    3.0567568E-02    1.3866854E+00   -1.3866854E+00
 1.9100    2.9915190E-02    1.3714133E+00   -1.3714133E+00
 1.9200    2.9279086E-02    1.3563440E+00   -1.3563440E+00
 1.9300    2.8663295E-02    1.3416851E+00   -1.3416851E+00
 1.9400    2.8071966E-02    1.3276578E+00   -1.3276578E+00
 1.9500    2.7502914E-02    1.3141889E+00   -1.3141889E+00
 1.9600    2.6944951E-02    1.3007667E+00   -1.3007667E+00
 1.9700    2.6383156E-02    1.2866756E+00   -1.2866756E+00
 1.9800    2.5808999E-02    1.2714855E+00   -1.2714855E+00
 1.9900    2.5227279E-02    1.2554124E+00   -1.2554124E+00
 2.0000    2.4654242E-02    1.2392574E+00   -1.2392574E+00
 2.0100    2.4108399E-02    1.2239688E+00   -1.2239688E+00
 2.0200    2.3600601E-02    1.2101401E+00   -1.2101401E+00
 2.0300    2.3129120E-02    1.1977359E+00   -1.1977359E+00
 2.0400    2.2681149E-02    1.1861381E+00   -1.1861381E+00
 2.0500    2.2238833E-02    1.1744366E+00   -1.1744366E+00
 2.0600    2.1787367E-02    1.1618473E+00   -1.1618473E+00
 2.0700    2.1322682E-02    1.1481335E+00   -1.1481335E+00
 2.0800    2.0855344E-02    1.1338455E+00   -1.1338455E+00
 2.0900    2.0407082E-02    1.1201685E+00   -1.1201685E+00
 2.1000    1.9999781E-02    1.1083418E+00   -1.1083418E+00
 2.1100    1.9642540E-02    1.0989360E+00   -1.0989360E+00
 2.1200    1.9325362E-02    1.0914635E+00   -1.0914635E+00
 2.1300    1.9024169E-02    1.0846129E+00   -1.0846129E+00
 2.1400    1.8713708E-02    1.0769542E+00   -1.0769542E+00
 2.1500    1.8379809E-02    1.0676472E+00   -1.0676472E+00
 2.1600    1.8024352E-02    1.0567616E+00   -1.0567616E+00
 2.1700    1.7662175E-02    1.0451377E+00   -1.0451377E+00
 2.1800    1.7313204E-02    1.0339518E+00   -1.0339518E+00
 2.1900    1.6993757E-02    1.0242065E+00   -1.0242065E+00
 2.2000    1.6710363E-02    1.0163449E+00   -1.0163449E+00
 2.2100    1.6458398E-02    1.0101409E+00   -1.0101409E+00
 2.2200    1.6225592E-02    1.0048850E+00   -1.0048850E+00
 2.2300    1.5997714E-02    9.9971801E-01   -9.9971801E-01
 2.2400    1.5763167E-02    9.9391531E-01   -9.9391531E-01
 2.2500    1.5515095E-02    9.8702767E-01   -9.8702767E-01
 2.2600    1.5251546E-02    9.7890516E-01   -9.7890516E-01
 2.2700    1.4974616E-02    9.6965509E-01   -9.6965509E-01
 2.2800    1.4689051E-02    9.5956257E-01   -9.5956257E-01
 2.2900    1.4400743E-02    9.4899897E-01   -9.4899897E-01
 2.3000    1.4115597E-02    9.3834988E-01   -9.3834988E-01
 2.3100    1.3838962E-02    9.2797724E-01   -9.2797724E-01
 2.3200    1.3575354E-02    9.1819941E-01   -9.1819941E-01
 2.3300    1.3328025E-02    9.0925879E-01   -9.0925879E-01
 2.3400    1.3098126E-02    9.0126133E-01   -9.0126133E-01
 2.3500    1.2883806E-02    8.9410755E-01   -8.9410755E-01
 2.3600    1.2679993E-02    8.8746834E-01   -8.8746834E-01
 2.3700    1.2479572E-02    8.8085872E-01   -8.8085872E-01
 2.3800    1.2275946E-02    8.7381349E-01   -8.7381349E-01
 2.3900    1.2065832E-02    8.6608983E-01   -8.6608983E-01
 2.4000    1.1850616E-02    8.5777475E-01   -8.5777475E-01
 2.4100    1.1635202E-02    8.4921543E-01   -8.4921543E-01
 2.4200    1.1424990E-02    8.4080721E-01   -8.4080721E-01
 2.4300    1.1222937E-02    8.3277740E-01   -8.3277740E-01
 2.4400    1.1028539E-02    8.2510174E-01   -8.2510174E-01
 2.4500    1.0838996E-02    8.1758159E-01   -8.1758159E-01
 2.4600    1.0651199E-02    8.0998796E-01   -8.0998796E-01
 2.4700    1.0462939E-02    8.0215346E-01   -8.0215346E-01
 2.4800    1.0272969E-02    7.9397937E-01   -7.9397937E-01
 2.4900    1.0080798E-02    7.8542276E-01   -7.8542276E-01
 2.5000    9.8870557E-03    7.7652754E-01   -7.7652754E-01
 2.5100    9.6941333E-03    7.6747864E-01   -7.6747864E-01
 2.5200    9.5060673E-03    7.5859824E-01   -7.5859824E-01
 2.5300    9.3271044E-03    7.5023573E-01   -7.5023573E-01
 2.5400    9.1595453E-03    7.4259361E-01   -7.4259361E-01
 2.5500    9.0022708E-03    7.3560098E-01   -7.3560098E-01
 2.5600    8.8511739E-03    7.2893813E-01   -7.2893813E-01
 2.5700    8.7014770E-03    7.2221929E-01   -7.2221929E-01
 2.5800    8.5504298E-03    7.1521600E-01   -7.1521600E-01
 2.5900    8.3984486E-03    7.0795958E-01   -7.0795958E-01
 2.6000    8.2479757E-03    7.0065453E-01   -7.0065453E-01
 2.6100    8.1012202E-03    6.9349178E-01   -6.9349178E-01
 2.6200    7.9587865E-03    6.8652965E-01   -6.8652965E-01
 2.6300    7.8202220E-03    6.7973627E-01   -6.7973627E-01
 2.6400    7.6856010E-03    6.7312474E-01   -6.7312474E-01
 2.6500    7.5562395E-03    6.6681802E-01   -6.6681802E-01
 2.6600    7.4336117E-03    6.6095670E-01   -6.6095670E-01
 2.6700    7.3175431E-03    6.5553770E-01   -6.5553770E-01
 2.6800    7.2056191E-03    6.5035540E-01   -6.5035540E-01
 2.6900    7.0945015E-03    6.4511377E-01   -6.4511377E-01
 2.7000    6.9819419E-03    6.3960762E-01   -6.3960762E-01
 2.7100    6.8677501E-03    6.3381561E-01   -6.3381561E-01
 2.7200    6.7530972E-03    6.2784244E-01   -6.2784244E-01
 2.7300    6.6389814E-03    6.2177980E-01   -6.2177980E-01
 2.7400    6.5252289E-03    6.1561152E-01   -6.1561152E-01
 2.7500    6.4107962E-03    6.0923834E-01   -6.0923834E-01
 2.7600    6.2949451E-03    6.0258730E-01   -6.0258730E-01
 2.7700    6.1780771E-03    5.9569331E-01   -5.9569331E-01
 2.7800    6.0613889E-03    5.8866960E-01   -5.8866960E-01
 2.7900    5.9456687E-03    5.8159274E-01   -5.8159274E-01
 2.8000    5.8303516E-03    5.7440825E-01   -5.7440825E-01
 2.8100    5.7137471E-03    5.6694838E-01   -5.6694838E-01
 2.8200    5.5944605E-03    5.5907014E-01   -5.5907014E-01
 2.8300    5.4731153E-03    5.5082968E-01   -5.5082968E-01
 2.8400    5.3530351E-03    5.4255858E-01   -5.4255858E-01
 2.8500    5.2389812E-03    5.3474462E-01   -5.3474462E-01
 2.8600    5.1343907E-03    5.2775316E-01   -5.2775316E-01
 2.8700    5.0389082E-03    5.2156700E-01   -5.2156700E-01
 2.8800    4.9480602E-03    5.1573881E-01   -5.1573881E-01
 2.8900    4.8554798E-03    5.0960972E-01   -5.0960972E-01
 2.9000    4.7563957E-03    5.0267101E-01   -5.0267101E-01
 2.9100    4.6504523E-03    4.9486989E-01   -4.9486989E-01
 2.9200    4.5424204E-03    4.8670174E-01   -4.8670174E-01
 2.9300    4.4403502E-03    4.7902957E-01   -4.7902957E-01
 2.9400    4.3518740E-03    4.7269481E-01   -4.7269481E-01
 2.9500    4.2804623E-03    4.6810640E-01   -4.6810640E-01
 2.9600    4.2237236E-03    4.6503836E-01   -4.6503836E-01
 2.9700    4.1747145E-03    4.6275332E-01   -4.6275332E-01
 2.9800    4.1253248E-03    4.6036314E-01   -4.6036314E-01
 2.9900    4.0696608E-03    4.5720445E-01   -4.5720445E-01
 3.0000    4.0057712E-03    4.5304205E-01   -4.5304205E-01
 3.0100    3.9353730E-03    4.4805235E-01   -4.4805235E-01
 3.0200    3.8622534E-03    4.4265412E-01   -4.4265412E-01
 3.0300    3.7902921E-03    4.3728825E-01   -4.3728825E-01
 3.0400    3.7218612E-03    4.3223229E-01   -4.3223229E-01
 3.0500    3.6570955E-03    4.2750958E-01   -4.2750958E-01
 3.0600    3.5942091E-03    4.2291789E-01   -4.2291789E-01
 3.0700    3.5305948E-03    4.1815230E-01   -4.1815230E-01
 3.0800    3.4641424E-03    4.1295909E-01   -4.1295909E-01
 3.0900    3.3942565E-03    4.0725974E-01   -4.0725974E-01
 3.1000    3.3222683E-03    4.0120649E-01   -4.0120649E-01
 3.1100    3.2510625E-03    3.9514451E-01   -3.9514451E-01
 3.1200    3.1839311E-03    3.8947781E-01   -3.8947781E-01
 3.1300    3.1231287E-03    3.8449298E-01   -3.8449298E-01
 3.1400    3.0689585E-03    3.8024208E-01   -3.8024208E-01
 3.1500    3.0199263E-03    3.7655404E-01   -3.7655404E-01
 3.1600    2.9737205E-03    3.7315062E-01   -3.7315062E-01
 3.1700    2.9282981E-03    3.6978022E-01   -3.6978022E-01
 3.1800    2.8825069E-03    3.6629793E-01   -3.6629793E-01
 3.1900    2.8361130E-03    3.6267261E-01   -3.6267261E-01
 3.2000    2.7894041E-03    3.5893950E-01   -3.5893950E-01
 3.2100    2.7426730E-03    3.5513540E-01   -3.5513540E-01
 3.2200    2.6958940E-03    3.5125654E-01   -3.5125654E-01
 3.2300    2.6487465E-03    3.4726043E-01   -3.4726043E-01
 3.2400    2.6008873E-03    3.4310055E-01   -3.4310055E-01
 3.2500    2.5522408E-03    3.3876476E-01   -3.3876476E-01
 3.2600    2.5031436E-03    3.3429572E-01   -3.3429572E-01
 3.2700    2.4543070E-03    3.2978754E-01   -3.2978754E-01
 3.2800    2.4066143E-03    3.2535991E-01   -3.2535991E-01
 3.2900    2.3608072E-03    3.2111617E-01   -3.2111617E-01
 3.3000    2.3171990E-03    3.1710354E-01   -3.1710354E-01
 3.3100    2.2755934E-03    3.1330009E-01   -3.1330009E-01
 3.3200    2.2354624E-03    3.0963739E-01   -3.0963739E-01
 3.3300    2.1962343E-03    3.0603916E-01   -3.0603916E-01
 3.3400    2.1574910E-03    3.0244874E-01   -3.0244874E-01
 3.3500    2.1190214E-03    2.9883731E-01   -2.9883731E-01
 3.3600    2.0808051E-03    2.9520236E-01   -2.9520236E-01
 3.3700    2.0429562E-03    2.9156052E-01   -2.9156052E-01
 3.3800    2.0056025E-03    2.8793080E-01   -2.8793080E-01
 3.3900    1.9687523E-03    2.8431538E-01   -2.8431538E-01
 3.4000    1.9322791E-03    2.8069686E-01   -2.8069686E-01
 3.4100    1.8960697E-03    2.7705941E-01   -2.7705941E-01
 3.4200    1.8602045E-03    2.7341527E-01   -2.7341527E-01
 3.4300    1.8249918E-03    2.6981061E-01   -2.6981061E-01
 3.4400    1.7908233E-03    2.6630510E-01   -2.6630510E-01
 3.4500    1.7579822E-03    2.6294355E-01   -2.6294355E-01
 3.4600    1.7265435E-03    2.5974045E-01   -2.5974045E-01
 3.4700    1.6963769E-03    2.5667948E-01   -2.5667948E-01
 3.4800    1.6671804E-03    2.5371781E-01   -2.5371781E-01
 3.4900    1.6385294E-03    2.5079273E-01   -2.5079273E-01
 3.5000    1.6099952E-03    2.4783951E-01   -2.4783951E-01
 3.5100    1.5813362E-03    2.4482080E-01   -2.4482080E-01
 3.5200    1.5526217E-03    2.4174686E-01   -2.4174686E-01
 3.5300    1.5241580E-03    2.3866529E-01   -2.3866529E-01
 3.5400    1.4962697E-03    2.3562767E-01   -2.3562767E-01
 3.5500    1.4691477E-03    2.3266553E-01   -2.3266553E-01
 3.5600    1.4428879E-03    2.2979599E-01   -2.2979599E-01
 3.5700    1.4176104E-03    2.2704043E-01   -2.2704043E-01
 3.5800    1.3934441E-03    2.2442202E-01   -2.2442202E-01
 3.5900    1.3703293E-03    2.2193392E-01   -2.2193392E-01
 3.6000    1.3478448E-03    2.1951023E-01   -2.1951023E-01
 3.6100    1.3253020E-03    2.1703967E-01   -2.1703967E-01
 3.6200    1.3021044E-03    2.1442371E-01   -2.1442371E-01
 3.6300    1.2780922E-03    2.1163393E-01   -2.1163393E-01
 3.6400    1.2535874E-03    2.0872152E-01   -2.0872152E-01
 3.6500    1.2291430E-03    2.0577755E-01   -2.0577755E-01
 3.6600    1.2052654E-03    2.0288723E-01   -2.0288723E-01
 3.6700    1.1823200E-03    2.0011380E-01   -2.0011380E-01
 3.6800    1.1605578E-03    1.9750235E-01   -1.9750235E-01
 3.6900    1.1400666E-03    1.9507105E-01   -1.9507105E-01
 3.7000    1.1206230E-03    1.9278482E-01   -1.9278482E-01
 3.7100    1.1016426E-03    1.9054537E-01   -1.9054537E-01
 3.7200    1.0823982E-03    1.8822739E-01   -1.8822739E-01
 3.7300    1.0624007E-03    1.8574447E-01   -1.8574447E-01
 3.7400    1.0416571E-03    1.8309558E-01   -1.8309558E-01
 3.7500    1.0206236E-03    1.8035907E-01   -1.8035907E-01
 3.7600    9.9992629E-04    1.7764523E-01   -1.7764523E-01
 3.7700    9.8006199E-04    1.7504355E-01   -1.7504355E-01
 3.7800    9.6123182E-04    1.7259237E-01   -1.7259237E-01
 3.7900    9.4333721E-04    1.7027671E-01   -1.7027671E-01
 3.8000    9.2608634E-04    1.6804614E-01   -1.6804614E-01
 3.8100    9.0913943E-04    1.6584039E-01   -1.6584039E-01
 3.8200    8.9222840E-04    1.6361105E-01   -1.6361105E-01
 3.8300    8.7521453E-04    1.6133252E-01   -1.6133252E-01
 3.8400    8.5809221E-04    1.5900335E-01   -1.5900335E-01
 3.8500    8.4097854E-04    1.5664489E-01   -1.5664489E-01
 3.8600    8.2411483E-04    1.5430223E-01   -1.5430223E-01
 3.8700    8.0785412E-04    1.5204241E-01   -1.5204241E-01
 3.8800    7.9257858E-04    1.4993936E-01   -1.4993936E-01
 3.8900    7.7853949E-04    1.4804363E-01   -1.4804363E-01
 3.9000    7.6570566E-04    1.4635277E-01   -1.4635277E-01
 3.9100    7.5374190E-04    1.4480583E-01   -1.4480583E-01
 3.9200    7.4216119E-04    1.4331124E-01   -1.4331124E-01
 3.9300    7.3056221E-04    1.4179214E-01   -1.4179214E-01
 3.9400    7.1879530E-04    1.4021922E-01   -1.4021922E-01
 3.9500    7.0695758E-04    1.3861091E-01   -1.3861091E-01
 3.9600    6.9525245E-04    1.3700700E-01   -1.3700700E-01
 3.9700    6.8384412E-04    1.3544033E-01   -1.3544033E-01
 3.9800    6.7281156E-04    1.3392740E-01   -1.3392740E-01
 3.9900    6.6219379E-04    1.3247708E-01   -1.3247708E-01
 4.0000    6.5203308E-04    1.3109903E-01   -1.3109903E-01
 4.0100    6.4233979E-04    1.2979664E-01   -1.2979664E-01
 4.0200    6.3299422E-04    1.2854693E-01   -1.2854693E-01
 4.0300    6.2368570E-04    1.2728750E-01   -1.2728750E-01
 4.0400    6.1399294E-04    1.2593196E-01   -1.2593196E-01
 4.0500    6.0360380E-04    1.2441475E-01   -1.2441475E-01
 4.0600    5.9252026E-04    1.2273407E-01   -1.2273407E-01
 4.0700    5.8105388E-04    1.2095257E-01   -1.2095257E-01
 4.0800    5.6958388E-04    1.1914831E-01   -1.1914831E-01
 4.0900    5.5828340E-04    1.1735759E-01   -1.1735759E-01
 4.1000    5.4706154E-04    1.1556166E-01   -1.1556166E-01
 4.1100    5.3575524E-04    1.1372604E-01   -1.1372604E-01
 4.1200    5.2436510E-04    1.1185054E-01   -1.1185054E-01
 4.1300    5.1311369E-04    1.0998250E-01   -1.0998250E-01
 4.1400    5.0230032E-04    1.0818673E-01   -1.0818673E-01
 4.1500    4.9210860E-04    1.0650427E-01   -1.0650427E-01
 4.1600    4.8252554E-04    1.0493414E-01   -1.0493414E-01
 4.1700    4.7340117E-04    1.0344543E-01   -1.0344543E-01
 4.1800    4.6456971E-04    1.0200309E-01   -1.0200309E-01
 4.1900    4.5594323E-04    1.0058858E-01   -1.0058858E-01
 4.2000    4.4753970E-04    9.9206472E-02   -9.9206472E-02
 4.2100    4.3945046E-04    9.7877749E-02   -9.7877749E-02
 4.2200    4.3176804E-04    9.6624056E-02   -9.6624056E-02
 4.2300    4.2450617E-04    9.5449708E-02   -9.5449708E-02
 4.2400    4.1755515E-04    9.4331214E-02   -9.4331214E-02
 4.2500    4.1070684E-04    9.3222268E-02   -9.3222268E-02
 4.2600    4.0374130E-04    9.2072989E-02   -9.2072989E-02
 4.2700    3.9652309E-04    9.0851918E-02   -9.0851918E-02
 4.2800    3.8905107E-04    8.9557924E-02   -8.9557924E-02
 4.2900    3.8144533E-04    8.8217907E-02   -8.8217907E-02
 4.3000    3.7389645E-04    8.6875660E-02   -8.6875660E-02
 4.3100    3.6660948E-04    8.5579174E-02   -8.5579174E-02
 4.3200    3.5975753E-04    8.4369845E-02   -8.4369845E-02
 4.3300    3.5344751E-04    8.3274221E-02   -8.3274221E-02
 4.3400    3.4769774E-04    8.2298361E-02   -8.2298361E-02
 4.3500    3.4242594E-04    8.1424487E-02   -8.1424487E-02
 4.3600    3.3745282E-04    8.0611297E-02   -8.0611297E-02
 4.3700    3.3254224E-04    7.9803062E-02   -7.9803062E-02
 4.3800    3.2748876E-04    7.8950427E-02   -7.8950427E-02
 4.3900    3.2221172E-04    7.8033347E-02   -7.8033347E-02
 4.4000    3.1677863E-04    7.7067468E-02   -7.7067468E-02
 4.4100    3.1132812E-04    7.6086113E-02   -7.6086113E-02
 4.4200    3.0595628E-04    7.5112770E-02   -7.5112770E-02
 4.4300    3.0066140E-04    7.4147240E-02   -7.4147240E-02
 4.4400    2.9537501E-04    7.3172780E-02   -7.3172780E-02
 4.4500    2.9002657E-04    7.2171823E-02   -7.2171823E-02
 4.4600    2.8458280E-04    7.1135801E-02   -7.1135801E-02
 4.4700    2.7905480E-04    7.0067143E-02   -7.0067143E-02
 4.4800    2.7349818E-04    6.8979546E-02   -6.8979546E-02
 4.4900    2.6801186E-04    6.7897935E-02   -6.7897935E-02
 4.5000    2.6271612E-04    6.6853108E-02   -6.6853108E-02
 4.5100    2.5770405E-04    6.5869473E-02   -6.5869473E-02
 4.5200    2.5299788E-04    6.4953659E-02   -6.4953659E-02
 4.5300    2.4854868E-04    6.4094052E-02   -6.4094052E-02
 4.5400    2.4428057E-04    6.3271845E-02   -6.3271845E-02
 4.5500    2.4013902E-04    6.2473435E-02   -6.2473435E-02
 4.5600    2.3610293E-04    6.1693716E-02   -6.1693716E-02
 4.5700    2.3216018E-04    6.0929833E-02   -6.0929833E-02
 4.5800    2.2828033E-04    6.0174059E-02   -6.0174059E-02
 4.5900    2.2441449E-04    5.9413637E-02   -5.9413637E-02
 4.6000    2.2051984E-04    5.8637195E-02   -5.8637195E-02
 4.6100    2.1658305E-04    5.7841052E-02   -5.7841052E-02
 4.6200    2.1262293E-04    5.7030072E-02   -5.7030072E-02
 4.6300    2.0867514E-04    5.6213751E-02   -5.6213751E-02
 4.6400    2.0477707E-04    5.5402217E-02   -5.5402217E-02
 4.6500    2.0096440E-04    5.4605313E-02   -5.4605313E-02
 4.6600    1.9727527E-04    5.3833713E-02   -5.3833713E-02
 4.6700    1.9374880E-04    5.3098549E-02   -5.3098549E-02
 4.6800    1.9041122E-04    5.2407581E-02   -5.2407581E-02
 4.6900    1.8725681E-04    5.1759869E-02   -5.1759869E-02
 4.7000    1.8424083E-04    5.1143618E-02   -5.1143618E-02
 4.7100    1.8129638E-04    5.0540648E-02   -5.0540648E-02
 4.7200    1.7836967E-04    4.9936127E-02   -4.9936127E-02
 4.7300    1.7545217E-04    4.9327702E-02   -4.9327702E-02
 4.7400    1.7258747E-04    4.8727687E-02   -4.8727687E-02
 4.7500    1.6984526E-04    4.8156012E-02   -4.8156012E-02
 4.7600    1.6727417E-04    4.7626938E-02   -4.7626938E-02
 4.7700    1.6485928E-04    4.7136791E-02   -4.7136791E-02
 4.7800    1.6251422E-04    4.6661320E-02   -4.6661320E-02
 4.7900    1.6012398E-04    4.6167596E-02   -4.6167596E-02
 4.8000    1.5762022E-04    4.5635653E-02   -4.5635653E-02
 4.8100    1.5503963E-04    4.5075727E-02   -4.5075727E-02
 4.8200    1.5252117E-04    4.4528091E-02   -4.4528091E-02
 4.8300    1.5024497E-04    4.4045756E-02   -4.4045756E-02
 4.8400    1.4835915E-04    4.3673190E-02   -4.3673190E-02
 4.8500    1.4693431E-04    4.3432673E-02   -4.3432673E-02
 4.8600    1.4593963E-04    4.3316728E-02   -4.3316728E-02
 4.8700    1.4521352E-04    4.3278764E-02   -4.3278764E-02
 4.8800    1.4444439E-04    4.3226511E-02   -4.3226511E-02
 4.8900    1.4322919E-04    4.3038697E-02   -4.3038697E-02
 4.9000    1.4124341E-04    4.2615758E-02   -4.2615758E-02
 4.9100    1.3843369E-04    4.1938670E-02   -4.1938670E-02
 4.9200    1.3507221E-04    4.1087154E-02   -4.1087154E-02
 4.9300    1.3160781E-04    4.0196233E-02   -4.0196233E-02
 4.9400    1.2843338E-04    3.9385982E-02   -3.9385982E-02
 4.9500    1.2575659E-04    3.8721397E-02   -3.8721397E-02
 4.9600    1.2363560E-04    3.8222295E-02   -3.8222295E-02
 4.9700    1.2206756E-04    3.7889850E-02   -3.7889850E-02
 4.9800    1.2098908E-04    3.7706370E-02   -3.7706370E-02
 4.9900    1.2018811E-04    3.7607328E-02   -3.7607328E-02
 5.0000    1.1926959E-04    3.7469645E-02   -3.7469645E-02
 5.0100    1.1779194E-04    3.7153598E-02   -3.7153598E-02
 5.0200    1.1551155E-04    3.6579915E-02   -3.6579915E-02
 5.0300    1.1253680E-04    3.5780004E-02   -3.5780004E-02
 5.0400    1.0926050E-04    3.4876597E-02   -3.4876597E-02
 5.0500    1.0613413E-04    3.4013215E-02   -3.4013215E-02
 5.0600    1.0345928E-04    3.3287436E-02   -3.3287436E-02
 5.0700    1.0131014E-04    3.2724929E-02   -3.2724929E-02
 5.0800    9.9574226E-05    3.2291203E-02   -3.2291203E-02
 5.0900    9.8041424E-05    3.1919423E-02   -3.1919423E-02
 5.1000    9.6497348E-05    3.1540284E-02   -3.1540284E-02
 5.1100    9.4807792E-05    3.1109691E-02   -3.1109691E-02
 5.1200    9.2974907E-05    3.0627782E-02   -3.0627782E-02
 5.1300    9.1132263E-05    3.0138161E-02   -3.0138161E-02
 5.1400    8.9469215E-05    2.9703644E-02   -2.9703644E-02
 5.1500    8.8125186E-05    2.9371381E-02   -2.9371381E-02
 5.1600    8.7119124E-05    2.9148940E-02   -2.9148940E-02
 5.1700    8.6349941E-05    2.9003673E-02   -2.9003673E-02
 5.1800    8.5650447E-05    2.8880121E-02   -2.8880121E-02
 5.1900    8.4852189E-05    2.8721534E-02   -2.8721534E-02
 5.2000    8.3834585E-05    2.8486544E-02   -2.8486544E-02
 5.2100    8.2555580E-05    2.8159941E-02   -2.8159941E-02
 5.2200    8.1063183E-05    2.7757128E-02   -2.7757128E-02
 5.2300    7.9478545E-05    2.7318896E-02   -2.7318896E-02
 5.2400    7.7949228E-05    2.6895787E-02   -2.6895787E-02
 5.2500    7.6594162E-05    2.6529199E-02   -2.6529199E-02
 5.2600    7.5469278E-05    2.6239258E-02   -2.6239258E-02
 5.2700    7.4562518E-05    2.6022658E-02   -2.6022658E-02
 5.2800    7.3804270E-05    2.5855873E-02   -2.5855873E-02
 5.2900    7.3081881E-05    2.5699870E-02   -2.5699870E-02
 5.3000    7.2265405E-05    2.5508918E-02   -2.5508918E-02
 5.3100    7.1253292E-05    2.5246655E-02   -2.5246655E-02
 5.3200    7.0021864E-05    2.4903868E-02   -2.4903868E-02
 5.3300    6.8641662E-05    2.4504851E-02   -2.4504851E-02
 5.3400    6.7239757E-05    2.4094533E-02   -2.4094533E-02
 5.3500    6.5930556E-05    2.3713964E-02   -2.3713964E-02
 5.3600    6.4763951E-05    2.3381522E-02   -2.3381522E-02
 5.3700    6.3721782E-05    2.3091192E-02   -2.3091192E-02
 5.3800    6.2752756E-05    2.2824813E-02   -2.2824813E-02
 5.3900    6.1813192E-05    2.2566726E-02   -2.2566726E-02
 5.4000    6.0889897E-05    2.2312212E-02   -2.2312212E-02
 5.4100    6.0001350E-05    2.2068124E-02   -2.2068124E-02
 5.4200    5.9182350E-05    2.1847444E-02   -2.1847444E-02
 5.4300    5.8458300E-05    2.1659863E-02   -2.1659863E-02
 5.4400    5.7820976E-05    2.1502704E-02   -2.1502704E-02
 5.4500    5.7223746E-05    2.1358913E-02   -2.1358913E-02
 5.4600    5.6604552E-05    2.1205402E-02   -2.1205402E-02
 5.4700    5.5921834E-05    2.1026449E-02   -2.1026449E-02
 5.4800    5.5176288E-05    2.0822049E-02   -2.0822049E-02
 5.4900    5.4404965E-05    2.0605971E-02   -2.0605971E-02
 5.5000    5.3658325E-05    2.0397285E-02   -2.0397285E-02
 5.5100    5.2979606E-05    2.0212582E-02   -2.0212582E-02
 5.5200    5.2394364E-05    2.0061925E-02   -2.0061925E-02
 5.5300    5.1904881E-05    1.9946575E-02   -1.9946575E-02
 5.5400    5.1486504E-05    1.9857419E-02   -1.9857419E-02
 5.5500    5.1094076E-05    1.9777272E-02   -1.9777272E-02
 5.5600    5.0685671E-05    1.9689951E-02   -1.9689951E-02
 5.5700    5.0252459E-05    1.9591946E-02   -1.9591946E-02
 5.5800    4.9828986E-05    1.9496664E-02   -1.9496664E-02
 5.5900    4.9469642E-05    1.9425502E-02   -1.9425502E-02
 5.6000    4.9205973E-05    1.9391158E-02   -1.9391158E-02
 5.6100    4.9014865E-05    1.9384892E-02   -1.9384892E-02
 5.6200    4.8816524E-05    1.9375341E-02   -1.9375341E-02
 5.6300    4.8501817E-05    1.9319001E-02   -1.9319001E-02
 5.6400    4.7977743E-05    1.9178202E-02   -1.9178202E-02
 5.6500    4.7213214E-05    1.8939579E-02   -1.8939579E-02
 5.6600    4.6261645E-05    1.8623607E-02   -1.8623607E-02
 5.6700    4.5245089E-05    1.8278789E-02   -1.8278789E-02
 5.6800    4.4309128E-05    1.7963863E-02   -1.7963863E-02
 5.6900    4.3575778E-05    1.7728809E-02   -1.7728809E-02
 5.7000    4.3116147E-05    1.7603520E-02   -1.7603520E-02
 5.7100    4.2947922E-05    1.7596417E-02   -1.7596417E-02
 5.7200    4.3052152E-05    1.7700959E-02   -1.7700959E-02
 5.7300    4.3396143E-05    1.7904831E-02   -1.7904831E-02
 5.7400    4.3939364E-05    1.8192292E-02   -1.8192292E-02
 5.7500    4.4603730E-05    1.8531763E-02   -1.8531763E-02
 5.7600    4.5226444E-05    1.8855900E-02   -1.8855900E-02
 5.7700    4.5558101E-05    1.9060185E-02   -1.9060185E-02
 5.7800    4.5358030E-05    1.9042314E-02   -1.9042314E-02
 5.7900    4.4549874E-05    1.8767805E-02   -1.8767805E-02
 5.8000    4.3312348E-05    1.8309546E-02   -1.8309546E-02
 5.8100    4.2006134E-05    1.7818652E-02   -1.7818652E-02
 5.8200    4.0976264E-05    1.7441675E-02   -1.7441675E-02
 5.8300    4.0379492E-05    1.7246772E-02   -1.7246772E-02
 5.8400    4.0152776E-05    1.7208822E-02   -1.7208822E-02
 5.8500    4.0109449E-05    1.7249174E-02   -1.7249174E-02
 5.8600    4.0062322E-05    1.7287859E-02   -1.7287859E-02
 5.8700    3.9891487E-05    1.7272941E-02   -1.7272941E-02
 5.8800    3.9547154E-05    1.7182239E-02   -1.7182239E-02
 5.8900    3.9027529E-05    1.7014199E-02   -1.7014199E-02
 5.9000    3.8369610E-05    1.6784224E-02   -1.6784224E-02
 5.9100    3.7653434E-05    1.6526824E-02   -1.6526824E-02
 5.9200    3.6987944E-05    1.6289714E-02   -1.6289714E-02
 5.9300    3.6457568E-05    1.6110423E-02   -1.6110423E-02
 5.9400    3.6058697E-05    1.5987950E-02   -1.5987950E-02
 5.9500    3.5687452E-05    1.5876667E-02   -1.5876667E-02
 5.9600    3.5205527E-05    1.5714958E-02   -1.5714958E-02
 5.9700    3.4536613E-05    1.5468146E-02   -1.5468146E-02
 5.9800    3.3713153E-05    1.5149964E-02   -1.5149964E-02
 5.9900    3.2841364E-05    1.4807601E-02   -1.4807601E-02
 6.0000    3.2028827E-05    1.4489500E-02   -1.4489500E-02
 6.0100    3.1341873E-05    1.4226031E-02   -1.4226031E-02
 6.0200    3.0815062E-05    1.4033497E-02   -1.4033497E-02
 6.0300    3.0481680E-05    1.3927828E-02   -1.3927828E-02
 6.0400    3.0386241E-05    1.3930308E-02   -1.3930308E-02
 6.0500    3.0570699E-05    1.4061317E-02   -1.4061317E-02
 6.0600    3.1051951E-05    1.4329928E-02   -1.4329928E-02
 6.0700    3.1803565E-05    1.4725263E-02   -1.4725263E-02
 6.0800    3.2736151E-05    1.5207038E-02   -1.5207038E-02
 6.0900    3.3674864E-05    1.5694602E-02   -1.5694602E-02
 6.1000    3.4364128E-05    1.6068482E-02   -1.6068482E-02
 6.1100    3.4539518E-05    1.6203490E-02   -1.6203490E-02
 6.1200    3.4052608E-05    1.6027400E-02   -1.6027400E-02
 6.1300    3.2961217E-05    1.5564460E-02   -1.5564460E-02
 6.1400    3.1501337E-05    1.4923669E-02   -1.4923669E-02
 6.1500    2.9955064E-05    1.4237389E-02   -1.4237389E-02
 6.1600    2.8519542E-05    1.3599215E-02   -1.3599215E-02
 6.1700    2.7267751E-05    1.3044563E-02   -1.3044563E-02
 6.1800    2.6197397E-05    1.2573175E-02   -1.2573175E-02
 6.1900    2.5295843E-05    1.2179805E-02   -1.2179805E-02
 6.2000    2.4565962E-05    1.1866619E-02   -1.1866619E-02
 6.2100    2.4017118E-05    1.1638954E-02   -1.1638954E-02
 6.2200    2.3653558E-05    1.1499716E-02   -1.1499716E-02
 6.2300    2.3472738E-05    1.1448530E-02   -1.1448530E-02
 6.2400    2.3460914E-05    1.1479526E-02   -1.1479526E-02
 6.2500    2.3577727E-05    1.1573690E-02   -1.1573690E-02
 6.2600    2.3744021E-05    1.1692646E-02   -1.1692646E-02
 6.2700    2.3854383E-05    1.1784554E-02   -1.1784554E-02
 6.2800    2.3815841E-05    1.1803072E-02   -1.1803072E-02
 6.2900    2.3587568E-05    1.1727200E-02   -1.1727200E-02
 6.3000    2.3192381E-05    1.1567415E-02   -1.1567415E-02
 6.3100    2.2695417E-05    1.1355513E-02   -1.1355513E-02
 6.3200    2.2173365E-05    1.1129499E-02   -1.1129499E-02
 6.3300    2.1698712E-05    1.0925749E-02   -1.0925749E-02
 6.3400    2.1338692E-05    1.0778447E-02   -1.0778447E-02
 6.3500    2.1150028E-05    1.0716877E-02   -1.0716877E-02
 6.3600    2.1158907E-05    1.0755171E-02   -1.0755171E-02
 6.3700    2.1336502E-05    1.0879575E-02   -1.0879575E-02
 6.3800    2.1589477E-05    1.1043160E-02   -1.1043160E-02
 6.3900    2.1778499E-05    1.1174794E-02   -1.1174794E-02
 6.4000    2.1764276E-05    1.1202476E-02   -1.1202476E-02
 6.4100    2.1463941E-05    1.1082440E-02   -1.1082440E-02
 6.4200    2.0887216E-05    1.0818336E-02   -1.0818336E-02
 6.4300    2.0128169E-05    1.0457698E-02   -1.0457698E-02
 6.4400    1.9318322E-05    1.0068181E-02   -1.0068181E-02
 6.4500    1.8574844E-05    9.7107881E-03   -9.7107881E-03
 6.4600    1.7974735E-05    9.4262161E-03   -9.4262161E-03
 6.4700    1.7556834E-05    9.2355896E-03   -9.2355896E-03
 6.4800    1.7330543E-05    9.1447545E-03   -9.1447545E-03
 6.4900    1.7274464E-05    9.1433184E-03   -9.1433184E-03
 6.5000    1.7329477E-05    9.2007248E-03   -9.2007248E-03
 6.5100    1.7403590E-05    9.2685260E-03   -9.2685260E-03
 6.5200    1.7397326E-05    9.2936766E-03   -9.2936766E-03
 6.5300    1.7239163E-05    9.2374567E-03   -9.2374567E-03
 6.5400    1.6911054E-05    9.0894173E-03   -9.0894173E-03
 6.5500    1.6451905E-05    8.8696943E-03   -8.8696943E-03
 6.5600    1.5940597E-05    8.6202952E-03   -8.6202952E-03
 6.5700    1.5466963E-05    8.3896849E-03   -8.3896849E-03
 6.5800    1.5100115E-05    8.2156495E-03   -8.2156495E-03
 6.5900    1.4865442E-05    8.1125714E-03   -8.1125714E-03
 6.6000    1.4741592E-05    8.0694163E-03   -8.0694163E-03
 6.6100    1.4679443E-05    8.0597648E-03   -8.0597648E-03
 6.6200    1.4630624E-05    8.0572845E-03   -8.0572845E-03
 6.6300    1.4567942E-05    8.0470209E-03   -8.0470209E-03
 6.6400    1.4489455E-05    8.0278284E-03   -8.0278284E-03
 6.6500    1.4410673E-05    8.0082460E-03   -8.0082460E-03
 6.6600    1.4353507E-05    8.0004855E-03   -8.0004855E-03
 6.6700    1.4336571E-05    8.0150607E-03   -8.0150607E-03
 6.6800    1.4367168E-05    8.0562689E-03   -8.0562689E-03
 6.6900    1.4435268E-05    8.1187086E-03   -8.1187086E-03
 6.7000    1.4512210E-05    8.1864014E-03   -8.1864014E-03
 6.7100    1.4557750E-05    8.2366224E-03   -8.2366224E-03
 6.7200    1.4535467E-05    8.2485460E-03   -8.2485460E-03
 6.7300    1.4429987E-05    8.2130779E-03   -8.2130779E-03
 6.7400    1.4255773E-05    8.1380515E-03   -8.1380515E-03
 6.7500    1.4050972E-05    8.0449579E-03   -8.0449579E-03
 6.7600    1.3858761E-05    7.9584345E-03   -7.9584345E-03
 6.7700    1.3706396E-05    7.8942430E-03   -7.8942430E-03
 6.7800    1.3593726E-05    7.8524966E-03   -7.8524966E-03
 6.7900    1.3497448E-05    7.8198978E-03   -7.8198978E-03
 6.8000    1.3388112E-05    7.7794168E-03   -7.7794168E-03
 6.8100    1.3249260E-05    7.7213942E-03   -7.7213942E-03
 6.8200    1.3087204E-05    7.6493666E-03   -7.6493666E-03
 6.8300    1.2925991E-05    7.5773112E-03   -7.5773112E-03
 6.8400    1.2791071E-05    7.5201928E-03   -7.5201928E-03
 6.8500    1.2691883E-05    7.4837118E-03   -7.4837118E-03
 6.8600    1.2614631E-05    7.4598936E-03   -7.4598936E-03
 6.8700    1.2530594E-05    7.4318169E-03   -7.4318169E-03
 6.8800    1.2415130E-05    7.3847879E-03   -7.3847879E-03
 6.8900    1.2264698E-05    7.3165304E-03   -7.3165304E-03
 6.9000    1.2100109E-05    7.2393127E-03   -7.2393127E-03
 6.9100    1.1953978E-05    7.1726298E-03   -7.1726298E-03
 6.9200    1.1852006E-05    7.1320422E-03   -7.1320422E-03
 6.9300    1.1801581E-05    7.1222390E-03   -7.1222390E-03
 6.9400    1.1793322E-05    7.1378098E-03   -7.1378098E-03
 6.9500    1.1808988E-05    7.1679038E-03   -7.1679038E-03
 6.9600    1.1826091E-05    7.1989565E-03   -7.1989565E-03
 6.9700    1.1818727E-05    7.2151626E-03   -7.2151626E-03
 6.9800    1.1762720E-05    7.2015911E-03   -7.2015911E-03
 6.9900    1.1647730E-05    7.1516376E-03   -7.1516376E-03
 7.0000    1.1485833E-05    7.0724264E-03   -7.0724264E-03
 7.0100    1.1304197E-05    6.9804850E-03   -6.9804850E-03
 7.0200    1.1124749E-05    6.8892875E-03   -6.8892875E-03
 7.0300    1.0949210E-05    6.7999121E-03   -6.7999121E-03
 7.0400    1.0764750E-05    6.7043876E-03   -6.7043876E-03
 7.0500    1.0565847E-05    6.5992172E-03   -6.5992172E-03
 7.0600    1.0371381E-05    6.4961471E-03   -6.4961471E-03
 7.0700    1.0219068E-05    6.4188907E-03   -6.4188907E-03
 7.0800    1.0139736E-05    6.3870901E-03   -6.3870901E-03
 7.0900    1.0132757E-05    6.4007368E-03   -6.4007368E-03
 7.1000    1.0163674E-05    6.4383903E-03   -6.4383903E-03
 7.1100    1.0186016E-05    6.4707319E-03   -6.4707319E-03
 7.1200    1.0169313E-05    6.4783064E-03   -6.4783064E-03
 7.1300    1.0112044E-05    6.4599307E-03   -6.4599307E-03
 7.1400    1.0032644E-05    6.4271980E-03   -6.4271980E-03
 7.1500    9.9496531E-06    6.3918988E-03   -6.3918988E-03
 7.1600    9.8681462E-06    6.3572821E-03   -6.3572821E-03
 7.1700    9.7812145E-06    6.3188924E-03   -6.3188924E-03
 7.1800    9.6820136E-06    6.2722656E-03   -6.2722656E-03
 7.1900    9.5750795E-06    6.2202814E-03   -6.2202814E-03
 7.2000    9.4783501E-06    6.1745826E-03   -6.1745826E-03
 7.2100    9.4150562E-06    6.1503993E-03   -6.1503993E-03
 7.2200    9.4011797E-06    6.1583818E-03   -6.1583818E-03
 7.2300    9.4359207E-06    6.1982736E-03   -6.1982736E-03
 7.2400    9.4997730E-06    6.2574909E-03   -6.2574909E-03
 7.2500    9.5604283E-06    6.3148527E-03   -6.3148527E-03
 7.2600    9.5838227E-06    6.3477802E-03   -6.3477802E-03
 7.2700    9.5464998E-06    6.3404905E-03   -6.3404905E-03
 7.2800    9.4448193E-06    6.2902264E-03   -6.2902264E-03
 7.2900    9.2966340E-06    6.2085568E-03   -6.2085568E-03
 7.3000    9.1335742E-06    6.1164066E-03   -6.1164066E-03
 7.3100    8.9870635E-06    6.0347937E-03   -6.0347937E-03
 7.3200    8.8754408E-06    5.9761564E-03   -5.9761564E-03
 7.3300    8.7993042E-06    5.9410902E-03   -5.9410902E-03
 7.3400    8.7469458E-06    5.9218639E-03   -5.9218639E-03
 7.3500    8.7050219E-06    5.9095500E-03   -5.9095500E-03
 7.3600    8.6663274E-06    5.8993014E-03   -5.8993014E-03
 7.3700    8.6294835E-06    5.8901946E-03   -5.8901946E-03
 7.3800    8.5926694E-06    5.8809934E-03   -5.8809934E-03
 7.3900    8.5489308E-06    5.8669251E-03   -5.8669251E-03
 7.4000    8.4885130E-06    5.8412383E-03   -5.8412383E-03
 7.4100    8.4059093E-06    5.8000399E-03   -5.8000399E-03
 7.4200    8.3044771E-06    5.7455283E-03   -5.7455283E-03
 7.4300    8.1948455E-06    5.6849711E-03   -5.6849711E-03
 7.4400    8.0901141E-06    5.6274336E-03   -5.6274336E-03
 7.4500    8.0025898E-06    5.5815262E-03   -5.5815262E-03
 7.4600    7.9425895E-06    5.5545596E-03   -5.5545596E-03
 7.4700    7.9163999E-06    5.5510967E-03   -5.5510967E-03
 7.4800    7.9223619E-06    5.5701608E-03   -5.5701608E-03
 7.4900    7.9481246E-06    5.6032263E-03   -5.6032263E-03
 7.5000    7.9728875E-06    5.6357021E-03   -5.6357021E-03
 7.5100    7.9750438E-06    5.6522689E-03   -5.6522689E-03
 7.5200    7.9416325E-06    5.6435884E-03   -5.6435884E-03
 7.5300    7.8743501E-06    5.6106675E-03   -5.6106675E-03
 7.5400    7.7880843E-06    5.5639498E-03   -5.5639498E-03
 7.5500    7.7019138E-06    5.5169929E-03   -5.5169929E-03
 7.5600    7.6280397E-06    5.4785597E-03   -5.4785597E-03
 7.5700    7.5667376E-06    5.4489183E-03   -5.4489183E-03
 7.5800    7.5108896E-06    5.4230006E-03   -5.4230006E-03
 7.5900    7.4550268E-06    5.3968783E-03   -5.3968783E-03
 7.6000    7.4000547E-06    5.3712081E-03   -5.3712081E-03
 7.6100    7.3501265E-06    5.3490171E-03   -5.3490171E-03
 7.6200    7.3063758E-06    5.3311612E-03   -5.3311612E-03
 7.6300    7.2647088E-06    5.3146804E-03   -5.3146804E-03
 7.6400    7.2198742E-06    5.2957346E-03   -5.2957346E-03
 7.6500    7.1713213E-06    5.2739003E-03   -5.2739003E-03
 7.6600    7.1246396E-06    5.2532770E-03   -5.2532770E-03
 7.6700    7.0871640E-06    5.2392976E-03   -5.2392976E-03
 7.6800    7.0624278E-06    5.2346341E-03   -5.2346341E-03
 7.6900    7.0488680E-06    5.2381981E-03   -5.2381981E-03
 7.7000    7.0429571E-06    5.2474264E-03   -5.2474264E-03
 7.7100    7.0421284E-06    5.2604459E-03   -5.2604459E-03
 7.7200    7.0439693E-06    5.2754793E-03   -5.2754793E-03
 7.7300    7.0434677E-06    5.2887785E-03   -5.2887785E-03
 7.7400    7.0330808E-06    5.2946517E-03   -5.2946517E-03
 7.7500    7.0073448E-06    5.2889170E-03   -5.2889170E-03
 7.7600    6.9678618E-06    5.2726972E-03   -5.2726972E-03
 7.7700    6.9226789E-06    5.2520166E-03   -5.2520166E-03
 7.7800    6.8791697E-06    5.2324499E-03   -5.2324499E-03
 7.7900    6.8366049E-06    5.2134506E-03   -5.2134506E-03
 7.8000    6.7859878E-06    5.1881454E-03   -5.1881454E-03
 7.8100    6.7185630E-06    5.1497758E-03   -5.1497758E-03
 7.8200    6.6364786E-06    5.0998931E-03   -5.0998931E-03
 7.8300    6.5565209E-06    5.0513427E-03   -5.0513427E-03
 7.8400    6.5026496E-06    5.0226434E-03   -5.0226434E-03
 7.8500    6.4914254E-06    5.0267727E-03   -5.0267727E-03
 7.8600    6.5201620E-06    5.0618974E-03   -5.0618974E-03
 7.8700    6.5662915E-06    5.1106894E-03   -5.1106894E-03
 7.8800    6.5985925E-06    5.1488899E-03   -5.1488899E-03
 7.8900    6.5927102E-06    5.1573648E-03   -5.1573648E-03
 7.9000    6.5414190E-06    5.1302203E-03   -5.1302203E-03
 7.9100    6.4550123E-06    5.0752788E-03   -5.0752788E-03
 7.9200    6.3538963E-06    5.0084155E-03   -5.0084155E-03
 7.9300    6.2590814E-06    4.9461449E-03   -4.9461449E-03
 7.9400    6.1858874E-06    4.9006409E-03   -4.9006409E-03
 7.9500    6.1428882E-06    4.8788418E-03   -4.8788418E-03
 7.9600    6.1336909E-06    4.8838002E-03   -4.8838002E-03
 7.9700    6.1570985E-06    4.9147633E-03   -4.9147633E-03
 7.9800    6.2045258E-06    4.9650570E-03   -4.9650570E-03
 7.9900    6.2591728E-06    5.0213485E-03   -5.0213485E-03
 8.0000    6.3016496E-06    5.0680873E-03   -5.0680873E-03
 8.0100    6.3195062E-06    5.0951625E-03   -5.0951625E-03
 8.0200    6.3122662E-06    5.1020405E-03   -5.1020405E-03
 8.0300    6.2875846E-06    5.0947725E-03   -5.0947725E-03
 8.0400    6.2534054E-06    5.0797057E-03   -5.0797057E-03
 8.0500    6.2137199E-06    5.0600324E-03   -5.0600324E-03
 8.0600    6.1695782E-06    5.0365764E-03   -5.0365764E-03
 8.0700    6.1214160E-06    5.0096666E-03   -5.0096666E-03
 8.0800    6.0695649E-06    4.9795506E-03   -4.9795506E-03
 8.0900    6.0133798E-06    4.9456747E-03   -4.9456747E-03
 8.1000    5.9507219E-06    4.9062486E-03   -4.9062486E-03
 8.1100    5.8788941E-06    4.8590035E-03   -4.8590035E-03
 8.1200    5.7974677E-06    4.8035273E-03   -4.8035273E-03
 8.1300    5.7121872E-06    4.7445321E-03   -4.7445321E-03
 8.1400    5.6368435E-06    4.6934766E-03   -4.6934766E-03
 8.1500    5.5894613E-06    4.6654660E-03   -4.6654660E-03
 8.1600    5.5830465E-06    4.6715546E-03   -4.6715546E-03
 8.1700    5.6167177E-06    4.7112546E-03   -4.7112546E-03
 8.1800    5.6739195E-06    4.7708927E-03   -4.7708927E-03
 8.1900    5.7288923E-06    4.8289012E-03   -4.8289012E-03
 8.2000    5.7565359E-06    4.8640584E-03   -4.8640584E-03
 8.2100    5.7401956E-06    4.8620887E-03   -4.8620887E-03
 8.2200    5.6753318E-06    4.8188650E-03   -4.8188650E-03
 8.2300    5.5693931E-06    4.7404264E-03   -4.7404264E-03
 8.2400    5.4383905E-06    4.6401783E-03   -4.6401783E-03
 8.2500    5.3013170E-06    4.5342090E-03   -4.5342090E-03
 8.2600    5.1751063E-06    4.4369980E-03   -4.4369980E-03
 8.2700    5.0727194E-06    4.3597514E-03   -4.3597514E-03
 8.2800    5.0044364E-06    4.3114734E-03   -4.3114734E-03
 8.2900    4.9798544E-06    4.3006646E-03   -4.3006646E-03
 8.3000    5.0076057E-06    4.3350706E-03   -4.3350706E-03
 8.3100    5.0913191E-06    4.4181681E-03   -4.4181681E-03
 8.3200    5.2227329E-06    4.5431213E-03   -4.5431213E-03
 8.3300    5.3754385E-06    4.6872031E-03   -4.6872031E-03
 8.3400    5.5048982E-06    4.8116193E-03   -4.8116193E-03
 8.3500    5.5598742E-06    4.8713326E-03   -4.8713326E-03
 8.3600    5.5040685E-06    4.8339956E-03   -4.8339956E-03
 8.3700    5.3364919E-06    4.6980392E-03   -4.6980392E-03
 8.3800    5.0950320E-06    4.4961917E-03   -4.4961917E-03
 8.3900    4.8380591E-06    4.2796175E-03   -4.2796175E-03
 8.4000    4.6162872E-06    4.0931839E-03   -4.0931839E-03
 8.4100    4.4541040E-06    3.9587877E-03   -3.9587877E-03
 8.4200    4.3498557E-06    3.8753319E-03   -3.8753319E-03
 8.4300    4.2895052E-06    3.8306477E-03   -3.8306477E-03
 8.4400    4.2610992E-06    3.8143137E-03   -3.8143137E-03
 8.4500    4.2605547E-06    3.8228691E-03   -3.8228691E-03
 8.4600    4.2869939E-06    3.8557019E-03   -3.8557019E-03
 8.4700    4.3335092E-06    3.9067571E-03   -3.9067571E-03
 8.4800    4.3829077E-06    3.9606265E-03   -3.9606265E-03
 8.4900    4.4140035E-06    3.9981393E-03   -3.9981393E-03
 8.5000    4.4140744E-06    4.0076277E-03   -4.0076277E-03
 8.5100    4.3863871E-06    3.9918658E-03   -3.9918658E-03
 8.5200    4.3458895E-06    3.9643112E-03   -3.9643112E-03
 8.5300    4.3071912E-06    3.9382391E-03   -3.9382391E-03
 8.5400    4.2750874E-06    3.9180557E-03   -3.9180557E-03
 8.5500    4.2439377E-06    3.8986217E-03   -3.8986217E-03
 8.5600    4.2043255E-06    3.8712724E-03   -3.8712724E-03
 8.5700    4.1513087E-06    3.8313916E-03   -3.8313916E-03
 8.5800    4.0890579E-06    3.7827505E-03   -3.7827505E-03
 8.5900    4.0291407E-06    3.7360152E-03   -3.7360152E-03
 8.6000    3.9835143E-06    3.7023131E-03   -3.7023131E-03
 8.6100    3.9575160E-06    3.6867089E-03   -3.6867089E-03
 8.6200    3.9487152E-06    3.6870600E-03   -3.6870600E-03
 8.6300    3.9520848E-06    3.6987733E-03   -3.6987733E-03
 8.6400    3.9655447E-06    3.7199765E-03   -3.7199765E-03
 8.6500    3.9899547E-06    3.7515440E-03   -3.7515440E-03
 8.6600    4.0242522E-06    3.7925459E-03   -3.7925459E-03
 8.6700    4.0618498E-06    3.8368243E-03   -3.8368243E-03
 8.6800    4.0925435E-06    3.8747405E-03   -3.8747405E-03
 8.6900    4.1077964E-06    3.8981480E-03   -3.8981480E-03
 8.7000    4.1040159E-06    3.9035290E-03   -3.9035290E-03
 8.7100    4.0816096E-06    3.8911470E-03   -3.8911470E-03
 8.7200    4.0425972E-06    3.8628096E-03   -3.8628096E-03
 8.7300    3.9901650E-06    3.8214590E-03   -3.8214590E-03
 8.7400    3.9297829E-06    3.7722572E-03   -3.7722572E-03
 8.7500    3.8691052E-06    3.7225154E-03   -3.7225154E-03
 8.7600    3.8158797E-06    3.6797029E-03   -3.6797029E-03
 8.7700    3.7757195E-06    3.6492934E-03   -3.6492934E-03
 8.7800    3.7507378E-06    3.6334200E-03   -3.6334200E-03
 8.7900    3.7381420E-06    3.6294717E-03   -3.6294717E-03
 8.8000    3.7292668E-06    3.6290977E-03   -3.6290977E-03
 8.8100    3.7119548E-06    3.6204651E-03   -3.6204651E-03
 8.8200    3.6769684E-06    3.5944871E-03   -3.5944871E-03
 8.8300    3.6236833E-06    3.5504345E-03   -3.5504345E-03
 8.8400    3.5596313E-06    3.4955814E-03   -3.4955814E-03
 8.8500    3.4945688E-06    3.4394579E-03   -3.4394579E-03
 8.8600    3.4350202E-06    3.3884930E-03   -3.3884930E-03
 8.8700    3.3834558E-06    3.3451655E-03   -3.3451655E-03
 8.8800    3.3408671E-06    3.3105107E-03   -3.3105107E-03
 8.8900    3.3091033E-06    3.2864249E-03   -3.2864249E-03
 8.9000    3.2908199E-06    3.2756236E-03   -3.2756236E-03
 8.9100    3.2871118E-06    3.2792895E-03   -3.2792895E-03
 8.9200    3.2945488E-06    3.2940905E-03   -3.2940905E-03
 8.9300    3.3044342E-06    3.3113866E-03   -3.3113866E-03
 8.9400    3.3061212E-06    3.3205015E-03   -3.3205015E-03
 8.9500    3.2926186E-06    3.3143423E-03   -3.3143423E-03
 8.9600    3.2640915E-06    3.2929733E-03   -3.2929733E-03
 8.9700    3.2268049E-06    3.2626272E-03   -3.2626272E-03
 8.9800    3.1893824E-06    3.2319835E-03   -3.2319835E-03
 8.9900    3.1597077E-06    3.2090476E-03   -3.2090476E-03
 9.0000    3.1434549E-06    3.1996473E-03   -3.1996473E-03
 9.0100    3.1430820E-06    3.2063813E-03   -3.2063813E-03
 9.0200    3.1567883E-06    3.2275160E-03   -3.2275160E-03
 9.0300    3.1785197E-06    3.2569438E-03   -3.2569438E-03
 9.0400    3.1998668E-06    3.2860837E-03   -3.2860837E-03
 9.0500    3.2129311E-06    3.3068039E-03   -3.3068039E-03
 9.0600    3.2123908E-06    3.3135585E-03   -3.3135585E-03
 9.0700    3.1961133E-06    3.3040499E-03   -3.3040499E-03
 9.0800    3.1651197E-06    3.2792286E-03   -3.2792286E-03
 9.0900    3.1236124E-06    3.2433571E-03   -3.2433571E-03
 9.1000    3.0785742E-06    3.2036294E-03   -3.2036294E-03
 9.1100    3.0381077E-06    3.1684713E-03   -3.1684713E-03
 9.1200    3.0087677E-06    3.1447650E-03   -3.1447650E-03
 9.1300    2.9931786E-06    3.1353358E-03   -3.1353358E-03
 9.1400    2.9890610E-06    3.1378851E-03   -3.1378851E-03
 9.1500    2.9900004E-06    3.1457434E-03   -3.1457434E-03
 9.1600    2.9877930E-06    3.1502957E-03   -3.1502957E-03
 9.1700    2.9757877E-06    3.1444919E-03   -3.1444919E-03
 9.1800    2.9518111E-06    3.1259627E-03   -3.1259627E-03
 9.1900    2.9188207E-06    3.0977639E-03   -3.0977639E-03
 9.2000    2.8826440E-06    3.0660310E-03   -3.0660310E-03
 9.2100    2.8484935E-06    3.0362978E-03   -3.0362978E-03
 9.2200    2.8190163E-06    3.0114059E-03   -3.0114059E-03
 9.2300    2.7950256E-06    2.9922582E-03   -2.9922582E-03
 9.2400    2.7773338E-06    2.9797641E-03   -2.9797641E-03
 9.2500    2.7671932E-06    2.9753140E-03   -2.9753140E-03
 9.2600    2.7647082E-06    2.9790729E-03   -2.9790729E-03
 9.2700    2.7671123E-06    2.9881068E-03   -2.9881068E-03
 9.2800    2.7692547E-06    2.9968756E-03   -2.9968756E-03
 9.2900    2.7664976E-06    3.0003477E-03   -3.0003477E-03
 9.3000    2.7576526E-06    2.9971971E-03   -2.9971971E-03
 9.3100    2.7452105E-06    2.9900943E-03   -2.9900943E-03
 9.3200    2.7324899E-06    2.9826360E-03   -2.9826360E-03
 9.3300    2.7202413E-06    2.9756413E-03   -2.9756413E-03
 9.3400    2.7058544E-06    2.9662519E-03   -2.9662519E-03
 9.3500    2.6859717E-06    2.9507643E-03   -2.9507643E-03
 9.3600    2.6601920E-06    2.9286977E-03   -2.9286977E-03
 9.3700    2.6324758E-06    2.9043799E-03   -2.9043799E-03
 9.3800    2.6088202E-06    2.8844279E-03   -2.8844279E-03
 9.3900    2.5930065E-06    2.8730598E-03   -2.8730598E-03
 9.4000    2.5838539E-06    2.8690196E-03   -2.8690196E-03
 9.4100    2.5760494E-06    2.8664429E-03   -2.8664429E-03
 9.4200    2.5636806E-06    2.8587461E-03   -2.8587461E-03
 9.4300    2.5437251E-06    2.8425194E-03   -2.8425194E-03
 9.4400    2.5172561E-06    2.8189102E-03   -2.8189102E-03
 9.4500    2.4881207E-06    2.7921898E-03   -2.7921898E-03
 9.4600    2.4605749E-06    2.7671247E-03   -2.7671247E-03
 9.4700    2.4376114E-06    2.7470989E-03   -2.7470989E-03
 9.4800    2.4206545E-06    2.7337535E-03   -2.7337535E-03
 9.4900    2.4100478E-06    2.7275200E-03   -2.7275200E-03
 9.5000    2.4054762E-06    2.7280865E-03   -2.7280865E-03
 9.5100    2.4061036E-06    2.7345459E-03   -2.7345459E-03
 9.5200    2.4107268E-06    2.7455652E-03   -2.7455652E-03
 9.5300    2.4180904E-06    2.7597402E-03   -2.7597402E-03
 9.5400    2.4271747E-06    2.7759245E-03   -2.7759245E-03
