# total charge: 15.000000 
# r(A)     rho (e/A^3)     4*pi*r^2*rho(e/A)  dip  
 0.0000    6.5348449E+00    0.0000000E+00    1.1968268E+02
 0.0100    6.5344295E+00    8.2114063E-03    1.1907755E+02
 0.0200    6.5338960E+00    3.2842943E-02    1.1727997E+02
 0.0300    6.5332098E+00    7.3888862E-02    1.1434246E+02
 0.0400    6.5323244E+00    1.3134017E-01    1.1034970E+02
 0.0500    6.5311762E+00    2.0518295E-01    1.0541442E+02
 0.0600    6.5296823E+00    2.9539587E-01    9.9671985E+01
 0.0700    6.5277443E+00    4.0194726E-01    9.3274233E+01
 0.0800    6.5252567E+00    5.2479228E-01    8.6382674E+01
 0.0900    6.5221164E+00    6.6387059E-01    7.9161704E+01
 0.1000    6.5182275E+00    8.1910463E-01    7.1772113E+01
 0.1100    6.5135017E+00    9.9039802E-01    6.4365255E+01
 0.1200    6.5078579E+00    1.1776342E+00    5.7078182E+01
 0.1300    6.5012207E+00    1.3806751E+00    5.0029903E+01
 0.1400    6.4935141E+00    1.5993581E+00    4.3318882E+01
 0.1500    6.4846451E+00    1.8334902E+00    3.7021789E+01
 0.1600    6.4744811E+00    2.0828347E+00    3.1193416E+01
 0.1700    6.4628363E+00    2.3470960E+00    2.5867627E+01
 0.1800    6.4494872E+00    2.6259113E+00    2.1059136E+01
 0.1900    6.4342202E+00    2.9188581E+00    1.6765886E+01
 0.2000    6.4168830E+00    3.2254772E+00    1.2971813E+01
 0.2100    6.3974033E+00    3.5452934E+00    9.6497854E+00
 0.2200    6.3757607E+00    3.8778163E+00    6.7645615E+00
 0.2300    6.3519348E+00    4.2225186E+00    4.2755927E+00
 0.2400    6.3258715E+00    4.5788110E+00    2.1395481E+00
 0.2500    6.2974894E+00    4.9460366E+00    3.1245355E-01
 0.2600    6.2667120E+00    5.3234882E+00   -1.2485974E+00
 0.2700    6.2334837E+00    5.7104222E+00   -2.5841418E+00
 0.2800    6.1977450E+00    6.1060398E+00   -3.7314043E+00
 0.2900    6.1593877E+00    6.5094366E+00   -4.7236769E+00
 0.3000    6.1182441E+00    6.9195711E+00   -5.5900165E+00
 0.3100    6.0741316E+00    7.3352927E+00   -6.3552470E+00
 0.3200    6.0269180E+00    7.7554161E+00   -7.0401897E+00
 0.3300    5.9765598E+00    8.1787892E+00   -7.6620185E+00
 0.3400    5.9231145E+00    8.6043452E+00   -8.2346795E+00
 0.3500    5.8667547E+00    9.0311673E+00   -8.7693625E+00
 0.3600    5.8077559E+00    9.4585208E+00   -9.2749502E+00
 0.3700    5.7463872E+00    9.8857176E+00   -9.7582835E+00
 0.3800    5.6827151E+00    1.0311763E+01   -1.0224179E+01
 0.3900    5.6164768E+00    1.0735025E+01   -1.0675428E+01
 0.4000    5.5471924E+00    1.1153292E+01   -1.1113143E+01
 0.4100    5.4744845E+00    1.1564339E+01   -1.1537560E+01
 0.4200    5.3983565E+00    1.1966579E+01   -1.1948896E+01
 0.4300    5.3191951E+00    1.2359266E+01   -1.2347706E+01
 0.4400    5.2375177E+00    1.2742092E+01   -1.2734609E+01
 0.4500    5.1537194E+00    1.3114619E+01   -1.3109823E+01
 0.4600    5.0680320E+00    1.3476120E+01   -1.3473078E+01
 0.4700    4.9806558E+00    1.3825859E+01   -1.3823948E+01
 0.4800    4.8918331E+00    1.4163284E+01   -1.4162096E+01
 0.4900    4.8017226E+00    1.4487688E+01   -1.4486956E+01
 0.5000    4.7102014E+00    1.4797534E+01   -1.4797088E+01
 0.5100    4.6168520E+00    1.5090241E+01   -1.5089972E+01
 0.5200    4.5212353E+00    1.5362916E+01   -1.5362755E+01
 0.5300    4.4232626E+00    1.5613646E+01   -1.5613551E+01
 0.5400    4.3233806E+00    1.5842396E+01   -1.5842340E+01
 0.5500    4.2224652E+00    1.6050972E+01   -1.6050939E+01
 0.5600    4.1215503E+00    1.6242263E+01   -1.6242244E+01
 0.5700    4.0215485E+00    1.6419234E+01   -1.6419223E+01
 0.5800    3.9229937E+00    1.6583778E+01   -1.6583772E+01
 0.5900    3.8258107E+00    1.6735449E+01   -1.6735446E+01
 0.6000    3.7292292E+00    1.6870636E+01   -1.6870634E+01
 0.6100    3.6320192E+00    1.6983127E+01   -1.6983126E+01
 0.6200    3.5330467E+00    1.7066428E+01   -1.7066427E+01
 0.6300    3.4318827E+00    1.7116832E+01   -1.7116832E+01
 0.6400    3.3290934E+00    1.7135461E+01   -1.7135461E+01
 0.6500    3.2260177E+00    1.7127869E+01   -1.7127869E+01
 0.6600    3.1241438E+00    1.7101285E+01   -1.7101285E+01
 0.6700    3.0244335E+00    1.7060962E+01   -1.7060962E+01
 0.6800    2.9269775E+00    1.7007758E+01   -1.7007758E+01
 0.6900    2.8311654E+00    1.6938435E+01   -1.6938435E+01
 0.7000    2.7362388E+00    1.6848450E+01   -1.6848450E+01
 0.7100    2.6418543E+00    1.6735374E+01   -1.6735374E+01
 0.7200    2.5483095E+00    1.6600724E+01   -1.6600724E+01
 0.7300    2.4563499E+00    1.6449239E+01   -1.6449239E+01
 0.7400    2.3667484E+00    1.6286411E+01   -1.6286411E+01
 0.7500    2.2799489E+00    1.6116009E+01   -1.6116009E+01
 0.7600    2.1959612E+00    1.5939023E+01   -1.5939023E+01
 0.7700    2.1144931E+00    1.5754244E+01   -1.5754244E+01
 0.7800    2.0351658E+00    1.5559616E+01   -1.5559616E+01
 0.7900    1.9576618E+00    1.5353299E+01   -1.5353299E+01
 0.8000    1.8817745E+00    1.5134128E+01   -1.5134128E+01
 0.8100    1.8074263E+00    1.4901861E+01   -1.4901861E+01
 0.8200    1.7347044E+00    1.4657606E+01   -1.4657606E+01
 0.8300    1.6638687E+00    1.4404066E+01   -1.4404066E+01
 0.8400    1.5952642E+00    1.4144938E+01   -1.4144938E+01
 0.8500    1.5291577E+00    1.3883533E+01   -1.3883533E+01
 0.8600    1.4656188E+00    1.3621590E+01   -1.3621590E+01
 0.8700    1.4045286E+00    1.3359154E+01   -1.3359154E+01
 0.8800    1.3456802E+00    1.3095348E+01   -1.3095348E+01
 0.8900    1.2888659E+00    1.2829142E+01   -1.2829142E+01
 0.9000    1.2339056E+00    1.2559630E+01   -1.2559630E+01
 0.9100    1.1806584E+00    1.2286181E+01   -1.2286181E+01
 0.9200    1.1290638E+00    1.2008922E+01   -1.2008922E+01
 0.9300    1.0791927E+00    1.1729372E+01   -1.1729372E+01
 0.9400    1.0312429E+00    1.1450555E+01   -1.1450555E+01
 0.9500    9.8544886E-01    1.1176123E+01   -1.1176123E+01
 0.9600    9.4196075E-01    1.0909005E+01   -1.0909005E+01
 0.9700    9.0078258E-01    1.0650581E+01   -1.0650581E+01
 0.9800    8.6179832E-01    1.0400822E+01   -1.0400822E+01
 0.9900    8.2481781E-01    1.0158703E+01   -1.0158703E+01
 1.0000    7.8957727E-01    9.9221206E+00   -9.9221206E+00
 1.0100    7.5573072E-01    9.6876778E+00   -9.6876778E+00
 1.0200    7.2292255E-01    9.4515271E+00   -9.4515271E+00
 1.0300    6.9094467E-01    9.2114412E+00   -9.2114412E+00
 1.0400    6.5985457E-01    8.9686024E+00   -8.9686024E+00
 1.0500    6.2993006E-01    8.7273179E+00   -8.7273179E+00
 1.0600    6.0147707E-01    8.4926001E+00   -8.4926001E+00
 1.0700    5.7463858E-01    8.2674618E+00   -8.2674618E+00
 1.0800    5.4933898E-01    8.0518893E+00   -8.0518893E+00
 1.0900    5.2536802E-01    7.8437997E+00   -7.8437997E+00
 1.1000    5.0250241E-01    7.6407041E+00   -7.6407041E+00
 1.1100    4.8057182E-01    7.4407056E+00   -7.4407056E+00
 1.1200    4.5945848E-01    7.2425613E+00   -7.2425613E+00
 1.1300    4.3907955E-01    7.0454698E+00   -7.0454698E+00
 1.1400    4.1938972E-01    6.8491606E+00   -6.8491606E+00
 1.1500    4.0039288E-01    6.6541393E+00   -6.6541393E+00
 1.1600    3.8213045E-01    6.4615616E+00   -6.4615616E+00
 1.1700    3.6464229E-01    6.2726148E+00   -6.2726148E+00
 1.1800    3.4793307E-01    6.0879291E+00   -6.0879291E+00
 1.1900    3.3197476E-01    5.9075697E+00   -5.9075697E+00
 1.2000    3.1673678E-01    5.7315338E+00   -5.7315338E+00
 1.2100    3.0220940E-01    5.5601764E+00   -5.5601764E+00
 1.2200    2.8839945E-01    5.3941617E+00   -5.3941617E+00
 1.2300    2.7530839E-01    5.2340701E+00   -5.2340701E+00
 1.2400    2.6291488E-01    5.0800549E+00   -5.0800549E+00
 1.2500    2.5117363E-01    4.9317827E+00   -4.9317827E+00
 1.2600    2.4002692E-01    4.7886258E+00   -4.7886258E+00
 1.2700    2.2941901E-01    4.6499331E+00   -4.6499331E+00
 1.2800    2.1930389E-01    4.5151911E+00   -4.5151911E+00
 1.2900    2.0964339E-01    4.3839990E+00   -4.3839990E+00
 1.3000    2.0040305E-01    4.2559928E+00   -4.2559928E+00
 1.3100    1.9155799E-01    4.1309766E+00   -4.1309766E+00
 1.3200    1.8310939E-01    4.0092981E+00   -4.0092981E+00
 1.3300    1.7509194E-01    3.8920581E+00   -3.8920581E+00
 1.3400    1.6755194E-01    3.7806712E+00   -3.7806712E+00
 1.3500    1.6050357E-01    3.6758864E+00   -3.6758864E+00
 1.3600    1.5390046E-01    3.5770713E+00   -3.5770713E+00
 1.3700    1.4765235E-01    3.4825020E+00   -3.4825020E+00
 1.3800    1.4167712E-01    3.3905314E+00   -3.3905314E+00
 1.3900    1.3594630E-01    3.3007061E+00   -3.3007061E+00
 1.4000    1.3048850E-01    3.2139430E+00   -3.2139430E+00
 1.4100    1.2535083E-01    3.1316651E+00   -3.1316651E+00
 1.4200    1.2055068E-01    3.0546131E+00   -3.0546131E+00
 1.4300    1.1605318E-01    2.9822152E+00   -2.9822152E+00
 1.4400    1.1178548E-01    2.9128643E+00   -2.9128643E+00
 1.4500    1.0767161E-01    2.8447694E+00   -2.8447694E+00
 1.4600    1.0366261E-01    2.7767561E+00   -2.7767561E+00
 1.4700    9.9745387E-02    2.7085531E+00   -2.7085531E+00
 1.4800    9.5928499E-02    2.6404682E+00   -2.6404682E+00
 1.4900    9.2217146E-02    2.5727292E+00   -2.5727292E+00
 1.5000    8.8596636E-02    2.5050109E+00   -2.5050109E+00
 1.5100    8.5038913E-02    2.4365844E+00   -2.4365844E+00
 1.5200    8.1530144E-02    2.3670926E+00   -2.3670926E+00
 1.5300    7.8100345E-02    2.2974479E+00   -2.2974479E+00
 1.5400    7.4830721E-02    2.2301354E+00   -2.2301354E+00
 1.5500    7.1825794E-02    2.1684714E+00   -2.1684714E+00
 1.5600    6.9161904E-02    2.1150761E+00   -2.1150761E+00
 1.5700    6.6846114E-02    2.0705482E+00   -2.0705482E+00
 1.5800    6.4816884E-02    2.0333502E+00   -2.0333502E+00
 1.5900    6.2984303E-02    2.0009510E+00   -2.0009510E+00
 1.6000    6.1274161E-02    1.9711842E+00   -1.9711842E+00
 1.6100    5.9643745E-02    1.9427930E+00   -1.9427930E+00
 1.6200    5.8071111E-02    1.9151378E+00   -1.9151378E+00
 1.6300    5.6541093E-02    1.8877708E+00   -1.8877708E+00
 1.6400    5.5041492E-02    1.8603204E+00   -1.8603204E+00
 1.6500    5.3565487E-02    1.8325794E+00   -1.8325794E+00
 1.6600    5.2114384E-02    1.8046112E+00   -1.8046112E+00
 1.6700    5.0700454E-02    1.7768659E+00   -1.7768659E+00
 1.6800    4.9347863E-02    1.7502367E+00   -1.7502367E+00
 1.6900    4.8084841E-02    1.7258040E+00   -1.7258040E+00
 1.7000    4.6925329E-02    1.7041783E+00   -1.7041783E+00
 1.7100    4.5851481E-02    1.6848275E+00   -1.6848275E+00
 1.7200    4.4814124E-02    1.6660256E+00   -1.6660256E+00
 1.7300    4.3757008E-02    1.6456963E+00   -1.6456963E+00
 1.7400    4.2650701E-02    1.6226862E+00   -1.6226862E+00
 1.7500    4.1511497E-02    1.5975496E+00   -1.5975496E+00
 1.7600    4.0390340E-02    1.5722178E+00   -1.5722178E+00
 1.7700    3.9338943E-02    1.5487420E+00   -1.5487420E+00
 1.7800    3.8377464E-02    1.5280098E+00   -1.5280098E+00
 1.7900    3.7487780E-02    1.5094045E+00   -1.5094045E+00
 1.8000    3.6638235E-02    1.4917272E+00   -1.4917272E+00
 1.8100    3.5820221E-02    1.4746714E+00   -1.4746714E+00
 1.8200    3.5062445E-02    1.4594689E+00   -1.4594689E+00
 1.8300    3.4402364E-02    1.4477725E+00   -1.4477725E+00
 1.8400    3.3833291E-02    1.4394274E+00   -1.4394274E+00
 1.8500    3.3277205E-02    1.4311994E+00   -1.4311994E+00
 1.8600    3.2619343E-02    1.4181134E+00   -1.4181134E+00
 1.8700    3.1784184E-02    1.3967033E+00   -1.3967033E+00
 1.8800    3.0788146E-02    1.3674426E+00   -1.3674426E+00
 1.8900    2.9722931E-02    1.3342128E+00   -1.3342128E+00
 1.9000    2.8688773E-02    1.3014547E+00   -1.3014547E+00
 1.9100    2.7739560E-02    1.2716751E+00   -1.2716751E+00
 1.9200    2.6879935E-02    1.2452041E+00   -1.2452041E+00
 1.9300    2.6099079E-02    1.2216581E+00   -1.2216581E+00
 1.9400    2.5398267E-02    1.2012058E+00   -1.2012058E+00
 1.9500    2.4790073E-02    1.1845595E+00   -1.1845595E+00
 1.9600    2.4282021E-02    1.1722138E+00   -1.1722138E+00
 1.9700    2.3866864E-02    1.1639590E+00   -1.1639590E+00
 1.9800    2.3524959E-02    1.1589618E+00   -1.1589618E+00
 1.9900    2.3229681E-02    1.1560038E+00   -1.1560038E+00
 2.0000    2.2949876E-02    1.1535866E+00   -1.1535866E+00
 2.0100    2.2652842E-02    1.1500710E+00   -1.1500710E+00
 2.0200    2.2311681E-02    1.1440497E+00   -1.1440497E+00
 2.0300    2.1913543E-02    1.1347875E+00   -1.1347875E+00
 2.0400    2.1461618E-02    1.1223612E+00   -1.1223612E+00
 2.0500    2.0968668E-02    1.1073590E+00   -1.1073590E+00
 2.0600    2.0447843E-02    1.0904150E+00   -1.0904150E+00
 2.0700    1.9909695E-02    1.0720503E+00   -1.0720503E+00
 2.0800    1.9368748E-02    1.0530236E+00   -1.0530236E+00
 2.0900    1.8852191E-02    1.0348187E+00   -1.0348187E+00
 2.1000    1.8398054E-02    1.0195777E+00   -1.0195777E+00
 2.1100    1.8038945E-02    1.0092201E+00   -1.0092201E+00
 2.1200    1.7783067E-02    1.0043573E+00   -1.0043573E+00
 2.1300    1.7609160E-02    1.0039399E+00   -1.0039399E+00
 2.1400    1.7479374E-02    1.0059196E+00   -1.0059196E+00
 2.1500    1.7357763E-02    1.0082786E+00   -1.0082786E+00
 2.1600    1.7219539E-02    1.0095757E+00   -1.0095757E+00
 2.1700    1.7048083E-02    1.0087995E+00   -1.0087995E+00
 2.1800    1.6828944E-02    1.0050316E+00   -1.0050316E+00
 2.1900    1.6550512E-02    9.9749227E-01   -9.9749227E-01
 2.2000    1.6211418E-02    9.8599846E-01   -9.8599846E-01
 2.2100    1.5826151E-02    9.7133651E-01   -9.7133651E-01
 2.2200    1.5421476E-02    9.5508441E-01   -9.5508441E-01
 2.2300    1.5024782E-02    9.3891825E-01   -9.3891825E-01
 2.2400    1.4652944E-02    9.2391240E-01   -9.2391240E-01
 2.2500    1.4310194E-02    9.1037521E-01   -9.1037521E-01
 2.2600    1.3995881E-02    8.9831153E-01   -8.9831153E-01
 2.2700    1.3713945E-02    8.8802251E-01   -8.8802251E-01
 2.2800    1.3474163E-02    8.8019999E-01   -8.8019999E-01
 2.2900    1.3283514E-02    8.7537431E-01   -8.7537431E-01
 2.3000    1.3136178E-02    8.7324186E-01   -8.7324186E-01
 2.3100    1.3011720E-02    8.7250621E-01   -8.7250621E-01
 2.3200    1.2882689E-02    8.7134946E-01   -8.7134946E-01
 2.3300    1.2725322E-02    8.6814145E-01   -8.6814145E-01
 2.3400    1.2527103E-02    8.6197016E-01   -8.6197016E-01
 2.3500    1.2289423E-02    8.5285870E-01   -8.5285870E-01
 2.3600    1.2026192E-02    8.4170909E-01   -8.4170909E-01
 2.3700    1.1758974E-02    8.2999600E-01   -8.2999600E-01
 2.3800    1.1509200E-02    8.1923577E-01   -8.1923577E-01
 2.3900    1.1290006E-02    8.1040078E-01   -8.1040078E-01
 2.4000    1.1101892E-02    8.0358043E-01   -8.0358043E-01
 2.4100    1.0934760E-02    7.9809244E-01   -7.9809244E-01
 2.4200    1.0774700E-02    7.9294993E-01   -7.9294993E-01
 2.4300    1.0610891E-02    7.8736163E-01   -7.8736163E-01
 2.4400    1.0438915E-02    7.8098891E-01   -7.8098891E-01
 2.4500    1.0260148E-02    7.7391930E-01   -7.7391930E-01
 2.4600    1.0079354E-02    7.6650113E-01   -7.6650113E-01
 2.4700    9.9024377E-03    7.5918198E-01   -7.5918198E-01
 2.4800    9.7346639E-03    7.5237471E-01   -7.5237471E-01
 2.4900    9.5787988E-03    7.4631060E-01   -7.4631060E-01
 2.5000    9.4335066E-03    7.4090587E-01   -7.4090587E-01
 2.5100    9.2934494E-03    7.3575674E-01   -7.3575674E-01
 2.5200    9.1518723E-03    7.3033295E-01   -7.3033295E-01
 2.5300    9.0044142E-03    7.2427979E-01   -7.2427979E-01
 2.5400    8.8516977E-03    7.1763543E-01   -7.1763543E-01
 2.5500    8.6990355E-03    7.1082276E-01   -7.1082276E-01
 2.5600    8.5533778E-03    7.0441314E-01   -7.0441314E-01
 2.5700    8.4191505E-03    6.9878630E-01   -6.9878630E-01
 2.5800    8.2954140E-03    6.9388475E-01   -6.9388475E-01
 2.5900    8.1763595E-03    6.8923825E-01   -6.8923825E-01
 2.6000    8.0551115E-03    6.8427098E-01   -6.8427098E-01
 2.6100    7.9280465E-03    6.7866753E-01   -6.7866753E-01
 2.6200    7.7958099E-03    6.7247119E-01   -6.7247119E-01
 2.6300    7.6597041E-03    6.6578400E-01   -6.6578400E-01
 2.6400    7.5167083E-03    6.5833268E-01   -6.5833268E-01
 2.6500    7.3586877E-03    6.4938460E-01   -6.4938460E-01
 2.6600    7.1781335E-03    6.3824095E-01   -6.3824095E-01
 2.6700    6.9763466E-03    6.2497182E-01   -6.2497182E-01
 2.6800    6.7668560E-03    6.1075409E-01   -6.1075409E-01
 2.6900    6.5705583E-03    5.9747082E-01   -5.9747082E-01
 2.7000    6.4058584E-03    5.8683327E-01   -5.8683327E-01
 2.7100    6.2804954E-03    5.7961865E-01   -5.7961865E-01
 2.7200    6.1896578E-03    5.7545890E-01   -5.7545890E-01
 2.7300    6.1203592E-03    5.7320777E-01   -5.7320777E-01
 2.7400    6.0584569E-03    5.7157472E-01   -5.7157472E-01
 2.7500    5.9938650E-03    5.6961603E-01   -5.6961603E-01
 2.7600    5.9216102E-03    5.6684960E-01   -5.6684960E-01
 2.7700    5.8398447E-03    5.6308078E-01   -5.6308078E-01
 2.7800    5.7478412E-03    5.5821849E-01   -5.5821849E-01
 2.7900    5.6457783E-03    5.5225809E-01   -5.5225809E-01
 2.8000    5.5357095E-03    5.4538001E-01   -5.4538001E-01
 2.8100    5.4224331E-03    5.3804265E-01   -5.3804265E-01
 2.8200    5.3140401E-03    5.3104694E-01   -5.3104694E-01
 2.8300    5.2221306E-03    5.2556988E-01   -5.2556988E-01
 2.8400    5.1601241E-03    5.2300603E-01   -5.2300603E-01
 2.8500    5.1374154E-03    5.2437776E-01   -5.2437776E-01
 2.8600    5.1502793E-03    5.2938632E-01   -5.2938632E-01
 2.8700    5.1758767E-03    5.3574433E-01   -5.3574433E-01
 2.8800    5.1773131E-03    5.3963395E-01   -5.3963395E-01
 2.8900    5.1210334E-03    5.3748105E-01   -5.3748105E-01
 2.9000    4.9968408E-03    5.2808201E-01   -5.2808201E-01
 2.9100    4.8259501E-03    5.1354519E-01   -5.1354519E-01
 2.9200    4.6499003E-03    4.9821776E-01   -4.9821776E-01
 2.9300    4.5071731E-03    4.8623850E-01   -4.8623850E-01
 2.9400    4.4131263E-03    4.7934796E-01   -4.7934796E-01
 2.9500    4.3558323E-03    4.7634876E-01   -4.7634876E-01
 2.9600    4.3087321E-03    4.7439792E-01   -4.7439792E-01
 2.9700    4.2494389E-03    4.7103628E-01   -4.7103628E-01
 2.9800    4.1710313E-03    4.6546372E-01   -4.6546372E-01
 2.9900    4.0799687E-03    4.5836250E-01   -4.5836250E-01
 3.0000    3.9861952E-03    4.5082805E-01   -4.5082805E-01
 3.0100    3.8955713E-03    4.4352082E-01   -4.4352082E-01
 3.0200    3.8095525E-03    4.3661405E-01   -4.3661405E-01
 3.0300    3.7289760E-03    4.3021417E-01   -4.3021417E-01
 3.0400    3.6560719E-03    4.2459196E-01   -4.2459196E-01
 3.0500    3.5924436E-03    4.1995186E-01   -4.1995186E-01
 3.0600    3.5357306E-03    4.1603693E-01   -4.1603693E-01
 3.0700    3.4790725E-03    4.1205017E-01   -4.1205017E-01
 3.0800    3.4147931E-03    4.0707618E-01   -4.0707618E-01
 3.0900    3.3399210E-03    4.0074029E-01   -4.0074029E-01
 3.1000    3.2594009E-03    3.9361444E-01   -3.9361444E-01
 3.1100    3.1841875E-03    3.8701631E-01   -3.8701631E-01
 3.1200    3.1249377E-03    3.8226138E-01   -3.8226138E-01
 3.1300    3.0854334E-03    3.7985226E-01   -3.7985226E-01
 3.1400    3.0603788E-03    3.7917906E-01   -3.7917906E-01
 3.1500    3.0389569E-03    3.7892696E-01   -3.7892696E-01
 3.1600    3.0112372E-03    3.7785833E-01   -3.7785833E-01
 3.1700    2.9730497E-03    3.7543137E-01   -3.7543137E-01
 3.1800    2.9268971E-03    3.7193886E-01   -3.7193886E-01
 3.1900    2.8793021E-03    3.6819549E-01   -3.6819549E-01
 3.2000    2.8365538E-03    3.6500671E-01   -3.6500671E-01
 3.2100    2.8011261E-03    3.6270421E-01   -3.6270421E-01
 3.2200    2.7705507E-03    3.6098380E-01   -3.6098380E-01
 3.2300    2.7392089E-03    3.5912039E-01   -3.5912039E-01
 3.2400    2.7018717E-03    3.5642209E-01   -3.5642209E-01
 3.2500    2.6569802E-03    3.5266707E-01   -3.5266707E-01
 3.2600    2.6079672E-03    3.4829496E-01   -3.4829496E-01
 3.2700    2.5617721E-03    3.4422774E-01   -3.4422774E-01
 3.2800    2.5248590E-03    3.4134590E-01   -3.4134590E-01
 3.2900    2.4986890E-03    3.3987081E-01   -3.3987081E-01
 3.3000    2.4777818E-03    3.3907893E-01   -3.3907893E-01
 3.3100    2.4523917E-03    3.3764140E-01   -3.3764140E-01
 3.3200    2.4144160E-03    3.3442453E-01   -3.3442453E-01
 3.3300    2.3623313E-03    3.2918432E-01   -3.2918432E-01
 3.3400    2.3016076E-03    3.2265179E-01   -3.2265179E-01
 3.3500    2.2406776E-03    3.1599402E-01   -3.1599402E-01
 3.3600    2.1858326E-03    3.1010254E-01   -3.1010254E-01
 3.3700    2.1386632E-03    3.0521935E-01   -3.0521935E-01
 3.3800    2.0971287E-03    3.0107060E-01   -3.0107060E-01
 3.3900    2.0584599E-03    2.9727041E-01   -2.9727041E-01
 3.4000    2.0211832E-03    2.9361172E-01   -2.9361172E-01
 3.4100    1.9849854E-03    2.9005205E-01   -2.9005205E-01
 3.4200    1.9493740E-03    2.8652152E-01   -2.8652152E-01
 3.4300    1.9130544E-03    2.8282997E-01   -2.8282997E-01
 3.4400    1.8748714E-03    2.7880350E-01   -2.7880350E-01
 3.4500    1.8352557E-03    2.7450144E-01   -2.7450144E-01
 3.4600    1.7964138E-03    2.7025170E-01   -2.7025170E-01
 3.4700    1.7607601E-03    2.6642134E-01   -2.6642134E-01
 3.4800    1.7289538E-03    2.6311871E-01   -2.6311871E-01
 3.4900    1.6993533E-03    2.6010242E-01   -2.6010242E-01
 3.5000    1.6693520E-03    2.5697677E-01   -2.5697677E-01
 3.5100    1.6374008E-03    2.5350066E-01   -2.5350066E-01
 3.5200    1.6041446E-03    2.4976909E-01   -2.4976909E-01
 3.5300    1.5720210E-03    2.4616008E-01   -2.4616008E-01
 3.5400    1.5438096E-03    2.4311409E-01   -2.4311409E-01
 3.5500    1.5211127E-03    2.4089510E-01   -2.4089510E-01
 3.5600    1.5035769E-03    2.3946139E-01   -2.3946139E-01
 3.5700    1.4891462E-03    2.3849739E-01   -2.3849739E-01
 3.5800    1.4750524E-03    2.3756549E-01   -2.3756549E-01
 3.5900    1.4588477E-03    2.3627007E-01   -2.3627007E-01
 3.6000    1.4389013E-03    2.3433970E-01   -2.3433970E-01
 3.6100    1.4143807E-03    2.3162775E-01   -2.3162775E-01
 3.6200    1.3852120E-03    2.2810944E-01   -2.2810944E-01
 3.6300    1.3522855E-03    2.2391929E-01   -2.2391929E-01
 3.6400    1.3176113E-03    2.1938148E-01   -2.1938148E-01
 3.6500    1.2840614E-03    2.1497174E-01   -2.1497174E-01
 3.6600    1.2547889E-03    2.1122372E-01   -2.1122372E-01
 3.6700    1.2325861E-03    2.0862160E-01   -2.0862160E-01
 3.6800    1.2190732E-03    2.0746044E-01   -2.0746044E-01
 3.6900    1.2135355E-03    2.0764194E-01   -2.0764194E-01
 3.7000    1.2119959E-03    2.0850404E-01   -2.0850404E-01
 3.7100    1.2078267E-03    2.0891149E-01   -2.0891149E-01
 3.7200    1.1944888E-03    2.0771977E-01   -2.0771977E-01
 3.7300    1.1690235E-03    2.0438583E-01   -2.0438583E-01
 3.7400    1.1337511E-03    1.9928325E-01   -1.9928325E-01
 3.7500    1.0948108E-03    1.9346904E-01   -1.9346904E-01
 3.7600    1.0586898E-03    1.8808505E-01   -1.8808505E-01
 3.7700    1.0292366E-03    1.8382637E-01   -1.8382637E-01
 3.7800    1.0067838E-03    1.8077138E-01   -1.8077138E-01
 3.7900    9.8916833E-04    1.7854944E-01   -1.7854944E-01
 3.8000    9.7337935E-04    1.7662785E-01   -1.7662785E-01
 3.8100    9.5678013E-04    1.7453075E-01   -1.7453075E-01
 3.8200    9.3766412E-04    1.7194276E-01   -1.7194276E-01
 3.8300    9.1543578E-04    1.6874670E-01   -1.6874670E-01
 3.8400    8.9067404E-04    1.6504072E-01   -1.6504072E-01
 3.8500    8.6503843E-04    1.6112641E-01   -1.6112641E-01
 3.8600    8.4083836E-04    1.5743344E-01   -1.5743344E-01
 3.8700    8.2022889E-04    1.5437140E-01   -1.5437140E-01
 3.8800    8.0429313E-04    1.5215551E-01   -1.5215551E-01
 3.8900    7.9251125E-04    1.5070043E-01   -1.5070043E-01
 3.9000    7.8303634E-04    1.4966526E-01   -1.4966526E-01
 3.9100    7.7369574E-04    1.4863928E-01   -1.4863928E-01
 3.9200    7.6307588E-04    1.4734986E-01   -1.4734986E-01
 3.9300    7.5099750E-04    1.4575835E-01   -1.4575835E-01
 3.9400    7.3821199E-04    1.4400693E-01   -1.4400693E-01
 3.9500    7.2571562E-04    1.4228874E-01   -1.4228874E-01
 3.9600    7.1421880E-04    1.4074453E-01   -1.4074453E-01
 3.9700    7.0404754E-04    1.3944176E-01   -1.3944176E-01
 3.9800    6.9538831E-04    1.3842145E-01   -1.3842145E-01
 3.9900    6.8856209E-04    1.3775227E-01   -1.3775227E-01
 4.0000    6.8403405E-04    1.3753321E-01   -1.3753321E-01
 4.0100    6.8207624E-04    1.3782612E-01   -1.3782612E-01
 4.0200    6.8224879E-04    1.3854943E-01   -1.3854943E-01
 4.0300    6.8304533E-04    1.3940215E-01   -1.3940215E-01
 4.0400    6.8209087E-04    1.3989907E-01   -1.3989907E-01
 4.0500    6.7703344E-04    1.3955006E-01   -1.3955006E-01
 4.0600    6.6670906E-04    1.3810147E-01   -1.3810147E-01
 4.0700    6.5173803E-04    1.3566623E-01   -1.3566623E-01
 4.0800    6.3403030E-04    1.3262952E-01   -1.3262952E-01
 4.0900    6.1560050E-04    1.2940631E-01   -1.2940631E-01
 4.1000    5.9766947E-04    1.2625211E-01   -1.2625211E-01
 4.1100    5.8063166E-04    1.2325207E-01   -1.2325207E-01
 4.1200    5.6459557E-04    1.2043196E-01   -1.2043196E-01
 4.1300    5.4981432E-04    1.1784903E-01   -1.1784903E-01
 4.1400    5.3666312E-04    1.1558788E-01   -1.1558788E-01
 4.1500    5.2534436E-04    1.1369729E-01   -1.1369729E-01
 4.1600    5.1568155E-04    1.1214454E-01   -1.1214454E-01
 4.1700    5.0718484E-04    1.1082768E-01   -1.1082768E-01
 4.1800    4.9930867E-04    1.0963053E-01   -1.0963053E-01
 4.1900    4.9170055E-04    1.0847723E-01   -1.0847723E-01
 4.2000    4.8430369E-04    1.0735597E-01   -1.0735597E-01
 4.2100    4.7730615E-04    1.0630926E-01   -1.0630926E-01
 4.2200    4.7098034E-04    1.0539926E-01   -1.0539926E-01
 4.2300    4.6544167E-04    1.0465401E-01   -1.0465401E-01
 4.2400    4.6040588E-04    1.0401176E-01   -1.0401176E-01
 4.2500    4.5512954E-04    1.0330533E-01   -1.0330533E-01
 4.2600    4.4867232E-04    1.0231948E-01   -1.0231948E-01
 4.2700    4.4035623E-04    1.0089503E-01   -1.0089503E-01
 4.2800    4.3008741E-04    9.9004317E-02   -9.9004317E-02
 4.2900    4.1832982E-04    9.6748284E-02   -9.6748284E-02
 4.3000    4.0584797E-04    9.4299666E-02   -9.4299666E-02
 4.3100    3.9348318E-04    9.1852415E-02   -9.1852415E-02
 4.3200    3.8207622E-04    8.9603994E-02   -8.9603994E-02
 4.3300    3.7243645E-04    8.7748122E-02   -8.7748122E-02
 4.3400    3.6520651E-04    8.6442602E-02   -8.6442602E-02
 4.3500    3.6058944E-04    8.5743533E-02   -8.5743533E-02
 4.3600    3.5809834E-04    8.5543132E-02   -8.5543132E-02
 4.3700    3.5660317E-04    8.5577173E-02   -8.5577173E-02
 4.3800    3.5478952E-04    8.5532048E-02   -8.5532048E-02
 4.3900    3.5175566E-04    8.5188309E-02   -8.5188309E-02
 4.4000    3.4727728E-04    8.4487330E-02   -8.4487330E-02
 4.4100    3.4157567E-04    8.3478373E-02   -8.3478373E-02
 4.4200    3.3491705E-04    8.2222687E-02   -8.2222687E-02
 4.4300    3.2745679E-04    8.0755352E-02   -8.0755352E-02
 4.4400    3.1935942E-04    7.9114399E-02   -7.9114399E-02
 4.4500    3.1090210E-04    7.7366606E-02   -7.7366606E-02
 4.4600    3.0237973E-04    7.5584415E-02   -7.5584415E-02
 4.4700    2.9394880E-04    7.3806838E-02   -7.3806838E-02
 4.4800    2.8563595E-04    7.2040838E-02   -7.2040838E-02
 4.4900    2.7751603E-04    7.0305713E-02   -7.0305713E-02
 4.5000    2.6984298E-04    6.8666674E-02   -6.8666674E-02
 4.5100    2.6296730E-04    6.7214768E-02   -6.7214768E-02
 4.5200    2.5711945E-04    6.6011813E-02   -6.6011813E-02
 4.5300    2.5228233E-04    6.5056861E-02   -6.5056861E-02
 4.5400    2.4826355E-04    6.4303487E-02   -6.4303487E-02
 4.5500    2.4485786E-04    6.3701067E-02   -6.3701067E-02
 4.5600    2.4191795E-04    6.3213180E-02   -6.3213180E-02
 4.5700    2.3928702E-04    6.2800256E-02   -6.2800256E-02
 4.5800    2.3671614E-04    6.2397715E-02   -6.2397715E-02
 4.5900    2.3390146E-04    6.1925307E-02   -6.1925307E-02
 4.6000    2.3063553E-04    6.1327002E-02   -6.1327002E-02
 4.6100    2.2693378E-04    6.0605334E-02   -6.0605334E-02
 4.6200    2.2300930E-04    5.9815919E-02   -5.9815919E-02
 4.6300    2.1910570E-04    5.9023578E-02   -5.9023578E-02
 4.6400    2.1532500E-04    5.8255950E-02   -5.8255950E-02
 4.6500    2.1158800E-04    5.7491918E-02   -5.7491918E-02
 4.6600    2.0774528E-04    5.6690836E-02   -5.6690836E-02
 4.6700    2.0373056E-04    5.5834136E-02   -5.5834136E-02
 4.6800    1.9962507E-04    5.4943542E-02   -5.4943542E-02
 4.6900    1.9559117E-04    5.4063579E-02   -5.4063579E-02
 4.7000    1.9174824E-04    5.3227609E-02   -5.3227609E-02
 4.7100    1.8810427E-04    5.2438510E-02   -5.2438510E-02
 4.7200    1.8459459E-04    5.1678847E-02   -5.1678847E-02
 4.7300    1.8118174E-04    5.0938548E-02   -5.0938548E-02
 4.7400    1.7792952E-04    5.0235944E-02   -5.0235944E-02
 4.7500    1.7499399E-04    4.9615825E-02   -4.9615825E-02
 4.7600    1.7252524E-04    4.9122043E-02   -4.9122043E-02
 4.7700    1.7052143E-04    4.8755723E-02   -4.8755723E-02
 4.7800    1.6873344E-04    4.8446992E-02   -4.8446992E-02
 4.7900    1.6673854E-04    4.8074734E-02   -4.8074734E-02
 4.8000    1.6419709E-04    4.7539850E-02   -4.7539850E-02
 4.8100    1.6112495E-04    4.6844952E-02   -4.6844952E-02
 4.8200    1.5795637E-04    4.6114881E-02   -4.6114881E-02
 4.8300    1.5533894E-04    4.5539102E-02   -4.5539102E-02
 4.8400    1.5382782E-04    4.5283030E-02   -4.5283030E-02
 4.8500    1.5368412E-04    4.5427866E-02   -4.5427866E-02
 4.8600    1.5480896E-04    4.5949257E-02   -4.5949257E-02
 4.8700    1.5670365E-04    4.6703229E-02   -4.6703229E-02
 4.8800    1.5843791E-04    4.7414222E-02   -4.7414222E-02
 4.8900    1.5880477E-04    4.7718977E-02   -4.7718977E-02
 4.9000    1.5679941E-04    4.7309292E-02   -4.7309292E-02
 4.9100    1.5220328E-04    4.6110183E-02   -4.6110183E-02
 4.9200    1.4579260E-04    4.4348154E-02   -4.4348154E-02
 4.9300    1.3893540E-04    4.2434258E-02   -4.2434258E-02
 4.9400    1.3289555E-04    4.0754372E-02   -4.0754372E-02
 4.9500    1.2839798E-04    3.9534700E-02   -3.9534700E-02
 4.9600    1.2566388E-04    3.8849343E-02   -3.8849343E-02
 4.9700    1.2462830E-04    3.8684707E-02   -3.8684707E-02
 4.9800    1.2496732E-04    3.8946194E-02   -3.8946194E-02
 4.9900    1.2593308E-04    3.9404951E-02   -3.9404951E-02
 5.0000    1.2635118E-04    3.9694395E-02   -3.9694395E-02
 5.0100    1.2504186E-04    3.9440349E-02   -3.9440349E-02
 5.0200    1.2146570E-04    3.8465461E-02   -3.8465461E-02
 5.0300    1.1608283E-04    3.6907432E-02   -3.6907432E-02
 5.0400    1.1011337E-04    3.5148838E-02   -3.5148838E-02
 5.0500    1.0487885E-04    3.3610931E-02   -3.3610931E-02
 5.0600    1.0117959E-04    3.2553959E-02   -3.2553959E-02
 5.0700    9.9027305E-05    3.1987533E-02   -3.1987533E-02
 5.0800    9.7761430E-05    3.1703327E-02   -3.1703327E-02
 5.0900    9.6416572E-05    3.1390419E-02   -3.1390419E-02
 5.1000    9.4190089E-05    3.0786153E-02   -3.0786153E-02
 5.1100    9.0846576E-05    2.9809880E-02   -2.9809880E-02
 5.1200    8.6864877E-05    2.8615016E-02   -2.8615016E-02
 5.1300    8.3200192E-05    2.7514962E-02   -2.7514962E-02
 5.1400    8.0758069E-05    2.6811557E-02   -2.6811557E-02
 5.1500    7.9902941E-05    2.6630976E-02   -2.6630976E-02
 5.1600    8.0312526E-05    2.6871540E-02   -2.6871540E-02
 5.1700    8.1219060E-05    2.7280285E-02   -2.7280285E-02
 5.1800    8.1807849E-05    2.7584452E-02   -2.7584452E-02
 5.1900    8.1515903E-05    2.7592238E-02   -2.7592238E-02
 5.2000    8.0144741E-05    2.7232755E-02   -2.7232755E-02
 5.2100    7.7843519E-05    2.6552644E-02   -2.6552644E-02
 5.2200    7.5018181E-05    2.5687237E-02   -2.5687237E-02
 5.2300    7.2173985E-05    2.4808124E-02   -2.4808124E-02
 5.2400    6.9721031E-05    2.4056710E-02   -2.4056710E-02
 5.2500    6.7835781E-05    2.3495641E-02   -2.3495641E-02
 5.2600    6.6459996E-05    2.3106899E-02   -2.3106899E-02
 5.2700    6.5411663E-05    2.2828968E-02   -2.2828968E-02
 5.2800    6.4496368E-05    2.2595032E-02   -2.2595032E-02
 5.2900    6.3541741E-05    2.2344998E-02   -2.2344998E-02
 5.3000    6.2385287E-05    2.2021342E-02   -2.2021342E-02
 5.3100    6.0895922E-05    2.1576804E-02   -2.1576804E-02
 5.3200    5.9047988E-05    2.1000916E-02   -2.1000916E-02
 5.3300    5.6975156E-05    2.0339946E-02   -2.0339946E-02
 5.3400    5.4925452E-05    1.9681855E-02   -1.9681855E-02
 5.3500    5.3130745E-05    1.9110116E-02   -1.9110116E-02
 5.3600    5.1691649E-05    1.8662071E-02   -1.8662071E-02
 5.3700    5.0565112E-05    1.8323541E-02   -1.8323541E-02
 5.3800    4.9645382E-05    1.8057319E-02   -1.8057319E-02
 5.3900    4.8854225E-05    1.7835674E-02   -1.7835674E-02
 5.4000    4.8172244E-05    1.7652014E-02   -1.7652014E-02
 5.4100    4.7614092E-05    1.7512167E-02   -1.7512167E-02
 5.4200    4.7191321E-05    1.7420899E-02   -1.7420899E-02
 5.4300    4.6888595E-05    1.7373077E-02   -1.7373077E-02
 5.4400    4.6651649E-05    1.7349009E-02   -1.7349009E-02
 5.4500    4.6390306E-05    1.7315303E-02   -1.7315303E-02
 5.4600    4.6010916E-05    1.7236776E-02   -1.7236776E-02
 5.4700    4.5470262E-05    1.7096688E-02   -1.7096688E-02
 5.4800    4.4808794E-05    1.6909635E-02   -1.6909635E-02
 5.4900    4.4128709E-05    1.6713822E-02   -1.6713822E-02
 5.5000    4.3533711E-05    1.6548587E-02   -1.6548587E-02
 5.5100    4.3083226E-05    1.6436952E-02   -1.6436952E-02
 5.5200    4.2792338E-05    1.6385286E-02   -1.6385286E-02
 5.5300    4.2658357E-05    1.6393219E-02   -1.6393219E-02
 5.5400    4.2675077E-05    1.6459010E-02   -1.6459010E-02
 5.5500    4.2822118E-05    1.6575398E-02   -1.6575398E-02
 5.5600    4.3050506E-05    1.6723905E-02   -1.6723905E-02
 5.5700    4.3288160E-05    1.6876772E-02   -1.6876772E-02
 5.5800    4.3464486E-05    1.7006416E-02   -1.7006416E-02
 5.5900    4.3532673E-05    1.7094201E-02   -1.7094201E-02
 5.6000    4.3469117E-05    1.7130370E-02   -1.7130370E-02
 5.6100    4.3245165E-05    1.7103033E-02   -1.7103033E-02
 5.6200    4.2787109E-05    1.6982258E-02   -1.6982258E-02
 5.6300    4.1958735E-05    1.6712793E-02   -1.6712793E-02
 5.6400    4.0600480E-05    1.6229280E-02   -1.6229280E-02
 5.6500    3.8625932E-05    1.5494791E-02   -1.5494791E-02
 5.6600    3.6127813E-05    1.4544018E-02   -1.4544018E-02
 5.6700    3.3423186E-05    1.3502800E-02   -1.3502800E-02
 5.6800    3.0990234E-05    1.2564100E-02   -1.2564100E-02
 5.6900    2.9303747E-05    1.1922232E-02   -1.1922232E-02
 5.7000    2.8643938E-05    1.1694787E-02   -1.1694787E-02
 5.7100    2.8997899E-05    1.1880880E-02   -1.1880880E-02
 5.7200    3.0132985E-05    1.2389223E-02   -1.2389223E-02
 5.7300    3.1784027E-05    1.3113784E-02   -1.3113784E-02
 5.7400    3.3775389E-05    1.3984084E-02   -1.3984084E-02
 5.7500    3.5945997E-05    1.4934686E-02   -1.4934686E-02
 5.7600    3.7956505E-05    1.5824903E-02   -1.5824903E-02
 5.7700    3.9227210E-05    1.6411524E-02   -1.6411524E-02
 5.7800    3.9174286E-05    1.6446240E-02   -1.6446240E-02
 5.7900    3.7616018E-05    1.5846735E-02   -1.5846735E-02
 5.8000    3.5002524E-05    1.4796712E-02   -1.4796712E-02
 5.8100    3.2234053E-05    1.3673417E-02   -1.3673417E-02
 5.8200    3.0182880E-05    1.2847438E-02   -1.2847438E-02
 5.8300    2.9269629E-05    1.2501560E-02   -1.2501560E-02
 5.8400    2.9356042E-05    1.2581518E-02   -1.2581518E-02
 5.8500    2.9944569E-05    1.2877740E-02   -1.2877740E-02
 5.8600    3.0491121E-05    1.3157655E-02   -1.3157655E-02
 5.8700    3.0639443E-05    1.3266823E-02   -1.3266823E-02
 5.8800    3.0292913E-05    1.3161505E-02   -1.3161505E-02
 5.8900    2.9553993E-05    1.2884175E-02   -1.2884175E-02
 5.9000    2.8623768E-05    1.2521048E-02   -1.2521048E-02
 5.9100    2.7728449E-05    1.2170556E-02   -1.2170556E-02
 5.9200    2.7060356E-05    1.1917545E-02   -1.1917545E-02
 5.9300    2.6695280E-05    1.1796515E-02   -1.1796515E-02
 5.9400    2.6519294E-05    1.1758305E-02   -1.1758305E-02
 5.9500    2.6258357E-05    1.1681843E-02   -1.1681843E-02
 5.9600    2.5636912E-05    1.1443743E-02   -1.1443743E-02
 5.9700    2.4555071E-05    1.0997645E-02   -1.0997645E-02
 5.9800    2.3139317E-05    1.0398310E-02   -1.0398310E-02
 5.9900    2.1642179E-05    9.7580828E-03   -9.7580828E-03
 6.0000    2.0301755E-05    9.1842978E-03   -9.1842978E-03
 6.0100    1.9274199E-05    8.7485310E-03   -8.7485310E-03
 6.0200    1.8646475E-05    8.4917966E-03   -8.4917966E-03
 6.0300    1.8462817E-05    8.4361142E-03   -8.4361142E-03
 6.0400    1.8724219E-05    8.5839556E-03   -8.5839556E-03
 6.0500    1.9383301E-05    8.9155546E-03   -8.9155546E-03
 6.0600    2.0366901E-05    9.3989655E-03   -9.3989655E-03
 6.0700    2.1605957E-05    1.0003702E-02   -1.0003702E-02
 6.0800    2.3012186E-05    1.0689931E-02   -1.0689931E-02
 6.0900    2.4389443E-05    1.1367012E-02   -1.1367012E-02
 6.1000    2.5374330E-05    1.1864901E-02   -1.1864901E-02
 6.1100    2.5526606E-05    1.1975271E-02   -1.1975271E-02
 6.1200    2.4556135E-05    1.1557735E-02   -1.1557735E-02
 6.1300    2.2508671E-05    1.0628713E-02   -1.0628713E-02
 6.1400    1.9746213E-05    9.3547120E-03   -9.3547120E-03
 6.1500    1.6752245E-05    7.9622006E-03   -7.9622006E-03
 6.1600    1.3940500E-05    6.6473665E-03   -6.6473665E-03
 6.1700    1.1586974E-05    5.5430683E-03   -5.5430683E-03
 6.1800    9.8442913E-06    4.7246677E-03   -4.7246677E-03
 6.1900    8.7437000E-06    4.2100418E-03   -4.2100418E-03
 6.2000    8.1792666E-06    3.9510052E-03   -3.9510052E-03
 6.2100    7.9464688E-06    3.8509444E-03   -3.8509444E-03
 6.2200    7.8567418E-06    3.8197339E-03   -3.8197339E-03
 6.2300    7.8422151E-06    3.8249407E-03   -3.8249407E-03
 6.2400    7.9504945E-06    3.8902113E-03   -3.8902113E-03
 6.2500    8.2349296E-06    4.0423116E-03   -4.0423116E-03
 6.2600    8.6494886E-06    4.2594052E-03   -4.2594052E-03
 6.2700    9.0461973E-06    4.4690066E-03   -4.4690066E-03
 6.2800    9.2692309E-06    4.5938081E-03   -4.5938081E-03
 6.2900    9.2552924E-06    4.6015198E-03   -4.6015198E-03
 6.3000    9.0578568E-06    4.5176899E-03   -4.5176899E-03
 6.3100    8.7890636E-06    4.3975541E-03   -4.3975541E-03
 6.3200    8.5404174E-06    4.2867003E-03   -4.2867003E-03
 6.3300    8.3462534E-06    4.2025109E-03   -4.2025109E-03
 6.3400    8.2010944E-06    4.1424778E-03   -4.1424778E-03
 6.3500    8.0928347E-06    4.1006999E-03   -4.1006999E-03
 6.3600    8.0138784E-06    4.0734918E-03   -4.0734918E-03
 6.3700    7.9472941E-06    4.0523600E-03   -4.0523600E-03
 6.3800    7.8488264E-06    4.0147263E-03   -4.0147263E-03
 6.3900    7.6419278E-06    3.9211595E-03   -3.9211595E-03
 6.4000    7.2317380E-06    3.7223096E-03   -3.7223096E-03
 6.4100    6.5386682E-06    3.3760994E-03   -3.3760994E-03
 6.4200    5.5440236E-06    2.8714747E-03   -2.8714747E-03
 6.4300    4.3254647E-06    2.2473183E-03   -2.2473183E-03
 6.4400    3.0559430E-06    1.5926738E-03   -1.5926738E-03
 6.4500    1.9579722E-06    1.0236130E-03   -1.0236130E-03
 6.4600    1.2315361E-06    6.4583570E-04   -6.4583570E-04
 6.4700    9.8640953E-07    5.1889046E-04   -5.1889046E-04
 6.4800    1.2047126E-06    6.3568702E-04   -6.3568702E-04
 6.4900    1.7478890E-06    9.2515204E-04   -9.2515204E-04
 6.5000    2.4078293E-06    1.2783868E-03   -1.2783868E-03
 6.5100    2.9819586E-06    1.5880839E-03   -1.5880839E-03
 6.5200    3.3361546E-06    1.7821786E-03   -1.7821786E-03
 6.5300    3.4264021E-06    1.8360080E-03   -1.8360080E-03
 6.5400    3.2803458E-06    1.7631326E-03   -1.7631326E-03
 6.5500    2.9650777E-06    1.5985585E-03   -1.5985585E-03
 6.5600    2.5634888E-06    1.3862737E-03   -1.3862737E-03
 6.5700    2.1598990E-06    1.1715856E-03   -1.1715856E-03
 6.5800    1.8260374E-06    9.9350789E-04   -9.9350789E-04
 6.5900    1.6072410E-06    8.7712544E-04   -8.7712544E-04
 6.6000    1.5161425E-06    8.2992294E-04   -8.2992294E-04
 6.6100    1.5357183E-06    8.4318786E-04   -8.4318786E-04
 6.6200    1.6269468E-06    8.9598180E-04   -8.9598180E-04
 6.6300    1.7390442E-06    9.6061098E-04   -9.6061098E-04
 6.6400    1.8245053E-06    1.0108603E-03   -1.0108603E-03
 6.6500    1.8570457E-06    1.0319906E-03   -1.0319906E-03
 6.6600    1.8432595E-06    1.0274124E-03   -1.0274124E-03
 6.6700    1.8192372E-06    1.0170700E-03   -1.0170700E-03
 6.6800    1.8319203E-06    1.0272340E-03   -1.0272340E-03
 6.6900    1.9135619E-06    1.0762288E-03   -1.0762288E-03
 6.7000    2.0611804E-06    1.1627209E-03   -1.1627209E-03
 6.7100    2.2313318E-06    1.2624642E-03   -1.2624642E-03
 6.7200    2.3544013E-06    1.3360690E-03   -1.3360690E-03
 6.7300    2.3627163E-06    1.3447810E-03   -1.3447810E-03
 6.7400    2.2179983E-06    1.2661667E-03   -1.2661667E-03
 6.7500    1.9237618E-06    1.1014599E-03   -1.1014599E-03
 6.7600    1.5192879E-06    8.7245562E-04   -8.7245562E-04
 6.7700    1.0645244E-06    6.1311622E-04   -6.1311622E-04
 6.7800    6.2727947E-07    3.6235172E-04   -3.6235172E-04
 6.7900    2.7450936E-07    1.5904007E-04   -1.5904007E-04
 6.8000    6.0838820E-08    3.5351551E-05   -3.5351551E-05
 6.8100    1.0700277E-08    6.2358998E-06   -6.2358998E-06
 6.8200    1.0237493E-07    5.9837332E-05   -5.9837332E-05
 6.8300    2.6941919E-07    1.5793552E-04   -1.5793552E-04
 6.8400    4.2738616E-07    2.5127109E-04   -2.5127109E-04
 6.8500    5.1438831E-07    3.0330677E-04   -3.0330677E-04
 6.8600    5.1923801E-07    3.0706094E-04   -3.0706094E-04
 6.8700    4.7744300E-07    2.8316845E-04   -2.8316845E-04
 6.8800    4.4059104E-07    2.6207307E-04   -2.6207307E-04
 6.8900    4.4436211E-07    2.6508511E-04   -2.6508511E-04
 6.9000    4.9537695E-07    2.9637655E-04   -2.9637655E-04
 6.9100    5.7679124E-07    3.4608646E-04   -3.4608646E-04
 6.9200    6.6107445E-07    3.9780700E-04   -3.9780700E-04
 6.9300    7.2273947E-07    4.3617233E-04   -4.3617233E-04
 6.9400    7.4982822E-07    4.5382727E-04   -4.5382727E-04
 6.9500    7.5044380E-07    4.5550972E-04   -4.5550972E-04
 6.9600    7.4702795E-07    4.5474214E-04   -4.5474214E-04
 6.9700    7.5758050E-07    4.6249198E-04   -4.6249198E-04
 6.9800    7.7631848E-07    4.7529214E-04   -4.7529214E-04
 6.9900    7.7107392E-07    4.7343486E-04   -4.7343486E-04
 7.0000    7.0263171E-07    4.3264699E-04   -4.3264699E-04
 7.0100    5.5266235E-07    3.4127602E-04   -3.4127602E-04
 7.0200    3.4028501E-07    2.1073026E-04   -2.1073026E-04
 7.0300    1.1744811E-07    7.2940133E-05   -7.2940133E-05
 7.0400   -5.2162002E-08   -3.2486987E-05    3.2486987E-05
 7.0500   -1.1892757E-07   -7.4279785E-05    7.4279785E-05
 7.0600   -6.6371137E-08   -4.1571771E-05    4.1571771E-05
 7.0700    8.4131891E-08    5.2845662E-05   -5.2845662E-05
 7.0800    2.8361746E-07    1.7865260E-04   -1.7865260E-04
 7.0900    4.7382333E-07    2.9930831E-04   -2.9930831E-04
 7.1000    6.0468072E-07    3.8304754E-04   -3.8304754E-04
 7.1100    6.4630308E-07    4.1056818E-04   -4.1056818E-04
 7.1200    5.9417405E-07    3.7851538E-04   -3.7851538E-04
 7.1300    4.6664757E-07    2.9811095E-04   -2.9811095E-04
 7.1400    2.9566517E-07    1.8941155E-04   -1.8941155E-04
 7.1500    1.1520483E-07    7.4010378E-05   -7.4010378E-05
 7.1600   -4.7765588E-08   -3.0771668E-05    3.0771668E-05
 7.1700   -1.7850275E-07   -1.1531693E-04    1.1531693E-04
 7.1800   -2.7606627E-07   -1.7884307E-04    1.7884307E-04
 7.1900   -3.5026521E-07   -2.2754361E-04    2.2754361E-04
 7.2000   -4.1444620E-07   -2.6998710E-04    2.6998710E-04
 7.2100   -4.7876971E-07   -3.1275701E-04    3.1275701E-04
 7.2200   -5.4816270E-07   -3.5908208E-04    3.5908208E-04
 7.2300   -6.2259274E-07   -4.0896911E-04    4.0896911E-04
 7.2400   -6.9425263E-07   -4.5730351E-04    4.5730351E-04
 7.2500   -7.4292230E-07   -4.9071493E-04    4.9071493E-04
 7.2600   -7.3849387E-07   -4.8913642E-04    4.8913642E-04
 7.2700   -6.5575393E-07   -4.3553152E-04    4.3553152E-04
 7.2800   -4.9300093E-07   -3.2833740E-04    3.2833740E-04
 7.2900   -2.7869773E-07   -1.8612227E-04    1.8612227E-04
 7.3000   -5.8975363E-08   -3.9493553E-05    3.9493553E-05
 7.3100    1.2484247E-07    8.3831447E-05   -8.3831447E-05
 7.3200    2.5179843E-07    1.6954502E-04   -1.6954502E-04
 7.3300    3.2045654E-07    2.1636497E-04   -2.1636497E-04
 7.3400    3.3658181E-07    2.2787287E-04   -2.2787287E-04
 7.3500    3.0303116E-07    2.0571778E-04   -2.0571778E-04
 7.3600    2.2224227E-07    1.5128371E-04   -1.5128371E-04
 7.3700    1.0912912E-07    7.4487861E-05   -7.4487861E-05
 7.3800    2.6487589E-10    1.8128631E-07   -1.8128631E-07
 7.3900   -5.4372429E-08   -3.7314487E-05    3.7314487E-05
 7.4000   -1.5483964E-08   -1.0655049E-05    1.0655049E-05
 7.4100    1.2381407E-07    8.5431158E-05   -8.5431158E-05
 7.4200    3.3618389E-07    2.3259189E-04   -2.3259189E-04
 7.4300    5.7740410E-07    4.0055979E-04   -4.0055979E-04
 7.4400    8.0605599E-07    5.6068759E-04   -5.6068759E-04
 7.4500    9.9171727E-07    6.9168807E-04   -6.9168807E-04
 7.4600    1.1133666E-06    7.7862030E-04   -7.7862030E-04
 7.4700    1.1588036E-06    8.1257020E-04   -8.1257020E-04
 7.4800    1.1303082E-06    7.9471229E-04   -7.9471229E-04
 7.4900    1.0506671E-06    7.4069367E-04   -7.4069367E-04
 7.5000    9.6013178E-07    6.7867716E-04   -6.7867716E-04
 7.5100    9.0182915E-07    6.3916651E-04   -6.3916651E-04
 7.5200    9.0310192E-07    6.4177428E-04   -6.4177428E-04
 7.5300    9.6439107E-07    6.8715229E-04   -6.8715229E-04
 7.5400    1.0627244E-06    7.5922970E-04   -7.5922970E-04
 7.5500    1.1672011E-06    8.3608313E-04   -8.3608313E-04
 7.5600    1.2558806E-06    9.0199019E-04   -9.0199019E-04
 7.5700    1.3232382E-06    9.5288314E-04   -9.5288314E-04
 7.5800    1.3754676E-06    9.9311294E-04   -9.9311294E-04
 7.5900    1.4205484E-06    1.0283701E-03   -1.0283701E-03
 7.6000    1.4624488E-06    1.0614944E-03   -1.0614944E-03
 7.6100    1.5026357E-06    1.0935355E-03   -1.0935355E-03
 7.6200    1.5443974E-06    1.1268831E-03   -1.1268831E-03
 7.6300    1.5938232E-06    1.1660014E-03   -1.1660014E-03
 7.6400    1.6559731E-06    1.2146464E-03   -1.2146464E-03
 7.6500    1.7301619E-06    1.2723877E-03   -1.2723877E-03
 7.6600    1.8090503E-06    1.3338839E-03   -1.3338839E-03
 7.6700    1.8821725E-06    1.3914257E-03   -1.3914257E-03
 7.6800    1.9403925E-06    1.4382087E-03   -1.4382087E-03
 7.6900    1.9780460E-06    1.4699377E-03   -1.4699377E-03
 7.7000    1.9931299E-06    1.4850016E-03   -1.4850016E-03
 7.7100    1.9878200E-06    1.4848948E-03   -1.4848948E-03
 7.7200    1.9696383E-06    1.4751322E-03   -1.4751322E-03
 7.7300    1.9509672E-06    1.4649366E-03   -1.4649366E-03
 7.7400    1.9451053E-06    1.4643163E-03   -1.4643163E-03
 7.7500    1.9603300E-06    1.4795936E-03   -1.4795936E-03
 7.7600    1.9960286E-06    1.5104281E-03   -1.5104281E-03
 7.7700    2.0442707E-06    1.5509232E-03   -1.5509232E-03
 7.7800    2.0963924E-06    1.5945628E-03   -1.5945628E-03
 7.7900    2.1498041E-06    1.6393952E-03   -1.6393952E-03
 7.8000    2.2090497E-06    1.6889024E-03   -1.6889024E-03
 7.8100    2.2792782E-06    1.7470658E-03   -1.7470658E-03
 7.8200    2.3572769E-06    1.8114818E-03   -1.8114818E-03
 7.8300    2.4287251E-06    1.8711635E-03   -1.8711635E-03
 7.8400    2.4760153E-06    1.9124730E-03   -1.9124730E-03
 7.8500    2.4917133E-06    1.9295109E-03   -1.9295109E-03
 7.8600    2.4867049E-06    1.9305418E-03   -1.9305418E-03
 7.8700    2.4853876E-06    1.9344320E-03   -1.9344320E-03
 7.8800    2.5106854E-06    1.9590909E-03   -1.9590909E-03
 7.8900    2.5700455E-06    2.0105028E-03   -2.0105028E-03
 7.9000    2.6524100E-06    2.0801981E-03   -2.0801981E-03
 7.9100    2.7371181E-06    2.1520699E-03   -2.1520699E-03
 7.9200    2.8072722E-06    2.2128132E-03   -2.2128132E-03
 7.9300    2.8583680E-06    2.2587823E-03   -2.2587823E-03
 7.9400    2.8972953E-06    2.2953221E-03   -2.2953221E-03
 7.9500    2.9335137E-06    2.3298730E-03   -2.3298730E-03
 7.9600    2.9698070E-06    2.3646356E-03   -2.3646356E-03
 7.9700    3.0005854E-06    2.3951488E-03   -2.3951488E-03
 7.9800    3.0190455E-06    2.4159353E-03   -2.4159353E-03
 7.9900    3.0256541E-06    2.4272958E-03   -2.4272958E-03
 8.0000    3.0291242E-06    2.4361663E-03   -2.4361663E-03
 8.0100    3.0395989E-06    2.4507057E-03   -2.4507057E-03
 8.0200    3.0620499E-06    2.4749752E-03   -2.4749752E-03
 8.0300    3.0960548E-06    2.5087050E-03   -2.5087050E-03
 8.0400    3.1397883E-06    2.5504824E-03   -2.5504824E-03
 8.0500    3.1924799E-06    2.5997393E-03   -2.5997393E-03
 8.0600    3.2535892E-06    2.6560892E-03   -2.6560892E-03
 8.0700    3.3213172E-06    2.7181116E-03   -2.7181116E-03
 8.0800    3.3927174E-06    2.7834298E-03   -2.7834298E-03
 8.0900    3.4651610E-06    2.8499046E-03   -2.8499046E-03
 8.1000    3.5377935E-06    2.9168384E-03   -2.9168384E-03
 8.1100    3.6117138E-06    2.9851414E-03   -2.9851414E-03
 8.1200    3.6880121E-06    3.0557249E-03   -3.0557249E-03
 8.1300    3.7642504E-06    3.1265794E-03   -3.1265794E-03
 8.1400    3.8322092E-06    3.1908610E-03   -3.1908610E-03
 8.1500    3.8800382E-06    3.2386281E-03   -3.2386281E-03
 8.1600    3.8986547E-06    3.2621577E-03   -3.2621577E-03
 8.1700    3.8880312E-06    3.2612472E-03   -3.2612472E-03
 8.1800    3.8585902E-06    3.2444802E-03   -3.2444802E-03
 8.1900    3.8270008E-06    3.2257910E-03   -3.2257910E-03
 8.2000    3.8097649E-06    3.2191094E-03   -3.2191094E-03
 8.2100    3.8181791E-06    3.2340928E-03   -3.2340928E-03
 8.2200    3.8558904E-06    3.2739963E-03   -3.2739963E-03
 8.2300    3.9188751E-06    3.3355769E-03   -3.3355769E-03
 8.2400    3.9977494E-06    3.4109854E-03   -3.4109854E-03
 8.2500    4.0818019E-06    3.4911595E-03   -3.4911595E-03
 8.2600    4.1627278E-06    3.5690117E-03   -3.5690117E-03
 8.2700    4.2356878E-06    3.6403641E-03   -3.6403641E-03
 8.2800    4.2971398E-06    3.7021159E-03   -3.7021159E-03
 8.2900    4.3416500E-06    3.7495033E-03   -3.7495033E-03
 8.3000    4.3612476E-06    3.7755202E-03   -3.7755202E-03
 8.3100    4.3493997E-06    3.7743418E-03   -3.7743418E-03
 8.3200    4.3081607E-06    3.7475584E-03   -3.7475584E-03
 8.3300    4.2539725E-06    3.7093221E-03   -3.7093221E-03
 8.3400    4.2169970E-06    3.6859145E-03   -3.6859145E-03
 8.3500    4.2313820E-06    3.7073624E-03   -3.7073624E-03
 8.3600    4.3193226E-06    3.7934822E-03   -3.7934822E-03
 8.3700    4.4778829E-06    3.9421533E-03   -3.9421533E-03
 8.3800    4.6784952E-06    4.1286122E-03   -4.1286122E-03
 8.3900    4.8810424E-06    4.3176394E-03   -4.3176394E-03
 8.4000    5.0531102E-06    4.4805074E-03   -4.4805074E-03
 8.4100    5.1814448E-06    4.6052449E-03   -4.6052449E-03
 8.4200    5.2700622E-06    4.6951535E-03   -4.6951535E-03
 8.4300    5.3296271E-06    4.7595055E-03   -4.7595055E-03
 8.4400    5.3670656E-06    4.8043171E-03   -4.8043171E-03
 8.4500    5.3821408E-06    4.8292349E-03   -4.8292349E-03
 8.4600    5.3723148E-06    4.8318344E-03   -4.8318344E-03
 8.4700    5.3412237E-06    4.8152346E-03   -4.8152346E-03
 8.4800    5.3026363E-06    4.7917418E-03   -4.7917418E-03
 8.4900    5.2748821E-06    4.7779104E-03   -4.7779104E-03
 8.5000    5.2695885E-06    4.7843663E-03   -4.7843663E-03
 8.5100    5.2848808E-06    4.8095471E-03   -4.8095471E-03
 8.5200    5.3094910E-06    4.8433064E-03   -4.8433064E-03
 8.5300    5.3338211E-06    4.8769284E-03   -4.8769284E-03
 8.5400    5.3580089E-06    4.9105375E-03   -4.9105375E-03
 8.5500    5.3909638E-06    4.9523179E-03   -4.9523179E-03
 8.5600    5.4424995E-06    5.0113621E-03   -5.0113621E-03
 8.5700    5.5149569E-06    5.0899513E-03   -5.0899513E-03
 8.5800    5.5996855E-06    5.1802185E-03   -5.1802185E-03
 8.5900    5.6804532E-06    5.2671924E-03   -5.2671924E-03
 8.6000    5.7418441E-06    5.3365202E-03   -5.3365202E-03
 8.6100    5.7769400E-06    5.3816324E-03   -5.3816324E-03
 8.6200    5.7884651E-06    5.4049019E-03   -5.4049019E-03
 8.6300    5.7830503E-06    5.4123818E-03   -5.4123818E-03
 8.6400    5.7647516E-06    5.4077667E-03   -5.4077667E-03
 8.6500    5.7342254E-06    5.3915897E-03   -5.3915897E-03
 8.6600    5.6934973E-06    5.3656800E-03   -5.3656800E-03
 8.6700    5.6503415E-06    5.3373140E-03   -5.3373140E-03
 8.6800    5.6172529E-06    5.3183056E-03   -5.3183056E-03
 8.6900    5.6060422E-06    5.3199283E-03   -5.3199283E-03
 8.7000    5.6230934E-06    5.3483973E-03   -5.3483973E-03
 8.7100    5.6684413E-06    5.4039314E-03   -5.4039314E-03
 8.7200    5.7373630E-06    5.4822036E-03   -5.4822036E-03
 8.7300    5.8217992E-06    5.5756509E-03   -5.5756509E-03
 8.7400    5.9113483E-06    5.6743912E-03   -5.6743912E-03
 8.7500    5.9952248E-06    5.7680822E-03   -5.7680822E-03
 8.7600    6.0649234E-06    5.8484852E-03   -5.8484852E-03
 8.7700    6.1157433E-06    5.9109637E-03   -5.9109637E-03
 8.7800    6.1470803E-06    5.9548083E-03   -5.9548083E-03
 8.7900    6.1633452E-06    5.9841725E-03   -5.9841725E-03
 8.8000    6.1751324E-06    6.0092668E-03   -6.0092668E-03
 8.8100    6.1969714E-06    6.0442326E-03   -6.0442326E-03
 8.8200    6.2403045E-06    6.1003228E-03   -6.1003228E-03
 8.8300    6.3067308E-06    6.1792472E-03   -6.1792472E-03
 8.8400    6.3879026E-06    6.2729624E-03   -6.2729624E-03
 8.8500    6.4719334E-06    6.3698682E-03   -6.3698682E-03
 8.8600    6.5499639E-06    6.4612450E-03   -6.4612450E-03
 8.8700    6.6179068E-06    6.5430125E-03   -6.5430125E-03
 8.8800    6.6741256E-06    6.6134819E-03   -6.6134819E-03
 8.8900    6.7167462E-06    6.6707141E-03   -6.6707141E-03
 8.9000    6.7431869E-06    6.7120483E-03   -6.7120483E-03
 8.9100    6.7523517E-06    6.7362831E-03   -6.7362831E-03
 8.9200    6.7479431E-06    6.7470042E-03   -6.7470042E-03
 8.9300    6.7396357E-06    6.7538157E-03   -6.7538157E-03
 8.9400    6.7396388E-06    6.7689534E-03   -6.7689534E-03
 8.9500    6.7563614E-06    6.8009378E-03   -6.8009378E-03
 8.9600    6.7902130E-06    6.8502951E-03   -6.8502951E-03
 8.9700    6.8345529E-06    6.9104267E-03   -6.9104267E-03
 8.9800    6.8797976E-06    6.9716921E-03   -6.9716921E-03
 8.9900    6.9168888E-06    7.0248983E-03   -7.0248983E-03
 9.0000    6.9389685E-06    7.0630096E-03   -7.0630096E-03
 9.0100    6.9426443E-06    7.0824637E-03   -7.0824637E-03
 9.0200    6.9294843E-06    7.0847390E-03   -7.0847390E-03
 9.0300    6.9063881E-06    7.0767906E-03   -7.0767906E-03
 9.0400    6.8835559E-06    7.0690258E-03   -7.0690258E-03
 9.0500    6.8708932E-06    7.0716412E-03   -7.0716412E-03
 9.0600    6.8750764E-06    7.0915928E-03   -7.0915928E-03
 9.0700    6.8985311E-06    7.1315029E-03   -7.1315029E-03
 9.0800    6.9396590E-06    7.1898477E-03   -7.1898477E-03
 9.0900    6.9932237E-06    7.2613112E-03   -7.2613112E-03
 9.1000    7.0509978E-06    7.3374174E-03   -7.3374174E-03
 9.1100    7.1035256E-06    7.4083342E-03   -7.4083342E-03
 9.1200    7.1430159E-06    7.4658826E-03   -7.4658826E-03
 9.1300    7.1661512E-06    7.5064983E-03   -7.5064983E-03
 9.1400    7.1754464E-06    7.5327088E-03   -7.5327088E-03
 9.1500    7.1785021E-06    7.5524157E-03   -7.5524157E-03
 9.1600    7.1852047E-06    7.5759999E-03   -7.5759999E-03
 9.1700    7.2036409E-06    7.6120317E-03   -7.6120317E-03
 9.1800    7.2365372E-06    7.6634799E-03   -7.6634799E-03
 9.1900    7.2804615E-06    7.7268022E-03   -7.7268022E-03
 9.2000    7.3285006E-06    7.7947223E-03   -7.7947223E-03
 9.2100    7.3743775E-06    7.8605782E-03   -7.8605782E-03
 9.2200    7.4147444E-06    7.9207789E-03   -7.9207789E-03
 9.2300    7.4483201E-06    7.9739150E-03   -7.9739150E-03
 9.2400    7.4737795E-06    8.0185176E-03   -8.0185176E-03
 9.2500    7.4893548E-06    8.0526298E-03   -8.0526298E-03
 9.2600    7.4948548E-06    8.0759768E-03   -8.0759768E-03
 9.2700    7.4937682E-06    8.0922555E-03   -8.0922555E-03
 9.2800    7.4926227E-06    8.1084843E-03   -8.1084843E-03
 9.2900    7.4973884E-06    8.1311375E-03   -8.1311375E-03
 9.3000    7.5098172E-06    8.1621604E-03   -8.1621604E-03
 9.3100    7.5270622E-06    8.1985062E-03   -8.1985062E-03
 9.3200    7.5450730E-06    8.2357876E-03   -8.2357876E-03
 9.3300    7.5627302E-06    8.2727855E-03   -8.2727855E-03
 9.3400    7.5828959E-06    8.3126349E-03   -8.3126349E-03
 9.3500    7.6093474E-06    8.3595037E-03   -8.3595037E-03
 9.3600    7.6423623E-06    8.4137418E-03   -8.4137418E-03
 9.3700    7.6770641E-06    8.4700156E-03   -8.4700156E-03
 9.3800    7.7062919E-06    8.5204199E-03   -8.5204199E-03
 9.3900    7.7257875E-06    8.5601980E-03   -8.5601980E-03
 9.4000    7.7374820E-06    8.5914253E-03   -8.5914253E-03
 9.4100    7.7483430E-06    8.6218001E-03   -8.6218001E-03
 9.4200    7.7658881E-06    8.6596990E-03   -8.6596990E-03
 9.4300    7.7937964E-06    8.7092810E-03   -8.7092810E-03
 9.4400    7.8304342E-06    8.7687906E-03   -8.7687906E-03
 9.4500    7.8705866E-06    8.8324378E-03   -8.8324378E-03
 9.4600    7.9084932E-06    8.8937698E-03   -8.8937698E-03
 9.4700    7.9399342E-06    8.9480154E-03   -8.9480154E-03
 9.4800    7.9624989E-06    8.9924064E-03   -8.9924064E-03
 9.4900    7.9748710E-06    9.0253896E-03   -9.0253896E-03
 9.5000    7.9765205E-06    9.0462911E-03   -9.0462911E-03
 9.5100    7.9684145E-06    9.0561335E-03   -9.0561335E-03
 9.5200    7.9541851E-06    9.0589832E-03   -9.0589832E-03
 9.5300    7.9404876E-06    9.0623919E-03   -9.0623919E-03
 9.5400    7.9354195E-06    9.0756242E-03   -9.0756242E-03
 9.5500    7.9450992E-06    9.1057544E-03   -9.1057544E-03
 9.5600    7.9703739E-06    9.1538617E-03   -9.1538617E-03
 9.5700    8.0062847E-06    9.2143513E-03   -9.2143513E-03
 9.5800    8.0449755E-06    9.2782401E-03   -9.2782401E-03
 9.5900    8.0797784E-06    9.3378422E-03   -9.3378422E-03
 9.6000    8.1074799E-06    9.3894080E-03   -9.3894080E-03
 9.6100    8.1278995E-06    9.4326771E-03   -9.4326771E-03
 9.6200    8.1421552E-06    9.4688969E-03   -9.4688969E-03
 9.6300    8.1512075E-06    9.4991422E-03   -9.4991422E-03
 9.6400    8.1553217E-06    9.5236852E-03   -9.5236852E-03
 9.6500    8.1545195E-06    9.5425154E-03   -9.5425154E-03
 9.6600    8.1497505E-06    9.5567104E-03   -9.5567104E-03
 9.6700    8.1438160E-06    9.5695334E-03   -9.5695334E-03
 9.6800    8.1408528E-06    9.5858467E-03   -9.5858467E-03
 9.6900    8.1443511E-06    9.6097902E-03   -9.6097902E-03
 9.7000    8.1552113E-06    9.6424756E-03   -9.6424756E-03
 9.7100    8.1713770E-06    9.6815206E-03   -9.6815206E-03
 9.7200    8.1891332E-06    9.7225533E-03   -9.7225533E-03
 9.7300    8.2049698E-06    9.7614095E-03   -9.7614095E-03
 9.7400    8.2169476E-06    9.7957636E-03   -9.7957636E-03
 9.7500    8.2250796E-06    9.8256029E-03   -9.8256029E-03
 9.7600    8.2307078E-06    9.8525055E-03   -9.8525055E-03
 9.7700    8.2353419E-06    9.8782640E-03   -9.8782640E-03
 9.7800    8.2398162E-06    9.9038738E-03   -9.9038738E-03
 9.7900    8.2442690E-06    9.9295004E-03   -9.9295004E-03
 9.8000    8.2485467E-06    9.9549585E-03   -9.9549585E-03
 9.8100    8.2523535E-06    9.9798888E-03   -9.9798888E-03
 9.8200    8.2551392E-06    1.0003621E-02   -1.0003621E-02
 9.8300    8.2561967E-06    1.0025290E-02   -1.0025290E-02
 9.8400    8.2550445E-06    1.0044296E-02   -1.0044296E-02
 9.8500    8.2517144E-06    1.0060661E-02   -1.0060661E-02
