# total charge: 16.000000 
# r(A)     rho (e/A^3)     4*pi*r^2*rho(e/A)  dip  
 0.0000    8.4302988E+00    0.0000000E+00    1.2766153E+02
 0.0100    8.4287642E+00    1.0591898E-02    1.2701422E+02
 0.0200    8.4268141E+00    4.2357788E-02    1.2509130E+02
 0.0300    8.4243512E+00    9.5277168E-02    1.2194882E+02
 0.0400    8.4212593E+00    1.6931946E-01    1.1767713E+02
 0.0500    8.4173946E+00    2.6444025E-01    1.1239646E+02
 0.0600    8.4125823E+00    3.8057626E-01    1.0625130E+02
 0.0700    8.4066259E+00    5.1763980E-01    9.9403619E+01
 0.0800    8.3993324E+00    6.7551439E-01    9.2025782E+01
 0.0900    8.3905362E+00    8.5405256E-01    8.4293227E+01
 0.1000    8.3801084E+00    1.0530755E+00    7.6377556E+01
 0.1100    8.3679472E+00    1.2723722E+00    6.8440324E+01
 0.1200    8.3539622E+00    1.5116974E+00    6.0627840E+01
 0.1300    8.3380598E+00    1.7707676E+00    5.3067182E+01
 0.1400    8.3201351E+00    2.0492565E+00    4.5863533E+01
 0.1500    8.3000672E+00    2.3467887E+00    3.9098842E+01
 0.1600    8.2777182E+00    2.6629344E+00    3.2831733E+01
 0.1700    8.2529369E+00    2.9972035E+00    2.7098501E+01
 0.1800    8.2255666E+00    3.3490428E+00    2.1915008E+01
 0.1900    8.1954557E+00    3.7178355E+00    1.7279225E+01
 0.2000    8.1624647E+00    4.1029023E+00    1.3174207E+01
 0.2100    8.1264656E+00    4.5034999E+00    9.5712508E+00
 0.2200    8.0873339E+00    4.9188162E+00    6.4330535E+00
 0.2300    8.0449387E+00    5.3479616E+00    3.7166905E+00
 0.2400    7.9991443E+00    5.7899642E+00    1.3762855E+00
 0.2500    7.9498268E+00    6.2437794E+00   -6.3472322E-01
 0.2600    7.8969003E+00    6.7083114E+00   -2.3617612E+00
 0.2700    7.8403278E+00    7.1824335E+00   -3.8477344E+00
 0.2800    7.7801072E+00    7.6649885E+00   -5.1320440E+00
 0.2900    7.7162387E+00    8.1547662E+00   -6.2499559E+00
 0.3000    7.6486987E+00    8.6504745E+00   -7.2322830E+00
 0.3100    7.5774325E+00    9.1507213E+00   -8.1053392E+00
 0.3200    7.5023613E+00    9.6540111E+00   -8.8911029E+00
 0.3300    7.4233949E+00    1.0158751E+01   -9.6075288E+00
 0.3400    7.3404541E+00    1.0663275E+01   -1.0268965E+01
 0.3500    7.2535051E+00    1.1165904E+01   -1.0886645E+01
 0.3600    7.1625942E+00    1.1665013E+01   -1.1469204E+01
 0.3700    7.0678531E+00    1.2159083E+01   -1.2023153E+01
 0.3800    6.9694643E+00    1.2646678E+01   -1.2553255E+01
 0.3900    6.8676053E+00    1.3126363E+01   -1.3062793E+01
 0.4000    6.7624090E+00    1.3596630E+01   -1.3553804E+01
 0.4100    6.6539698E+00    1.4055892E+01   -1.4027328E+01
 0.4200    6.5423865E+00    1.4502559E+01   -1.4483697E+01
 0.4300    6.4278077E+00    1.4935152E+01   -1.4922821E+01
 0.4400    6.3104385E+00    1.5352346E+01   -1.5344365E+01
 0.4500    6.1905055E+00    1.5752918E+01   -1.5747803E+01
 0.4600    6.0682090E+00    1.6135635E+01   -1.6132390E+01
 0.4700    5.9437059E+00    1.6499200E+01   -1.6497162E+01
 0.4800    5.8171333E+00    1.6842298E+01   -1.6841031E+01
 0.4900    5.6886535E+00    1.7163723E+01   -1.7162943E+01
 0.5000    5.5584827E+00    1.7462488E+01   -1.7462013E+01
 0.5100    5.4268815E+00    1.7737833E+01   -1.7737546E+01
 0.5200    5.2941168E+00    1.7989126E+01   -1.7988955E+01
 0.5300    5.1604245E+00    1.8215749E+01   -1.8215647E+01
 0.5400    5.0260084E+00    1.8417072E+01   -1.8417013E+01
 0.5500    4.8910767E+00    1.8592583E+01   -1.8592548E+01
 0.5600    4.7558807E+00    1.8742041E+01   -1.8742021E+01
 0.5700    4.6207156E+00    1.8865521E+01   -1.8865510E+01
 0.5800    4.4858759E+00    1.8963265E+01   -1.8963259E+01
 0.5900    4.3516029E+00    1.9035450E+01   -1.9035446E+01
 0.6000    4.2180654E+00    1.9082078E+01   -1.9082076E+01
 0.6100    4.0853881E+00    1.9103056E+01   -1.9103055E+01
 0.6200    3.9536985E+00    1.9098391E+01   -1.9098391E+01
 0.6300    3.8231595E+00    1.9068362E+01   -1.9068361E+01
 0.6400    3.6939725E+00    1.9013561E+01   -1.9013561E+01
 0.6500    3.5663600E+00    1.8934845E+01   -1.8934845E+01
 0.6600    3.4405448E+00    1.8833236E+01   -1.8833236E+01
 0.6700    3.3167334E+00    1.8709838E+01   -1.8709838E+01
 0.6800    3.1951009E+00    1.8565740E+01   -1.8565740E+01
 0.6900    3.0757808E+00    1.8401932E+01   -1.8401932E+01
 0.7000    2.9588673E+00    1.8219289E+01   -1.8219289E+01
 0.7100    2.8444367E+00    1.8018674E+01   -1.8018674E+01
 0.7200    2.7325730E+00    1.7801091E+01   -1.7801091E+01
 0.7300    2.6233793E+00    1.7567771E+01   -1.7567771E+01
 0.7400    2.5169678E+00    1.7320122E+01   -1.7320122E+01
 0.7500    2.4134361E+00    1.7059574E+01   -1.7059574E+01
 0.7600    2.3128467E+00    1.6787418E+01   -1.6787418E+01
 0.7700    2.2152230E+00    1.6504743E+01   -1.6504743E+01
 0.7800    2.1205672E+00    1.6212541E+01   -1.6212541E+01
 0.7900    2.0288921E+00    1.5911935E+01   -1.5911935E+01
 0.8000    1.9402491E+00    1.5604410E+01   -1.5604410E+01
 0.8100    1.8547285E+00    1.5291857E+01   -1.5291857E+01
 0.8200    1.7724270E+00    1.4976349E+01   -1.4976349E+01
 0.8300    1.6933989E+00    1.4659708E+01   -1.4659708E+01
 0.8400    1.6176146E+00    1.4343116E+01   -1.4343116E+01
 0.8500    1.5449530E+00    1.4026942E+01   -1.4026942E+01
 0.8600    1.4752344E+00    1.3710958E+01   -1.3710958E+01
 0.8700    1.4082818E+00    1.3394852E+01   -1.3394852E+01
 0.8800    1.3439765E+00    1.3078769E+01   -1.3078769E+01
 0.8900    1.2822745E+00    1.2763533E+01   -1.2763533E+01
 0.9000    1.2231767E+00    1.2450422E+01   -1.2450422E+01
 0.9100    1.1666819E+00    1.2140738E+01   -1.2140738E+01
 0.9200    1.1127624E+00    1.1835537E+01   -1.1835537E+01
 0.9300    1.0613717E+00    1.1535682E+01   -1.1535682E+01
 0.9400    1.0124629E+00    1.1242029E+01   -1.1242029E+01
 0.9500    9.6598847E-01    1.0955420E+01   -1.0955420E+01
 0.9600    9.2188025E-01    1.0676449E+01   -1.0676449E+01
 0.9700    8.8003320E-01    1.0405247E+01   -1.0405247E+01
 0.9800    8.4030752E-01    1.0141455E+01   -1.0141455E+01
 0.9900    8.0253958E-01    9.8843181E+00   -9.8843181E+00
 1.0000    7.6654805E-01    9.6327268E+00   -9.6327268E+00
 1.0100    7.3214272E-01    9.3853043E+00   -9.3853043E+00
 1.0200    6.9915167E-01    9.1407452E+00   -9.1407452E+00
 1.0300    6.6745895E-01    8.8983375E+00   -8.8983375E+00
 1.0400    6.3702296E-01    8.6582800E+00   -8.6582800E+00
 1.0500    6.0785625E-01    8.4214979E+00   -8.4214979E+00
 1.0600    5.7997990E-01    8.1890691E+00   -8.1890691E+00
 1.0700    5.5338460E-01    7.9616758E+00   -7.9616758E+00
 1.0800    5.2802074E-01    7.7394190E+00   -7.7394190E+00
 1.0900    5.0381585E-01    7.5220236E+00   -7.5220236E+00
 1.1000    4.8069963E-01    7.3091862E+00   -7.3091862E+00
 1.1100    4.5861703E-01    7.1007791E+00   -7.1007791E+00
 1.1200    4.3752418E-01    6.8968053E+00   -6.8968053E+00
 1.1300    4.1737777E-01    6.6972432E+00   -6.6972432E+00
 1.1400    3.9813192E-01    6.5019939E+00   -6.5019939E+00
 1.1500    3.7974473E-01    6.3109872E+00   -6.3109872E+00
 1.1600    3.6218493E-01    6.1242967E+00   -6.1242967E+00
 1.1700    3.4542955E-01    5.9421152E+00   -5.9421152E+00
 1.1800    3.2945536E-01    5.7646169E+00   -5.7646169E+00
 1.1900    3.1423396E-01    5.5918679E+00   -5.5918679E+00
 1.2000    2.9973452E-01    5.4238680E+00   -5.4238680E+00
 1.2100    2.8592919E-01    5.2606462E+00   -5.2606462E+00
 1.2200    2.7279454E-01    5.1022908E+00   -5.1022908E+00
 1.2300    2.6030864E-01    4.9489000E+00   -4.9489000E+00
 1.2400    2.4844808E-01    4.8005267E+00   -4.8005267E+00
 1.2500    2.3718789E-01    4.6571734E+00   -4.6571734E+00
 1.2600    2.2650267E-01    4.5188120E+00   -4.5188120E+00
 1.2700    2.1636600E-01    4.3853709E+00   -4.3853709E+00
 1.2800    2.0674791E-01    4.2566792E+00   -4.2566792E+00
 1.2900    1.9761336E-01    4.1324307E+00   -4.1324307E+00
 1.3000    1.8892536E-01    4.0122393E+00   -4.0122393E+00
 1.3100    1.8065275E-01    3.8958034E+00   -3.8958034E+00
 1.3200    1.7277774E-01    3.7830799E+00   -3.7830799E+00
 1.3300    1.6529620E-01    3.6743119E+00   -3.6743119E+00
 1.3400    1.5820786E-01    3.5698298E+00   -3.5698298E+00
 1.3500    1.5150283E-01    3.4697497E+00   -3.4697497E+00
 1.3600    1.4515577E-01    3.3738206E+00   -3.3738206E+00
 1.3700    1.3913354E-01    3.2815787E+00   -3.2815787E+00
 1.3800    1.3341071E-01    3.1927046E+00   -3.1927046E+00
 1.3900    1.2797997E-01    3.1072877E+00   -3.1072877E+00
 1.4000    1.2284755E-01    3.0257458E+00   -3.0257458E+00
 1.4100    1.1801579E-01    2.9484124E+00   -2.9484124E+00
 1.4200    1.1346585E-01    2.8750918E+00   -2.8750918E+00
 1.4300    1.0915511E-01    2.8049558E+00   -2.8049558E+00
 1.4400    1.0503259E-01    2.7368999E+00   -2.7368999E+00
 1.4500    1.0106083E-01    2.6701074E+00   -2.6701074E+00
 1.4600    9.7228264E-02    2.6044025E+00   -2.6044025E+00
 1.4700    9.3544630E-02    2.5401736E+00   -2.5401736E+00
 1.4800    9.0025766E-02    2.4779933E+00   -2.4779933E+00
 1.4900    8.6680012E-02    2.4182509E+00   -2.4182509E+00
 1.5000    8.3504391E-02    2.3610310E+00   -2.3610310E+00
 1.5100    8.0489680E-02    2.3062371E+00   -2.3062371E+00
 1.5200    7.7627358E-02    2.2537817E+00   -2.2537817E+00
 1.5300    7.4911761E-02    2.2036506E+00   -2.2036506E+00
 1.5400    7.2336550E-02    2.1558031E+00   -2.1558031E+00
 1.5500    6.9890304E-02    2.1100376E+00   -2.1100376E+00
 1.5600    6.7556639E-02    2.0659847E+00   -2.0659847E+00
 1.5700    6.5319357E-02    2.0232571E+00   -2.0232571E+00
 1.5800    6.3168316E-02    1.9816335E+00   -1.9816335E+00
 1.5900    6.1101686E-02    1.9411420E+00   -1.9411420E+00
 1.6000    5.9123874E-02    1.9020096E+00   -1.9020096E+00
 1.6100    5.7241286E-02    1.8645370E+00   -1.8645370E+00
 1.6200    5.5458158E-02    1.8289647E+00   -1.8289647E+00
 1.6300    5.3773839E-02    1.7953789E+00   -1.7953789E+00
 1.6400    5.2182314E-02    1.7636845E+00   -1.7636845E+00
 1.6500    5.0673964E-02    1.7336548E+00   -1.7336548E+00
 1.6600    4.9238252E-02    1.7050168E+00   -1.7050168E+00
 1.6700    4.7865465E-02    1.6775099E+00   -1.6775099E+00
 1.6800    4.6546852E-02    1.6508923E+00   -1.6508923E+00
 1.6900    4.5274325E-02    1.6249322E+00   -1.6249322E+00
 1.7000    4.4041152E-02    1.5994342E+00   -1.5994342E+00
 1.7100    4.2843481E-02    1.5742976E+00   -1.5742976E+00
 1.7200    4.1681013E-02    1.5495480E+00   -1.5495480E+00
 1.7300    4.0555847E-02    1.5253010E+00   -1.5253010E+00
 1.7400    3.9470425E-02    1.5016896E+00   -1.5016896E+00
 1.7500    3.8426269E-02    1.4788161E+00   -1.4788161E+00
 1.7600    3.7424024E-02    1.4567522E+00   -1.4567522E+00
 1.7700    3.6463845E-02    1.4355518E+00   -1.4355518E+00
 1.7800    3.5545107E-02    1.4152387E+00   -1.4152387E+00
 1.7900    3.4665656E-02    1.3957748E+00   -1.3957748E+00
 1.8000    3.3821765E-02    1.3770545E+00   -1.3770545E+00
 1.8100    3.3009359E-02    1.3589520E+00   -1.3589520E+00
 1.8200    3.2225551E-02    1.3413836E+00   -1.3413836E+00
 1.8300    3.1468922E-02    1.3243230E+00   -1.3243230E+00
 1.8400    3.0738317E-02    1.3077526E+00   -1.3077526E+00
 1.8500    3.0031710E-02    1.2916159E+00   -1.2916159E+00
 1.8600    2.9346666E-02    1.2758350E+00   -1.2758350E+00
 1.8700    2.8681968E-02    1.2603815E+00   -1.2603815E+00
 1.8800    2.8038445E-02    1.2453158E+00   -1.2453158E+00
 1.8900    2.7417886E-02    1.2307432E+00   -1.2307432E+00
 1.9000    2.6821052E-02    1.2167263E+00   -1.2167263E+00
 1.9100    2.6246627E-02    1.2032340E+00   -1.2032340E+00
 1.9200    2.5691755E-02    1.1901620E+00   -1.1901620E+00
 1.9300    2.5153227E-02    1.1773842E+00   -1.1773842E+00
 1.9400    2.4628075E-02    1.1647797E+00   -1.1647797E+00
 1.9500    2.4113306E-02    1.1522211E+00   -1.1522211E+00
 1.9600    2.3605569E-02    1.1395581E+00   -1.1395581E+00
 1.9700    2.3101744E-02    1.1266450E+00   -1.1266450E+00
 1.9800    2.2600653E-02    1.1134257E+00   -1.1134257E+00
 1.9900    2.2104877E-02    1.1000290E+00   -1.1000290E+00
 2.0000    2.1620963E-02    1.0867881E+00   -1.0867881E+00
 2.0100    2.1157173E-02    1.0741368E+00   -1.0741368E+00
 2.0200    2.0719753E-02    1.0624223E+00   -1.0624223E+00
 2.0300    2.0310018E-02    1.0517494E+00   -1.0517494E+00
 2.0400    1.9924118E-02    1.0419558E+00   -1.0419558E+00
 2.0500    1.9555570E-02    1.0327330E+00   -1.0327330E+00
 2.0600    1.9198822E-02    1.0238089E+00   -1.0238089E+00
 2.0700    1.8851436E-02    1.0150677E+00   -1.0150677E+00
 2.0800    1.8513429E-02    1.0065223E+00   -1.0065223E+00
 2.0900    1.8184509E-02    9.9816885E-01   -9.9816885E-01
 2.1000    1.7861724E-02    9.8985554E-01   -9.8985554E-01
 2.1100    1.7539612E-02    9.8128409E-01   -9.8128409E-01
 2.1200    1.7212505E-02    9.7213296E-01   -9.7213296E-01
 2.1300    1.6876851E-02    9.6218921E-01   -9.6218921E-01
 2.1400    1.6532118E-02    9.5140604E-01   -9.5140604E-01
 2.1500    1.6180804E-02    9.3991131E-01   -9.3991131E-01
 2.1600    1.5828723E-02    9.2803263E-01   -9.2803263E-01
 2.1700    1.5485389E-02    9.1632903E-01   -9.1632903E-01
 2.1800    1.5162809E-02    9.0552933E-01   -9.0552933E-01
 2.1900    1.4871632E-02    8.9630686E-01   -8.9630686E-01
 2.2000    1.4616146E-02    8.8897201E-01   -8.8897201E-01
 2.2100    1.4391457E-02    8.8328157E-01   -8.8328157E-01
 2.2200    1.4185026E-02    8.7850848E-01   -8.7850848E-01
 2.2300    1.3981711E-02    8.7373535E-01   -8.7373535E-01
 2.2400    1.3769324E-02    8.6819745E-01   -8.6819745E-01
 2.2500    1.3541898E-02    8.6149834E-01   -8.6149834E-01
 2.2600    1.3299611E-02    8.5362215E-01   -8.5362215E-01
 2.2700    1.3046376E-02    8.4479523E-01   -8.4479523E-01
 2.2800    1.2787194E-02    8.3532370E-01   -8.3532370E-01
 2.2900    1.2526685E-02    8.2549984E-01   -8.2549984E-01
 2.3000    1.2268696E-02    8.1557509E-01   -8.1557509E-01
 2.3100    1.2016293E-02    8.0575747E-01   -8.0575747E-01
 2.3200    1.1772051E-02    7.9622897E-01   -7.9622897E-01
 2.3300    1.1538737E-02    7.8719073E-01   -7.8719073E-01
 2.3400    1.1319510E-02    7.7887761E-01   -7.7887761E-01
 2.3500    1.1116368E-02    7.7145126E-01   -7.7145126E-01
 2.3600    1.0927260E-02    7.6479519E-01   -7.6479519E-01
 2.3700    1.0744633E-02    7.5839966E-01   -7.5839966E-01
 2.3800    1.0557903E-02    7.5152159E-01   -7.5152159E-01
 2.3900    1.0359054E-02    7.4357666E-01   -7.4357666E-01
 2.4000    1.0147317E-02    7.3448605E-01   -7.3448605E-01
 2.4100    9.9293617E-03    7.2471171E-01   -7.2471171E-01
 2.4200    9.7150976E-03    7.1496991E-01   -7.1496991E-01
 2.4300    9.5124751E-03    7.0585573E-01   -7.0585573E-01
 2.4400    9.3246403E-03    6.9762430E-01   -6.9762430E-01
 2.4500    9.1501631E-03    6.9019350E-01   -6.9019350E-01
 2.4600    8.9848000E-03    6.8326393E-01   -6.8326393E-01
 2.4700    8.8231625E-03    6.7643808E-01   -6.7643808E-01
 2.4800    8.6600093E-03    6.6931658E-01   -6.6931658E-01
 2.4900    8.4916755E-03    6.6160982E-01   -6.6160982E-01
 2.5000    8.3175424E-03    6.5325825E-01   -6.5325825E-01
 2.5100    8.1405486E-03    6.4448228E-01   -6.4448228E-01
 2.5200    7.9659665E-03    6.3569591E-01   -6.3569591E-01
 2.5300    7.7988800E-03    6.2731135E-01   -6.2731135E-01
 2.5400    7.6417364E-03    6.1954000E-01   -6.1954000E-01
 2.5500    7.4933314E-03    6.1230127E-01   -6.1230127E-01
 2.5600    7.3498714E-03    6.0529842E-01   -6.0529842E-01
 2.5700    7.2076379E-03    5.9823122E-01   -5.9823122E-01
 2.5800    7.0656325E-03    5.9101747E-01   -5.9101747E-01
 2.5900    6.9263089E-03    5.8386340E-01   -5.8386340E-01
 2.6000    6.7937673E-03    5.7712146E-01   -5.7712146E-01
 2.6100    6.6708616E-03    5.7104825E-01   -5.7104825E-01
 2.6200    6.5577051E-03    5.6567154E-01   -5.6567154E-01
 2.6300    6.4528741E-03    5.6088594E-01   -5.6088594E-01
 2.6400    6.3560218E-03    5.5667676E-01   -5.5667676E-01
 2.6500    6.2689903E-03    5.5322170E-01   -5.5322170E-01
 2.6600    6.1937310E-03    5.5071319E-01   -5.5071319E-01
 2.6700    6.1286052E-03    5.4902742E-01   -5.4902742E-01
 2.6800    6.0666696E-03    5.4755758E-01   -5.4755758E-01
 2.6900    5.9980042E-03    5.4540761E-01   -5.4540761E-01
 2.7000    5.9145150E-03    5.4182187E-01   -5.4182187E-01
 2.7100    5.8136343E-03    5.3653265E-01   -5.3653265E-01
 2.7200    5.6986306E-03    5.2980759E-01   -5.2980759E-01
 2.7300    5.5760540E-03    5.2223038E-01   -5.2223038E-01
 2.7400    5.4525606E-03    5.1441247E-01   -5.1441247E-01
 2.7500    5.3330323E-03    5.0681501E-01   -5.0681501E-01
 2.7600    5.2203965E-03    4.9972551E-01   -4.9972551E-01
 2.7700    5.1162431E-03    4.9331074E-01   -4.9331074E-01
 2.7800    5.0211735E-03    4.8764602E-01   -4.8764602E-01
 2.7900    4.9346465E-03    4.8269669E-01   -4.8269669E-01
 2.8000    4.8549340E-03    4.7830977E-01   -4.7830977E-01
 2.8100    4.7797653E-03    4.7427374E-01   -4.7427374E-01
 2.8200    4.7074619E-03    4.7042987E-01   -4.7042987E-01
 2.8300    4.6377421E-03    4.6675538E-01   -4.6675538E-01
 2.8400    4.5715397E-03    4.6334986E-01   -4.6334986E-01
 2.8500    4.5098638E-03    4.6032336E-01   -4.6032336E-01
 2.8600    4.4523265E-03    4.5764522E-01   -4.5764522E-01
 2.8700    4.3962715E-03    4.5504900E-01   -4.5504900E-01
 2.8800    4.3374089E-03    4.5209032E-01   -4.5209032E-01
 2.8900    4.2721111E-03    4.4838191E-01   -4.4838191E-01
 2.9000    4.2000470E-03    4.4387431E-01   -4.4387431E-01
 2.9100    4.1249405E-03    4.3894846E-01   -4.3894846E-01
 2.9200    4.0523739E-03    4.3419526E-01   -4.3419526E-01
 2.9300    3.9860814E-03    4.3002259E-01   -4.3002259E-01
 2.9400    3.9256125E-03    4.2639485E-01   -4.2639485E-01
 2.9500    3.8671503E-03    4.2290707E-01   -4.2290707E-01
 2.9600    3.8066828E-03    4.1912154E-01   -4.1912154E-01
 2.9700    3.7429363E-03    4.1489213E-01   -4.1489213E-01
 2.9800    3.6778822E-03    4.1043105E-01   -4.1043105E-01
 2.9900    3.6147564E-03    4.0609840E-01   -4.0609840E-01
 3.0000    3.5554909E-03    4.0211654E-01   -4.0211654E-01
 3.0100    3.4996433E-03    3.9844340E-01   -3.9844340E-01
 3.0200    3.4453940E-03    3.9487774E-01   -3.9487774E-01
 3.0300    3.3914637E-03    3.9127517E-01   -3.9127517E-01
 3.0400    3.3382710E-03    3.8768466E-01   -3.8768466E-01
 3.0500    3.2874903E-03    3.8430322E-01   -3.8430322E-01
 3.0600    3.2405699E-03    3.8130642E-01   -3.8130642E-01
 3.0700    3.1975511E-03    3.7870767E-01   -3.7870767E-01
 3.0800    3.1571006E-03    3.7635676E-01   -3.7635676E-01
 3.0900    3.1175250E-03    3.7405613E-01   -3.7405613E-01
 3.1000    3.0777913E-03    3.7168276E-01   -3.7168276E-01
 3.1100    3.0378102E-03    3.6922515E-01   -3.6922515E-01
 3.1200    2.9980150E-03    3.6673541E-01   -3.6673541E-01
 3.1300    2.9587712E-03    3.6425868E-01   -3.6425868E-01
 3.1400    2.9200573E-03    3.6179331E-01   -3.6179331E-01
 3.1500    2.8814992E-03    3.5929359E-01   -3.5929359E-01
 3.1600    2.8426369E-03    3.5670189E-01   -3.5670189E-01
 3.1700    2.8033003E-03    3.5399573E-01   -3.5399573E-01
 3.1800    2.7639263E-03    3.5122916E-01   -3.5122916E-01
 3.1900    2.7255629E-03    3.4853584E-01   -3.4853584E-01
 3.2000    2.6894131E-03    3.4607270E-01   -3.4607270E-01
 3.2100    2.6561298E-03    3.4392934E-01   -3.4392934E-01
 3.2200    2.6253513E-03    3.4206531E-01   -3.4206531E-01
 3.2300    2.5958359E-03    3.4032366E-01   -3.4032366E-01
 3.2400    2.5661258E-03    3.3851493E-01   -3.3851493E-01
 3.2500    2.5353527E-03    3.3652317E-01   -3.3652317E-01
 3.2600    2.5037339E-03    3.3437457E-01   -3.3437457E-01
 3.2700    2.4724058E-03    3.3221950E-01   -3.3221950E-01
 3.2800    2.4425174E-03    3.3021380E-01   -3.3021380E-01
 3.2900    2.4140517E-03    3.2835847E-01   -3.2835847E-01
 3.3000    2.3853069E-03    3.2642394E-01   -3.2642394E-01
 3.3100    2.3536984E-03    3.2405345E-01   -3.2405345E-01
 3.3200    2.3174894E-03    3.2099909E-01   -3.2099909E-01
 3.3300    2.2771571E-03    3.1731553E-01   -3.1731553E-01
 3.3400    2.2352732E-03    3.1335268E-01   -3.1335268E-01
 3.3500    2.1949647E-03    3.0954730E-01   -3.0954730E-01
 3.3600    2.1581615E-03    3.0617686E-01   -3.0617686E-01
 3.3700    2.1249377E-03    3.0326051E-01   -3.0326051E-01
 3.3800    2.0942320E-03    3.0065474E-01   -3.0065474E-01
 3.3900    2.0650653E-03    2.9822431E-01   -2.9822431E-01
 3.4000    2.0371245E-03    2.9592746E-01   -2.9592746E-01
 3.4100    2.0103919E-03    2.9376452E-01   -2.9376452E-01
 3.4200    1.9844598E-03    2.9167847E-01   -2.9167847E-01
 3.4300    1.9583674E-03    2.8952914E-01   -2.8952914E-01
 3.4400    1.9311519E-03    2.8717273E-01   -2.8717273E-01
 3.4500    1.9025445E-03    2.8456591E-01   -2.8456591E-01
 3.4600    1.8731201E-03    2.8179137E-01   -2.8179137E-01
 3.4700    1.8437859E-03    2.7898400E-01   -2.7898400E-01
 3.4800    1.8151250E-03    2.7623257E-01   -2.7623257E-01
 3.4900    1.7871634E-03    2.7354260E-01   -2.7354260E-01
 3.5000    1.7596518E-03    2.7087735E-01   -2.7087735E-01
 3.5100    1.7325330E-03    2.6822893E-01   -2.6822893E-01
 3.5200    1.7062349E-03    2.6566479E-01   -2.6566479E-01
 3.5300    1.6816251E-03    2.6332280E-01   -2.6332280E-01
 3.5400    1.6596210E-03    2.6135169E-01   -2.6135169E-01
 3.5500    1.6405883E-03    2.5981617E-01   -2.5981617E-01
 3.5600    1.6238450E-03    2.5861544E-01   -2.5861544E-01
 3.5700    1.6076658E-03    2.5747915E-01   -2.5747915E-01
 3.5800    1.5899472E-03    2.5606995E-01   -2.5606995E-01
 3.5900    1.5692141E-03    2.5414465E-01   -2.5414465E-01
 3.6000    1.5453165E-03    2.5167050E-01   -2.5167050E-01
 3.6100    1.5193565E-03    2.4881924E-01   -2.4881924E-01
 3.6200    1.4929649E-03    2.4585362E-01   -2.4585362E-01
 3.6300    1.4674897E-03    2.4299546E-01   -2.4299546E-01
 3.6400    1.4436104E-03    2.4036023E-01   -2.4036023E-01
 3.6500    1.4214902E-03    2.3797945E-01   -2.3797945E-01
 3.6600    1.4011827E-03    2.3586680E-01   -2.3586680E-01
 3.6700    1.3828757E-03    2.3405888E-01   -2.3405888E-01
 3.6800    1.3667190E-03    2.3258663E-01   -2.3258663E-01
 3.6900    1.3523507E-03    2.3139392E-01   -2.3139392E-01
 3.7000    1.3385562E-03    2.3027667E-01   -2.3027667E-01
 3.7100    1.3235073E-03    2.2892015E-01   -2.2892015E-01
 3.7200    1.3056142E-03    2.2704430E-01   -2.2704430E-01
 3.7300    1.2844711E-03    2.2457007E-01   -2.2457007E-01
 3.7400    1.2611715E-03    2.2168036E-01   -2.2168036E-01
 3.7500    1.2376961E-03    2.1871896E-01   -2.1871896E-01
 3.7600    1.2158005E-03    2.1599708E-01   -2.1599708E-01
 3.7700    1.1961894E-03    2.1364490E-01   -2.1364490E-01
 3.7800    1.1784591E-03    2.1159625E-01   -2.1159625E-01
 3.7900    1.1616537E-03    2.0968383E-01   -2.0968383E-01
 3.8000    1.1449017E-03    2.0775203E-01   -2.0775203E-01
 3.8100    1.1277177E-03    2.0571227E-01   -2.0571227E-01
 3.8200    1.1099584E-03    2.0353696E-01   -2.0353696E-01
 3.8300    1.0916996E-03    2.0123826E-01   -2.0123826E-01
 3.8400    1.0732218E-03    1.9886657E-01   -1.9886657E-01
 3.8500    1.0550419E-03    1.9651741E-01   -1.9651741E-01
 3.8600    1.0378067E-03    1.9431260E-01   -1.9431260E-01
 3.8700    1.0220050E-03    1.9234674E-01   -1.9234674E-01
 3.8800    1.0076753E-03    1.9063118E-01   -1.9063118E-01
 3.8900    9.9435224E-04    1.8908162E-01   -1.8908162E-01
 3.9000    9.8132448E-04    1.8756496E-01   -1.8756496E-01
 3.9100    9.6802463E-04    1.8597295E-01   -1.8597295E-01
 3.9200    9.5426746E-04    1.8426893E-01   -1.8426893E-01
 3.9300    9.4020826E-04    1.8248158E-01   -1.8248158E-01
 3.9400    9.2614738E-04    1.8066849E-01   -1.8066849E-01
 3.9500    9.1239392E-04    1.7889015E-01   -1.7889015E-01
 3.9600    8.9925428E-04    1.7720777E-01   -1.7720777E-01
 3.9700    8.8703002E-04    1.7568278E-01   -1.7568278E-01
 3.9800    8.7590935E-04    1.7435531E-01   -1.7435531E-01
 3.9900    8.6580344E-04    1.7321080E-01   -1.7321080E-01
 4.0000    8.5630225E-04    1.7216978E-01   -1.7216978E-01
 4.0100    8.4684471E-04    1.7112064E-01   -1.7112064E-01
 4.0200    8.3699054E-04    1.6997401E-01   -1.6997401E-01
 4.0300    8.2658005E-04    1.6869604E-01   -1.6869604E-01
 4.0400    8.1568445E-04    1.6729955E-01   -1.6729955E-01
 4.0500    8.0444314E-04    1.6581173E-01   -1.6581173E-01
 4.0600    7.9294641E-04    1.6425015E-01   -1.6425015E-01
 4.0700    7.8122163E-04    1.6261962E-01   -1.6261962E-01
 4.0800    7.6927010E-04    1.6091964E-01   -1.6091964E-01
 4.0900    7.5709581E-04    1.5915025E-01   -1.5915025E-01
 4.1000    7.4472560E-04    1.5731635E-01   -1.5731635E-01
 4.1100    7.3224101E-04    1.5543455E-01   -1.5543455E-01
 4.1200    7.1980873E-04    1.5353995E-01   -1.5353995E-01
 4.1300    7.0767114E-04    1.5168459E-01   -1.5168459E-01
 4.1400    6.9608081E-04    1.4992367E-01   -1.4992367E-01
 4.1500    6.8521127E-04    1.4829638E-01   -1.4829638E-01
 4.1600    6.7510472E-04    1.4681407E-01   -1.4681407E-01
 4.1700    6.6569412E-04    1.4546439E-01   -1.4546439E-01
 4.1800    6.5686541E-04    1.4422443E-01   -1.4422443E-01
 4.1900    6.4847749E-04    1.4306481E-01   -1.4306481E-01
 4.2000    6.4031174E-04    1.4193840E-01   -1.4193840E-01
 4.2100    6.3203966E-04    1.4077268E-01   -1.4077268E-01
 4.2200    6.2331720E-04    1.3949026E-01   -1.3949026E-01
 4.2300    6.1397280E-04    1.3805106E-01   -1.3805106E-01
 4.2400    6.0411765E-04    1.3647814E-01   -1.3647814E-01
 4.2500    5.9406142E-04    1.3484010E-01   -1.3484010E-01
 4.2600    5.8411101E-04    1.3320620E-01   -1.3320620E-01
 4.2700    5.7442518E-04    1.3161309E-01   -1.3161309E-01
 4.2800    5.6500390E-04    1.3006153E-01   -1.3006153E-01
 4.2900    5.5575842E-04    1.2853177E-01   -1.2853177E-01
 4.3000    5.4658870E-04    1.2700108E-01   -1.2700108E-01
 4.3100    5.3745368E-04    1.2546005E-01   -1.2546005E-01
 4.3200    5.2843909E-04    1.2392881E-01   -1.2392881E-01
 4.3300    5.1978554E-04    1.2246440E-01   -1.2246440E-01
 4.3400    5.1181268E-04    1.2114357E-01   -1.2114357E-01
 4.3500    5.0473148E-04    1.2001866E-01   -1.2001866E-01
 4.3600    4.9845391E-04    1.1907151E-01   -1.1907151E-01
 4.3700    4.9256873E-04    1.1820602E-01   -1.1820602E-01
 4.3800    4.8654791E-04    1.1729613E-01   -1.1729613E-01
 4.3900    4.8003853E-04    1.1625590E-01   -1.1625590E-01
 4.4000    4.7300176E-04    1.1507420E-01   -1.1507420E-01
 4.4100    4.6560757E-04    1.1379078E-01   -1.1379078E-01
 4.4200    4.5803045E-04    1.1244723E-01   -1.1244723E-01
 4.4300    4.5035235E-04    1.1106309E-01   -1.1106309E-01
 4.4400    4.4261974E-04    1.0964948E-01   -1.0964948E-01
 4.4500    4.3492891E-04    1.0823013E-01   -1.0823013E-01
 4.4600    4.2741720E-04    1.0683943E-01   -1.0683943E-01
 4.4700    4.2017720E-04    1.0550120E-01   -1.0550120E-01
 4.4800    4.1320438E-04    1.0421514E-01   -1.0421514E-01
 4.4900    4.0643820E-04    1.0296677E-01   -1.0296677E-01
 4.5000    3.9984403E-04    1.0174791E-01   -1.0174791E-01
 4.5100    3.9344651E-04    1.0056541E-01   -1.0056541E-01
 4.5200    3.8729438E-04    9.9432401E-02   -9.9432401E-02
 4.5300    3.8141251E-04    9.8356078E-02   -9.8356078E-02
 4.5400    3.7579362E-04    9.7335434E-02   -9.7335434E-02
 4.5500    3.7042093E-04    9.6366964E-02   -9.6366964E-02
 4.5600    3.6527983E-04    9.5447651E-02   -9.5447651E-02
 4.5700    3.6034223E-04    9.4570879E-02   -9.4570879E-02
 4.5800    3.5554913E-04    9.3721760E-02   -9.3721760E-02
 4.5900    3.5082213E-04    9.2880002E-02   -9.2880002E-02
 4.6000    3.4610208E-04    9.2030066E-02   -9.2030066E-02
 4.6100    3.4138117E-04    9.1169857E-02   -9.1169857E-02
 4.6200    3.3669701E-04    9.0309426E-02   -9.0309426E-02
 4.6300    3.3209036E-04    8.9459840E-02   -8.9459840E-02
 4.6400    3.2755994E-04    8.8620991E-02   -8.8620991E-02
 4.6500    3.2304973E-04    8.7777893E-02   -8.7777893E-02
 4.6600    3.1847707E-04    8.6908023E-02   -8.6908023E-02
 4.6700    3.1377987E-04    8.5994110E-02   -8.5994110E-02
 4.6800    3.0894977E-04    8.5033381E-02   -8.5033381E-02
 4.6900    3.0402997E-04    8.4037272E-02   -8.4037272E-02
 4.7000    2.9908406E-04    8.3023082E-02   -8.3023082E-02
 4.7100    2.9416498E-04    8.2005436E-02   -8.2005436E-02
 4.7200    2.8930955E-04    8.0994704E-02   -8.0994704E-02
 4.7300    2.8455803E-04    8.0002394E-02   -8.0002394E-02
 4.7400    2.7997611E-04    7.9047387E-02   -7.9047387E-02
 4.7500    2.7565456E-04    7.8155988E-02   -7.8155988E-02
 4.7600    2.7167144E-04    7.7351324E-02   -7.7351324E-02
 4.7700    2.6802375E-04    7.6633718E-02   -7.6633718E-02
 4.7800    2.6457452E-04    7.5965023E-02   -7.5965023E-02
 4.7900    2.6108424E-04    7.5276870E-02   -7.5276870E-02
 4.8000    2.5734587E-04    7.4509138E-02   -7.4509138E-02
 4.8100    2.5333918E-04    7.3655024E-02   -7.3655024E-02
 4.8200    2.4927268E-04    7.2774399E-02   -7.2774399E-02
 4.8300    2.4546294E-04    7.1959817E-02   -7.1959817E-02
 4.8400    2.4214134E-04    7.1280302E-02   -7.1280302E-02
 4.8500    2.3933369E-04    7.0745233E-02   -7.0745233E-02
 4.8600    2.3687842E-04    7.0308510E-02   -7.0308510E-02
 4.8700    2.3452987E-04    6.9898192E-02   -6.9898192E-02
 4.8800    2.3205565E-04    6.9445107E-02   -6.9445107E-02
 4.8900    2.2929204E-04    6.8899578E-02   -6.8899578E-02
 4.9000    2.2617479E-04    6.8241132E-02   -6.8241132E-02
 4.9100    2.2275163E-04    6.7482899E-02   -6.7482899E-02
 4.9200    2.1915394E-04    6.6663691E-02   -6.6663691E-02
 4.9300    2.1552835E-04    6.5827614E-02   -6.5827614E-02
 4.9400    2.1198225E-04    6.5007469E-02   -6.5007469E-02
 4.9500    2.0859516E-04    6.4228014E-02   -6.4228014E-02
 4.9600    2.0547177E-04    6.3522177E-02   -6.3522177E-02
 4.9700    2.0274816E-04    6.2933163E-02   -6.2933163E-02
 4.9800    2.0049905E-04    6.2485732E-02   -6.2485732E-02
 4.9900    1.9860934E-04    6.2145633E-02   -6.2145633E-02
 5.0000    1.9674853E-04    6.1810373E-02   -6.1810373E-02
 5.0100    1.9452047E-04    6.1355095E-02   -6.1355095E-02
 5.0200    1.9169855E-04    6.0706629E-02   -6.0706629E-02
 5.0300    1.8836258E-04    5.9888090E-02   -5.9888090E-02
 5.0400    1.8483509E-04    5.9000454E-02   -5.9000454E-02
 5.0500    1.8148429E-04    5.8160971E-02   -5.8160971E-02
 5.0600    1.7854494E-04    5.7445822E-02   -5.7445822E-02
 5.0700    1.7604864E-04    5.6866756E-02   -5.6866756E-02
 5.0800    1.7385228E-04    5.6379040E-02   -5.6379040E-02
 5.0900    1.7171451E-04    5.5905227E-02   -5.5905227E-02
 5.1000    1.6939223E-04    5.5366072E-02   -5.5366072E-02
 5.1100    1.6674503E-04    5.4714769E-02   -5.4714769E-02
 5.1200    1.6381425E-04    5.3963667E-02   -5.3963667E-02
 5.1300    1.6082385E-04    5.3185720E-02   -5.3185720E-02
 5.1400    1.5807990E-04    5.2482287E-02   -5.2482287E-02
 5.1500    1.5581702E-04    5.1932499E-02   -5.1932499E-02
 5.1600    1.5408658E-04    5.1555392E-02   -5.1555392E-02
 5.1700    1.5275051E-04    5.1306644E-02   -5.1306644E-02
 5.1800    1.5156409E-04    5.1105270E-02   -5.1105270E-02
 5.1900    1.5027970E-04    5.0868027E-02   -5.0868027E-02
 5.2000    1.4871875E-04    5.0533839E-02   -5.0533839E-02
 5.2100    1.4680300E-04    5.0074918E-02   -5.0074918E-02
 5.2200    1.4455675E-04    4.9498181E-02   -4.9498181E-02
 5.2300    1.4208560E-04    4.8838613E-02   -4.8838613E-02
 5.2400    1.3953445E-04    4.8145299E-02   -4.8145299E-02
 5.2500    1.3703851E-04    4.7464739E-02   -4.7464739E-02
 5.2600    1.3468905E-04    4.6828867E-02   -4.6828867E-02
 5.2700    1.3252495E-04    4.6251812E-02   -4.6251812E-02
 5.2800    1.3054218E-04    4.5732881E-02   -4.5732881E-02
 5.2900    1.2870609E-04    4.5260601E-02   -4.5260601E-02
 5.3000    1.2696057E-04    4.4815729E-02   -4.4815729E-02
 5.3100    1.2523971E-04    4.4375266E-02   -4.4375266E-02
 5.3200    1.2348761E-04    4.3919411E-02   -4.3919411E-02
 5.3300    1.2167985E-04    4.3439313E-02   -4.3439313E-02
 5.3400    1.1983233E-04    4.2940431E-02   -4.2940431E-02
 5.3500    1.1798871E-04    4.2438290E-02   -4.2438290E-02
 5.3600    1.1619384E-04    4.1949091E-02   -4.1949091E-02
 5.3700    1.1447129E-04    4.1481555E-02   -4.1481555E-02
 5.3800    1.1281856E-04    4.1035049E-02   -4.1035049E-02
 5.3900    1.1121974E-04    4.0604041E-02   -4.0604041E-02
 5.4000    1.0966489E-04    4.0185096E-02   -4.0185096E-02
 5.4100    1.0816482E-04    3.9782350E-02   -3.9782350E-02
 5.4200    1.0675308E-04    3.9408405E-02   -3.9408405E-02
 5.4300    1.0547041E-04    3.9078703E-02   -3.9078703E-02
 5.4400    1.0433637E-04    3.8801043E-02   -3.8801043E-02
 5.4500    1.0332803E-04    3.8567459E-02   -3.8567459E-02
 5.4600    1.0238597E-04    3.8356201E-02   -3.8356201E-02
 5.4700    1.0144577E-04    3.8143319E-02   -3.8143319E-02
 5.4800    1.0046918E-04    3.7914369E-02   -3.7914369E-02
 5.4900    9.9451684E-05    3.7667491E-02   -3.7667491E-02
 5.5000    9.8409067E-05    3.7408506E-02   -3.7408506E-02
 5.5100    9.7363349E-05    3.7145702E-02   -3.7145702E-02
 5.5200    9.6341820E-05    3.6889508E-02   -3.6889508E-02
 5.5300    9.5382840E-05    3.6654760E-02   -3.6654760E-02
 5.5400    9.4533080E-05    3.6459709E-02   -3.6459709E-02
 5.5500    9.3830237E-05    3.6319398E-02   -3.6319398E-02
 5.5600    9.3280228E-05    3.6236734E-02   -3.6236734E-02
 5.5700    9.2843728E-05    3.6197021E-02   -3.6197021E-02
 5.5800    9.2441449E-05    3.6169708E-02   -3.6169708E-02
 5.5900    9.1977850E-05    3.6117421E-02   -3.6117421E-02
 5.6000    9.1373546E-05    3.6008614E-02   -3.6008614E-02
 5.6100    9.0589941E-05    3.5827423E-02   -3.5827423E-02
 5.6200    8.9632770E-05    3.5575361E-02   -3.5575361E-02
 5.6300    8.8537712E-05    3.5265898E-02   -3.5265898E-02
 5.6400    8.7355480E-05    3.4918713E-02   -3.4918713E-02
 5.6500    8.6146202E-05    3.4557546E-02   -3.4557546E-02
 5.6600    8.4972992E-05    3.4207681E-02   -3.4207681E-02
 5.6700    8.3883792E-05    3.3888632E-02   -3.3888632E-02
 5.6800    8.2893187E-05    3.3606662E-02   -3.3606662E-02
 5.6900    8.1987686E-05    3.3356696E-02   -3.3356696E-02
 5.7000    8.1157651E-05    3.3135158E-02   -3.3135158E-02
 5.7100    8.0432290E-05    3.2954332E-02   -3.2954332E-02
 5.7200    7.9892129E-05    3.2847772E-02   -3.2847772E-02
 5.7300    7.9647972E-05    3.2861988E-02   -3.2861988E-02
 5.7400    7.9782968E-05    3.3032682E-02   -3.3032682E-02
 5.7500    8.0265448E-05    3.3348337E-02   -3.3348337E-02
 5.7600    8.0878285E-05    3.3719938E-02   -3.3719938E-02
 5.7700    8.1247313E-05    3.3991513E-02   -3.3991513E-02
 5.7800    8.1012443E-05    3.4010833E-02   -3.4010833E-02
 5.7900    8.0057916E-05    3.3726500E-02   -3.3726500E-02
 5.8000    7.8619722E-05    3.3235128E-02   -3.3235128E-02
 5.8100    7.7154248E-05    3.2728189E-02   -3.2728189E-02
 5.8200    7.6052120E-05    3.2371823E-02   -3.2371823E-02
 5.8300    7.5417918E-05    3.2212284E-02   -3.2212284E-02
 5.8400    7.5069059E-05    3.2173368E-02   -3.2173368E-02
 5.8500    7.4714263E-05    3.2131065E-02   -3.2131065E-02
 5.8600    7.4147271E-05    3.1996338E-02   -3.1996338E-02
 5.8700    7.3326314E-05    3.1750160E-02   -3.1750160E-02
 5.8800    7.2331734E-05    3.1426310E-02   -3.1426310E-02
 5.8900    7.1281674E-05    3.1075516E-02   -3.1075516E-02
 5.9000    7.0282927E-05    3.0744238E-02   -3.0744238E-02
 5.9100    6.9427883E-05    3.0473248E-02   -3.0473248E-02
 5.9200    6.8790602E-05    3.0295797E-02   -3.0295797E-02
 5.9300    6.8384925E-05    3.0218968E-02   -3.0218968E-02
 5.9400    6.8114103E-05    3.0200894E-02   -3.0200894E-02
 5.9500    6.7782629E-05    3.0155199E-02   -3.0155199E-02
 5.9600    6.7194464E-05    2.9994103E-02   -2.9994103E-02
 5.9700    6.6270007E-05    2.9680796E-02   -2.9680796E-02
 5.9800    6.5083406E-05    2.9247079E-02   -2.9247079E-02
 5.9900    6.3793882E-05    2.8763554E-02   -2.8763554E-02
 6.0000    6.2542056E-05    2.8293360E-02   -2.8293360E-02
 6.0100    6.1401904E-05    2.7870236E-02   -2.7870236E-02
 6.0200    6.0411122E-05    2.7511847E-02   -2.7511847E-02
 6.0300    5.9628426E-05    2.7245691E-02   -2.7245691E-02
 6.0400    5.9155094E-05    2.7119139E-02   -2.7119139E-02
 6.0500    5.9102858E-05    2.7184985E-02   -2.7184985E-02
 6.0600    5.9536731E-05    2.7475151E-02   -2.7475151E-02
 6.0700    6.0429513E-05    2.7979268E-02   -2.7979268E-02
 6.0800    6.1640228E-05    2.8633950E-02   -2.8633950E-02
 6.0900    6.2912298E-05    2.9321082E-02   -2.9321082E-02
 6.1000    6.3904040E-05    2.9881187E-02   -2.9881187E-02
 6.1100    6.4279447E-05    3.0155353E-02   -3.0155353E-02
 6.1200    6.3847023E-05    3.0050615E-02   -3.0050615E-02
 6.1300    6.2661323E-05    2.9589006E-02   -2.9589006E-02
 6.1400    6.0993890E-05    2.8895682E-02   -2.8895682E-02
 6.1500    5.9178203E-05    2.8126900E-02   -2.8126900E-02
 6.1600    5.7443768E-05    2.7391399E-02   -2.7391399E-02
 6.1700    5.5857496E-05    2.6721551E-02   -2.6721551E-02
 6.1800    5.4386417E-05    2.6102209E-02   -2.6102209E-02
 6.1900    5.2999367E-05    2.5518894E-02   -2.5518894E-02
 6.2000    5.1724115E-05    2.4985400E-02   -2.4985400E-02
 6.2100    5.0642778E-05    2.4542036E-02   -2.4542036E-02
 6.2200    4.9856845E-05    2.4239041E-02   -2.4239041E-02
 6.2300    4.9447829E-05    2.4117550E-02   -2.4117550E-02
 6.2400    4.9436789E-05    2.4189634E-02   -2.4189634E-02
 6.2500    4.9747744E-05    2.4419867E-02   -2.4419867E-02
 6.2600    5.0199760E-05    2.4720666E-02   -2.4720666E-02
 6.2700    5.0552565E-05    2.4974002E-02   -2.4974002E-02
 6.2800    5.0595328E-05    2.5074921E-02   -2.5074921E-02
 6.2900    5.0228174E-05    2.4972300E-02   -2.4972300E-02
 6.3000    4.9485807E-05    2.4681504E-02   -2.4681504E-02
 6.3100    4.8499376E-05    2.4266365E-02   -2.4266365E-02
 6.3200    4.7440129E-05    2.3811671E-02   -2.3811671E-02
 6.3300    4.6485481E-05    2.3406399E-02   -2.3406399E-02
 6.3400    4.5803189E-05    2.3135777E-02   -2.3135777E-02
 6.3500    4.5522483E-05    2.3066582E-02   -2.3066582E-02
 6.3600    4.5683805E-05    2.3221291E-02   -2.3221291E-02
 6.3700    4.6196256E-05    2.3555672E-02   -2.3555672E-02
 6.3800    4.6838255E-05    2.3958075E-02   -2.3958075E-02
 6.3900    4.7313374E-05    2.4277027E-02   -2.4277027E-02
 6.4000    4.7345492E-05    2.4369603E-02   -2.4369603E-02
 6.4100    4.6775784E-05    2.4151660E-02   -2.4151660E-02
 6.4200    4.5614407E-05    2.3625552E-02   -2.3625552E-02
 6.4300    4.4019473E-05    2.2870552E-02   -2.2870552E-02
 6.4400    4.2223401E-05    2.2005681E-02   -2.2005681E-02
 6.4500    4.0460929E-05    2.1152667E-02   -2.1152667E-02
 6.4600    3.8936466E-05    2.0418857E-02   -2.0418857E-02
 6.4700    3.7818907E-05    1.9894242E-02   -1.9894242E-02
 6.4800    3.7223429E-05    1.9641572E-02   -1.9641572E-02
 6.4900    3.7162320E-05    1.9669897E-02   -1.9669897E-02
 6.5000    3.7497003E-05    1.9908252E-02   -1.9908252E-02
 6.5100    3.7947899E-05    2.0209687E-02   -2.0209687E-02
 6.5200    3.8185380E-05    2.0398685E-02   -2.0398685E-02
 6.5300    3.7960281E-05    2.0340688E-02   -2.0340688E-02
 6.5400    3.7199638E-05    1.9994202E-02   -1.9994202E-02
 6.5500    3.6021652E-05    1.9420307E-02   -1.9420307E-02
 6.5600    3.4676339E-05    1.8752138E-02   -1.8752138E-02
 6.5700    3.3445845E-05    1.8141900E-02   -1.8141900E-02
 6.5800    3.2540376E-05    1.7704522E-02   -1.7704522E-02
 6.5900    3.2027356E-05    1.7478404E-02   -1.7478404E-02
 6.6000    3.1827868E-05    1.7422292E-02   -1.7422292E-02
 6.6100    3.1782474E-05    1.7450203E-02   -1.7450203E-02
 6.6200    3.1742648E-05    1.7481110E-02   -1.7481110E-02
 6.6300    3.1631598E-05    1.7472621E-02   -1.7472621E-02
 6.6400    3.1452606E-05    1.7426198E-02   -1.7426198E-02
 6.6500    3.1263506E-05    1.7373641E-02   -1.7373641E-02
 6.6600    3.1144120E-05    1.7359387E-02   -1.7359387E-02
 6.6700    3.1166924E-05    1.7424306E-02   -1.7424306E-02
 6.6800    3.1369330E-05    1.7590089E-02   -1.7590089E-02
 6.6900    3.1729706E-05    1.7845476E-02   -1.7845476E-02
 6.7000    3.2158630E-05    1.8140824E-02   -1.8140824E-02
 6.7100    3.2518944E-05    1.8398878E-02   -1.8398878E-02
 6.7200    3.2676417E-05    1.8543121E-02   -1.8543121E-02
 6.7300    3.2561307E-05    1.8532834E-02   -1.8532834E-02
 6.7400    3.2206064E-05    1.8385156E-02   -1.8385156E-02
 6.7500    3.1732374E-05    1.8168538E-02   -1.8168538E-02
 6.7600    3.1290192E-05    1.7968486E-02   -1.7968486E-02
 6.7700    3.0981777E-05    1.7844054E-02   -1.7844054E-02
 6.7800    3.0813819E-05    1.7799786E-02   -1.7799786E-02
 6.7900    3.0704063E-05    1.7788743E-02   -1.7788743E-02
 6.8000    3.0536799E-05    1.7743987E-02   -1.7743987E-02
 6.8100    3.0233930E-05    1.7619707E-02   -1.7619707E-02
 6.8200    2.9800106E-05    1.7417925E-02   -1.7417925E-02
 6.8300    2.9314942E-05    1.7184635E-02   -1.7184635E-02
 6.8400    2.8875944E-05    1.6976895E-02   -1.6976895E-02
 6.8500    2.8528524E-05    1.6821716E-02   -1.6821716E-02
 6.8600    2.8233006E-05    1.6696107E-02   -1.6696107E-02
 6.8700    2.7895969E-05    1.6544924E-02   -1.6544924E-02
 6.8800    2.7444831E-05    1.6324779E-02   -1.6324779E-02
 6.8900    2.6889211E-05    1.6040813E-02   -1.6040813E-02
 6.9000    2.6322344E-05    1.5748261E-02   -1.5748261E-02
 6.9100    2.5863510E-05    1.5518631E-02   -1.5518631E-02
 6.9200    2.5587876E-05    1.5397715E-02   -1.5397715E-02
 6.9300    2.5495698E-05    1.5386621E-02   -1.5386621E-02
 6.9400    2.5533359E-05    1.5453852E-02   -1.5453852E-02
 6.9500    2.5630996E-05    1.5557684E-02   -1.5557684E-02
 6.9600    2.5715598E-05    1.5653987E-02   -1.5653987E-02
 6.9700    2.5701542E-05    1.5690421E-02   -1.5690421E-02
 6.9800    2.5497898E-05    1.5610798E-02   -1.5610798E-02
 6.9900    2.5050479E-05    1.5380847E-02   -1.5380847E-02
 7.0000    2.4381468E-05    1.5012941E-02   -1.5012941E-02
 7.0100    2.3576876E-05    1.4559020E-02   -1.4559020E-02
 7.0200    2.2725790E-05    1.4073531E-02   -1.4073531E-02
 7.0300    2.1870702E-05    1.3582610E-02   -1.3582610E-02
 7.0400    2.1017628E-05    1.3089977E-02   -1.3089977E-02
 7.0500    2.0191194E-05    1.2611017E-02   -1.2611017E-02
 7.0600    1.9473451E-05    1.2197257E-02   -1.2197257E-02
 7.0700    1.8980539E-05    1.1922223E-02   -1.1922223E-02
 7.0800    1.8789434E-05    1.1835595E-02   -1.1835595E-02
 7.0900    1.8873489E-05    1.1922148E-02   -1.1922148E-02
 7.1000    1.9101009E-05    1.2099930E-02   -1.2099930E-02
 7.1100    1.9301358E-05    1.2261312E-02   -1.2261312E-02
 7.1200    1.9351148E-05    1.2327545E-02   -1.2327545E-02
 7.1300    1.9221549E-05    1.2279404E-02   -1.2279404E-02
 7.1400    1.8962767E-05    1.2148090E-02   -1.2148090E-02
 7.1500    1.8650312E-05    1.1981413E-02   -1.1981413E-02
 7.1600    1.8338767E-05    1.1814247E-02   -1.1814247E-02
 7.1700    1.8050104E-05    1.1660787E-02   -1.1660787E-02
 7.1800    1.7789311E-05    1.1524388E-02   -1.1524388E-02
 7.1900    1.7562874E-05    1.1409411E-02   -1.1409411E-02
 7.2000    1.7384228E-05    1.1324793E-02   -1.1324793E-02
 7.2100    1.7267723E-05    1.1280165E-02   -1.1280165E-02
 7.2200    1.7219443E-05    1.1279851E-02   -1.1279851E-02
 7.2300    1.7228092E-05    1.1316800E-02   -1.1316800E-02
 7.2400    1.7255640E-05    1.1366272E-02   -1.1366272E-02
 7.2500    1.7234116E-05    1.1383476E-02   -1.1383476E-02
 7.2600    1.7081438E-05    1.1313775E-02   -1.1313775E-02
 7.2700    1.6738983E-05    1.1117516E-02   -1.1117516E-02
 7.2800    1.6210556E-05    1.0796190E-02   -1.0796190E-02
 7.2900    1.5571741E-05    1.0399252E-02   -1.0399252E-02
 7.3000    1.4937041E-05    1.0002767E-02   -1.0002767E-02
 7.3100    1.4404727E-05    9.6727428E-03   -9.6727428E-03
 7.3200    1.4015993E-05    9.4374771E-03   -9.4374771E-03
 7.3300    1.3751913E-05    9.2849791E-03   -9.2849791E-03
 7.3400    1.3562096E-05    9.1818205E-03   -9.1818205E-03
 7.3500    1.3398898E-05    9.0960661E-03   -9.0960661E-03
 7.3600    1.3235576E-05    9.0096586E-03   -9.0096586E-03
 7.3700    1.3065846E-05    8.9183061E-03   -8.9183061E-03
