# total charge: 17.000000 
# r(A)     rho (e/A^3)     4*pi*r^2*rho(e/A)  dip  
 0.0000    1.0323889E+01    0.0000000E+00    1.3564038E+02
 0.0100    1.0320340E+01    1.2968922E-02    1.3495090E+02
 0.0200    1.0315845E+01    5.1853094E-02    1.3290266E+02
 0.0300    1.0310200E+01    1.1660562E-01    1.2955525E+02
 0.0400    1.0303175E+01    2.0715763E-01    1.2500469E+02
 0.0500    1.0294501E+01    3.2341129E-01    1.1937880E+02
 0.0600    1.0283864E+01    4.6523105E-01    1.1283113E+02
 0.0700    1.0270926E+01    6.3243449E-01    1.0553390E+02
 0.0800    1.0255377E+01    8.2478637E-01    9.7670342E+01
 0.0900    1.0236989E+01    1.0419985E+00    8.9426986E+01
 0.1000    1.0215628E+01    1.2837337E+00    8.0986313E+01
 0.1100    1.0191231E+01    1.5496081E+00    7.2520132E+01
 0.1200    1.0163756E+01    1.8391900E+00    6.4184069E+01
 0.1300    1.0133142E+01    2.1519923E+00    5.6113329E+01
 0.1400    1.0099298E+01    2.4874658E+00    4.8419873E+01
 0.1500    1.0062113E+01    2.8449955E+00    4.1190987E+01
 0.1600    1.0021489E+01    3.2239040E+00    3.4489180E+01
 0.1700    9.9773605E+00    3.6234592E+00    2.8353227E+01
 0.1800    9.9296899E+00    4.0428773E+00    2.2800177E+01
 0.1900    9.8784338E+00    4.4813118E+00    1.7828065E+01
 0.2000    9.8235031E+00    4.9378312E+00    1.3419097E+01
 0.2100    9.7647515E+00    5.4114001E+00    9.5430225E+00
 0.2200    9.7019999E+00    5.9008761E+00    6.1604855E+00
 0.2300    9.6350757E+00    6.4050226E+00    3.2261702E+00
 0.2400    9.5638419E+00    6.9225282E+00    6.9161209E-01
 0.2500    9.4882099E+00    7.4520226E+00   -1.4924005E+00
 0.2600    9.4081410E+00    7.9920902E+00   -3.3738807E+00
 0.2700    9.3236404E+00    8.5412790E+00   -4.9981611E+00
 0.2800    9.2347395E+00    9.0980973E+00   -6.4068438E+00
 0.2900    9.1414681E+00    9.6609940E+00   -7.6371329E+00
 0.3000    9.0438284E+00    1.0228329E+01   -8.7215005E+00
 0.3100    8.9417930E+00    1.0798362E+01   -9.6876431E+00
 0.3200    8.8353350E+00    1.1369277E+01   -1.0558687E+01
 0.3300    8.7244728E+00    1.1939247E+01   -1.1353574E+01
 0.3400    8.6092959E+00    1.2506487E+01   -1.2087532E+01
 0.3500    8.4899484E+00    1.3069260E+01   -1.2772548E+01
 0.3600    8.3665833E+00    1.3625831E+01   -1.3417785E+01
 0.3700    8.2393249E+00    1.4174408E+01   -1.4029983E+01
 0.3800    8.1082676E+00    1.4713132E+01   -1.4613870E+01
 0.3900    7.9735030E+00    1.5240115E+01   -1.5172572E+01
 0.4000    7.8351497E+00    1.5753503E+01   -1.5708001E+01
 0.4100    7.6933673E+00    1.6251522E+01   -1.6221173E+01
 0.4200    7.5483566E+00    1.6732501E+01   -1.6712460E+01
 0.4300    7.4003529E+00    1.7194882E+01   -1.7181780E+01
 0.4400    7.2496086E+00    1.7637206E+01   -1.7628725E+01
 0.4500    7.0963672E+00    1.8058055E+01   -1.8052621E+01
 0.4600    6.9408407E+00    1.8456001E+01   -1.8452553E+01
 0.4700    6.7832118E+00    1.8829594E+01   -1.8827428E+01
 0.4800    6.6236682E+00    1.9177452E+01   -1.9176105E+01
 0.4900    6.4624434E+00    1.9498391E+01   -1.9497562E+01
 0.5000    6.2998306E+00    1.9791502E+01   -1.9790996E+01
 0.5100    6.1361540E+00    2.0056099E+01   -2.0055794E+01
 0.5200    5.9717227E+00    2.0291595E+01   -2.0291413E+01
 0.5300    5.8068040E+00    2.0497400E+01   -2.0497292E+01
 0.5400    5.6416340E+00    2.0672942E+01   -2.0672879E+01
 0.5500    5.4764470E+00    2.0817766E+01   -2.0817730E+01
 0.5600    5.3114976E+00    2.0931623E+01   -2.0931602E+01
 0.5700    5.1470614E+00    2.1014493E+01   -2.1014481E+01
 0.5800    4.9834231E+00    2.1066560E+01   -2.1066553E+01
 0.5900    4.8208652E+00    2.1088169E+01   -2.1088166E+01
 0.6000    4.6596628E+00    2.1079818E+01   -2.1079816E+01
 0.6100    4.5000806E+00    2.1042136E+01   -2.1042135E+01
 0.6200    4.3423670E+00    2.0975860E+01   -2.0975859E+01
 0.6300    4.1867463E+00    2.0881785E+01   -2.0881784E+01
 0.6400    4.0334150E+00    2.0760735E+01   -2.0760735E+01
 0.6500    3.8825439E+00    2.0613557E+01   -2.0613557E+01
 0.6600    3.7342853E+00    2.0441145E+01   -2.0441145E+01
 0.6700    3.5887854E+00    2.0244495E+01   -2.0244495E+01
 0.6800    3.4462000E+00    2.0024799E+01   -2.0024799E+01
 0.6900    3.3067068E+00    1.9783527E+01   -1.9783527E+01
 0.7000    3.1704978E+00    1.9522408E+01   -1.9522408E+01
 0.7100    3.0377522E+00    1.9243271E+01   -1.9243271E+01
 0.7200    2.9086075E+00    1.8947851E+01   -1.8947851E+01
 0.7300    2.7831524E+00    1.8637711E+01   -1.8637711E+01
 0.7400    2.6614405E+00    1.8314289E+01   -1.8314289E+01
 0.7500    2.5435034E+00    1.7978966E+01   -1.7978966E+01
 0.7600    2.4293524E+00    1.7633055E+01   -1.7633055E+01
 0.7700    2.3189785E+00    1.7277784E+01   -1.7277784E+01
 0.7800    2.2123633E+00    1.6914358E+01   -1.6914358E+01
 0.7900    2.1095014E+00    1.6544127E+01   -1.6544127E+01
 0.8000    2.0104191E+00    1.6168749E+01   -1.6168749E+01
 0.8100    1.9151759E+00    1.5790234E+01   -1.5790234E+01
 0.8200    1.8238431E+00    1.5410795E+01   -1.5410795E+01
 0.8300    1.7364628E+00    1.5032511E+01   -1.5032511E+01
 0.8400    1.6530042E+00    1.4656909E+01   -1.4656909E+01
 0.8500    1.5733428E+00    1.4284698E+01   -1.4284698E+01
 0.8600    1.4972822E+00    1.3915872E+01   -1.3915872E+01
 0.8700    1.4246160E+00    1.3550215E+01   -1.3550215E+01
 0.8800    1.3551915E+00    1.3187907E+01   -1.3187907E+01
 0.8900    1.2889352E+00    1.2829832E+01   -1.2829832E+01
 0.9000    1.2258251E+00    1.2477380E+01   -1.2477380E+01
 0.9100    1.1658405E+00    1.2131983E+01   -1.2131983E+01
 0.9200    1.1089282E+00    1.1794756E+01   -1.1794756E+01
 0.9300    1.0550009E+00    1.1466440E+01   -1.1466440E+01
 0.9400    1.0039506E+00    1.1147511E+01   -1.1147511E+01
 0.9500    9.5565504E-01    1.0838227E+01   -1.0838227E+01
 0.9600    9.0997635E-01    1.0538588E+01   -1.0538588E+01
 0.9700    8.6676690E-01    1.0248390E+01   -1.0248390E+01
 0.9800    8.2588357E-01    9.9673760E+00   -9.9673760E+00
 0.9900    7.8719338E-01    9.6953097E+00   -9.6953097E+00
 1.0000    7.5055934E-01    9.4318068E+00   -9.4318068E+00
 1.0100    7.1582038E-01    9.1760689E+00   -9.1760689E+00
 1.0200    6.8278810E-01    8.9268072E+00   -8.9268072E+00
 1.0300    6.5126640E-01    8.6824638E+00   -8.6824638E+00
 1.0400    6.2108245E-01    8.4416201E+00   -8.4416201E+00
 1.0500    5.9211495E-01    8.2034113E+00   -8.2034113E+00
 1.0600    5.6430709E-01    7.9677757E+00   -7.9677757E+00
 1.0700    5.3765552E-01    7.7353777E+00   -7.7353777E+00
 1.0800    5.1217818E-01    7.5072080E+00   -7.5072080E+00
 1.0900    4.8788145E-01    7.2841212E+00   -7.2841212E+00
 1.1000    4.6474701E-01    7.0666216E+00   -7.0666216E+00
 1.1100    4.4273882E-01    6.8549364E+00   -6.8549364E+00
 1.1200    4.2181309E-01    6.6491475E+00   -6.6491475E+00
 1.1300    4.0191965E-01    6.4492022E+00   -6.4492022E+00
 1.1400    3.8300023E-01    6.2548745E+00   -6.2548745E+00
 1.1500    3.6499318E-01    6.0658308E+00   -6.0658308E+00
 1.1600    3.4784308E-01    5.8817859E+00   -5.8817859E+00
 1.1700    3.3150533E-01    5.7025893E+00   -5.7025893E+00
 1.1800    3.1594154E-01    5.5281600E+00   -5.5281600E+00
 1.1900    3.0111282E-01    5.3583741E+00   -5.3583741E+00
 1.2000    2.8697890E-01    5.1930478E+00   -5.1930478E+00
 1.2100    2.7350341E-01    5.0320315E+00   -5.0320315E+00
 1.2200    2.6065924E-01    4.8753146E+00   -4.8753146E+00
 1.2300    2.4842914E-01    4.7230508E+00   -4.7230508E+00
 1.2400    2.3680194E-01    4.5754993E+00   -4.5754993E+00
 1.2500    2.2576712E-01    4.4329271E+00   -4.4329271E+00
 1.2600    2.1530996E-01    4.2955133E+00   -4.2955133E+00
 1.2700    2.0540802E-01    4.1632713E+00   -4.1632713E+00
 1.2800    1.9602972E-01    4.0360052E+00   -4.0360052E+00
 1.2900    1.8713604E-01    3.9133322E+00   -3.9133322E+00
 1.3000    1.7868679E-01    3.7948011E+00   -3.7948011E+00
 1.3100    1.7064991E-01    3.6800906E+00   -3.6800906E+00
 1.3200    1.6300889E-01    3.5691846E+00   -3.5691846E+00
 1.3300    1.5576182E-01    3.4623754E+00   -3.4623754E+00
 1.3400    1.4891023E-01    3.3600366E+00   -3.3600366E+00
 1.3500    1.4244489E-01    3.2623029E+00   -3.2623029E+00
 1.3600    1.3633983E-01    3.1689138E+00   -3.1689138E+00
 1.3700    1.3056032E-01    3.0793724E+00   -3.0793724E+00
 1.3800    1.2507919E-01    2.9933196E+00   -2.9933196E+00
 1.3900    1.1988828E-01    2.9108258E+00   -2.9108258E+00
 1.4000    1.1499446E-01    2.8323235E+00   -2.8323235E+00
 1.4100    1.1040011E-01    2.7581483E+00   -2.7581483E+00
 1.4200    1.0608226E-01    2.6880004E+00   -2.6880004E+00
 1.4300    1.0198878E-01    2.6208027E+00   -2.6208027E+00
 1.4400    9.8058440E-02    2.5551702E+00   -2.5551702E+00
 1.4500    9.4250621E-02    2.4901763E+00   -2.4901763E+00
 1.4600    9.0561080E-02    2.4258122E+00   -2.4258122E+00
 1.4700    8.7013045E-02    2.3628106E+00   -2.3628106E+00
 1.4800    8.3634064E-02    2.3020592E+00   -2.3020592E+00
 1.4900    8.0438224E-02    2.2441138E+00   -2.2441138E+00
 1.5000    7.7424246E-02    2.1891190E+00   -2.1891190E+00
 1.5100    7.4584727E-02    2.1370450E+00   -2.1370450E+00
 1.5200    7.1913990E-02    2.0879035E+00   -2.0879035E+00
 1.5300    6.9405954E-02    2.0416884E+00   -2.0416884E+00
 1.5400    6.7044574E-02    1.9980895E+00   -1.9980895E+00
 1.5500    6.4798379E-02    1.9563088E+00   -1.9563088E+00
 1.5600    6.2628238E-02    1.9152667E+00   -1.9152667E+00
 1.5700    6.0504727E-02    1.8741247E+00   -1.8741247E+00
 1.5800    5.8421454E-02    1.8327212E+00   -1.8327212E+00
 1.5900    5.6394691E-02    1.7916053E+00   -1.7916053E+00
 1.6000    5.4452253E-02    1.7517240E+00   -1.7517240E+00
 1.6100    5.2621058E-02    1.7140409E+00   -1.7140409E+00
 1.6200    5.0918950E-02    1.6792654E+00   -1.6792654E+00
 1.6300    4.9350725E-02    1.6477018E+00   -1.6477018E+00
 1.6400    4.7907658E-02    1.6192075E+00   -1.6192075E+00
 1.6500    4.6570960E-02    1.5932831E+00   -1.5932831E+00
 1.6600    4.5318076E-02    1.5692694E+00   -1.5692694E+00
 1.6700    4.4128245E-02    1.5465340E+00   -1.5465340E+00
 1.6800    4.2984540E-02    1.5245466E+00   -1.5245466E+00
 1.6900    4.1873374E-02    1.5028694E+00   -1.5028694E+00
 1.7000    4.0784695E-02    1.4811701E+00   -1.4811701E+00
 1.7100    3.9714028E-02    1.4593049E+00   -1.4593049E+00
 1.7200    3.8664047E-02    1.4373882E+00   -1.4373882E+00
 1.7300    3.7643044E-02    1.4157508E+00   -1.4157508E+00
 1.7400    3.6660828E-02    1.3947958E+00   -1.3947958E+00
 1.7500    3.5724947E-02    1.3748571E+00   -1.3748571E+00
 1.7600    3.4838940E-02    1.3561263E+00   -1.3561263E+00
 1.7700    3.4001788E-02    1.3386226E+00   -1.3386226E+00
 1.7800    3.3207634E-02    1.3221715E+00   -1.3221715E+00
 1.7900    3.2446733E-02    1.3064323E+00   -1.3064323E+00
 1.8000    3.1708983E-02    1.2910325E+00   -1.2910325E+00
 1.8100    3.0988735E-02    1.2757655E+00   -1.2757655E+00
 1.8200    3.0287194E-02    1.2606998E+00   -1.2606998E+00
 1.8300    2.9609883E-02    1.2460880E+00   -1.2460880E+00
 1.8400    2.8960685E-02    1.2321238E+00   -1.2321238E+00
 1.8500    2.8337236E-02    1.2187393E+00   -1.2187393E+00
 1.8600    2.7731698E-02    1.2056249E+00   -1.2056249E+00
 1.8700    2.7136456E-02    1.1924665E+00   -1.1924665E+00
 1.8800    2.6549907E-02    1.1792030E+00   -1.1792030E+00
 1.8900    2.5977404E-02    1.1660823E+00   -1.1660823E+00
 1.9000    2.5426626E-02    1.1534687E+00   -1.1534687E+00
 1.9100    2.4901344E-02    1.1415617E+00   -1.1415617E+00
 1.9200    2.4398576E-02    1.1302559E+00   -1.1302559E+00
 1.9300    2.3911455E-02    1.1192587E+00   -1.1192587E+00
 1.9400    2.3435846E-02    1.1083935E+00   -1.1083935E+00
 1.9500    2.2975909E-02    1.0978722E+00   -1.0978722E+00
 1.9600    2.2544010E-02    1.0883114E+00   -1.0883114E+00
 1.9700    2.2153966E-02    1.0804230E+00   -1.0804230E+00
 1.9800    2.1811548E-02    1.0745503E+00   -1.0745503E+00
 1.9900    2.1508897E-02    1.0703706E+00   -1.0703706E+00
 2.0000    2.1227087E-02    1.0669898E+00   -1.0669898E+00
 2.0100    2.0945126E-02    1.0633714E+00   -1.0633714E+00
 2.0200    2.0649318E-02    1.0588107E+00   -1.0588107E+00
 2.0300    2.0337736E-02    1.0531847E+00   -1.0531847E+00
 2.0400    2.0018772E-02    1.0469059E+00   -1.0469059E+00
 2.0500    1.9705717E-02    1.0406623E+00   -1.0406623E+00
 2.0600    1.9409757E-02    1.0350573E+00   -1.0350573E+00
 2.0700    1.9133576E-02    1.0302597E+00   -1.0302597E+00
 2.0800    1.8868482E-02    1.0258255E+00   -1.0258255E+00
 2.0900    1.8597779E-02    1.0208537E+00   -1.0208537E+00
 2.1000    1.8305923E-02    1.0144721E+00   -1.0144721E+00
 2.1100    1.7988483E-02    1.0063970E+00   -1.0063970E+00
 2.1200    1.7656234E-02    9.9719401E-01   -9.9719401E-01
 2.1300    1.7330253E-02    9.8803874E-01   -9.8803874E-01
 2.1400    1.7031097E-02    9.8012176E-01   -9.8012176E-01
 2.1500    1.6768805E-02    9.7406717E-01   -9.7406717E-01
 2.1600    1.6538940E-02    9.6967242E-01   -9.6967242E-01
 2.1700    1.6325450E-02    9.6603862E-01   -9.6603862E-01
 2.1800    1.6107910E-02    9.6197113E-01   -9.6197113E-01
 2.1900    1.5869796E-02    9.5646580E-01   -9.5646580E-01
 2.2000    1.5604556E-02    9.4908835E-01   -9.4908835E-01
 2.2100    1.5317001E-02    9.4008723E-01   -9.4008723E-01
 2.2200    1.5019782E-02    9.3020664E-01   -9.3020664E-01
 2.2300    1.4727397E-02    9.2033423E-01   -9.2033423E-01
 2.2400    1.4451098E-02    9.1118541E-01   -9.1118541E-01
 2.2500    1.4196622E-02    9.0315006E-01   -9.0315006E-01
 2.2600    1.3964639E-02    8.9630633E-01   -8.9630633E-01
 2.2700    1.3752664E-02    8.9052972E-01   -8.9052972E-01
 2.2800    1.3556923E-02    8.8560629E-01   -8.8560629E-01
 2.2900    1.3373293E-02    8.8129068E-01   -8.8129068E-01
 2.3000    1.3197390E-02    8.7731101E-01   -8.7731101E-01
 2.3100    1.3024472E-02    8.7336134E-01   -8.7336134E-01
 2.3200    1.2849570E-02    8.6910935E-01   -8.6910935E-01
 2.3300    1.2667908E-02    8.6422458E-01   -8.6422458E-01
 2.3400    1.2475837E-02    8.5844261E-01   -8.5844261E-01
 2.3500    1.2272434E-02    8.5167971E-01   -8.5167971E-01
 2.3600    1.2061110E-02    8.4415296E-01   -8.4415296E-01
 2.3700    1.1849564E-02    8.3639021E-01   -8.3639021E-01
 2.3800    1.1647004E-02    8.2904481E-01   -8.2904481E-01
 2.3900    1.1459694E-02    8.2258105E-01   -8.2258105E-01
 2.4000    1.1287763E-02    8.1703420E-01   -8.1703420E-01
 2.4100    1.1125598E-02    8.1202107E-01   -8.1202107E-01
 2.4200    1.0965474E-02    8.0698970E-01   -8.0698970E-01
 2.4300    1.0801730E-02    8.0152250E-01   -8.0152250E-01
 2.4400    1.0632845E-02    7.9549786E-01   -7.9549786E-01
 2.4500    1.0460823E-02    7.8905611E-01   -7.8905611E-01
 2.4600    1.0289220E-02    7.8246068E-01   -7.8246068E-01
 2.4700    1.0121518E-02    7.7597805E-01   -7.7597805E-01
 2.4800    9.9604305E-03    7.6982380E-01   -7.6982380E-01
 2.4900    9.8076277E-03    7.6413929E-01   -7.6413929E-01
 2.5000    9.6633244E-03    7.5895573E-01   -7.5895573E-01
 2.5100    9.5258563E-03    7.5415625E-01   -7.5415625E-01
 2.5200    9.3918739E-03    7.4948543E-01   -7.4948543E-01
 2.5300    9.2575060E-03    7.4463751E-01   -7.4463751E-01
 2.5400    9.1201210E-03    7.3939736E-01   -7.3939736E-01
 2.5500    8.9796721E-03    7.3375438E-01   -7.3375438E-01
 2.5600    8.8385834E-03    7.2790124E-01   -7.2790124E-01
 2.5700    8.7000101E-03    7.2209754E-01   -7.2209754E-01
 2.5800    8.5656221E-03    7.1648678E-01   -7.1648678E-01
 2.5900    8.4346089E-03    7.1100776E-01   -7.1100776E-01
 2.6000    8.3046631E-03    7.0547005E-01   -7.0547005E-01
 2.6100    8.1739567E-03    6.9971827E-01   -6.9971827E-01
 2.6200    8.0421942E-03    6.9372445E-01   -6.9372445E-01
 2.6300    7.9097022E-03    6.8751392E-01   -6.8751392E-01
 2.6400    7.7755788E-03    6.8100522E-01   -6.8100522E-01
 2.6500    7.6371900E-03    6.7396168E-01   -6.7396168E-01
 2.6600    7.4921779E-03    6.6616409E-01   -6.6616409E-01
 2.6700    7.3414427E-03    6.5767873E-01   -6.5767873E-01
 2.6800    7.1901694E-03    6.4896096E-01   -6.4896096E-01
 2.6900    7.0455963E-03    6.4066674E-01   -6.4066674E-01
 2.7000    6.9132044E-03    6.3331064E-01   -6.3331064E-01
 2.7100    6.7942553E-03    6.2703287E-01   -6.2703287E-01
 2.7200    6.6861961E-03    6.2162258E-01   -6.2162258E-01
 2.7300    6.5850878E-03    6.1673234E-01   -6.1673234E-01
 2.7400    6.4879429E-03    6.1209384E-01   -6.1209384E-01
 2.7500    6.3933733E-03    6.0758258E-01   -6.0758258E-01
 2.7600    6.3006306E-03    6.0313155E-01   -6.0313155E-01
 2.7700    6.2085258E-03    5.9862919E-01   -5.9862919E-01
 2.7800    6.1155784E-03    5.9393237E-01   -5.9393237E-01
 2.7900    6.0212845E-03    5.8898932E-01   -5.8898932E-01
 2.8000    5.9271459E-03    5.8394446E-01   -5.8394446E-01
 2.8100    5.8362729E-03    5.7910604E-01   -5.7910604E-01
 2.8200    5.7515889E-03    5.7477242E-01   -5.7477242E-01
 2.8300    5.6737801E-03    5.7102515E-01   -5.7102515E-01
 2.8400    5.6003897E-03    5.6762928E-01   -5.6762928E-01
 2.8500    5.5268290E-03    5.6412534E-01   -5.6412534E-01
 2.8600    5.4489178E-03    5.6008274E-01   -5.6008274E-01
 2.8700    5.3654999E-03    5.5537183E-01   -5.5537183E-01
 2.8800    5.2794462E-03    5.5027934E-01   -5.5027934E-01
 2.8900    5.1962695E-03    5.4537750E-01   -5.4537750E-01
 2.9000    5.1210418E-03    5.4120796E-01   -5.4120796E-01
 2.9100    5.0552933E-03    5.3795036E-01   -5.3795036E-01
 2.9200    4.9955623E-03    5.3525403E-01   -5.3525403E-01
 2.9300    4.9344467E-03    5.3233322E-01   -5.3233322E-01
 2.9400    4.8638104E-03    5.2830067E-01   -5.2830067E-01
 2.9500    4.7786310E-03    5.2258554E-01   -5.2258554E-01
 2.9600    4.6794870E-03    5.1521860E-01   -5.1521860E-01
 2.9700    4.5723466E-03    5.0682953E-01   -5.0682953E-01
 2.9800    4.4658288E-03    4.9836148E-01   -4.9836148E-01
 2.9900    4.3674856E-03    4.9066347E-01   -4.9066347E-01
 3.0000    4.2810523E-03    4.8417560E-01   -4.8417560E-01
 3.0100    4.2058774E-03    4.7884997E-01   -4.7884997E-01
 3.0200    4.1384008E-03    4.7430347E-01   -4.7430347E-01
 3.0300    4.0744743E-03    4.7007452E-01   -4.7007452E-01
 3.0400    4.0111590E-03    4.6582941E-01   -4.6582941E-01
 3.0500    3.9473103E-03    4.6143530E-01   -4.6143530E-01
 3.0600    3.8831748E-03    4.5691946E-01   -4.5691946E-01
 3.0700    3.8197027E-03    4.5239332E-01   -4.5239332E-01
 3.0800    3.7580742E-03    4.4799860E-01   -4.4799860E-01
 3.0900    3.6993601E-03    4.4386759E-01   -4.4386759E-01
 3.1000    3.6440107E-03    4.4006101E-01   -4.4006101E-01
 3.1100    3.5912661E-03    4.3649395E-01   -4.3649395E-01
 3.1200    3.5390500E-03    4.3291811E-01   -4.3291811E-01
 3.1300    3.4847144E-03    4.2900834E-01   -4.2900834E-01
 3.1400    3.4262684E-03    4.2451255E-01   -4.2451255E-01
 3.1500    3.3632687E-03    4.1936534E-01   -4.1936534E-01
 3.1600    3.2968638E-03    4.1369954E-01   -4.1369954E-01
 3.1700    3.2291470E-03    4.0777087E-01   -4.0777087E-01
 3.1800    3.1623298E-03    4.0185675E-01   -4.0185675E-01
 3.1900    3.0981239E-03    3.9617769E-01   -3.9617769E-01
 3.2000    3.0374405E-03    3.9085673E-01   -3.9085673E-01
 3.2100    2.9803724E-03    3.8591394E-01   -3.8591394E-01
 3.2200    2.9264147E-03    3.8129181E-01   -3.8129181E-01
 3.2300    2.8748545E-03    3.7690403E-01   -3.7690403E-01
 3.2400    2.8251687E-03    3.7268703E-01   -3.7268703E-01
 3.2500    2.7772079E-03    3.6862516E-01   -3.6862516E-01
 3.2600    2.7310483E-03    3.6473248E-01   -3.6473248E-01
 3.2700    2.6866209E-03    3.6100379E-01   -3.6100379E-01
 3.2800    2.6433945E-03    3.5737119E-01   -3.5737119E-01
 3.2900    2.6003681E-03    3.5370117E-01   -3.5370117E-01
 3.3000    2.5564264E-03    3.4984126E-01   -3.4984126E-01
 3.3100    2.5108685E-03    3.4569240E-01   -3.4569240E-01
 3.3200    2.4638085E-03    3.4126597E-01   -3.4126597E-01
 3.3300    2.4162218E-03    3.3669380E-01   -3.3669380E-01
 3.3400    2.3695835E-03    3.3218101E-01   -3.3218101E-01
 3.3500    2.3252135E-03    3.2791578E-01   -3.2791578E-01
 3.3600    2.2836323E-03    3.2397732E-01   -3.2397732E-01
 3.3700    2.2443436E-03    3.2030153E-01   -3.2030153E-01
 3.3800    2.2062428E-03    3.1673538E-01   -3.1673538E-01
 3.3900    2.1683407E-03    3.1313872E-01   -3.1313872E-01
 3.4000    2.1302041E-03    3.0944888E-01   -3.0944888E-01
 3.4100    2.0918310E-03    3.0566465E-01   -3.0566465E-01
 3.4200    2.0532673E-03    3.0179190E-01   -3.0179190E-01
 3.4300    2.0144714E-03    2.9782367E-01   -2.9782367E-01
 3.4400    1.9755410E-03    2.9377362E-01   -2.9377362E-01
 3.4500    1.9369442E-03    2.8971112E-01   -2.8971112E-01
 3.4600    1.8993975E-03    2.8574453E-01   -2.8574453E-01
 3.4700    1.8634657E-03    2.8196177E-01   -2.8196177E-01
 3.4800    1.8292704E-03    2.7838528E-01   -2.7838528E-01
 3.4900    1.7965330E-03    2.7497671E-01   -2.7497671E-01
 3.5000    1.7648099E-03    2.7167138E-01   -2.7167138E-01
 3.5100    1.7336721E-03    2.6840528E-01   -2.6840528E-01
 3.5200    1.7028000E-03    2.6512998E-01   -2.6512998E-01
 3.5300    1.6721151E-03    2.6183364E-01   -2.6183364E-01
 3.5400    1.6418993E-03    2.5856093E-01   -2.5856093E-01
 3.5500    1.6126649E-03    2.5539401E-01   -2.5539401E-01
 3.5600    1.5847068E-03    2.5238223E-01   -2.5238223E-01
 3.5700    1.5576902E-03    2.4947520E-01   -2.4947520E-01
 3.5800    1.5307585E-03    2.4653729E-01   -2.4653729E-01
 3.5900    1.5032013E-03    2.4345344E-01   -2.4345344E-01
 3.6000    1.4751194E-03    2.4023819E-01   -2.4023819E-01
 3.6100    1.4474366E-03    2.3704120E-01   -2.3704120E-01
 3.6200    1.4211979E-03    2.3403540E-01   -2.3403540E-01
 3.6300    1.3967731E-03    2.3128581E-01   -2.3128581E-01
 3.6400    1.3736493E-03    2.2871176E-01   -2.2871176E-01
 3.6500    1.3508972E-03    2.2616109E-01   -2.2616109E-01
 3.6600    1.3278027E-03    2.2351443E-01   -2.2351443E-01
 3.6700    1.3041405E-03    2.2073255E-01   -2.2073255E-01
 3.6800    1.2800389E-03    2.1783550E-01   -2.1783550E-01
 3.6900    1.2557375E-03    2.1486291E-01   -2.1486291E-01
 3.7000    1.2314750E-03    2.1185509E-01   -2.1185509E-01
 3.7100    1.2074832E-03    2.0885206E-01   -2.0885206E-01
 3.7200    1.1839816E-03    2.0589259E-01   -2.0589259E-01
 3.7300    1.1611454E-03    2.0300846E-01   -2.0300846E-01
 3.7400    1.1390733E-03    2.0021876E-01   -2.0021876E-01
 3.7500    1.1177613E-03    1.9752472E-01   -1.9752472E-01
 3.7600    1.0970853E-03    1.9490633E-01   -1.9490633E-01
 3.7700    1.0768400E-03    1.9232854E-01   -1.9232854E-01
 3.7800    1.0568544E-03    1.8976172E-01   -1.8976172E-01
 3.7900    1.0371083E-03    1.8720282E-01   -1.8720282E-01
 3.8000    1.0177321E-03    1.8467603E-01   -1.8467603E-01
 3.8100    9.9887109E-04    1.8220876E-01   -1.8220876E-01
 3.8200    9.8054470E-04    1.7980592E-01   -1.7980592E-01
 3.8300    9.6264343E-04    1.7744872E-01   -1.7744872E-01
 3.8400    9.4505248E-04    1.7511697E-01   -1.7511697E-01
 3.8500    9.2774514E-04    1.7280647E-01   -1.7280647E-01
 3.8600    9.1072631E-04    1.7051884E-01   -1.7051884E-01
 3.8700    8.9389388E-04    1.6823554E-01   -1.6823554E-01
 3.8800    8.7700476E-04    1.6591103E-01   -1.6591103E-01
 3.8900    8.5983742E-04    1.6350288E-01   -1.6350288E-01
 3.9000    8.4242688E-04    1.6101684E-01   -1.6101684E-01
 3.9100    8.2514317E-04    1.5852315E-01   -1.5852315E-01
 3.9200    8.0850616E-04    1.5612244E-01   -1.5612244E-01
 3.9300    7.9286742E-04    1.5388473E-01   -1.5388473E-01
 3.9400    7.7822162E-04    1.5181182E-01   -1.5181182E-01
 3.9500    7.6430584E-04    1.4985500E-01   -1.4985500E-01
 3.9600    7.5088681E-04    1.4797035E-01   -1.4797035E-01
 3.9700    7.3795837E-04    1.4615805E-01   -1.4615805E-01
 3.9800    7.2565728E-04    1.4444668E-01   -1.4444668E-01
 3.9900    7.1399021E-04    1.4283937E-01   -1.4283937E-01
 4.0000    7.0266357E-04    1.4127889E-01   -1.4127889E-01
 4.0100    6.9120997E-04    1.3967176E-01   -1.3967176E-01
 4.0200    6.7931118E-04    1.3795287E-01   -1.3795287E-01
 4.0300    6.6703144E-04    1.3613389E-01   -1.3613389E-01
 4.0400    6.5476691E-04    1.3429484E-01   -1.3429484E-01
 4.0500    6.4296763E-04    1.3252842E-01   -1.3252842E-01
 4.0600    6.3185855E-04    1.3088256E-01   -1.3088256E-01
 4.0700    6.2134776E-04    1.2934017E-01   -1.2934017E-01
 4.0800    6.1113368E-04    1.2783990E-01   -1.2783990E-01
 4.0900    6.0088130E-04    1.2631216E-01   -1.2631216E-01
 4.1000    5.9034411E-04    1.2470470E-01   -1.2470470E-01
 4.1100    5.7941301E-04    1.2299338E-01   -1.2299338E-01
 4.1200    5.6813667E-04    1.2118730E-01   -1.2118730E-01
 4.1300    5.5672515E-04    1.1933032E-01   -1.1933032E-01
 4.1400    5.4550140E-04    1.1749149E-01   -1.1749149E-01
 4.1500    5.3479172E-04    1.1574193E-01   -1.1574193E-01
 4.1600    5.2481435E-04    1.1413063E-01   -1.1413063E-01
 4.1700    5.1563412E-04    1.1267398E-01   -1.1267398E-01
 4.1800    5.0718006E-04    1.1135881E-01   -1.1135881E-01
 4.1900    4.9926268E-04    1.1014556E-01   -1.1014556E-01
 4.2000    4.9156472E-04    1.0896553E-01   -1.0896553E-01
 4.2100    4.8366754E-04    1.0772611E-01   -1.0772611E-01
 4.2200    4.7518580E-04    1.0634038E-01   -1.0634038E-01
 4.2300    4.6596996E-04    1.0477279E-01   -1.0477279E-01
 4.2400    4.5622261E-04    1.0306670E-01   -1.0306670E-01
 4.2500    4.4641136E-04    1.0132648E-01   -1.0132648E-01
 4.2600    4.3702856E-04    9.9664131E-02   -9.9664131E-02
 4.2700    4.2836929E-04    9.8148561E-02   -9.8148561E-02
 4.2800    4.2045636E-04    9.6787289E-02   -9.6787289E-02
 4.2900    4.1310836E-04    9.5540702E-02   -9.5540702E-02
 4.3000    4.0606614E-04    9.4350358E-02   -9.4350358E-02
 4.3100    3.9911023E-04    9.3165961E-02   -9.3165961E-02
 4.3200    3.9214331E-04    9.1964915E-02   -9.1964915E-02
 4.3300    3.8521766E-04    9.0759448E-02   -9.0759448E-02
 4.3400    3.7848060E-04    8.9584515E-02   -8.9584515E-02
 4.3500    3.7204735E-04    8.8468079E-02   -8.8468079E-02
 4.3600    3.6588142E-04    8.7402368E-02   -8.7402368E-02
 4.3700    3.5978594E-04    8.6340970E-02   -8.6340970E-02
 4.3800    3.5353133E-04    8.5228725E-02   -8.5228725E-02
 4.3900    3.4702290E-04    8.4042128E-02   -8.4042128E-02
 4.4000    3.4036895E-04    8.2806637E-02   -8.2806637E-02
 4.4100    3.3379508E-04    8.1576857E-02   -8.1576857E-02
 4.4200    3.2748337E-04    8.0397705E-02   -8.0397705E-02
 4.4300    3.2146913E-04    7.9278713E-02   -7.9278713E-02
 4.4400    3.1566196E-04    7.8198434E-02   -7.8198434E-02
 4.4500    3.0994582E-04    7.7128639E-02   -7.7128639E-02
 4.4600    3.0426156E-04    7.6054806E-02   -7.6054806E-02
 4.4700    2.9861910E-04    7.4979493E-02   -7.4979493E-02
 4.4800    2.9306174E-04    7.3913712E-02   -7.3913712E-02
 4.4900    2.8763187E-04    7.2868453E-02   -7.2868453E-02
 4.5000    2.8235778E-04    7.1851303E-02   -7.1851303E-02
 4.5100    2.7724983E-04    7.0865400E-02   -7.0865400E-02
 4.5200    2.7229837E-04    6.9908789E-02   -6.9908789E-02
 4.5300    2.6748034E-04    6.8976020E-02   -6.8976020E-02
 4.5400    2.6277627E-04    6.8062472E-02   -6.8062472E-02
 4.5500    2.5818332E-04    6.7167757E-02   -6.7167757E-02
 4.5600    2.5371071E-04    6.6294630E-02   -6.6294630E-02
 4.5700    2.4936239E-04    6.5444509E-02   -6.5444509E-02
 4.5800    2.4512423E-04    6.4614064E-02   -6.4614064E-02
 4.5900    2.4096782E-04    6.3796124E-02   -6.3796124E-02
 4.6000    2.3686759E-04    6.2984136E-02   -6.2984136E-02
 4.6100    2.3281669E-04    6.2176435E-02   -6.2176435E-02
 4.6200    2.2882919E-04    6.1376942E-02   -6.1376942E-02
 4.6300    2.2492932E-04    6.0592366E-02   -6.0592366E-02
 4.6400    2.2113899E-04    5.9828918E-02   -5.9828918E-02
 4.6500    2.1747096E-04    5.9090416E-02   -5.9090416E-02
 4.6600    2.1392295E-04    5.8376638E-02   -5.8376638E-02
 4.6700    2.1046915E-04    5.7680906E-02   -5.7680906E-02
 4.6800    2.0705738E-04    5.6989163E-02   -5.6989163E-02
 4.6900    2.0362258E-04    5.6283551E-02   -5.6283551E-02
 4.7000    2.0011272E-04    5.5549515E-02   -5.5549515E-02
 4.7100    1.9650968E-04    5.4781715E-02   -5.4781715E-02
 4.7200    1.9283231E-04    5.3985070E-02   -5.3985070E-02
 4.7300    1.8912490E-04    5.3171737E-02   -5.3171737E-02
 4.7400    1.8544567E-04    5.2358025E-02   -5.2358025E-02
 4.7500    1.8186458E-04    5.1563834E-02   -5.1563834E-02
 4.7600    1.7846205E-04    5.0812394E-02   -5.0812394E-02
 4.7700    1.7531160E-04    5.0125333E-02   -5.0125333E-02
 4.7800    1.7244375E-04    4.9512300E-02   -4.9512300E-02
 4.7900    1.6981679E-04    4.8962266E-02   -4.8962266E-02
 4.8000    1.6732575E-04    4.8445687E-02   -4.8445687E-02
 4.8100    1.6485191E-04    4.7928518E-02   -4.7928518E-02
 4.8200    1.6231898E-04    4.7388530E-02   -4.7388530E-02
 4.8300    1.5971654E-04    4.6822438E-02   -4.6822438E-02
 4.8400    1.5708015E-04    4.6240432E-02   -4.6240432E-02
 4.8500    1.5445024E-04    4.5654326E-02   -4.5654326E-02
 4.8600    1.5184350E-04    4.5069070E-02   -4.5069070E-02
 4.8700    1.4925592E-04    4.4483541E-02   -4.4483541E-02
 4.8800    1.4669124E-04    4.3898904E-02   -4.3898904E-02
 4.8900    1.4418613E-04    4.3326246E-02   -4.3326246E-02
 4.9000    1.4180404E-04    4.2784911E-02   -4.2784911E-02
 4.9100    1.3959583E-04    4.2290741E-02   -4.2290741E-02
 4.9200    1.3755856E-04    4.1843469E-02   -4.1843469E-02
 4.9300    1.3563097E-04    4.1425006E-02   -4.1425006E-02
 4.9400    1.3373449E-04    4.1011646E-02   -4.1011646E-02
 4.9500    1.3182834E-04    4.0590933E-02   -4.0590933E-02
 4.9600    1.2993351E-04    4.0169313E-02   -4.0169313E-02
 4.9700    1.2810545E-04    3.9764017E-02   -3.9764017E-02
 4.9800    1.2637659E-04    3.9385394E-02   -3.9385394E-02
 4.9900    1.2471460E-04    3.9023682E-02   -3.9023682E-02
 5.0000    1.2302972E-04    3.8650925E-02   -3.8650925E-02
 5.0100    1.2122755E-04    3.8237250E-02   -3.8237250E-02
 5.0200    1.1926941E-04    3.7769947E-02   -3.7769947E-02
 5.0300    1.1719885E-04    3.7262259E-02   -3.7262259E-02
 5.0400    1.1511997E-04    3.6746976E-02   -3.6746976E-02
 5.0500    1.1314643E-04    3.6260473E-02   -3.6260473E-02
 5.0600    1.1135221E-04    3.5826941E-02   -3.5826941E-02
 5.0700    1.0974387E-04    3.5449170E-02   -3.5449170E-02
 5.0800    1.0825711E-04    3.5107001E-02   -3.5107001E-02
 5.0900    1.0677618E-04    3.4763205E-02   -3.4763205E-02
 5.1000    1.0517800E-04    3.4377565E-02   -3.4377565E-02
 5.1100    1.0339551E-04    3.3927617E-02   -3.3927617E-02
 5.1200    1.0147299E-04    3.3427220E-02   -3.3427220E-02
 5.1300    9.9571518E-05    3.2929089E-02   -3.2929089E-02
 5.1400    9.7903569E-05    3.2503837E-02   -3.2503837E-02
 5.1500    9.6624152E-05    3.2204015E-02   -3.2204015E-02
 5.1600    9.5741754E-05    3.2033961E-02   -3.2033961E-02
 5.1700    9.5103318E-05    3.1943803E-02   -3.1943803E-02
 5.1800    9.4462203E-05    3.1851321E-02   -3.1851321E-02
 5.1900    9.3591060E-05    3.1679546E-02   -3.1679546E-02
 5.2000    9.2379186E-05    3.1389954E-02   -3.1389954E-02
 5.2100    9.0865005E-05    3.0994310E-02   -3.0994310E-02
 5.2200    8.9193246E-05    3.0540971E-02   -3.0540971E-02
 5.2300    8.7530321E-05    3.0086507E-02   -3.0086507E-02
 5.2400    8.5990295E-05    2.9670296E-02   -2.9670296E-02
 5.2500    8.4606575E-05    2.9304383E-02   -2.9304383E-02
 5.2600    8.3349864E-05    2.8979190E-02   -2.8979190E-02
 5.2700    8.2168091E-05    2.8677038E-02   -2.8677038E-02
 5.2800    8.1020692E-05    2.8384004E-02   -2.8384004E-02
 5.2900    7.9891943E-05    2.8094686E-02   -2.8094686E-02
 5.3000    7.8784210E-05    2.7809987E-02   -2.7809987E-02
 5.3100    7.7702929E-05    2.7531907E-02   -2.7531907E-02
 5.3200    7.6646299E-05    2.7259904E-02   -2.7259904E-02
 5.3300    7.5604821E-05    2.6990677E-02   -2.6990677E-02
 5.3400    7.4566529E-05    2.6719991E-02   -2.6719991E-02
 5.3500    7.3521982E-05    2.6444456E-02   -2.6444456E-02
 5.3600    7.2468567E-05    2.6163095E-02   -2.6163095E-02
 5.3700    7.1416483E-05    2.5879560E-02   -2.5879560E-02
 5.3800    7.0393136E-05    2.5603818E-02   -2.5603818E-02
 5.3900    6.9436702E-05    2.5349913E-02   -2.5349913E-02
 5.4000    6.8575971E-05    2.5128661E-02   -2.5128661E-02
 5.4100    6.7809525E-05    2.4939922E-02   -2.4939922E-02
 5.4200    6.7103653E-05    2.4771631E-02   -2.4771631E-02
 5.4300    6.6413087E-05    2.4607256E-02   -2.4607256E-02
 5.4400    6.5706810E-05    2.4435321E-02   -2.4435321E-02
 5.4500    6.4978182E-05    2.4253277E-02   -2.4253277E-02
 5.4600    6.4236787E-05    2.4064617E-02   -2.4064617E-02
 5.4700    6.3495433E-05    2.3874100E-02   -2.3874100E-02
 5.4800    6.2763417E-05    2.3685227E-02   -2.3685227E-02
 5.4900    6.2045451E-05    2.3499818E-02   -2.3499818E-02
 5.5000    6.1341402E-05    2.3317874E-02   -2.3317874E-02
 5.5100    6.0646048E-05    2.3137454E-02   -2.3137454E-02
 5.5200    5.9950385E-05    2.2955143E-02   -2.2955143E-02
 5.5300    5.9243930E-05    2.2766905E-02   -2.2766905E-02
 5.5400    5.8517350E-05    2.2569090E-02   -2.2569090E-02
 5.5500    5.7767902E-05    2.2360547E-02   -2.2360547E-02
 5.5600    5.7008690E-05    2.2146266E-02   -2.2146266E-02
 5.5700    5.6273904E-05    2.1939529E-02   -2.1939529E-02
 5.5800    5.5607666E-05    2.1757697E-02   -2.1757697E-02
 5.5900    5.5036107E-05    2.1611314E-02   -2.1611314E-02
 5.6000    5.4542980E-05    2.1494373E-02   -2.1494373E-02
 5.6100    5.4073830E-05    2.1385663E-02   -2.1385663E-02
 5.6200    5.3571075E-05    2.1262428E-02   -2.1262428E-02
 5.6300    5.3012740E-05    2.1115769E-02   -2.1115769E-02
 5.6400    5.2422781E-05    2.0955022E-02   -2.0955022E-02
 5.6500    5.1847187E-05    2.0798497E-02   -2.0798497E-02
 5.6600    5.1320209E-05    2.0660039E-02   -2.0660039E-02
 5.6700    5.0849489E-05    2.0542939E-02   -2.0542939E-02
 5.6800    5.0426011E-05    2.0443778E-02   -2.0443778E-02
 5.6900    5.0040532E-05    2.0358994E-02   -2.0358994E-02
 5.7000    4.9686505E-05    2.0286075E-02   -2.0286075E-02
 5.7100    4.9348951E-05    2.0219016E-02   -2.0219016E-02
 5.7200    4.8996149E-05    2.0144842E-02   -2.0144842E-02
 5.7300    4.8588122E-05    2.0046992E-02   -2.0046992E-02
 5.7400    4.8098339E-05    1.9914240E-02   -1.9914240E-02
 5.7500    4.7532309E-05    1.9748516E-02   -1.9748516E-02
 5.7600    4.6929057E-05    1.9565757E-02   -1.9565757E-02
 5.7700    4.6343623E-05    1.9388824E-02   -1.9388824E-02
 5.7800    4.5821836E-05    1.9237030E-02   -1.9237030E-02
 5.7900    4.5384927E-05    1.9119593E-02   -1.9119593E-02
 5.8000    4.5033840E-05    1.9037277E-02   -1.9037277E-02
 5.8100    4.4764417E-05    1.8988693E-02   -1.8988693E-02
 5.8200    4.4573615E-05    1.8972899E-02   -1.8972899E-02
 5.8300    4.4447938E-05    1.8984475E-02   -1.8984475E-02
 5.8400    4.4347085E-05    1.9006434E-02   -1.9006434E-02
 5.8500    4.4203982E-05    1.9010038E-02   -1.9010038E-02
 5.8600    4.3949132E-05    1.8965111E-02   -1.8965111E-02
 5.8700    4.3546088E-05    1.8855376E-02   -1.8855376E-02
 5.8800    4.3014366E-05    1.8688655E-02   -1.8688655E-02
 5.8900    4.2423957E-05    1.8494885E-02   -1.8494885E-02
 5.9000    4.1864989E-05    1.8313227E-02   -1.8313227E-02
 5.9100    4.1410854E-05    1.8176029E-02   -1.8176029E-02
 5.9200    4.1092784E-05    1.8097511E-02   -1.8097511E-02
 5.9300    4.0893951E-05    1.8070839E-02   -1.8070839E-02
 5.9400    4.0762332E-05    1.8073480E-02   -1.8073480E-02
 5.9500    4.0635541E-05    1.8077978E-02   -1.8077978E-02
 5.9600    4.0465263E-05    1.8062786E-02   -1.8062786E-02
 5.9700    4.0228918E-05    1.8017597E-02   -1.8017597E-02
 5.9800    3.9926375E-05    1.7942052E-02   -1.7942052E-02
 5.9900    3.9571355E-05    1.7842037E-02   -1.7842037E-02
 6.0000    3.9187232E-05    1.7727886E-02   -1.7727886E-02
 6.0100    3.8806344E-05    1.7614144E-02   -1.7614144E-02
 6.0200    3.8465410E-05    1.7517544E-02   -1.7517544E-02
 6.0300    3.8194668E-05    1.7452081E-02   -1.7452081E-02
 6.0400    3.8007181E-05    1.7424062E-02   -1.7424062E-02
 6.0500    3.7896611E-05    1.7430947E-02   -1.7430947E-02
 6.0600    3.7845587E-05    1.7465071E-02   -1.7465071E-02
 6.0700    3.7838301E-05    1.7519386E-02   -1.7519386E-02
 6.0800    3.7866283E-05    1.7590156E-02   -1.7590156E-02
 6.0900    3.7920207E-05    1.7673198E-02   -1.7673198E-02
 6.1000    3.7973687E-05    1.7756293E-02   -1.7756293E-02
 6.1100    3.7976737E-05    1.7815989E-02   -1.7815989E-02
 6.1200    3.7871510E-05    1.7824827E-02   -1.7824827E-02
 6.1300    3.7621720E-05    1.7765174E-02   -1.7765174E-02
 6.1400    3.7232579E-05    1.7638828E-02   -1.7638828E-02
 6.1500    3.6747275E-05    1.7465670E-02   -1.7465670E-02
 6.1600    3.6226987E-05    1.7274421E-02   -1.7274421E-02
 6.1700    3.5729568E-05    1.7092593E-02   -1.7092593E-02
 6.1800    3.5294041E-05    1.6939017E-02   -1.6939017E-02
 6.1900    3.4931789E-05    1.6819458E-02   -1.6819458E-02
 6.2000    3.4629021E-05    1.6727593E-02   -1.6727593E-02
 6.2100    3.4365311E-05    1.6653800E-02   -1.6653800E-02
 6.2200    3.4139373E-05    1.6597634E-02   -1.6597634E-02
 6.2300    3.3979730E-05    1.6573181E-02   -1.6573181E-02
 6.2400    3.3925497E-05    1.6599892E-02   -1.6599892E-02
 6.2500    3.3989235E-05    1.6684427E-02   -1.6684427E-02
 6.2600    3.4133161E-05    1.6808735E-02   -1.6808735E-02
 6.2700    3.4280652E-05    1.6935344E-02   -1.6935344E-02
 6.2800    3.4355130E-05    1.7026318E-02   -1.7026318E-02
 6.2900    3.4316523E-05    1.7061391E-02   -1.7061391E-02
 6.3000    3.4170997E-05    1.7043101E-02   -1.7043101E-02
 6.3100    3.3954707E-05    1.6989029E-02   -1.6989029E-02
 6.3200    3.3711951E-05    1.6921073E-02   -1.6921073E-02
 6.3300    3.3484825E-05    1.6860301E-02   -1.6860301E-02
 6.3400    3.3312484E-05    1.6826562E-02   -1.6826562E-02
 6.3500    3.3226819E-05    1.6836278E-02   -1.6836278E-02
 6.3600    3.3239451E-05    1.6895768E-02   -1.6895768E-02
 6.3700    3.3329451E-05    1.6994832E-02   -1.6994832E-02
 6.3800    3.3443754E-05    1.7106700E-02   -1.7106700E-02
 6.3900    3.3512266E-05    1.7195523E-02   -1.7195523E-02
 6.4000    3.3470081E-05    1.7227671E-02   -1.7227671E-02
 6.4100    3.3276858E-05    1.7181783E-02   -1.7181783E-02
 6.4200    3.2926119E-05    1.7053772E-02   -1.7053772E-02
 6.4300    3.2442530E-05    1.6855689E-02   -1.6855689E-02
 6.4400    3.1872241E-05    1.6610939E-02   -1.6610939E-02
 6.4500    3.1274652E-05    1.6350151E-02   -1.6350151E-02
 6.4600    3.0718749E-05    1.6109365E-02   -1.6109365E-02
 6.4700    3.0277552E-05    1.5927191E-02   -1.5927191E-02
 6.4800    3.0011889E-05    1.5836281E-02   -1.5836281E-02
 6.4900    2.9944683E-05    1.5849624E-02   -1.5849624E-02
 6.5000    3.0040389E-05    1.5949318E-02   -1.5949318E-02
 6.5100    3.0206448E-05    1.6086868E-02   -1.6086868E-02
 6.5200    3.0320639E-05    1.6197329E-02   -1.6197329E-02
 6.5300    3.0272582E-05    1.6221301E-02   -1.6221301E-02
 6.5400    3.0003356E-05    1.6126317E-02   -1.6126317E-02
 6.5500    2.9531482E-05    1.5921270E-02   -1.5921270E-02
 6.5600    2.8954832E-05    1.5658083E-02   -1.5658083E-02
 6.5700    2.8418547E-05    1.5414962E-02   -1.5414962E-02
 6.5800    2.8053627E-05    1.5263378E-02   -1.5263378E-02
 6.5900    2.7916800E-05    1.5235136E-02   -1.5235136E-02
 6.6000    2.7970808E-05    1.5310972E-02   -1.5310972E-02
 6.6100    2.8117236E-05    1.5437800E-02   -1.5437800E-02
 6.6200    2.8254709E-05    1.5560254E-02   -1.5560254E-02
 6.6300    2.8322918E-05    1.5644977E-02   -1.5644977E-02
 6.6400    2.8314363E-05    1.5687467E-02   -1.5687467E-02
 6.6500    2.8262063E-05    1.5705690E-02   -1.5705690E-02
 6.6600    2.8218943E-05    1.5728926E-02   -1.5728926E-02
 6.6700    2.8237346E-05    1.5786484E-02   -1.5786484E-02
 6.6800    2.8350505E-05    1.5897308E-02   -1.5897308E-02
 6.6900    2.8557910E-05    1.6061589E-02   -1.6061589E-02
 6.7000    2.8819762E-05    1.6257354E-02   -1.6257354E-02
 6.7100    2.9067083E-05    1.6445851E-02   -1.6445851E-02
 6.7200    2.9228755E-05    1.6586652E-02   -1.6586652E-02
 6.7300    2.9264932E-05    1.6656645E-02   -1.6656645E-02
 6.7400    2.9187315E-05    1.6661873E-02   -1.6661873E-02
 6.7500    2.9051697E-05    1.6633702E-02   -1.6633702E-02
 6.7600    2.8925786E-05    1.6610718E-02   -1.6610718E-02
 6.7700    2.8851533E-05    1.6617133E-02   -1.6617133E-02
 6.7800    2.8824085E-05    1.6650404E-02   -1.6650404E-02
 6.7900    2.8798630E-05    1.6684809E-02   -1.6684809E-02
 6.8000    2.8719803E-05    1.6688186E-02   -1.6688186E-02
 6.8100    2.8555342E-05    1.6641461E-02   -1.6641461E-02
 6.8200    2.8313795E-05    1.6549188E-02   -1.6549188E-02
 6.8300    2.8036828E-05    1.6435395E-02   -1.6435395E-02
 6.8400    2.7772861E-05    1.6328365E-02   -1.6328365E-02
 6.8500    2.7549350E-05    1.6244351E-02   -1.6244351E-02
 6.8600    2.7360440E-05    1.6180099E-02   -1.6180099E-02
 6.8700    2.7176751E-05    1.6118361E-02   -1.6118361E-02
 6.8800    2.6970542E-05    1.6042661E-02   -1.6042661E-02
 6.8900    2.6739585E-05    1.5951553E-02   -1.5951553E-02
 6.9000    2.6513520E-05    1.5862639E-02   -1.5862639E-02
 6.9100    2.6339009E-05    1.5803941E-02   -1.5803941E-02
 6.9200    2.6256264E-05    1.5799924E-02   -1.5799924E-02
 6.9300    2.6284556E-05    1.5862695E-02   -1.5862695E-02
 6.9400    2.6421657E-05    1.5991487E-02   -1.5991487E-02
 6.9500    2.6645837E-05    1.6173680E-02   -1.6173680E-02
 6.9600    2.6910490E-05    1.6381360E-02   -1.6381360E-02
 6.9700    2.7140917E-05    1.6569139E-02   -1.6569139E-02
 6.9800    2.7253004E-05    1.6685341E-02   -1.6685341E-02
 6.9900    2.7193336E-05    1.6696548E-02   -1.6696548E-02
 7.0000    2.6968722E-05    1.6606049E-02   -1.6606049E-02
 7.0100    2.6632361E-05    1.6445821E-02   -1.6445821E-02
 7.0200    2.6234760E-05    1.6246551E-02   -1.6246551E-02
 7.0300    2.5787960E-05    1.6015389E-02   -1.6015389E-02
 7.0400    2.5282968E-05    1.5746471E-02   -1.5746471E-02
 7.0500    2.4746051E-05    1.5455889E-02   -1.5455889E-02
 7.0600    2.4274243E-05    1.5204248E-02   -1.5204248E-02
 7.0700    2.4002695E-05    1.5076783E-02   -1.5076783E-02
 7.0800    2.4018449E-05    1.5129388E-02   -1.5129388E-02
 7.0900    2.4288903E-05    1.5342998E-02   -1.5342998E-02
 7.1000    2.4666670E-05    1.5625614E-02   -1.5625614E-02
 7.1100    2.4970713E-05    1.5862806E-02   -1.5862806E-02
 7.1200    2.5082776E-05    1.5978847E-02   -1.5978847E-02
 7.1300    2.4991059E-05    1.5965171E-02   -1.5965171E-02
 7.1400    2.4761263E-05    1.5862772E-02   -1.5862772E-02
 7.1500    2.4471667E-05    1.5721193E-02   -1.5721193E-02
 7.1600    2.4165899E-05    1.5568216E-02   -1.5568216E-02
 7.1700    2.3849379E-05    1.5407254E-02   -1.5407254E-02
 7.1800    2.3517268E-05    1.5235111E-02   -1.5235111E-02
 7.1900    2.3184983E-05    1.5061715E-02   -1.5061715E-02
 7.2000    2.2898975E-05    1.4917323E-02   -1.4917323E-02
 7.2100    2.2721879E-05    1.4843101E-02   -1.4843101E-02
 7.2200    2.2701923E-05    1.4871231E-02   -1.4871231E-02
 7.2300    2.2845272E-05    1.5006617E-02   -1.5006617E-02
 7.2400    2.3106184E-05    1.5220020E-02   -1.5220020E-02
 7.2500    2.3397472E-05    1.5454495E-02   -1.5454495E-02
 7.2600    2.3615179E-05    1.5641354E-02   -1.5641354E-02
 7.2700    2.3671196E-05    1.5721678E-02   -1.5721678E-02
 7.2800    2.3526798E-05    1.5668789E-02   -1.5668789E-02
 7.2900    2.3213055E-05    1.5502339E-02   -1.5502339E-02
 7.3000    2.2821184E-05    1.5282478E-02   -1.5282478E-02
 7.3100    2.2459921E-05    1.5081789E-02   -1.5081789E-02
 7.3200    2.2201530E-05    1.4949096E-02   -1.4949096E-02
 7.3300    2.2049832E-05    1.4887545E-02   -1.4887545E-02
 7.3400    2.1949458E-05    1.4860239E-02   -1.4860239E-02
 7.3500    2.1827082E-05    1.4817680E-02   -1.4817680E-02
 7.3600    2.1636065E-05    1.4728000E-02   -1.4728000E-02
 7.3700    2.1378265E-05    1.4592083E-02   -1.4592083E-02
 7.3800    2.1094978E-05    1.4437821E-02   -1.4437821E-02
 7.3900    2.0838253E-05    1.4300790E-02   -1.4300790E-02
 7.4000    2.0642123E-05    1.4204556E-02   -1.4204556E-02
 7.4100    2.0508929E-05    1.4151070E-02   -1.4151070E-02
 7.4200    2.0414972E-05    1.4124285E-02   -1.4124285E-02
 7.4300    2.0329640E-05    1.4103184E-02   -1.4103184E-02
 7.4400    2.0236435E-05    1.4076340E-02   -1.4076340E-02
 7.4500    2.0143834E-05    1.4049619E-02   -1.4049619E-02
 7.4600    2.0079164E-05    1.4042135E-02   -1.4042135E-02
 7.4700    2.0068570E-05    1.4072378E-02   -1.4072378E-02
 7.4800    2.0115435E-05    1.4143031E-02   -1.4143031E-02
 7.4900    2.0191413E-05    1.4234434E-02   -1.4234434E-02
 7.5000    2.0246312E-05    1.4311275E-02   -1.4311275E-02
 7.5100    2.0231222E-05    1.4338769E-02   -1.4338769E-02
 7.5200    2.0122221E-05    1.4299520E-02   -1.4299520E-02
 7.5300    1.9932337E-05    1.4202279E-02   -1.4202279E-02
 7.5400    1.9704635E-05    1.4077351E-02   -1.4077351E-02
 7.5500    1.9488233E-05    1.3959705E-02   -1.3959705E-02
 7.5600    1.9310934E-05    1.3869370E-02   -1.3869370E-02
 7.5700    1.9168112E-05    1.3803238E-02   -1.3803238E-02
 7.5800    1.9036572E-05    1.3744755E-02   -1.3744755E-02
 7.5900    1.8900106E-05    1.3682254E-02   -1.3682254E-02
 7.6000    1.8762953E-05    1.3618781E-02   -1.3618781E-02
 7.6100    1.8640725E-05    1.3565693E-02   -1.3565693E-02
 7.6200    1.8541167E-05    1.3528725E-02   -1.3528725E-02
 7.6300    1.8455482E-05    1.3501572E-02   -1.3501572E-02
 7.6400    1.8368487E-05    1.3473175E-02   -1.3473175E-02
 7.6500    1.8276479E-05    1.3440805E-02   -1.3440805E-02
 7.6600    1.8194230E-05    1.3415321E-02   -1.3415321E-02
 7.6700    1.8143638E-05    1.3412970E-02   -1.3412970E-02
 7.6800    1.8135014E-05    1.3441577E-02   -1.3441577E-02
 7.6900    1.8158666E-05    1.3494180E-02   -1.3494180E-02
 7.7000    1.8192862E-05    1.3554776E-02   -1.3554776E-02
 7.7100    1.8217853E-05    1.3608674E-02   -1.3608674E-02
 7.7200    1.8222167E-05    1.3647229E-02   -1.3647229E-02
 7.7300    1.8198828E-05    1.3665083E-02   -1.3665083E-02
 7.7400    1.8140925E-05    1.3656871E-02   -1.3656871E-02
 7.7500    1.8044453E-05    1.3619369E-02   -1.3619369E-02
 7.7600    1.7914966E-05    1.3556554E-02   -1.3556554E-02
 7.7700    1.7768116E-05    1.3480105E-02   -1.3480105E-02
 7.7800    1.7620724E-05    1.3402716E-02   -1.3402716E-02
 7.7900    1.7480041E-05    1.3329911E-02   -1.3329911E-02
 7.8000    1.7341270E-05    1.3258059E-02   -1.3258059E-02
 7.8100    1.7195715E-05    1.3180509E-02   -1.3180509E-02
 7.8200    1.7043014E-05    1.3096938E-02   -1.3096938E-02
 7.8300    1.6898134E-05    1.3018835E-02   -1.3018835E-02
 7.8400    1.6787502E-05    1.2966658E-02   -1.2966658E-02
 7.8500    1.6735502E-05    1.2959490E-02   -1.2959490E-02
 7.8600    1.6749050E-05    1.3003047E-02   -1.3003047E-02
 7.8700    1.6809669E-05    1.3083336E-02   -1.3083336E-02
 7.8800    1.6877713E-05    1.3169701E-02   -1.3169701E-02
 7.8900    1.6906403E-05    1.3225591E-02   -1.3225591E-02
 7.9000    1.6859479E-05    1.3222336E-02   -1.3222336E-02
 7.9100    1.6725606E-05    1.3150574E-02   -1.3150574E-02
 7.9200    1.6523173E-05    1.3024278E-02   -1.3024278E-02
 7.9300    1.6292505E-05    1.2874907E-02   -1.2874907E-02
 7.9400    1.6079885E-05    1.2738955E-02   -1.2738955E-02
 7.9500    1.5922906E-05    1.2646386E-02   -1.2646386E-02
 7.9600    1.5843080E-05    1.2614662E-02   -1.2614662E-02
 7.9700    1.5843696E-05    1.2646868E-02   -1.2646868E-02
 7.9800    1.5909534E-05    1.2731310E-02   -1.2731310E-02
 7.9900    1.6010877E-05    1.2844539E-02   -1.2844539E-02
 8.0000    1.6115269E-05    1.2960668E-02   -1.2960668E-02
 8.0100    1.6201596E-05    1.3062693E-02   -1.3062693E-02
 8.0200    1.6264629E-05    1.3146277E-02   -1.3146277E-02
 8.0300    1.6306603E-05    1.3213092E-02   -1.3213092E-02
 8.0400    1.6326587E-05    1.3262255E-02   -1.3262255E-02
 8.0500    1.6319001E-05    1.3289089E-02   -1.3289089E-02
 8.0600    1.6279501E-05    1.3289879E-02   -1.3289879E-02
 8.0700    1.6208317E-05    1.3264621E-02   -1.3264621E-02
 8.0800    1.6107124E-05    1.3214495E-02   -1.3214495E-02
 8.0900    1.5974634E-05    1.3138259E-02   -1.3138259E-02
 8.1000    1.5806733E-05    1.3032328E-02   -1.3032328E-02
 8.1100    1.5601731E-05    1.2895090E-02   -1.2895090E-02
 8.1200    1.5367842E-05    1.2733120E-02   -1.2733120E-02
 8.1300    1.5128966E-05    1.2566091E-02   -1.2566091E-02
 8.1400    1.4923743E-05    1.2426146E-02   -1.2426146E-02
 8.1500    1.4793698E-05    1.2348148E-02   -1.2348148E-02
 8.1600    1.4763305E-05    1.2353038E-02   -1.2353038E-02
 8.1700    1.4823982E-05    1.2434229E-02   -1.2434229E-02
 8.1800    1.4934327E-05    1.2557469E-02   -1.2557469E-02
 8.1900    1.5037236E-05    1.2674934E-02   -1.2674934E-02
 8.2000    1.5082124E-05    1.2743833E-02   -1.2743833E-02
 8.2100    1.5039747E-05    1.2739040E-02   -1.2739040E-02
 8.2200    1.4905874E-05    1.2656422E-02   -1.2656422E-02
 8.2300    1.4697088E-05    1.2509526E-02   -1.2509526E-02
 8.2400    1.4442956E-05    1.2323111E-02   -1.2323111E-02
 8.2500    1.4177635E-05    1.2126111E-02   -1.2126111E-02
 8.2600    1.3933663E-05    1.1946351E-02   -1.1946351E-02
 8.2700    1.3739604E-05    1.1808510E-02   -1.1808510E-02
 8.2800    1.3620630E-05    1.1734585E-02   -1.1734585E-02
 8.2900    1.3598634E-05    1.1743951E-02   -1.1743951E-02
 8.3000    1.3687738E-05    1.1849437E-02   -1.1849437E-02
 8.3100    1.3883423E-05    1.2047820E-02   -1.2047820E-02
 8.3200    1.4149411E-05    1.2308209E-02   -1.2308209E-02
 8.3300    1.4412588E-05    1.2567296E-02   -1.2567296E-02
 8.3400    1.4576623E-05    1.2740864E-02   -1.2740864E-02
 8.3500    1.4555666E-05    1.2753075E-02   -1.2753075E-02
 8.3600    1.4314304E-05    1.2571661E-02   -1.2571661E-02
 8.3700    1.3889479E-05    1.2227755E-02   -1.2227755E-02
 8.3800    1.3376444E-05    1.1804255E-02   -1.1804255E-02
 8.3900    1.2884263E-05    1.1397074E-02   -1.1397074E-02
 8.4000    1.2488907E-05    1.1073703E-02   -1.1073703E-02
 8.4100    1.2212295E-05    1.0854233E-02   -1.0854233E-02
 8.4200    1.2034261E-05    1.0721448E-02   -1.0721448E-02
 8.4300    1.1922394E-05    1.0647031E-02   -1.0647031E-02
 8.4400    1.1858096E-05    1.0614749E-02   -1.0614749E-02
 8.4500    1.1843691E-05    1.0626992E-02   -1.0626992E-02
 8.4600    1.1887940E-05    1.0691957E-02   -1.0691957E-02
 8.4700    1.1982141E-05    1.0802173E-02   -1.0802173E-02
 8.4800    1.2088680E-05    1.0923969E-02   -1.0923969E-02
 8.4900    1.2156210E-05    1.1010916E-02   -1.1010916E-02
 8.5000    1.2151821E-05    1.1032885E-02   -1.1032885E-02
 8.5100    1.2082630E-05    1.0995892E-02   -1.0995892E-02
 8.5200    1.1987465E-05    1.0934940E-02   -1.0934940E-02
 8.5300    1.1906112E-05    1.0886240E-02   -1.0886240E-02
 8.5400    1.1851459E-05    1.0861691E-02   -1.0861691E-02
 8.5500    1.1804118E-05    1.0843654E-02   -1.0843654E-02
 8.5600    1.1730271E-05    1.0801037E-02   -1.0801037E-02
 8.5700    1.1608787E-05    1.0714165E-02   -1.0714165E-02
 8.5800    1.1449284E-05    1.0591629E-02   -1.0591629E-02
 8.5900    1.1288369E-05    1.0467125E-02   -1.0467125E-02
 8.6000    1.1166179E-05    1.0377945E-02   -1.0377945E-02
 8.6100    1.1101866E-05    1.0342182E-02   -1.0342182E-02
 8.6200    1.1088595E-05    1.0353828E-02   -1.0353828E-02
 8.6300    1.1109890E-05    1.0397795E-02   -1.0397795E-02
 8.6400    1.1157888E-05    1.0466931E-02   -1.0466931E-02
 8.6500    1.1234092E-05    1.0562824E-02   -1.0562824E-02
 8.6600    1.1334686E-05    1.0682064E-02   -1.0682064E-02
 8.6700    1.1440012E-05    1.0806239E-02   -1.0806239E-02
 8.6800    1.1521509E-05    1.0908340E-02   -1.0908340E-02
 8.6900    1.1558217E-05    1.0968324E-02   -1.0968324E-02
 8.7000    1.1544725E-05    1.0980749E-02   -1.0980749E-02
 8.7100    1.1484508E-05    1.0948599E-02   -1.0948599E-02
 8.7200    1.1380450E-05    1.0874324E-02   -1.0874324E-02
 8.7300    1.1235418E-05    1.0760379E-02   -1.0760379E-02
 8.7400    1.1060362E-05    1.0617006E-02   -1.0617006E-02
 8.7500    1.0877409E-05    1.0465293E-02   -1.0465293E-02
 8.7600    1.0713067E-05    1.0330751E-02   -1.0330751E-02
 8.7700    1.0588482E-05    1.0233938E-02   -1.0233938E-02
 8.7800    1.0512955E-05    1.0184124E-02   -1.0184124E-02
 8.7900    1.0479566E-05    1.0174918E-02   -1.0174918E-02
 8.8000    1.0463253E-05    1.0182208E-02   -1.0182208E-02
 8.8100    1.0428307E-05    1.0171278E-02   -1.0171278E-02
 8.8200    1.0346947E-05    1.0114846E-02   -1.0114846E-02
 8.8300    1.0215731E-05    1.0009231E-02   -1.0009231E-02
 8.8400    1.0054258E-05    9.8733476E-03   -9.8733476E-03
 8.8500    9.8878288E-06    9.7318934E-03   -9.7318934E-03
 8.8600    9.7312204E-06    9.5994117E-03   -9.5994117E-03
 8.8700    9.5863767E-06    9.4778884E-03   -9.4778884E-03
 8.8800    9.4514706E-06    9.3655909E-03   -9.3655909E-03
 8.8900    9.3306958E-06    9.2667494E-03   -9.2667494E-03
 8.9000    9.2364822E-06    9.1938301E-03   -9.1938301E-03
 8.9100    9.1817956E-06    9.1599456E-03   -9.1599456E-03
 8.9200    9.1672648E-06    9.1659893E-03   -9.1659893E-03
 8.9300    9.1740935E-06    9.1933955E-03   -9.1933955E-03
 8.9400    9.1713183E-06    9.2112096E-03   -9.2112096E-03
 8.9500    9.1332073E-06    9.1934655E-03   -9.1934655E-03
 8.9600    9.0528069E-06    9.1329092E-03   -9.1329092E-03
 8.9700    8.9429416E-06    9.0422216E-03   -9.0422216E-03
 8.9800    8.8287567E-06    8.9466837E-03   -8.9466837E-03
 8.9900    8.7396724E-06    8.8761452E-03   -8.8761452E-03
 9.0000    8.7020492E-06    8.8576073E-03   -8.8576073E-03
 9.0100    8.7300486E-06    8.9058650E-03   -8.9058650E-03
 9.0200    8.8171284E-06    9.0146757E-03   -9.0146757E-03
 9.0300    8.9353890E-06    9.1558533E-03   -9.1558533E-03
 9.0400    9.0457256E-06    9.2894528E-03   -9.2894528E-03
 9.0500    9.1126555E-06    9.3789015E-03   -9.3789015E-03
 9.0600    9.1146678E-06    9.4017154E-03   -9.4017154E-03
 9.0700    9.0469433E-06    9.3524696E-03   -9.3524696E-03
 9.0800    8.9200528E-06    9.2416387E-03   -9.2416387E-03
 9.0900    8.7578570E-06    9.0935923E-03   -9.0935923E-03
 9.1000    8.5931567E-06    8.9422206E-03   -8.9422206E-03
 9.1100    8.4590218E-06    8.8219941E-03   -8.8219941E-03
 9.1200    8.3782341E-06    8.7569331E-03   -8.7569331E-03
 9.1300    8.3558994E-06    8.7527520E-03   -8.7527520E-03
 9.1400    8.3775573E-06    8.7946723E-03   -8.7946723E-03
 9.1500    8.4121519E-06    8.8503238E-03   -8.8503238E-03
 9.1600    8.4202782E-06    8.8782476E-03   -8.8782476E-03
 9.1700    8.3686101E-06    8.8430457E-03   -8.8430457E-03
 9.1800    8.2458267E-06    8.7323157E-03   -8.7323157E-03
 9.1900    8.0690453E-06    8.5637314E-03   -8.5637314E-03
 9.2000    7.8737693E-06    8.3746796E-03   -8.3746796E-03
 9.2100    7.6941796E-06    8.2014652E-03   -8.2014652E-03
 9.2200    7.5494099E-06    8.0646350E-03   -8.0646350E-03
 9.2300    7.4444102E-06    7.9697292E-03   -7.9697292E-03
 9.2400    7.3788497E-06    7.9166687E-03   -7.9166687E-03
 9.2500    7.3513400E-06    7.9042349E-03   -7.9042349E-03
 9.2600    7.3549406E-06    7.9252142E-03   -7.9252142E-03
 9.2700    7.3721141E-06    7.9608855E-03   -7.9608855E-03
 9.2800    7.3789026E-06    7.9854168E-03   -7.9854168E-03
 9.2900    7.3578680E-06    7.9798234E-03   -7.9798234E-03
 9.3000    7.3087669E-06    7.9436458E-03   -7.9436458E-03
 9.3100    7.2463188E-06    7.8927194E-03   -7.8927194E-03
 9.3200    7.1858059E-06    7.8436313E-03   -7.8436313E-03
 9.3300    7.1287578E-06    7.7980679E-03   -7.7980679E-03
 9.3400    7.0615506E-06    7.7411181E-03   -7.7411181E-03
 9.3500    6.9686318E-06    7.6556241E-03   -7.6556241E-03
 9.3600    6.8491212E-06    7.5404352E-03   -7.5404352E-03
 9.3700    6.7220524E-06    7.4163623E-03   -7.4163623E-03
 9.3800    6.6148062E-06    7.3136246E-03   -7.3136246E-03
 9.3900    6.5436246E-06    7.2503576E-03   -7.2503576E-03
 9.4000    6.5018218E-06    7.2193921E-03   -7.2193921E-03
 9.4100    6.4645239E-06    7.1932583E-03   -7.1932583E-03
 9.4200    6.4052237E-06    7.1424297E-03   -7.1424297E-03
 9.4300    6.3113400E-06    7.0526905E-03   -7.0526905E-03
 9.4400    6.1888607E-06    6.9304999E-03   -6.9304999E-03
 9.4500    6.0555705E-06    6.7956115E-03   -6.7956115E-03
 9.4600    5.9301491E-06    6.6689545E-03   -6.6689545E-03
 9.4700    5.8254370E-06    6.5650544E-03   -6.5650544E-03
 9.4800    5.7487443E-06    6.4923142E-03   -6.4923142E-03
 9.4900    5.7053751E-06    6.4569361E-03   -6.4569361E-03
 9.5000    5.6994196E-06    6.4637970E-03   -6.4637970E-03
 9.5100    5.7295992E-06    6.5117113E-03   -6.5117113E-03
 9.5200    5.7833932E-06    6.5866788E-03   -6.5866788E-03
 9.5300    5.8353532E-06    6.6598250E-03   -6.6598250E-03
 9.5400    5.8538990E-06    6.6950194E-03   -6.6950194E-03
 9.5500    5.8152883E-06    6.6648113E-03   -6.6648113E-03
 9.5600    5.7164952E-06    6.5653139E-03   -6.5653139E-03
 9.5700    5.5769768E-06    6.4184857E-03   -6.4184857E-03
 9.5800    5.4271461E-06    6.2591072E-03   -6.2591072E-03
 9.5900    5.2925141E-06    6.1165862E-03   -6.1165862E-03
 9.6000    5.1849899E-06    6.0048235E-03   -6.0048235E-03
 9.6100    5.1046404E-06    5.9240920E-03   -5.9240920E-03
 9.6200    5.0466677E-06    5.8690082E-03   -5.8690082E-03
 9.6300    5.0075318E-06    5.8356086E-03   -5.8356086E-03
 9.6400    4.9877214E-06    5.8246001E-03   -5.8246001E-03
 9.6500    4.9908066E-06    5.8403010E-03   -5.8403010E-03
 9.6600    5.0196468E-06    5.8862306E-03   -5.8862306E-03
 9.6700    5.0726767E-06    5.9607375E-03   -5.9607375E-03
 9.6800    5.1433252E-06    6.0562608E-03   -6.0562608E-03
 9.6900    5.2225580E-06    6.1622695E-03   -6.1622695E-03
