# total charge: 18.000000 
# r(A)     rho (e/A^3)     4*pi*r^2*rho(e/A)  dip  
 0.0000    1.3685222E+01    0.0000000E+00    1.4361922E+02
 0.0100    1.3676595E+01    1.7186516E-02    1.4288573E+02
 0.0200    1.3665684E+01    6.8691219E-02    1.4070668E+02
 0.0300    1.3652015E+01    1.5440065E-01    1.3714521E+02
 0.0400    1.3635069E+01    2.7414933E-01    1.3230310E+02
 0.0500    1.3614261E+01    4.2770461E-01    1.2631581E+02
 0.0600    1.3588923E+01    6.1474841E-01    1.1934611E+02
 0.0700    1.3558362E+01    8.3485909E-01    1.1157656E+02
 0.0800    1.3521978E+01    1.0875020E+00    1.0320146E+02
 0.0900    1.3479391E+01    1.3720348E+00    9.4418655E+01
 0.1000    1.3430474E+01    1.6877232E+00    8.5421738E+01
 0.1100    1.3375288E+01    2.0337539E+00    7.6393030E+01
 0.1200    1.3313955E+01    2.4092365E+00    6.7497743E+01
 0.1300    1.3246561E+01    2.8131941E+00    5.8879499E+01
 0.1400    1.3173125E+01    3.2445521E+00    5.0657336E+01
 0.1500    1.3093632E+01    3.7021371E+00    4.2924197E+01
 0.1600    1.3008093E+01    4.1846916E+00    3.5746809E+01
 0.1700    1.2916598E+01    4.6908964E+00    2.9166771E+01
 0.1800    1.2819299E+01    5.2193827E+00    2.3202674E+01
 0.1900    1.2716331E+01    5.7687123E+00    1.7852981E+01
 0.2000    1.2607727E+01    6.3373349E+00    1.3099413E+01
 0.2100    1.2493396E+01    6.9235522E+00    8.9105423E+00
 0.2200    1.2373183E+01    7.5255224E+00    5.2453310E+00
 0.2300    1.2246966E+01    8.1413056E+00    2.0564280E+00
 0.2400    1.2114725E+01    8.7689159E+00   -7.0688499E-01
 0.2500    1.1976527E+01    9.4063424E+00   -3.0961543E+00
 0.2600    1.1832477E+01    1.0051531E+01   -5.1616625E+00
 0.2700    1.1682665E+01    1.0702354E+01   -6.9508177E+00
 0.2800    1.1527157E+01    1.1356595E+01   -8.5070325E+00
 0.2900    1.1366016E+01    1.2011967E+01   -9.8690554E+00
 0.3000    1.1199332E+01    1.2666146E+01   -1.1070681E+01
 0.3100    1.1027248E+01    1.3316816E+01   -1.2140761E+01
 0.3200    1.0849988E+01    1.3961725E+01   -1.3103454E+01
 0.3300    1.0667874E+01    1.4598748E+01   -1.3978623E+01
 0.3400    1.0481296E+01    1.5225890E+01   -1.4782291E+01
 0.3500    1.0290629E+01    1.5841193E+01   -1.5527027E+01
 0.3600    1.0096139E+01    1.6442588E+01   -1.6222303E+01
 0.3700    9.8979541E+00    1.7027808E+01   -1.6874887E+01
 0.3800    9.6961504E+00    1.7594478E+01   -1.7489378E+01
 0.3900    9.4908669E+00    1.8140321E+01   -1.8068805E+01
 0.4000    9.2823764E+00    1.8663325E+01   -1.8615146E+01
 0.4100    9.0710486E+00    1.9161746E+01   -1.9129612E+01
 0.4200    8.8572479E+00    1.9633930E+01   -1.9612711E+01
 0.4300    8.6412542E+00    2.0078144E+01   -2.0064271E+01
 0.4400    8.4232777E+00    2.0492566E+01   -2.0483586E+01
 0.4500    8.2035548E+00    2.0875504E+01   -2.0869750E+01
 0.4600    7.9824411E+00    2.1225662E+01   -2.1222011E+01
 0.4700    7.7604179E+00    2.1542231E+01   -2.1539938E+01
 0.4800    7.5380045E+00    2.1824722E+01   -2.1823296E+01
 0.4900    7.3156474E+00    2.2072666E+01   -2.2071788E+01
 0.5000    7.0936788E+00    2.2285449E+01   -2.2284914E+01
 0.5100    6.8723748E+00    2.2462446E+01   -2.2462123E+01
 0.5200    6.6520600E+00    2.2603345E+01   -2.2603152E+01
 0.5300    6.4331603E+00    2.2708371E+01   -2.2708257E+01
 0.5400    6.2161411E+00    2.2778140E+01   -2.2778073E+01
 0.5500    6.0013677E+00    2.2813162E+01   -2.2813123E+01
 0.5600    5.7890010E+00    2.2813375E+01   -2.2813353E+01
 0.5700    5.5790335E+00    2.2778155E+01   -2.2778142E+01
 0.5800    5.3714616E+00    2.2706925E+01   -2.2706918E+01
 0.5900    5.1664771E+00    2.2599998E+01   -2.2599994E+01
 0.6000    4.9645355E+00    2.2459029E+01   -2.2459027E+01
 0.6100    4.7662482E+00    2.2286721E+01   -2.2286720E+01
 0.6200    4.5721795E+00    2.2085972E+01   -2.2085971E+01
 0.6300    4.3826849E+00    2.1859046E+01   -2.1859046E+01
 0.6400    4.1978879E+00    2.1607307E+01   -2.1607307E+01
 0.6500    4.0177882E+00    2.1331609E+01   -2.1331609E+01
 0.6600    3.8424103E+00    2.1033012E+01   -2.1033012E+01
 0.6700    3.6718905E+00    2.0713295E+01   -2.0713295E+01
 0.6800    3.5064634E+00    2.0374971E+01   -2.0374971E+01
 0.6900    3.3463783E+00    2.0020876E+01   -2.0020876E+01
 0.7000    3.1918050E+00    1.9653608E+01   -1.9653608E+01
 0.7100    3.0427801E+00    1.9275121E+01   -1.9275121E+01
 0.7200    2.8992189E+00    1.8886690E+01   -1.8886690E+01
 0.7300    2.7609853E+00    1.8489267E+01   -1.8489267E+01
 0.7400    2.6279722E+00    1.8083982E+01   -1.8083982E+01
 0.7500    2.5001350E+00    1.7672413E+01   -1.7672413E+01
 0.7600    2.3774637E+00    1.7256429E+01   -1.7256429E+01
 0.7700    2.2599324E+00    1.6837855E+01   -1.6837855E+01
 0.7800    2.1474852E+00    1.6418340E+01   -1.6418340E+01
 0.7900    2.0400680E+00    1.5999584E+01   -1.5999584E+01
 0.8000    1.9376681E+00    1.5583651E+01   -1.5583651E+01
 0.8100    1.8403100E+00    1.5172980E+01   -1.5172980E+01
 0.8200    1.7480013E+00    1.4769960E+01   -1.4769960E+01
 0.8300    1.6606664E+00    1.4376344E+01   -1.4376344E+01
 0.8400    1.5781177E+00    1.3992903E+01   -1.3992903E+01
 0.8500    1.5000772E+00    1.3619505E+01   -1.3619505E+01
 0.8600    1.4262322E+00    1.3255527E+01   -1.3255527E+01
 0.8700    1.3562938E+00    1.2900370E+01   -1.2900370E+01
 0.8800    1.2900340E+00    1.2553834E+01   -1.2553834E+01
 0.8900    1.2272874E+00    1.2216201E+01   -1.2216201E+01
 0.9000    1.1679230E+00    1.1888008E+01   -1.1888008E+01
 0.9100    1.1118071E+00    1.1569700E+01   -1.1569700E+01
 0.9200    1.0587836E+00    1.1261409E+01   -1.1261409E+01
 0.9300    1.0086794E+00    1.0962987E+01   -1.0962987E+01
 0.9400    9.6132401E-01    1.0674201E+01   -1.0674201E+01
 0.9500    9.1655751E-01    1.0394816E+01   -1.0394816E+01
 0.9600    8.7421808E-01    1.0124466E+01   -1.0124466E+01
 0.9700    8.3412012E-01    9.8623844E+00   -9.8623844E+00
 0.9800    7.9604292E-01    9.6072369E+00   -9.6072369E+00
 0.9900    7.5974016E-01    9.3571876E+00   -9.3571876E+00
 1.0000    7.2496809E-01    9.1102177E+00   -9.1102177E+00
 1.0100    6.9152793E-01    8.8646652E+00   -8.8646652E+00
 1.0200    6.5931291E-01    8.6198912E+00   -8.6198912E+00
 1.0300    6.2833560E-01    8.3767582E+00   -8.3767582E+00
 1.0400    5.9870496E-01    8.1374699E+00   -8.1374699E+00
 1.0500    5.7054836E-01    7.9046186E+00   -7.9046186E+00
 1.0600    5.4392035E-01    7.6799236E+00   -7.6799236E+00
 1.0700    5.1875904E-01    7.4635096E+00   -7.4635096E+00
 1.0800    4.9491601E-01    7.2541891E+00   -7.2541891E+00
 1.0900    4.7222758E-01    7.0504074E+00   -7.0504074E+00
 1.1000    4.5057033E-01    6.8510608E+00   -6.8510608E+00
 1.1100    4.2987062E-01    6.6556976E+00   -6.6556976E+00
 1.1200    4.1008275E-01    6.4642391E+00   -6.4642391E+00
 1.1300    3.9116815E-01    6.2766836E+00   -6.2766836E+00
 1.1400    3.7309250E-01    6.0930688E+00   -6.0930688E+00
 1.1500    3.5583276E-01    5.9135936E+00   -5.9135936E+00
 1.1600    3.3937821E-01    5.7386508E+00   -5.7386508E+00
 1.1700    3.2372097E-01    5.5686821E+00   -5.5686821E+00
 1.1800    3.0884508E-01    5.4039904E+00   -5.4039904E+00
 1.1900    2.9472365E-01    5.2446774E+00   -5.2446774E+00
 1.2000    2.8132405E-01    5.0907200E+00   -5.0907200E+00
 1.2100    2.6861370E-01    4.9420686E+00   -4.9420686E+00
 1.2200    2.5656146E-01    4.7986707E+00   -4.7986707E+00
 1.2300    2.4513535E-01    4.6604305E+00   -4.6604305E+00
 1.2400    2.3430100E-01    4.5271760E+00   -4.5271760E+00
 1.2500    2.2402296E-01    4.3986806E+00   -4.3986806E+00
 1.2600    2.1426805E-01    4.2747269E+00   -4.2747269E+00
 1.2700    2.0500836E-01    4.1551707E+00   -4.1551707E+00
 1.2800    1.9622166E-01    4.0399570E+00   -4.0399570E+00
 1.2900    1.8788883E-01    3.9290743E+00   -3.9290743E+00
 1.3000    1.7999004E-01    3.8224785E+00   -3.8224785E+00
 1.3100    1.7250343E-01    3.7200622E+00   -3.7200622E+00
 1.3200    1.6540815E-01    3.6217180E+00   -3.6217180E+00
 1.3300    1.5868885E-01    3.5274393E+00   -3.5274393E+00
 1.3400    1.5233581E-01    3.4373319E+00   -3.4373319E+00
 1.3500    1.4633858E-01    3.3514770E+00   -3.3514770E+00
 1.3600    1.4067720E-01    3.2697264E+00   -3.2697264E+00
 1.3700    1.3531740E-01    3.1915720E+00   -3.1915720E+00
 1.3800    1.3021279E-01    3.1161738E+00   -3.1161738E+00
 1.3900    1.2531402E-01    3.0425599E+00   -3.0425599E+00
 1.4000    1.2058342E-01    2.9699800E+00   -2.9699800E+00
 1.4100    1.1601012E-01    2.8983041E+00   -2.8983041E+00
 1.4200    1.1161633E-01    2.8282272E+00   -2.8282272E+00
 1.4300    1.0744580E-01    2.7610316E+00   -2.7610316E+00
 1.4400    1.0353706E-01    2.6979299E+00   -2.6979299E+00
 1.4500    9.9897863E-02    2.6393809E+00   -2.6393809E+00
 1.4600    9.6498768E-02    2.5848619E+00   -2.5848619E+00
 1.4700    9.3288843E-02    2.5332278E+00   -2.5332278E+00
 1.4800    9.0219095E-02    2.4833147E+00   -2.4833147E+00
 1.4900    8.7255777E-02    2.4343140E+00   -2.4343140E+00
 1.5000    8.4378505E-02    2.3857460E+00   -2.3857460E+00
 1.5100    8.1572647E-02    2.3372669E+00   -2.3372669E+00
 1.5200    7.8828556E-02    2.2886565E+00   -2.2886565E+00
 1.5300    7.6151040E-02    2.2401060E+00   -2.2401060E+00
 1.5400    7.3569506E-02    2.1925482E+00   -2.1925482E+00
 1.5500    7.1134234E-02    2.1475927E+00   -2.1475927E+00
 1.5600    6.8894114E-02    2.1068867E+00   -2.1068867E+00
 1.5700    6.6869424E-02    2.0712702E+00   -2.0712702E+00
 1.5800    6.5040603E-02    2.0403685E+00   -2.0403685E+00
 1.5900    6.3360094E-02    2.0128894E+00   -2.0128894E+00
 1.6000    6.1774111E-02    1.9872675E+00   -1.9872675E+00
 1.6100    6.0237620E-02    1.9621374E+00   -1.9621374E+00
 1.6200    5.8719100E-02    1.9365080E+00   -1.9365080E+00
 1.6300    5.7201465E-02    1.9098191E+00   -1.9098191E+00
 1.6400    5.5682150E-02    1.8819737E+00   -1.8819737E+00
 1.6500    5.4170140E-02    1.8532658E+00   -1.8532658E+00
 1.6600    5.2680377E-02    1.8242104E+00   -1.8242104E+00
 1.6700    5.1230160E-02    1.7954302E+00   -1.7954302E+00
 1.6800    4.9839070E-02    1.7676585E+00   -1.7676585E+00
 1.6900    4.8527554E-02    1.7416933E+00   -1.7416933E+00
 1.7000    4.7309615E-02    1.7181343E+00   -1.7181343E+00
 1.7100    4.6183201E-02    1.6970167E+00   -1.6970167E+00
 1.7200    4.5127689E-02    1.6776828E+00   -1.6776828E+00
 1.7300    4.4113308E-02    1.6590967E+00   -1.6590967E+00
 1.7400    4.3116504E-02    1.6404081E+00   -1.6404081E+00
 1.7500    4.2129668E-02    1.6213396E+00   -1.6213396E+00
 1.7600    4.1158879E-02    1.6021336E+00   -1.6021336E+00
 1.7700    4.0213634E-02    1.5831779E+00   -1.5831779E+00
 1.7800    3.9297977E-02    1.5646603E+00   -1.5646603E+00
 1.7900    3.8409413E-02    1.5465131E+00   -1.5465131E+00
 1.8000    3.7544576E-02    1.5286290E+00   -1.5286290E+00
 1.8100    3.6705376E-02    1.5111121E+00   -1.5111121E+00
 1.8200    3.5899547E-02    1.4943131E+00   -1.4943131E+00
 1.8300    3.5134329E-02    1.4785762E+00   -1.4785762E+00
 1.8400    3.4407918E-02    1.4638747E+00   -1.4638747E+00
 1.8500    3.3706080E-02    1.4496447E+00   -1.4496447E+00
 1.8600    3.3008173E-02    1.4350177E+00   -1.4350177E+00
 1.8700    3.2299074E-02    1.4193292E+00   -1.4193292E+00
 1.8800    3.1577789E-02    1.4025143E+00   -1.4025143E+00
 1.8900    3.0855990E-02    1.3850739E+00   -1.3850739E+00
 1.9000    3.0148720E-02    1.3676846E+00   -1.3676846E+00
 1.9100    2.9466112E-02    1.3508261E+00   -1.3508261E+00
 1.9200    2.8812264E-02    1.3347186E+00   -1.3347186E+00
 1.9300    2.8189102E-02    1.3194888E+00   -1.3194888E+00
 1.9400    2.7598795E-02    1.3052793E+00   -1.3052793E+00
 1.9500    2.7042073E-02    1.2921682E+00   -1.2921682E+00
 1.9600    2.6515717E-02    1.2800454E+00   -1.2800454E+00
 1.9700    2.6013151E-02    1.2686309E+00   -1.2686309E+00
 1.9800    2.5527522E-02    1.2576184E+00   -1.2576184E+00
 1.9900    2.5053775E-02    1.2467782E+00   -1.2467782E+00
 2.0000    2.4588103E-02    1.2359328E+00   -1.2359328E+00
 2.0100    2.4126587E-02    1.2248922E+00   -1.2248922E+00
 2.0200    2.3665171E-02    1.2134510E+00   -1.2134510E+00
 2.0300    2.3200710E-02    1.2014431E+00   -1.2014431E+00
 2.0400    2.2731257E-02    1.1887586E+00   -1.1887586E+00
 2.0500    2.2255083E-02    1.1752948E+00   -1.1752948E+00
 2.0600    2.1770296E-02    1.1609370E+00   -1.1609370E+00
 2.0700    2.1277388E-02    1.1456946E+00   -1.1456946E+00
 2.0800    2.0784018E-02    1.1299678E+00   -1.1299678E+00
 2.0900    2.0307412E-02    1.1146975E+00   -1.1146975E+00
 2.1000    1.9869540E-02    1.1011241E+00   -1.1011241E+00
 2.1100    1.9485990E-02    1.0901776E+00   -1.0901776E+00
 2.1200    1.9156335E-02    1.0819171E+00   -1.0819171E+00
 2.1300    1.8864055E-02    1.0754844E+00   -1.0754844E+00
 2.1400    1.8586208E-02    1.0696167E+00   -1.0696167E+00
 2.1500    1.8304911E-02    1.0632965E+00   -1.0632965E+00
 2.1600    1.8012517E-02    1.0560677E+00   -1.0560677E+00
 2.1700    1.7709114E-02    1.0479153E+00   -1.0479153E+00
 2.1800    1.7397175E-02    1.0389666E+00   -1.0389666E+00
 2.1900    1.7078513E-02    1.0293146E+00   -1.0293146E+00
 2.2000    1.6754754E-02    1.0190448E+00   -1.0190448E+00
 2.2100    1.6429084E-02    1.0083418E+00   -1.0083418E+00
 2.2200    1.6106611E-02    9.9751627E-01   -9.9751627E-01
 2.2300    1.5792628E-02    9.8690194E-01   -9.8690194E-01
 2.2400    1.5490121E-02    9.7669893E-01   -9.7669893E-01
 2.2500    1.5198589E-02    9.6689243E-01   -9.6689243E-01
 2.2600    1.4915085E-02    9.5730976E-01   -9.5730976E-01
 2.2700    1.4636464E-02    9.4775862E-01   -9.4775862E-01
 2.2800    1.4360938E-02    9.3812857E-01   -9.3812857E-01
 2.2900    1.4088189E-02    9.2840188E-01   -9.2840188E-01
 2.3000    1.3818841E-02    9.1862264E-01   -9.1862264E-01
 2.3100    1.3554236E-02    9.0888485E-01   -9.0888485E-01
 2.3200    1.3296300E-02    8.9932493E-01   -8.9932493E-01
 2.3300    1.3046730E-02    8.9006837E-01   -8.9006837E-01
 2.3400    1.2805764E-02    8.8114436E-01   -8.8114436E-01
 2.3500    1.2571765E-02    8.7245263E-01   -8.7245263E-01
 2.3600    1.2342301E-02    8.6383344E-01   -8.6383344E-01
 2.3700    1.2115852E-02    8.5518585E-01   -8.5518585E-01
 2.3800    1.1892644E-02    8.4652972E-01   -8.4652972E-01
 2.3900    1.1674052E-02    8.3796774E-01   -8.3796774E-01
 2.4000    1.1461315E-02    8.2959626E-01   -8.2959626E-01
 2.4100    1.1254627E-02    8.2143853E-01   -8.2143853E-01
 2.4200    1.1052972E-02    8.1342903E-01   -8.1342903E-01
 2.4300    1.0854460E-02    8.0543525E-01   -8.0543525E-01
 2.4400    1.0656959E-02    7.9730194E-01   -7.9730194E-01
 2.4500    1.0458936E-02    7.8891377E-01   -7.8891377E-01
 2.4600    1.0260243E-02    7.8025707E-01   -7.8025707E-01
 2.4700    1.0062303E-02    7.7143823E-01   -7.7143823E-01
 2.4800    9.8673558E-03    7.6263023E-01   -7.6263023E-01
 2.4900    9.6771586E-03    7.5397408E-01   -7.5397408E-01
 2.5000    9.4920735E-03    7.4550571E-01   -7.4550571E-01
 2.5100    9.3111936E-03    7.3716153E-01   -7.3716153E-01
 2.5200    9.1333116E-03    7.2885179E-01   -7.2885179E-01
 2.5300    8.9578990E-03    7.2053829E-01   -7.2053829E-01
 2.5400    8.7853957E-03    7.1226012E-01   -7.1226012E-01
 2.5500    8.6167636E-03    7.0410009E-01   -7.0410009E-01
 2.5600    8.4527645E-03    6.9612714E-01   -6.9612714E-01
 2.5700    8.2934438E-03    6.8835270E-01   -6.8835270E-01
 2.5800    8.1380217E-03    6.8071939E-01   -6.8071939E-01
 2.5900    7.9851831E-03    6.7312276E-01   -6.7312276E-01
 2.6000    7.8336379E-03    6.6545709E-01   -6.6545709E-01
 2.6100    7.6827016E-03    6.5766518E-01   -6.5766518E-01
 2.6200    7.5325468E-03    6.4976197E-01   -6.4976197E-01
 2.6300    7.3838832E-03    6.4180955E-01   -6.4180955E-01
 2.6400    7.2372286E-03    6.3385512E-01   -6.3385512E-01
 2.6500    7.0923629E-03    6.2588214E-01   -6.2588214E-01
 2.6600    6.9485500E-03    6.1782762E-01   -6.1782762E-01
 2.6700    6.8054950E-03    6.0966619E-01   -6.0966619E-01
 2.6800    6.6642609E-03    6.0149420E-01   -6.0149420E-01
 2.6900    6.5272539E-03    5.9353308E-01   -5.9353308E-01
 2.7000    6.3971174E-03    5.8603252E-01   -5.8603252E-01
 2.7100    6.2752747E-03    5.7913684E-01   -5.7913684E-01
 2.7200    6.1611307E-03    5.7280671E-01   -5.7280671E-01
 2.7300    6.0524191E-03    5.6684478E-01   -5.6684478E-01
 2.7400    5.9463715E-03    5.6100021E-01   -5.6100021E-01
 2.7500    5.8408921E-03    5.5507854E-01   -5.5507854E-01
 2.7600    5.7350283E-03    5.4898894E-01   -5.4898894E-01
 2.7700    5.6286056E-03    5.4271299E-01   -5.4271299E-01
 2.7800    5.5214942E-03    5.3623613E-01   -5.3623613E-01
 2.7900    5.4131438E-03    5.2950228E-01   -5.2950228E-01
 2.8000    5.3027344E-03    5.2242722E-01   -5.2242722E-01
 2.8100    5.1899036E-03    5.1496984E-01   -5.1496984E-01
 2.8200    5.0757317E-03    5.0723211E-01   -5.0723211E-01
 2.8300    4.9633888E-03    4.9952937E-01   -4.9952937E-01
 2.8400    4.8576458E-03    4.9234824E-01   -4.9234824E-01
 2.8500    4.7628067E-03    4.8614132E-01   -4.8614132E-01
 2.8600    4.6797956E-03    4.8102630E-01   -4.8102630E-01
 2.8700    4.6043406E-03    4.7658580E-01   -4.7658580E-01
 2.8800    4.5280811E-03    4.7196417E-01   -4.7196417E-01
 2.8900    4.4425933E-03    4.6627497E-01   -4.6627497E-01
 2.9000    4.3440826E-03    4.5909645E-01   -4.5909645E-01
 2.9100    4.2357649E-03    4.5074165E-01   -4.5074165E-01
 2.9200    4.1263860E-03    4.4212535E-01   -4.4212535E-01
 2.9300    4.0257633E-03    4.3430352E-01   -4.3430352E-01
 2.9400    3.9399684E-03    4.2795417E-01   -4.2795417E-01
 2.9500    3.8688607E-03    4.2309411E-01   -4.2309411E-01
 2.9600    3.8071626E-03    4.1917436E-01   -4.1917436E-01
 2.9700    3.7479835E-03    4.1545159E-01   -4.1545159E-01
 2.9800    3.6862372E-03    4.1136342E-01   -4.1136342E-01
 2.9900    3.6199705E-03    4.0668418E-01   -4.0668418E-01
 3.0000    3.5496356E-03    4.0145433E-01   -4.0145433E-01
 3.0100    3.4767927E-03    3.9584181E-01   -3.9584181E-01
 3.0200    3.4034069E-03    3.9006558E-01   -3.9006558E-01
 3.0300    3.3316275E-03    3.8437184E-01   -3.8437184E-01
 3.0400    3.2633227E-03    3.7898067E-01   -3.7898067E-01
 3.0500    3.1991973E-03    3.7398188E-01   -3.7398188E-01
 3.0600    3.1381597E-03    3.6925616E-01   -3.6925616E-01
 3.0700    3.0776835E-03    3.6451095E-01   -3.6451095E-01
 3.0800    3.0151766E-03    3.5943805E-01   -3.5943805E-01
 3.0900    2.9495890E-03    3.5390633E-01   -3.5390633E-01
 3.1000    2.8822684E-03    3.4807086E-01   -3.4807086E-01
 3.1100    2.8164599E-03    3.4232153E-01   -3.4232153E-01
 3.1200    2.7556399E-03    3.3708662E-01   -3.3708662E-01
 3.1300    2.7016723E-03    3.3260687E-01   -3.3260687E-01
 3.1400    2.6539620E-03    3.2882426E-01   -3.2882426E-01
 3.1500    2.6100504E-03    3.2544670E-01   -3.2544670E-01
 3.1600    2.5670699E-03    3.2212299E-01   -3.2212299E-01
 3.1700    2.5230627E-03    3.1860782E-01   -3.1860782E-01
 3.1800    2.4775546E-03    3.1483814E-01   -3.1483814E-01
 3.1900    2.4313185E-03    3.1090885E-01   -3.1090885E-01
 3.2000    2.3856011E-03    3.0697828E-01   -3.0697828E-01
 3.2100    2.3412525E-03    3.0315741E-01   -3.0315741E-01
 3.2200    2.2982475E-03    2.9944593E-01   -2.9944593E-01
 3.2300    2.2558425E-03    2.9574927E-01   -2.9574927E-01
 3.2400    2.2131791E-03    2.9195536E-01   -2.9195536E-01
 3.2500    2.1698883E-03    2.8801425E-01   -2.8801425E-01
 3.2600    2.1263489E-03    2.8397466E-01   -2.8397466E-01
 3.2700    2.0835025E-03    2.7996220E-01   -2.7996220E-01
 3.2800    2.0423229E-03    2.7610989E-01   -2.7610989E-01
 3.2900    2.0031941E-03    2.7247377E-01   -2.7247377E-01
 3.3000    1.9655894E-03    2.6898654E-01   -2.6898654E-01
 3.3100    1.9283514E-03    2.6549236E-01   -2.6549236E-01
 3.3200    1.8904538E-03    2.6184971E-01   -2.6184971E-01
 3.3300    1.8516857E-03    2.5802726E-01   -2.5802726E-01
 3.3400    1.8127185E-03    2.5411668E-01   -2.5411668E-01
 3.3500    1.7745434E-03    2.5025693E-01   -2.5025693E-01
 3.3600    1.7377911E-03    2.4653921E-01   -2.4653921E-01
 3.3700    1.7024708E-03    2.4296815E-01   -2.4296815E-01
 3.3800    1.6682215E-03    2.3949529E-01   -2.3949529E-01
 3.3900    1.6347349E-03    2.3607858E-01   -2.3607858E-01
 3.4000    1.6019613E-03    2.3271250E-01   -2.3271250E-01
 3.4100    1.5699930E-03    2.2941210E-01   -2.2941210E-01
 3.4200    1.5388234E-03    2.2617826E-01   -2.2617826E-01
 3.4300    1.5082499E-03    2.2298282E-01   -2.2298282E-01
 3.4400    1.4780159E-03    2.1978895E-01   -2.1978895E-01
 3.4500    1.4480472E-03    2.1658620E-01   -2.1658620E-01
 3.4600    1.4185405E-03    2.1340461E-01   -2.1340461E-01
 3.4700    1.3897993E-03    2.1029111E-01   -2.1029111E-01
 3.4800    1.3619554E-03    2.0726752E-01   -2.0726752E-01
 3.4900    1.3348337E-03    2.0430917E-01   -2.0430917E-01
 3.5000    1.3080967E-03    2.0136584E-01   -2.0136584E-01
 3.5100    1.2815549E-03    1.9840898E-01   -1.9840898E-01
 3.5200    1.2553780E-03    1.9546531E-01   -1.9546531E-01
 3.5300    1.2300205E-03    1.9260680E-01   -1.9260680E-01
 3.5400    1.2059158E-03    1.8990367E-01   -1.8990367E-01
 3.5500    1.1831739E-03    1.8737652E-01   -1.8737652E-01
 3.5600    1.1615050E-03    1.8498263E-01   -1.8498263E-01
 3.5700    1.1403948E-03    1.8264237E-01   -1.8264237E-01
 3.5800    1.1193697E-03    1.8028079E-01   -1.8028079E-01
 3.5900    1.0981557E-03    1.7785362E-01   -1.7785362E-01
 3.6000    1.0766680E-03    1.7534632E-01   -1.7534632E-01
 3.6100    1.0549232E-03    1.7276076E-01   -1.7276076E-01
 3.6200    1.0330060E-03    1.7010999E-01   -1.7010999E-01
 3.6300    1.0111032E-03    1.6742433E-01   -1.6742433E-01
 3.6400    9.8951950E-04    1.6475439E-01   -1.6475439E-01
 3.6500    9.6862686E-04    1.6216312E-01   -1.6216312E-01
 3.6600    9.4880196E-04    1.5971570E-01   -1.5971570E-01
 3.6700    9.3039214E-04    1.5747370E-01   -1.5747370E-01
 3.6800    9.1363444E-04    1.5548123E-01   -1.5548123E-01
 3.6900    8.9845425E-04    1.5372998E-01   -1.5372998E-01
 3.7000    8.8425997E-04    1.5212244E-01   -1.5212244E-01
 3.7100    8.7000017E-04    1.5047939E-01   -1.5047939E-01
 3.7200    8.5460174E-04    1.4861393E-01   -1.4861393E-01
 3.7300    8.3754908E-04    1.4643261E-01   -1.4643261E-01
 3.7400    8.1917347E-04    1.4398888E-01   -1.4398888E-01
 3.7500    8.0043009E-04    1.4144767E-01   -1.4144767E-01
 3.7600    7.8234572E-04    1.3899023E-01   -1.3899023E-01
 3.7700    7.6553210E-04    1.3672753E-01   -1.3672753E-01
 3.7800    7.5003024E-04    1.3467043E-01   -1.3467043E-01
 3.7900    7.3546953E-04    1.3275564E-01   -1.3275564E-01
 3.8000    7.2134698E-04    1.3089446E-01   -1.3089446E-01
 3.8100    7.0724399E-04    1.2901169E-01   -1.2901169E-01
 3.8200    6.9292089E-04    1.2706333E-01   -1.2706333E-01
 3.8300    6.7833350E-04    1.2504049E-01   -1.2504049E-01
 3.8400    6.6363071E-04    1.2296989E-01   -1.2296989E-01
 3.8500    6.4913944E-04    1.2091198E-01   -1.2091198E-01
 3.8600    6.3529569E-04    1.1894889E-01   -1.1894889E-01
 3.8700    6.2249260E-04    1.1715639E-01   -1.1715639E-01
 3.8800    6.1088774E-04    1.1556724E-01   -1.1556724E-01
 3.8900    6.0028855E-04    1.1414822E-01   -1.1414822E-01
 3.9000    5.9022464E-04    1.1281229E-01   -1.1281229E-01
 3.9100    5.8018668E-04    1.1146310E-01   -1.1146310E-01
 3.9200    5.6987192E-04    1.1004220E-01   -1.1004220E-01
 3.9300    5.5927499E-04    1.0854764E-01   -1.0854764E-01
 3.9400    5.4859946E-04    1.0701821E-01   -1.0701821E-01
 3.9500    5.3809398E-04    1.0550236E-01   -1.0550236E-01
 3.9600    5.2793136E-04    1.0403457E-01   -1.0403457E-01
 3.9700    5.1818071E-04    1.0262948E-01   -1.0262948E-01
 3.9800    5.0885393E-04    1.0129060E-01   -1.0129060E-01
 3.9900    4.9997282E-04    1.0002350E-01   -1.0002350E-01
 4.0000    4.9160032E-04    9.8842110E-02   -9.8842110E-02
 4.0100    4.8380287E-04    9.7761319E-02   -9.7761319E-02
 4.0200    4.7655446E-04    9.6777524E-02   -9.6777524E-02
 4.0300    4.6964447E-04    9.5849350E-02   -9.5849350E-02
 4.0400    4.6267916E-04    9.4897011E-02   -9.4897011E-02
 4.0500    4.5522418E-04    9.3830760E-02   -9.3830760E-02
 4.0600    4.4702296E-04    9.2595900E-02   -9.2595900E-02
 4.0700    4.3813553E-04    9.1202587E-02   -9.1202587E-02
 4.0800    4.2888731E-04    8.9716720E-02   -8.9716720E-02
 4.0900    4.1967325E-04    8.8220145E-02   -8.8220145E-02
 4.1000    4.1077414E-04    8.6772214E-02   -8.6772214E-02
 4.1100    4.0229897E-04    8.5396963E-02   -8.5396963E-02
 4.1200    3.9423939E-04    8.4093864E-02   -8.4093864E-02
 4.1300    3.8654953E-04    8.2854313E-02   -8.2854313E-02
 4.1400    3.7918886E-04    8.1670670E-02   -8.1670670E-02
 4.1500    3.7212439E-04    8.0536768E-02   -8.0536768E-02
 4.1600    3.6531887E-04    7.9445378E-02   -7.9445378E-02
 4.1700    3.5872836E-04    7.8387658E-02   -7.8387658E-02
 4.1800    3.5231491E-04    7.7355902E-02   -7.7355902E-02
 4.1900    3.4606322E-04    7.6347243E-02   -7.6347243E-02
 4.2000    3.3998715E-04    7.5365215E-02   -7.5365215E-02
 4.2100    3.3412189E-04    7.4418170E-02   -7.4418170E-02
 4.2200    3.2850385E-04    7.3514876E-02   -7.3514876E-02
 4.2300    3.2313898E-04    7.2657416E-02   -7.2657416E-02
 4.2400    3.1796913E-04    7.1833419E-02   -7.1833419E-02
 4.2500    3.1286504E-04    7.1014129E-02   -7.1014129E-02
 4.2600    3.0766973E-04    7.0163918E-02   -7.0163918E-02
 4.2700    3.0227213E-04    6.9257007E-02   -6.9257007E-02
 4.2800    2.9665403E-04    6.8288512E-02   -6.8288512E-02
 4.2900    2.9087659E-04    6.7271826E-02   -6.7271826E-02
 4.3000    2.8503403E-04    6.6228282E-02   -6.6228282E-02
 4.3100    2.7922811E-04    6.5181380E-02   -6.5181380E-02
 4.3200    2.7358062E-04    6.4159753E-02   -6.4159753E-02
 4.3300    2.6824980E-04    6.3201161E-02   -6.3201161E-02
 4.3400    2.6340396E-04    6.2346434E-02   -6.2346434E-02
 4.3500    2.5914184E-04    6.1620598E-02   -6.1620598E-02
 4.3600    2.5540834E-04    6.1012374E-02   -6.1012374E-02
 4.3700    2.5198401E-04    6.0470800E-02   -6.0470800E-02
 4.3800    2.4858057E-04    5.9927376E-02   -5.9927376E-02
 4.3900    2.4497847E-04    5.9328972E-02   -5.9328972E-02
 4.4000    2.4109877E-04    5.8655699E-02   -5.8655699E-02
 4.4100    2.3697208E-04    5.7914089E-02   -5.7914089E-02
 4.4200    2.3267040E-04    5.7120966E-02   -5.7120966E-02
 4.4300    2.2827819E-04    5.6296544E-02   -5.6296544E-02
 4.4400    2.2389947E-04    5.5466259E-02   -5.5466259E-02
 4.4500    2.1964531E-04    5.4657759E-02   -5.4657759E-02
 4.4600    2.1558478E-04    5.3888697E-02   -5.3888697E-02
 4.4700    2.1170711E-04    5.3156986E-02   -5.3156986E-02
 4.4800    2.0794272E-04    5.2445667E-02   -5.2445667E-02
 4.4900    2.0423054E-04    5.1739620E-02   -5.1739620E-02
 4.5000    2.0057167E-04    5.1039273E-02   -5.1039273E-02
 4.5100    1.9702580E-04    5.0360039E-02   -5.0360039E-02
 4.5200    1.9366235E-04    4.9720093E-02   -4.9720093E-02
 4.5300    1.9051399E-04    4.9128459E-02   -4.9128459E-02
 4.5400    1.8756735E-04    4.8582383E-02   -4.8582383E-02
 4.5500    1.8478542E-04    4.8072905E-02   -4.8072905E-02
 4.5600    1.8213260E-04    4.7591265E-02   -4.7591265E-02
 4.5700    1.7958227E-04    4.7130898E-02   -4.7130898E-02
 4.5800    1.7711125E-04    4.6686034E-02   -4.6686034E-02
 4.5900    1.7469754E-04    4.6251097E-02   -4.6251097E-02
 4.6000    1.7232814E-04    4.5822810E-02   -4.5822810E-02
 4.6100    1.7000718E-04    4.5402418E-02   -4.5402418E-02
 4.6200    1.6774890E-04    4.4993886E-02   -4.4993886E-02
 4.6300    1.6555268E-04    4.4597247E-02   -4.4597247E-02
 4.6400    1.6337850E-04    4.4201878E-02   -4.4201878E-02
 4.6500    1.6114958E-04    4.3786975E-02   -4.3786975E-02
 4.6600    1.5879181E-04    4.3332107E-02   -4.3332107E-02
 4.6700    1.5628660E-04    4.2831706E-02   -4.2831706E-02
 4.6800    1.5369409E-04    4.2301788E-02   -4.2301788E-02
 4.6900    1.5112272E-04    4.1772004E-02   -4.1772004E-02
 4.7000    1.4866631E-04    4.1268449E-02   -4.1268449E-02
 4.7100    1.4635890E-04    4.0801000E-02   -4.0801000E-02
 4.7200    1.4418098E-04    4.0364711E-02   -4.0364711E-02
 4.7300    1.4210539E-04    3.9952383E-02   -3.9952383E-02
 4.7400    1.4014026E-04    3.9566668E-02   -3.9566668E-02
 4.7500    1.3833282E-04    3.9221330E-02   -3.9221330E-02
 4.7600    1.3672691E-04    3.8929404E-02   -3.8929404E-02
 4.7700    1.3530121E-04    3.8685509E-02   -3.8685509E-02
 4.7800    1.3393810E-04    3.8456502E-02   -3.8456502E-02
 4.7900    1.3246528E-04    3.8192928E-02   -3.8192928E-02
 4.8000    1.3076082E-04    3.7859072E-02   -3.7859072E-02
 4.8100    1.2884856E-04    3.7461019E-02   -3.7461019E-02
 4.8200    1.2690303E-04    3.7048953E-02   -3.7048953E-02
 4.8300    1.2515228E-04    3.6689592E-02   -3.6689592E-02
 4.8400    1.2375273E-04    3.6429681E-02   -3.6429681E-02
 4.8500    1.2272535E-04    3.6276688E-02   -3.6276688E-02
 4.8600    1.2197591E-04    3.6203994E-02   -3.6203994E-02
 4.8700    1.2134954E-04    3.6166454E-02   -3.6166454E-02
 4.8800    1.2066838E-04    3.6111288E-02   -3.6111288E-02
 4.8900    1.1975713E-04    3.5985617E-02   -3.5985617E-02
 4.9000    1.1849007E-04    3.5750652E-02   -3.5750652E-02
 4.9100    1.1685195E-04    3.5400454E-02   -3.5400454E-02
 4.9200    1.1495626E-04    3.4968154E-02   -3.4968154E-02
 4.9300    1.1298731E-04    3.4509080E-02   -3.4509080E-02
 4.9400    1.1110971E-04    3.4073423E-02   -3.4073423E-02
 4.9500    1.0942227E-04    3.3691939E-02   -3.3691939E-02
 4.9600    1.0797925E-04    3.3382090E-02   -3.3382090E-02
 4.9700    1.0682382E-04    3.3158184E-02   -3.3158184E-02
 4.9800    1.0597024E-04    3.3025732E-02   -3.3025732E-02
 4.9900    1.0534298E-04    3.2962228E-02   -3.2962228E-02
 5.0000    1.0475201E-04    3.2908815E-02   -3.2908815E-02
 5.0100    1.0396510E-04    3.2792375E-02   -3.2792375E-02
 5.0200    1.0284029E-04    3.2567214E-02   -3.2567214E-02
 5.0300    1.0141112E-04    3.2242700E-02   -3.2242700E-02
 5.0400    9.9855396E-05    3.1874434E-02   -3.1874434E-02
 5.0500    9.8382070E-05    3.1528882E-02   -3.1528882E-02
 5.0600    9.7126716E-05    3.1249970E-02   -3.1249970E-02
 5.0700    9.6113001E-05    3.1046162E-02   -3.1046162E-02
 5.0800    9.5273157E-05    3.0896398E-02   -3.0896398E-02
 5.0900    9.4493060E-05    3.0764180E-02   -3.0764180E-02
 5.1000    9.3659603E-05    3.0612763E-02   -3.0612763E-02
 5.1100    9.2702594E-05    3.0418903E-02   -3.0418903E-02
 5.1200    9.1621409E-05    3.0181912E-02   -3.0181912E-02
 5.1300    9.0481480E-05    2.9922942E-02   -2.9922942E-02
 5.1400    8.9377079E-05    2.9673055E-02   -2.9673055E-02
 5.1500    8.8382476E-05    2.9457134E-02   -2.9457134E-02
 5.1600    8.7526392E-05    2.9285207E-02   -2.9285207E-02
 5.1700    8.6802866E-05    2.9155804E-02   -2.9155804E-02
 5.1800    8.6194095E-05    2.9063432E-02   -2.9063432E-02
 5.1900    8.5672872E-05    2.8999326E-02   -2.8999326E-02
 5.2000    8.5185942E-05    2.8945728E-02   -2.8945728E-02
 5.2100    8.4651023E-05    2.8874703E-02   -2.8874703E-02
 5.2200    8.3987310E-05    2.8758388E-02   -2.8758388E-02
 5.2300    8.3159127E-05    2.8584011E-02   -2.8584011E-02
 5.2400    8.2195734E-05    2.8361012E-02   -2.8361012E-02
 5.2500    8.1173807E-05    2.8115408E-02   -2.8115408E-02
 5.2600    8.0180806E-05    2.7877368E-02   -2.7877368E-02
 5.2700    7.9284427E-05    2.7670626E-02   -2.7670626E-02
 5.2800    7.8517620E-05    2.7507102E-02   -2.7507102E-02
 5.2900    7.7874674E-05    2.7385297E-02   -2.7385297E-02
 5.3000    7.7314590E-05    2.7291227E-02   -2.7291227E-02
 5.3100    7.6774651E-05    2.7202997E-02   -2.7202997E-02
 5.3200    7.6195367E-05    2.7099526E-02   -2.7099526E-02
 5.3300    7.5547253E-05    2.6970125E-02   -2.6970125E-02
 5.3400    7.4843263E-05    2.6819155E-02   -2.6819155E-02
 5.3500    7.4127721E-05    2.6662329E-02   -2.6662329E-02
 5.3600    7.3448299E-05    2.6516804E-02   -2.6516804E-02
 5.3700    7.2828522E-05    2.6391248E-02   -2.6391248E-02
 5.3800    7.2257237E-05    2.6281840E-02   -2.6281840E-02
 5.3900    7.1700772E-05    2.6176479E-02   -2.6176479E-02
 5.4000    7.1130392E-05    2.6064691E-02   -2.6064691E-02
 5.4100    7.0548159E-05    2.5947175E-02   -2.5947175E-02
 5.4200    6.9992942E-05    2.5838226E-02   -2.5838226E-02
 5.4300    6.9519032E-05    2.5758065E-02   -2.5758065E-02
 5.4400    6.9159973E-05    2.5719497E-02   -2.5719497E-02
 5.4500    6.8904639E-05    2.5718837E-02   -2.5718837E-02
 5.4600    6.8704364E-05    2.5738277E-02   -2.5738277E-02
 5.4700    6.8503801E-05    2.5757232E-02   -2.5757232E-02
 5.4800    6.8269899E-05    2.5763226E-02   -2.5763226E-02
 5.4900    6.8000271E-05    2.5755216E-02   -2.5755216E-02
 5.5000    6.7713551E-05    2.5740136E-02   -2.5740136E-02
 5.5100    6.7437093E-05    2.5728348E-02   -2.5728348E-02
 5.5200    6.7202179E-05    2.5731872E-02   -2.5731872E-02
 5.5300    6.7043841E-05    2.5764340E-02   -2.5764340E-02
 5.5400    6.6995506E-05    2.5838962E-02   -2.5838962E-02
 5.5500    6.7073001E-05    2.5962324E-02   -2.5962324E-02
 5.5600    6.7253940E-05    2.6126256E-02   -2.6126256E-02
 5.5700    6.7468557E-05    2.6303993E-02   -2.6303993E-02
 5.5800    6.7617192E-05    2.6456683E-02   -2.6456683E-02
 5.5900    6.7613112E-05    2.6549993E-02   -2.6549993E-02
 5.6000    6.7425983E-05    2.6571325E-02   -2.6571325E-02
 5.6100    6.7092868E-05    2.6534563E-02   -2.6534563E-02
 5.6200    6.6686028E-05    2.6467770E-02   -2.6467770E-02
 5.6300    6.6264845E-05    2.6394281E-02   -2.6394281E-02
 5.6400    6.5853270E-05    2.6323608E-02   -2.6323608E-02
 5.6500    6.5454625E-05    2.6257121E-02   -2.6257121E-02
 5.6600    6.5074622E-05    2.6197170E-02   -2.6197170E-02
 5.6700    6.4721141E-05    2.6147017E-02   -2.6147017E-02
 5.6800    6.4387349E-05    2.6104001E-02   -2.6104001E-02
 5.6900    6.4051724E-05    2.6059449E-02   -2.6059449E-02
 5.7000    6.3708576E-05    2.6011025E-02   -2.6011025E-02
 5.7100    6.3402936E-05    2.5977147E-02   -2.5977147E-02
 5.7200    6.3233975E-05    2.5998746E-02   -2.5998746E-02
 5.7300    6.3316672E-05    2.6123850E-02   -2.6123850E-02
 5.7400    6.3717446E-05    2.6381046E-02   -2.6381046E-02
 5.7500    6.4389006E-05    2.6752063E-02   -2.6752063E-02
 5.7600    6.5139353E-05    2.7158031E-02   -2.7158031E-02
 5.7700    6.5678830E-05    2.7478112E-02   -2.7478112E-02
 5.7800    6.5757463E-05    2.7606452E-02   -2.7606452E-02
 5.7900    6.5322021E-05    2.7518617E-02   -2.7518617E-02
 5.8000    6.4566276E-05    2.7294277E-02   -2.7294277E-02
 5.8100    6.3810603E-05    2.7067926E-02   -2.7067926E-02
 5.8200    6.3294228E-05    2.6941386E-02   -2.6941386E-02
 5.8300    6.3045253E-05    2.6927707E-02   -2.6927707E-02
 5.8400    6.2918993E-05    2.6966049E-02   -2.6966049E-02
 5.8500    6.2744435E-05    2.6983409E-02   -2.6983409E-02
 5.8600    6.2443819E-05    2.6946015E-02   -2.6946015E-02
 5.8700    6.2045502E-05    2.6865589E-02   -2.6865589E-02
 5.8800    6.1617520E-05    2.6771255E-02   -2.6771255E-02
 5.8900    6.1204196E-05    2.6682201E-02   -2.6682201E-02
 5.9000    6.0818701E-05    2.6604250E-02   -2.6604250E-02
 5.9100    6.0475808E-05    2.6544008E-02   -2.6544008E-02
 5.9200    6.0209218E-05    2.6516504E-02   -2.6516504E-02
 5.9300    6.0041304E-05    2.6531962E-02   -2.6531962E-02
 5.9400    5.9933543E-05    2.6573741E-02   -2.6573741E-02
 5.9500    5.9778087E-05    2.6594131E-02   -2.6594131E-02
 5.9600    5.9455749E-05    2.6539714E-02   -2.6539714E-02
 5.9700    5.8916814E-05    2.6387472E-02   -2.6387472E-02
 5.9800    5.8213234E-05    2.6159772E-02   -2.6159772E-02
 5.9900    5.7456290E-05    2.5906043E-02   -2.5906043E-02
 6.0000    5.6743790E-05    2.5670286E-02   -2.5670286E-02
 6.0100    5.6121986E-05    2.5473689E-02   -2.5473689E-02
 6.0200    5.5604692E-05    2.5322949E-02   -2.5322949E-02
 6.0300    5.5217606E-05    2.5230279E-02   -2.5230279E-02
 6.0400    5.5021179E-05    2.5223981E-02   -2.5223981E-02
 6.0500    5.5092812E-05    2.5340522E-02   -2.5340522E-02
 6.0600    5.5484334E-05    2.5605042E-02   -2.5605042E-02
 6.0700    5.6183576E-05    2.6013370E-02   -2.6013370E-02
 6.0800    5.7096369E-05    2.6523175E-02   -2.6523175E-02
 6.0900    5.8049788E-05    2.7054847E-02   -2.7054847E-02
 6.1000    5.8819762E-05    2.7503806E-02   -2.7503806E-02
 6.1100    5.9193641E-05    2.7769454E-02   -2.7769454E-02
 6.1200    5.9058456E-05    2.7796800E-02   -2.7796800E-02
 6.1300    5.8463429E-05    2.7606738E-02   -2.7606738E-02
 6.1400    5.7596923E-05    2.7286378E-02   -2.7286378E-02
 6.1500    5.6677057E-05    2.6938126E-02   -2.6938126E-02
 6.1600    5.5832751E-05    2.6623204E-02   -2.6623204E-02
 6.1700    5.5064961E-05    2.6342412E-02   -2.6342412E-02
 6.1800    5.4307918E-05    2.6064534E-02   -2.6064534E-02
 6.1900    5.3526456E-05    2.5772684E-02   -2.5772684E-02
 6.2000    5.2766437E-05    2.5488895E-02   -2.5488895E-02
 6.2100    5.2128626E-05    2.5262094E-02   -2.5262094E-02
 6.2200    5.1702288E-05    2.5136245E-02   -2.5136245E-02
 6.2300    5.1515180E-05    2.5125874E-02   -2.5125874E-02
 6.2400    5.1527157E-05    2.5212460E-02   -2.5212460E-02
 6.2500    5.1654657E-05    2.5355921E-02   -2.5355921E-02
 6.2600    5.1799608E-05    2.5508505E-02   -2.5508505E-02
 6.2700    5.1870094E-05    2.5624888E-02   -2.5624888E-02
 6.2800    5.1795765E-05    2.5669854E-02   -2.5669854E-02
 6.2900    5.1540654E-05    2.5624835E-02   -2.5624835E-02
 6.3000    5.1108814E-05    2.5490994E-02   -2.5490994E-02
 6.3100    5.0541083E-05    2.5287921E-02   -2.5287921E-02
 6.3200    4.9909942E-05    2.5051347E-02   -2.5051347E-02
 6.3300    4.9316253E-05    2.4831752E-02   -2.4831752E-02
 6.3400    4.8878183E-05    2.4688996E-02   -2.4688996E-02
 6.3500    4.8700974E-05    2.4677148E-02   -2.4677148E-02
 6.3600    4.8833524E-05    2.4822308E-02   -2.4822308E-02
 6.3700    4.9234272E-05    2.5104770E-02   -2.5104770E-02
 6.3800    4.9768121E-05    2.5456721E-02   -2.5456721E-02
 6.3900    5.0243551E-05    2.5780534E-02   -2.5780534E-02
 6.4000    5.0482169E-05    2.5984108E-02   -2.5984108E-02
 6.4100    5.0391357E-05    2.6018483E-02   -2.6018483E-02
 6.4200    4.9996507E-05    2.5895219E-02   -2.5895219E-02
 6.4300    4.9407842E-05    2.5670108E-02   -2.5670108E-02
 6.4400    4.8745989E-05    2.5405075E-02   -2.5405075E-02
 6.4500    4.8084865E-05    2.5138403E-02   -2.5138403E-02
 6.4600    4.7450854E-05    2.4883928E-02   -2.4883928E-02
 6.4700    4.6862478E-05    2.4651519E-02   -2.4651519E-02
 6.4800    4.6360331E-05    2.4462814E-02   -2.4462814E-02
 6.4900    4.5993426E-05    2.4344172E-02   -2.4344172E-02
 6.5000    4.5774645E-05    2.4303094E-02   -2.4303094E-02
 6.5100    4.5649372E-05    2.4311214E-02   -2.4311214E-02
 6.5200    4.5510355E-05    2.4311697E-02   -2.4311697E-02
 6.5300    4.5251525E-05    2.4247638E-02   -2.4247638E-02
 6.5400    4.4823169E-05    2.4091726E-02   -2.4091726E-02
 6.5500    4.4255130E-05    2.3859211E-02   -2.3859211E-02
 6.5600    4.3640756E-05    2.3599881E-02   -2.3599881E-02
 6.5700    4.3094296E-05    2.3375472E-02   -2.3375472E-02
 6.5800    4.2700642E-05    2.3232506E-02   -2.3232506E-02
 6.5900    4.2478783E-05    2.3182099E-02   -2.3182099E-02
 6.6000    4.2379066E-05    2.3197924E-02   -2.3197924E-02
 6.6100    4.2318086E-05    2.3234793E-02   -2.3234793E-02
 6.6200    4.2228623E-05    2.3255879E-02   -2.3255879E-02
 6.6300    4.2091183E-05    2.3250273E-02   -2.3250273E-02
 6.6400    4.1931506E-05    2.3231994E-02   -2.3231994E-02
 6.6500    4.1795527E-05    2.3226457E-02   -2.3226457E-02
 6.6600    4.1723275E-05    2.3256091E-02   -2.3256091E-02
 6.6700    4.1733623E-05    2.3331767E-02   -2.3331767E-02
 6.6800    4.1819449E-05    2.3449906E-02   -2.3449906E-02
 6.6900    4.1949033E-05    2.3593048E-02   -2.3593048E-02
 6.7000    4.2072799E-05    2.3733450E-02   -2.3733450E-02
 6.7100    4.2137362E-05    2.3840878E-02   -2.3840878E-02
 6.7200    4.2106218E-05    2.3894318E-02   -2.3894318E-02
 6.7300    4.1979135E-05    2.3893154E-02   -2.3893154E-02
 6.7400    4.1797738E-05    2.3860659E-02   -2.3860659E-02
 6.7500    4.1629609E-05    2.3835252E-02   -2.3835252E-02
 6.7600    4.1535354E-05    2.3851801E-02   -2.3851801E-02
 6.7700    4.1534395E-05    2.3921868E-02   -2.3921868E-02
 6.7800    4.1588748E-05    2.4023988E-02   -2.4023988E-02
 6.7900    4.1617191E-05    2.4111386E-02   -2.4111386E-02
 6.8000    4.1536282E-05    2.4135445E-02   -2.4135445E-02
 6.8100    4.1307254E-05    2.4073011E-02   -2.4073011E-02
 6.8200    4.0961023E-05    2.3941392E-02   -2.3941392E-02
 6.8300    4.0584122E-05    2.3790711E-02   -2.3790711E-02
 6.8400    4.0271088E-05    2.3676387E-02   -2.3676387E-02
 6.8500    4.0070435E-05    2.3627353E-02   -2.3627353E-02
 6.8600    3.9958010E-05    2.3629903E-02   -2.3629903E-02
 6.8700    3.9855957E-05    2.3638318E-02   -2.3638318E-02
 6.8800    3.9685007E-05    2.3605500E-02   -2.3605500E-02
 6.8900    3.9414545E-05    2.3512825E-02   -2.3512825E-02
 6.9000    3.9078298E-05    2.3379956E-02   -2.3379956E-02
 6.9100    3.8750442E-05    2.3251053E-02   -2.3251053E-02
 6.9200    3.8504426E-05    2.3170356E-02   -2.3170356E-02
 6.9300    3.8383000E-05    2.3164090E-02   -2.3164090E-02
 6.9400    3.8390475E-05    2.3235514E-02   -2.3235514E-02
 6.9500    3.8496939E-05    2.3367146E-02   -2.3367146E-02
 6.9600    3.8642241E-05    2.3522888E-02   -2.3522888E-02
 6.9700    3.8744943E-05    2.3653230E-02   -2.3653230E-02
 6.9800    3.8730160E-05    2.3712099E-02   -2.3712099E-02
 6.9900    3.8570121E-05    2.3681828E-02   -2.3681828E-02
 7.0000    3.8303860E-05    2.3585685E-02   -2.3585685E-02
 7.0100    3.8008427E-05    2.3470687E-02   -2.3470687E-02
 7.0200    3.7737348E-05    2.3369826E-02   -2.3369826E-02
 7.0300    3.7478594E-05    2.3275756E-02   -2.3275756E-02
 7.0400    3.7172504E-05    2.3151386E-02   -2.3151386E-02
 7.0500    3.6777750E-05    2.2970649E-02   -2.2970649E-02
 7.0600    3.6328042E-05    2.2754183E-02   -2.2754183E-02
 7.0700    3.5926484E-05    2.2566458E-02   -2.2566458E-02
 7.0800    3.5677578E-05    2.2473553E-02   -2.2473553E-02
 7.0900    3.5612459E-05    2.2495948E-02   -2.2495948E-02
 7.1000    3.5669190E-05    2.2595388E-02   -2.2595388E-02
 7.1100    3.5741176E-05    2.2704811E-02   -2.2704811E-02
 7.1200    3.5749833E-05    2.2774239E-02   -2.2774239E-02
 7.1300    3.5683277E-05    2.2795738E-02   -2.2795738E-02
 7.1400    3.5578012E-05    2.2792290E-02   -2.2792290E-02
 7.1500    3.5469435E-05    2.2786426E-02   -2.2786426E-02
 7.1600    3.5357448E-05    2.2778064E-02   -2.2778064E-02
 7.1700    3.5213217E-05    2.2748558E-02   -2.2748558E-02
 7.1800    3.5015101E-05    2.2683712E-02   -2.2683712E-02
 7.1900    3.4779833E-05    2.2594105E-02   -2.2594105E-02
 7.2000    3.4563783E-05    2.2516253E-02   -2.2516253E-02
 7.2100    3.4435083E-05    2.2494769E-02   -2.2494769E-02
 7.2200    3.4436814E-05    2.2558344E-02   -2.2558344E-02
 7.2300    3.4562271E-05    2.2703287E-02   -2.2703287E-02
 7.2400    3.4752245E-05    2.2891269E-02   -2.2891269E-02
 7.2500    3.4913621E-05    2.3061140E-02   -2.3061140E-02
 7.2600    3.4952914E-05    2.3150826E-02   -2.3150826E-02
 7.2700    3.4813236E-05    2.3121876E-02   -2.3121876E-02
 7.2800    3.4498430E-05    2.2975869E-02   -2.2975869E-02
 7.2900    3.4070690E-05    2.2753376E-02   -2.2753376E-02
 7.3000    3.3621532E-05    2.2515059E-02   -2.2515059E-02
 7.3100    3.3232059E-05    2.2315256E-02   -2.2315256E-02
 7.3200    3.2944422E-05    2.2182675E-02   -2.2182675E-02
 7.3300    3.2758211E-05    2.2117600E-02   -2.2117600E-02
 7.3400    3.2649420E-05    2.2104335E-02   -2.2104335E-02
 7.3500    3.2595387E-05    2.2127925E-02   -2.2127925E-02
 7.3600    3.2585273E-05    2.2181293E-02   -2.2181293E-02
 7.3700    3.2607718E-05    2.2256929E-02   -2.2256929E-02
 7.3800    3.2629737E-05    2.2332439E-02   -2.2332439E-02
 7.3900    3.2593432E-05    2.2368086E-02   -2.2368086E-02
 7.4000    3.2441976E-05    2.2324442E-02   -2.2324442E-02
 7.4100    3.2155320E-05    2.2187027E-02   -2.2187027E-02
 7.4200    3.1763746E-05    2.1976038E-02   -2.1976038E-02
 7.4300    3.1329619E-05    2.1734147E-02   -2.1734147E-02
 7.4400    3.0917982E-05    2.1506358E-02   -2.1506358E-02
 7.4500    3.0580274E-05    2.1328670E-02   -2.1328670E-02
 7.4600    3.0352991E-05    2.1227019E-02   -2.1227019E-02
 7.4700    3.0256020E-05    2.1215969E-02   -2.1215969E-02
 7.4800    3.0282196E-05    2.1291214E-02   -2.1291214E-02
 7.4900    3.0387388E-05    2.1422338E-02   -2.1422338E-02
 7.5000    3.0496366E-05    2.1556611E-02   -2.1556611E-02
 7.5100    3.0528710E-05    2.1637057E-02   -2.1637057E-02
 7.5200    3.0433242E-05    2.1626875E-02   -2.1626875E-02
 7.5300    3.0211180E-05    2.1526206E-02   -2.1526206E-02
 7.5400    2.9912198E-05    2.1369821E-02   -2.1369821E-02
 7.5500    2.9603397E-05    2.1205344E-02   -2.1205344E-02
 7.5600    2.9331213E-05    2.1066068E-02   -2.1066068E-02
 7.5700    2.9103823E-05    2.0958088E-02   -2.0958088E-02
 7.5800    2.8904657E-05    2.0869695E-02   -2.0869695E-02
 7.5900    2.8719567E-05    2.0790805E-02   -2.0790805E-02
 7.6000    2.8550095E-05    2.0722617E-02   -2.0722617E-02
 7.6100    2.8403567E-05    2.0670551E-02   -2.0670551E-02
 7.6200    2.8275736E-05    2.0631639E-02   -2.0631639E-02
 7.6300    2.8147265E-05    2.0591839E-02   -2.0591839E-02
 7.6400    2.7998719E-05    2.0536893E-02   -2.0536893E-02
 7.6500    2.7828888E-05    2.0465794E-02   -2.0465794E-02
 7.6600    2.7657875E-05    2.0393239E-02   -2.0393239E-02
 7.6700    2.7512224E-05    2.0338845E-02   -2.0338845E-02
 7.6800    2.7407583E-05    2.0314355E-02   -2.0314355E-02
 7.6900    2.7344944E-05    2.0320743E-02   -2.0320743E-02
 7.7000    2.7319442E-05    2.0354626E-02   -2.0354626E-02
 7.7100    2.7326828E-05    2.0413047E-02   -2.0413047E-02
 7.7200    2.7358076E-05    2.0489437E-02   -2.0489437E-02
 7.7300    2.7389870E-05    2.0566426E-02   -2.0566426E-02
 7.7400    2.7386934E-05    2.0617462E-02   -2.0617462E-02
 7.7500    2.7320811E-05    2.0620864E-02   -2.0620864E-02
 7.7600    2.7190023E-05    2.0575144E-02   -2.0575144E-02
 7.7700    2.7020340E-05    2.0499474E-02   -2.0499474E-02
 7.7800    2.6840683E-05    2.0415622E-02   -2.0415622E-02
 7.7900    2.6655075E-05    2.0326598E-02   -2.0326598E-02
 7.8000    2.6438546E-05    2.0213273E-02   -2.0213273E-02
 7.8100    2.6165041E-05    2.0055494E-02   -2.0055494E-02
 7.8200    2.5845292E-05    1.9861170E-02   -1.9861170E-02
 7.8300    2.5540164E-05    1.9676918E-02   -1.9676918E-02
 7.8400    2.5332400E-05    1.9566733E-02   -1.9566733E-02
 7.8500    2.5273315E-05    1.9570927E-02   -1.9570927E-02
 7.8600    2.5343144E-05    1.9675032E-02   -1.9675032E-02
 7.8700    2.5455454E-05    1.9812541E-02   -1.9812541E-02
 7.8800    2.5503068E-05    1.9900076E-02   -1.9900076E-02
 7.8900    2.5412981E-05    1.9880142E-02   -1.9880142E-02
 7.9000    2.5175547E-05    1.9744355E-02   -1.9744355E-02
 7.9100    2.4836558E-05    1.9527841E-02   -1.9527841E-02
 7.9200    2.4466081E-05    1.9285222E-02   -1.9285222E-02
 7.9300    2.4127179E-05    1.9066140E-02   -1.9066140E-02
 7.9400    2.3861133E-05    1.8903487E-02   -1.8903487E-02
 7.9500    2.3691237E-05    1.8816197E-02   -1.8816197E-02
 7.9600    2.3632009E-05    1.8816405E-02   -1.8816405E-02
 7.9700    2.3686638E-05    1.8907318E-02   -1.8907318E-02
 7.9800    2.3831454E-05    1.9070680E-02   -1.9070680E-02
 7.9900    2.4008424E-05    1.9260478E-02   -1.9260478E-02
 8.0000    2.4145302E-05    1.9418804E-02   -1.9418804E-02
 8.0100    2.4192846E-05    1.9505715E-02   -1.9505715E-02
 8.0200    2.4145451E-05    1.9516140E-02   -1.9516140E-02
 8.0300    2.4027919E-05    1.9469604E-02   -1.9469604E-02
 8.0400    2.3867150E-05    1.9387532E-02   -1.9387532E-02
 8.0500    2.3677482E-05    1.9281337E-02   -1.9281337E-02
 8.0600    2.3465153E-05    1.9155935E-02   -1.9155935E-02
 8.0700    2.3236370E-05    1.9016265E-02   -1.9016265E-02
 8.0800    2.2997456E-05    1.8867414E-02   -1.8867414E-02
 8.0900    2.2749744E-05    1.8710415E-02   -1.8710415E-02
 8.1000    2.2486694E-05    1.8539820E-02   -1.8539820E-02
 8.1100    2.2197637E-05    1.8346715E-02   -1.8346715E-02
 8.1200    2.1879223E-05    1.8128164E-02   -1.8128164E-02
 8.1300    2.1550588E-05    1.7899878E-02   -1.7899878E-02
 8.1400    2.1260215E-05    1.7702163E-02   -1.7702163E-02
 8.1500    2.1071615E-05    1.7588261E-02   -1.7588261E-02
 8.1600    2.1029875E-05    1.7596524E-02   -1.7596524E-02
 8.1700    2.1130739E-05    1.7724282E-02   -1.7724282E-02
 8.1800    2.1315623E-05    1.7923157E-02   -1.7923157E-02
 8.1900    2.1495307E-05    1.8118462E-02   -1.8118462E-02
 8.2000    2.1584093E-05    1.8237755E-02   -1.8237755E-02
 8.2100    2.1525505E-05    1.8232638E-02   -1.8232638E-02
 8.2200    2.1303705E-05    1.8088754E-02   -1.8088754E-02
 8.2300    2.0942728E-05    1.7825544E-02   -1.7825544E-02
 8.2400    2.0495129E-05    1.7486985E-02   -1.7486985E-02
 8.2500    2.0023198E-05    1.7125813E-02   -1.7125813E-02
 8.2600    1.9581618E-05    1.6788756E-02   -1.6788756E-02
 8.2700    1.9211224E-05    1.6511096E-02   -1.6511096E-02
 8.2800    1.8945163E-05    1.6321832E-02   -1.6321832E-02
 8.2900    1.8818335E-05    1.6251750E-02   -1.6251750E-02
 8.3000    1.8867293E-05    1.6333364E-02   -1.6333364E-02
 8.3100    1.9113303E-05    1.6586229E-02   -1.6586229E-02
 8.3200    1.9532605E-05    1.6990912E-02   -1.6990912E-02
 8.3300    2.0029989E-05    1.7465482E-02   -1.7465482E-02
 8.3400    2.0439230E-05    1.7865143E-02   -1.7865143E-02
 8.3500    2.0568921E-05    1.8021641E-02   -1.8021641E-02
 8.3600    2.0286080E-05    1.7816425E-02   -1.7816425E-02
 8.3700    1.9592126E-05    1.7248143E-02   -1.7248143E-02
 8.3800    1.8633396E-05    1.6443336E-02   -1.6443336E-02
 8.3900    1.7629343E-05    1.5594445E-02   -1.5594445E-02
 8.4000    1.6766409E-05    1.4866492E-02   -1.4866492E-02
 8.4100    1.6129851E-05    1.4336139E-02   -1.4336139E-02
 8.4200    1.5707782E-05    1.3994227E-02   -1.3994227E-02
 8.4300    1.5445040E-05    1.3792851E-02   -1.3792851E-02
 8.4400    1.5298857E-05    1.3694739E-02   -1.3694739E-02
 8.4500    1.5260000E-05    1.3692344E-02   -1.3692344E-02
 8.4600    1.5332329E-05    1.3789824E-02   -1.3789824E-02
 8.4700    1.5493961E-05    1.3968158E-02   -1.3968158E-02
 8.4800    1.5678725E-05    1.4168123E-02   -1.4168123E-02
 8.4900    1.5801202E-05    1.4312496E-02   -1.4312496E-02
 8.5000    1.5807937E-05    1.4352346E-02   -1.4352346E-02
 8.5100    1.5709206E-05    1.4296286E-02   -1.4296286E-02
 8.5200    1.5562146E-05    1.4195756E-02   -1.4195756E-02
 8.5300    1.5421482E-05    1.4100484E-02   -1.4100484E-02
 8.5400    1.5300483E-05    1.4022671E-02   -1.4022671E-02
 8.5500    1.5169354E-05    1.3935071E-02   -1.3935071E-02
 8.5600    1.4985129E-05    1.3798055E-02   -1.3798055E-02
 8.5700    1.4728426E-05    1.3593392E-02   -1.3593392E-02
 8.5800    1.4423389E-05    1.3342947E-02   -1.3342947E-02
 8.5900    1.4128215E-05    1.3100368E-02   -1.3100368E-02
 8.6000    1.3901643E-05    1.2920309E-02   -1.2920309E-02
 8.6100    1.3770175E-05    1.2827902E-02   -1.2827902E-02
 8.6200    1.3722874E-05    1.2813550E-02   -1.2813550E-02
 8.6300    1.3735616E-05    1.2855222E-02   -1.2855222E-02
 8.6400    1.3797306E-05    1.2942901E-02   -1.2942901E-02
 8.6500    1.3910477E-05    1.3079288E-02   -1.3079288E-02
 8.6600    1.4068961E-05    1.3258905E-02   -1.3258905E-02
 8.6700    1.4240750E-05    1.3451816E-02   -1.3451816E-02
 8.6800    1.4376400E-05    1.3611295E-02   -1.3611295E-02
 8.6900    1.4433866E-05    1.3697209E-02   -1.3697209E-02
 8.7000    1.4394844E-05    1.3691635E-02   -1.3691635E-02
 8.7100    1.4261493E-05    1.3596001E-02   -1.3596001E-02
 8.7200    1.4045659E-05    1.3421002E-02   -1.3421002E-02
 8.7300    1.3766143E-05    1.3184104E-02   -1.3184104E-02
 8.7400    1.3452682E-05    1.2913430E-02   -1.2913430E-02
 8.7500    1.3144240E-05    1.2646241E-02   -1.2646241E-02
 8.7600    1.2878482E-05    1.2418889E-02   -1.2418889E-02
 8.7700    1.2681307E-05    1.2256686E-02   -1.2256686E-02
 8.7800    1.2561013E-05    1.2168122E-02   -1.2168122E-02
 8.7900    1.2502411E-05    1.2138957E-02   -1.2138957E-02
 8.8000    1.2462675E-05    1.2127924E-02   -1.2127924E-02
 8.8100    1.2382527E-05    1.2077331E-02   -1.2077331E-02
 8.8200    1.2216404E-05    1.1942367E-02   -1.1942367E-02
 8.8300    1.1959725E-05    1.1717972E-02   -1.1717972E-02
 8.8400    1.1647464E-05    1.1437886E-02   -1.1437886E-02
 8.8500    1.1326433E-05    1.1147810E-02   -1.1147810E-02
 8.8600    1.1028846E-05    1.0879461E-02   -1.0879461E-02
 8.8700    1.0767300E-05    1.0645448E-02   -1.0645448E-02
 8.8800    1.0546428E-05    1.0450599E-02   -1.0450599E-02
 8.8900    1.0374651E-05    1.0303550E-02   -1.0303550E-02
 8.9000    1.0265228E-05    1.0217825E-02   -1.0217825E-02
 8.9100    1.0225562E-05    1.0201228E-02   -1.0201228E-02
 8.9200    1.0242266E-05    1.0240841E-02   -1.0240841E-02
 8.9300    1.0276011E-05    1.0297631E-02   -1.0297631E-02
 8.9400    1.0276178E-05    1.0320875E-02   -1.0320875E-02
 8.9500    1.0207617E-05    1.0274964E-02   -1.0274964E-02
 8.9600    1.0068371E-05    1.0157459E-02   -1.0157459E-02
 8.9700    9.8860612E-06    9.9958112E-03   -9.9958112E-03
 8.9800    9.7012404E-06    9.8308213E-03   -9.8308213E-03
 8.9900    9.5530163E-06    9.7021898E-03   -9.7021898E-03
 9.0000    9.4712806E-06    9.6405894E-03   -9.6405894E-03
 9.0100    9.4701917E-06    9.6609140E-03   -9.6609140E-03
 9.0200    9.5414369E-06    9.7552122E-03   -9.7552122E-03
 9.0300    9.6535916E-06    9.8917763E-03   -9.8917763E-03
 9.0400    9.7621244E-06    1.0025154E-02   -1.0025154E-02
 9.0500    9.8251095E-06    1.0112171E-02   -1.0112171E-02
 9.0600    9.8149818E-06    1.0124084E-02   -1.0124084E-02
 9.0700    9.7222037E-06    1.0050534E-02   -1.0050534E-02
 9.0800    9.5545434E-06    9.8990040E-03   -9.8990040E-03
 9.0900    9.3359399E-06    9.6938362E-03   -9.6938362E-03
 9.1000    9.1032856E-06    9.4730716E-03   -9.4730716E-03
 9.1100    8.8975654E-06    9.2793554E-03   -9.2793554E-03
 9.1200    8.7507394E-06    9.1462757E-03   -9.1462757E-03
 9.1300    8.6744874E-06    9.0864709E-03   -9.0864709E-03
 9.1400    8.6558295E-06    9.0867996E-03   -9.0867996E-03
 9.1500    8.6608990E-06    9.1120276E-03   -9.1120276E-03
 9.1600    8.6464214E-06    9.1166905E-03   -9.1166905E-03
 9.1700    8.5768318E-06    9.0630719E-03   -9.0630719E-03
 9.1800    8.4401867E-06    8.9381426E-03   -8.9381426E-03
 9.1900    8.2525938E-06    8.7585328E-03   -8.7585328E-03
 9.2000    8.0466926E-06    8.5586039E-03   -8.5586039E-03
 9.2100    7.8526172E-06    8.3703487E-03   -8.3703487E-03
 9.2200    7.6865267E-06    8.2111095E-03   -8.2111095E-03
 9.2300    7.5536074E-06    8.0866319E-03   -8.0866319E-03
 9.2400    7.4575610E-06    8.0011170E-03   -8.0011170E-03
 9.2500    7.4032837E-06    7.9600853E-03   -7.9600853E-03
 9.2600    7.3891839E-06    7.9621125E-03   -7.9621125E-03
 9.2700    7.3989903E-06    7.9899082E-03   -7.9899082E-03
 9.2800    7.4050365E-06    8.0136989E-03   -8.0136989E-03
 9.2900    7.3835910E-06    8.0077208E-03   -8.0077208E-03
 9.3000    7.3296391E-06    7.9663311E-03   -7.9663311E-03
 9.3100    7.2572052E-06    7.9045769E-03   -7.9045769E-03
 9.3200    7.1839410E-06    7.8415957E-03   -7.8415957E-03
 9.3300    7.1135313E-06    7.7814117E-03   -7.7814117E-03
 9.3400    7.0320699E-06    7.7088003E-03   -7.7088003E-03
 9.3500    6.9221291E-06    7.6045371E-03   -7.6045371E-03
 9.3600    6.7821062E-06    7.4666561E-03   -7.4666561E-03
 9.3700    6.6331854E-06    7.3183164E-03   -7.3183164E-03
 9.3800    6.5067029E-06    7.1941008E-03   -7.1941008E-03
 9.3900    6.4217239E-06    7.1152911E-03   -7.1152911E-03
 9.4000    6.3709742E-06    7.0741036E-03   -7.0741036E-03
 9.4100    6.3257657E-06    7.0388581E-03   -7.0388581E-03
 9.4200    6.2549282E-06    6.9748360E-03   -6.9748360E-03
 9.4300    6.1431089E-06    6.8646985E-03   -6.8646985E-03
 9.4400    5.9967390E-06    6.7153553E-03   -6.7153553E-03
 9.4500    5.8366869E-06    6.5499785E-03   -6.5499785E-03
 9.4600    5.6857119E-06    6.3940641E-03   -6.3940641E-03
 9.4700    5.5601683E-06    6.2661063E-03   -6.2661063E-03
 9.4800    5.4694500E-06    6.1768947E-03   -6.1768947E-03
 9.4900    5.4193399E-06    6.1332219E-03   -6.1332219E-03
 9.5000    5.4130740E-06    6.1390482E-03   -6.1390482E-03
 9.5100    5.4476130E-06    6.1912329E-03   -6.1912329E-03
 9.5200    5.5080413E-06    6.2730818E-03   -6.2730818E-03
 9.5300    5.5659741E-06    6.3523855E-03   -6.3523855E-03
 9.5400    5.5867042E-06    6.3894325E-03   -6.3894325E-03
 9.5500    5.5441680E-06    6.3540845E-03   -6.3540845E-03
 9.5600    5.4350116E-06    6.2420339E-03   -6.2420339E-03
 9.5700    5.2806447E-06    6.0774401E-03   -6.0774401E-03
 9.5800    5.1146143E-06    5.8986656E-03   -5.8986656E-03
 9.5900    4.9650562E-06    5.7381414E-03   -5.7381414E-03
 9.6000    4.8449068E-06    5.6109676E-03   -5.6109676E-03
 9.6100    4.7534822E-06    5.5165621E-03   -5.5165621E-03
 9.6200    4.6835688E-06    5.4467433E-03   -5.4467433E-03
 9.6300    4.6275303E-06    5.3927676E-03   -5.3927676E-03
 9.6400    4.5804642E-06    5.3490102E-03   -5.3490102E-03
 9.6500    4.5409456E-06    5.3138683E-03   -5.3138683E-03
 9.6600    4.5099885E-06    5.2885858E-03   -5.2885858E-03
 9.6700    4.4891573E-06    5.2750628E-03   -5.2750628E-03
