# total charge: 19.000000 
# r(A)     rho (e/A^3)     4*pi*r^2*rho(e/A)  dip  
 0.0000    1.6206750E+01    0.0000000E+00    1.5159807E+02
 0.0100    1.6194812E+01    2.0351001E-02    1.5082162E+02
 0.0200    1.6179718E+01    8.1328135E-02    1.4851490E+02
 0.0300    1.6160821E+01    1.8277457E-01    1.4474460E+02
 0.0400    1.6137414E+01    3.2446197E-01    1.3961819E+02
 0.0500    1.6108710E+01    5.0607005E-01    1.3327875E+02
 0.0600    1.6073814E+01    7.2716223E-01    1.2589819E+02
 0.0700    1.6031800E+01    9.8716154E-01    1.1766933E+02
 0.0800    1.5981871E+01    1.2853383E+00    1.0879745E+02
 0.0900    1.5923531E+01    1.6208180E+00    9.9491577E+01
 0.1000    1.5856639E+01    1.9926040E+00    8.9956271E+01
 0.1100    1.5781320E+01    2.3995983E+00    8.0384229E+01
 0.1200    1.5697813E+01    2.8406093E+00    7.0950092E+01
 0.1300    1.5606347E+01    3.3143458E+00    6.1805719E+01
 0.1400    1.5507077E+01    3.8194064E+00    5.3077031E+01
 0.1500    1.5400095E+01    4.3542742E+00    4.4862412E+01
 0.1600    1.5285478E+01    4.9173242E+00    3.7232593E+01
 0.1700    1.5163337E+01    5.5068403E+00    3.0231809E+01
 0.1800    1.5033823E+01    6.1210272E+00    2.3880033E+01
 0.1900    1.4897084E+01    6.7580024E+00    1.8176007E+01
 0.2000    1.4753208E+01    7.4157713E+00    1.3100796E+01
 0.2100    1.4602203E+01    8.0922042E+00    8.6215623E+00
 0.2200    1.4444023E+01    8.7850331E+00    4.6953122E+00
 0.2300    1.4278608E+01    9.4918616E+00    1.2724128E+00
 0.2400    1.4105916E+01    1.0210186E+01   -1.7002641E+00
 0.2500    1.3925978E+01    1.0937437E+01   -4.2766830E+00
 0.2600    1.3738958E+01    1.1671062E+01   -6.5095335E+00
 0.2700    1.3545195E+01    1.2408596E+01   -8.4486408E+00
 0.2800    1.3345134E+01    1.3147672E+01   -1.0139800E+01
 0.2900    1.3139185E+01    1.3885908E+01   -1.1623945E+01
 0.3000    1.2927572E+01    1.4620740E+01   -1.2936637E+01
 0.3100    1.2710311E+01    1.5349330E+01   -1.4107939E+01
 0.3200    1.2487340E+01    1.6068664E+01   -1.5162710E+01
 0.3300    1.2258742E+01    1.6775816E+01   -1.6121240E+01
 0.3400    1.2024888E+01    1.7468224E+01   -1.6999980E+01
 0.3500    1.1786401E+01    1.8143754E+01   -1.7812135E+01
 0.3600    1.1543951E+01    1.8800497E+01   -1.8567974E+01
 0.3700    1.1298039E+01    1.9436424E+01   -1.9275008E+01
 0.3800    1.1048900E+01    2.0049156E+01   -1.9938216E+01
 0.3900    1.0796577E+01    2.0635983E+01   -2.0560494E+01
 0.4000    1.0541098E+01    2.1194135E+01   -2.1143279E+01
 0.4100    1.0282657E+01    2.1721156E+01   -2.1687236E+01
 0.4200    1.0021733E+01    2.2215254E+01   -2.2192856E+01
 0.4300    9.7590664E+00    2.2675405E+01   -2.2660761E+01
 0.4400    9.4954719E+00    2.3101053E+01   -2.3091575E+01
 0.4500    9.2315669E+00    2.3491476E+01   -2.3485402E+01
 0.4600    8.9675850E+00    2.3845203E+01   -2.3841350E+01
 0.4700    8.7034441E+00    2.4159988E+01   -2.4157568E+01
 0.4800    8.4390457E+00    2.4433500E+01   -2.4431995E+01
 0.4900    8.1745859E+00    2.4664243E+01   -2.4663316E+01
 0.5000    7.9106236E+00    2.4851957E+01   -2.4851392E+01
 0.5100    7.6478732E+00    2.4997173E+01   -2.4996832E+01
 0.5200    7.3869300E+00    2.5100394E+01   -2.5100190E+01
 0.5300    7.1281742E+00    2.5161696E+01   -2.5161575E+01
 0.5400    6.8718873E+00    2.5181026E+01   -2.5180955E+01
 0.5500    6.6184202E+00    2.5158780E+01   -2.5158739E+01
 0.5600    6.3682478E+00    2.5096079E+01   -2.5096055E+01
 0.5700    6.1218950E+00    2.4994557E+01   -2.4994544E+01
 0.5800    5.8798256E+00    2.4855946E+01   -2.4855938E+01
 0.5900    5.6423788E+00    2.4681760E+01   -2.4681756E+01
 0.6000    5.4097684E+00    2.4473216E+01   -2.4473213E+01
 0.6100    5.1821157E+00    2.4231296E+01   -2.4231295E+01
 0.6200    4.9594851E+00    2.3956856E+01   -2.3956856E+01
 0.6300    4.7419144E+00    2.3650737E+01   -2.3650736E+01
 0.6400    4.5294504E+00    2.3313921E+01   -2.3313921E+01
 0.6500    4.3221941E+00    2.2947789E+01   -2.2947789E+01
 0.6600    4.1203530E+00    2.2554446E+01   -2.2554446E+01
 0.6700    3.9242883E+00    2.2137082E+01   -2.2137082E+01
 0.6800    3.7345353E+00    2.1700226E+01   -2.1700226E+01
 0.6900    3.5517370E+00    2.1249506E+01   -2.1249506E+01
 0.7000    3.3764456E+00    2.0790536E+01   -2.0790536E+01
 0.7100    3.2088681E+00    2.0327240E+01   -2.0327240E+01
 0.7200    3.0487631E+00    1.9860882E+01   -1.9860882E+01
 0.7300    2.8956092E+00    1.9390791E+01   -1.9390791E+01
 0.7400    2.7489016E+00    1.8916139E+01   -1.8916139E+01
 0.7500    2.6083007E+00    1.8436991E+01   -1.8436991E+01
 0.7600    2.4735340E+00    1.7953740E+01   -1.7953740E+01
 0.7700    2.3442415E+00    1.7466008E+01   -1.7466008E+01
 0.7800    2.2200056E+00    1.6972786E+01   -1.6972786E+01
 0.7900    2.1006016E+00    1.6474329E+01   -1.6474329E+01
 0.8000    1.9862616E+00    1.5974464E+01   -1.5974464E+01
 0.8100    1.8777010E+00    1.5481261E+01   -1.5481261E+01
 0.8200    1.7758217E+00    1.5005032E+01   -1.5005032E+01
 0.8300    1.6812246E+00    1.4554315E+01   -1.4554315E+01
 0.8400    1.5937873E+00    1.4131843E+01   -1.4131843E+01
 0.8500    1.5125494E+00    1.3732743E+01   -1.3732743E+01
 0.8600    1.4360112E+00    1.3346414E+01   -1.3346414E+01
 0.8700    1.3627310E+00    1.2961596E+01   -1.2961596E+01
 0.8800    1.2918865E+00    1.2571861E+01   -1.2571861E+01
 0.8900    1.2234473E+00    1.2177977E+01   -1.2177977E+01
 0.9000    1.1578833E+00    1.1785817E+01   -1.1785817E+01
 0.9100    1.0956935E+00    1.1402018E+01   -1.1402018E+01
 0.9200    1.0371355E+00    1.1031156E+01   -1.1031156E+01
 0.9300    9.8228997E-01    1.0676170E+01   -1.0676170E+01
 0.9400    9.3125427E-01    1.0340317E+01   -1.0340317E+01
 0.9500    8.8418702E-01    1.0027697E+01   -1.0027697E+01
 0.9600    8.4115074E-01    9.7415073E+00   -9.7415073E+00
 0.9700    8.0194203E-01    9.4819205E+00   -9.4819205E+00
 0.9800    7.6605898E-01    9.2453684E+00   -9.2453684E+00
 0.9900    7.3275520E-01    9.0248327E+00   -9.0248327E+00
 1.0000    7.0109728E-01    8.8102482E+00   -8.8102482E+00
 1.0100    6.7009824E-01    8.5899590E+00   -8.5899590E+00
 1.0200    6.3902494E-01    8.3546452E+00   -8.3546452E+00
 1.0300    6.0775153E-01    8.1023384E+00   -8.1023384E+00
 1.0400    5.7685629E-01    7.8405076E+00   -7.8405076E+00
 1.0500    5.4731106E-01    7.5826792E+00   -7.5826792E+00
 1.0600    5.1995132E-01    7.3414912E+00   -7.3414912E+00
 1.0700    4.9508698E-01    7.1229340E+00   -7.1229340E+00
 1.0800    4.7247696E-01    6.9252907E+00   -6.9252907E+00
 1.0900    4.5160518E-01    6.7425127E+00   -6.7425127E+00
 1.1000    4.3200348E-01    6.5687462E+00   -6.5687462E+00
 1.1100    4.1339404E-01    6.4005904E+00   -6.4005904E+00
 1.1200    3.9561789E-01    6.2362259E+00   -6.2362259E+00
 1.1300    3.7850405E-01    6.0734754E+00   -6.0734754E+00
 1.1400    3.6184911E-01    5.9094501E+00   -5.9094501E+00
 1.1500    3.4551765E-01    5.7421665E+00   -5.7421665E+00
 1.1600    3.2952383E-01    5.5720200E+00   -5.5720200E+00
 1.1700    3.1398475E-01    5.4011985E+00   -5.4011985E+00
 1.1800    2.9899545E-01    5.2316474E+00   -5.2316474E+00
 1.1900    2.8456005E-01    5.0638136E+00   -5.0638136E+00
 1.2000    2.7063291E-01    4.8972577E+00   -4.8972577E+00
 1.2100    2.5719906E-01    4.7320572E+00   -4.7320572E+00
 1.2200    2.4430337E-01    4.5693980E+00   -4.5693980E+00
 1.2300    2.3201807E-01    4.4110492E+00   -4.4110492E+00
 1.2400    2.2040242E-01    4.2586269E+00   -4.2586269E+00
 1.2500    2.0949261E-01    4.1133777E+00   -4.1133777E+00
 1.2600    1.9930823E-01    3.9762730E+00   -3.9762730E+00
 1.2700    1.8984253E-01    3.8477852E+00   -3.8477852E+00
 1.2800    1.8103074E-01    3.7271951E+00   -3.7271951E+00
 1.2900    1.7272920E-01    3.6120608E+00   -3.6120608E+00
 1.3000    1.6474951E-01    3.4988127E+00   -3.4988127E+00
 1.3100    1.5695966E-01    3.3848584E+00   -3.3848584E+00
 1.3200    1.4939718E-01    3.2711475E+00   -3.2711475E+00
 1.3300    1.4229118E-01    3.1629412E+00   -3.1629412E+00
 1.3400    1.3593502E-01    3.0672617E+00   -3.0672617E+00
 1.3500    1.3048029E-01    2.9882871E+00   -2.9882871E+00
 1.3600    1.2581301E-01    2.9242416E+00   -2.9242416E+00
 1.3700    1.2161687E-01    2.8684337E+00   -2.8684337E+00
 1.3800    1.1757448E-01    2.8137215E+00   -2.8137215E+00
 1.3900    1.1355368E-01    2.7570248E+00   -2.7570248E+00
 1.4000    1.0964792E-01    2.7006378E+00   -2.7006378E+00
 1.4100    1.0605198E-01    2.6495180E+00   -2.6495180E+00
 1.4200    1.0287187E-01    2.6066528E+00   -2.6066528E+00
 1.4300    1.0001360E-01    2.5700465E+00   -2.5700465E+00
 1.4400    9.7230525E-02    2.5335967E+00   -2.5335967E+00
 1.4500    9.4281334E-02    2.4909877E+00   -2.4909877E+00
 1.4600    9.1068918E-02    2.4394154E+00   -2.4394154E+00
 1.4700    8.7661256E-02    2.3804125E+00   -2.3804125E+00
 1.4800    8.4197611E-02    2.3175711E+00   -2.3175711E+00
 1.4900    8.0766627E-02    2.2532758E+00   -2.2532758E+00
 1.5000    7.7351590E-02    2.1870647E+00   -2.1870647E+00
 1.5100    7.3878801E-02    2.1168184E+00   -2.1168184E+00
 1.5200    7.0324753E-02    2.0417626E+00   -2.0417626E+00
 1.5300    6.6793939E-02    1.9648517E+00   -1.9648517E+00
 1.5400    6.3502426E-02    1.8925250E+00   -1.8925250E+00
 1.5500    6.0673397E-02    1.8317727E+00   -1.8317727E+00
 1.5600    5.8416497E-02    1.7864652E+00   -1.7864652E+00
 1.5700    5.6676387E-02    1.7555424E+00   -1.7555424E+00
 1.5800    5.5285993E-02    1.7343596E+00   -1.7343596E+00
 1.5900    5.4079790E-02    1.7180631E+00   -1.7180631E+00
 1.6000    5.2978177E-02    1.7043031E+00   -1.7043031E+00
 1.6100    5.1988487E-02    1.6934360E+00   -1.6934360E+00
 1.6200    5.1145329E-02    1.6867312E+00   -1.6867312E+00
 1.6300    5.0452049E-02    1.6844723E+00   -1.6844723E+00
 1.6400    4.9860808E-02    1.6852210E+00   -1.6852210E+00
 1.6500    4.9290214E-02    1.6863140E+00   -1.6863140E+00
 1.6600    4.8665658E-02    1.6851891E+00   -1.6851891E+00
 1.6700    4.7963307E-02    1.6809389E+00   -1.6809389E+00
 1.6800    4.7228227E-02    1.6750588E+00   -1.6750588E+00
 1.6900    4.6542270E-02    1.6704398E+00   -1.6704398E+00
 1.7000    4.5954792E-02    1.6689315E+00   -1.6689315E+00
 1.7100    4.5428327E-02    1.6692786E+00   -1.6692786E+00
 1.7200    4.4847914E-02    1.6672818E+00   -1.6672818E+00
 1.7300    4.4094412E-02    1.6583860E+00   -1.6583860E+00
 1.7400    4.3130885E-02    1.6409552E+00   -1.6409552E+00
 1.7500    4.2038503E-02    1.6178312E+00   -1.6178312E+00
 1.7600    4.0972045E-02    1.5948610E+00   -1.5948610E+00
 1.7700    4.0060632E-02    1.5771543E+00   -1.5771543E+00
 1.7800    3.9321667E-02    1.5656035E+00   -1.5656035E+00
 1.7900    3.8654718E-02    1.5563900E+00   -1.5563900E+00
 1.8000    3.7928417E-02    1.5442571E+00   -1.5442571E+00
 1.8100    3.7097372E-02    1.5272501E+00   -1.5272501E+00
 1.8200    3.6249003E-02    1.5088592E+00   -1.5088592E+00
 1.8300    3.5526689E-02    1.4950881E+00   -1.4950881E+00
 1.8400    3.4981662E-02    1.4882845E+00   -1.4882845E+00
 1.8500    3.4483158E-02    1.4830656E+00   -1.4830656E+00
 1.8600    3.3781141E-02    1.4686221E+00   -1.4686221E+00
 1.8700    3.2682499E-02    1.4361782E+00   -1.4361782E+00
 1.8800    3.1192734E-02    1.3854122E+00   -1.3854122E+00
 1.8900    2.9505238E-02    1.3244409E+00   -1.3244409E+00
 1.9000    2.7861342E-02    1.2639186E+00   -1.2639186E+00
 1.9100    2.6410862E-02    1.2107631E+00   -1.2107631E+00
 1.9200    2.5176932E-02    1.1663130E+00   -1.1663130E+00
 1.9300    2.4119586E-02    1.1290010E+00   -1.1290010E+00
 1.9400    2.3218372E-02    1.0981081E+00   -1.0981081E+00
 1.9500    2.2508360E-02    1.0755310E+00   -1.0755310E+00
 1.9600    2.2060622E-02    1.0649758E+00   -1.0649758E+00
 1.9700    2.1933352E-02    1.0696639E+00   -1.0696639E+00
 1.9800    2.2121960E-02    1.0898428E+00   -1.0898428E+00
 1.9900    2.2531523E-02    1.1212606E+00   -1.1212606E+00
 2.0000    2.2990970E-02    1.1556522E+00   -1.1556522E+00
 2.0100    2.3310878E-02    1.1834791E+00   -1.1834791E+00
 2.0200    2.3357242E-02    1.1976617E+00   -1.1976617E+00
 2.0300    2.3098824E-02    1.1961670E+00   -1.1961670E+00
 2.0400    2.2602276E-02    1.1820133E+00   -1.1820133E+00
 2.0500    2.1982237E-02    1.1608857E+00   -1.1608857E+00
 2.0600    2.1338029E-02    1.1378856E+00   -1.1378856E+00
 2.0700    2.0713496E-02    1.1153315E+00   -1.1153315E+00
 2.0800    2.0101802E-02    1.0928776E+00   -1.0928776E+00
 2.0900    1.9486806E-02    1.0696535E+00   -1.0696535E+00
 2.1000    1.8885100E-02    1.0465687E+00   -1.0465687E+00
 2.1100    1.8354317E-02    1.0268642E+00   -1.0268642E+00
 2.1200    1.7965555E-02    1.0146639E+00   -1.0146639E+00
 2.1300    1.7767323E-02    1.0129571E+00   -1.0129571E+00
 2.1400    1.7766266E-02    1.0224300E+00   -1.0224300E+00
 2.1500    1.7925724E-02    1.0412703E+00   -1.0412703E+00
 2.1600    1.8169093E-02    1.0652477E+00   -1.0652477E+00
 2.1700    1.8384380E-02    1.0878733E+00   -1.0878733E+00
 2.1800    1.8442163E-02    1.1013737E+00   -1.1013737E+00
 2.1900    1.8235905E-02    1.0990701E+00   -1.0990701E+00
 2.2000    1.7729470E-02    1.0783282E+00   -1.0783282E+00
 2.2100    1.6979234E-02    1.0421075E+00   -1.0421075E+00
 2.2200    1.6111314E-02    9.9780750E-01   -9.9780750E-01
 2.2300    1.5267199E-02    9.5406718E-01   -9.5406718E-01
 2.2400    1.4551635E-02    9.1752454E-01   -9.1752454E-01
 2.2500    1.4009885E-02    8.9127036E-01   -8.9127036E-01
 2.2600    1.3638276E-02    8.7535903E-01   -8.7535903E-01
 2.2700    1.3410566E-02    8.6837775E-01   -8.6837775E-01
 2.2800    1.3297105E-02    8.6863367E-01   -8.6863367E-01
 2.2900    1.3267124E-02    8.7429426E-01   -8.7429426E-01
 2.3000    1.3283116E-02    8.8300974E-01   -8.8300974E-01
 2.3100    1.3300596E-02    8.9187689E-01   -8.9187689E-01
 2.3200    1.3275195E-02    8.9789745E-01   -8.9789745E-01
 2.3300    1.3170285E-02    8.9849748E-01   -8.9849748E-01
 2.3400    1.2962814E-02    8.9195073E-01   -8.9195073E-01
 2.3500    1.2651465E-02    8.7798358E-01   -8.7798358E-01
 2.3600    1.2266128E-02    8.5850209E-01   -8.5850209E-01
 2.3700    1.1867266E-02    8.3763963E-01   -8.3763963E-01
 2.3800    1.1525288E-02    8.2038097E-01   -8.2038097E-01
 2.3900    1.1287188E-02    8.1019851E-01   -8.1019851E-01
 2.4000    1.1152957E-02    8.0727666E-01   -8.0727666E-01
 2.4100    1.1079576E-02    8.0866213E-01   -8.0866213E-01
 2.4200    1.1008747E-02    8.1017434E-01   -8.1017434E-01
 2.4300    1.0897248E-02    8.0861029E-01   -8.0861029E-01
 2.4400    1.0731180E-02    8.0285480E-01   -8.0285480E-01
 2.4500    1.0521772E-02    7.9365345E-01   -7.9365345E-01
 2.4600    1.0293477E-02    7.8278446E-01   -7.8278446E-01
 2.4700    1.0074466E-02    7.7237070E-01   -7.7237070E-01
 2.4800    9.8904340E-03    7.6441390E-01   -7.6441390E-01
 2.4900    9.7574386E-03    7.6022892E-01   -7.6022892E-01
 2.5000    9.6736357E-03    7.5976557E-01   -7.5976557E-01
 2.5100    9.6164484E-03    7.6132837E-01   -7.6132837E-01
 2.5200    9.5508467E-03    7.6217170E-01   -7.6217170E-01
 2.5300    9.4462533E-03    7.5981961E-01   -7.5981961E-01
 2.5400    9.2925955E-03    7.5338042E-01   -7.5338042E-01
 2.5500    9.1057875E-03    7.4405962E-01   -7.4405962E-01
 2.5600    8.9184653E-03    7.3447991E-01   -7.3447991E-01
 2.5700    8.7602283E-03    7.2709563E-01   -7.2709563E-01
 2.5800    8.6393617E-03    7.2265487E-01   -7.2265487E-01
 2.5900    8.5389217E-03    7.1980096E-01   -7.1980096E-01
 2.6000    8.4305226E-03    7.1616165E-01   -7.1616165E-01
 2.6100    8.2948610E-03    7.1006808E-01   -7.1006808E-01
 2.6200    8.1314233E-03    7.0142141E-01   -7.0142141E-01
 2.6300    7.9487395E-03    6.9090705E-01   -6.9090705E-01
 2.6400    7.7450702E-03    6.7833321E-01   -6.7833321E-01
 2.6500    7.5005539E-03    6.6190392E-01   -6.6190392E-01
 2.6600    7.1924523E-03    6.3951411E-01   -6.3951411E-01
 2.6700    6.8219493E-03    6.1114023E-01   -6.1114023E-01
 2.6800    6.4273861E-03    5.8011466E-01   -5.8011466E-01
 2.6900    6.0698384E-03    5.5193960E-01   -5.5193960E-01
 2.7000    5.8012667E-03    5.3144732E-01   -5.3144732E-01
 2.7100    5.6390640E-03    5.2042179E-01   -5.2042179E-01
 2.7200    5.5635589E-03    5.1724984E-01   -5.1724984E-01
 2.7300    5.5366613E-03    5.1854102E-01   -5.1854102E-01
 2.7400    5.5256929E-03    5.2131202E-01   -5.2131202E-01
 2.7500    5.5154732E-03    5.2415295E-01   -5.2415295E-01
 2.7600    5.5034567E-03    5.2682161E-01   -5.2682161E-01
 2.7700    5.4872449E-03    5.2908293E-01   -5.2908293E-01
 2.7800    5.4582500E-03    5.3009399E-01   -5.3009399E-01
 2.7900    5.4066169E-03    5.2886383E-01   -5.2886383E-01
 2.8000    5.3310762E-03    5.2521947E-01   -5.2521947E-01
 2.8100    5.2443939E-03    5.2037666E-01   -5.2037666E-01
 2.8200    5.1705426E-03    5.1670682E-01   -5.1670682E-01
 2.8300    5.1358393E-03    5.1688527E-01   -5.1688527E-01
 2.8400    5.1581743E-03    5.2280840E-01   -5.2280840E-01
 2.8500    5.2375942E-03    5.3460305E-01   -5.3460305E-01
 2.8600    5.3512913E-03    5.5004791E-01   -5.5004791E-01
 2.8700    5.4569252E-03    5.6483507E-01   -5.6483507E-01
 2.8800    5.5070649E-03    5.7400415E-01   -5.7400415E-01
 2.8900    5.4713646E-03    5.7425027E-01   -5.7425027E-01
 2.9000    5.3544632E-03    5.6587668E-01   -5.6587668E-01
 2.9100    5.1954480E-03    5.5286468E-01   -5.5286468E-01
 2.9200    5.0453026E-03    5.4058350E-01   -5.4058350E-01
 2.9300    4.9356552E-03    5.3246359E-01   -5.3246359E-01
 2.9400    4.8604552E-03    5.2793623E-01   -5.2793623E-01
 2.9500    4.7837639E-03    5.2314687E-01   -5.2314687E-01
 2.9600    4.6678925E-03    5.1394203E-01   -5.1394203E-01
 2.9700    4.5010193E-03    4.9892312E-01   -4.9892312E-01
 2.9800    4.3040439E-03    4.8030719E-01   -4.8030719E-01
 2.9900    4.1132868E-03    4.6210560E-01   -4.6210560E-01
 3.0000    3.9550329E-03    4.4730368E-01   -4.4730368E-01
 3.0100    3.8325941E-03    4.3635070E-01   -4.3635070E-01
 3.0200    3.7331100E-03    4.2785295E-01   -4.2785295E-01
 3.0300    3.6438440E-03    4.2039244E-01   -4.2039244E-01
 3.0400    3.5622522E-03    4.1369635E-01   -4.1369635E-01
 3.0500    3.4930362E-03    4.0833126E-01   -4.0833126E-01
 3.0600    3.4382000E-03    4.0456085E-01   -4.0456085E-01
 3.0700    3.3912179E-03    4.0164495E-01   -4.0164495E-01
 3.0800    3.3408969E-03    3.9826704E-01   -3.9826704E-01
 3.0900    3.2808765E-03    3.9365585E-01   -3.9365585E-01
 3.1000    3.2158019E-03    3.8834931E-01   -3.8834931E-01
 3.1100    3.1585073E-03    3.8389506E-01   -3.8389506E-01
 3.1200    3.1203454E-03    3.8169961E-01   -3.8169961E-01
 3.1300    3.1023269E-03    3.8193204E-01   -3.8193204E-01
 3.1400    3.0936786E-03    3.8330488E-01   -3.8330488E-01
 3.1500    3.0782254E-03    3.8382334E-01   -3.8382334E-01
 3.1600    3.0434758E-03    3.8190372E-01   -3.8190372E-01
 3.1700    2.9867528E-03    3.7716177E-01   -3.7716177E-01
 3.1800    2.9159055E-03    3.7054209E-01   -3.7054209E-01
 3.1900    2.8451823E-03    3.6383236E-01   -3.6383236E-01
 3.2000    2.7883767E-03    3.5880730E-01   -3.5880730E-01
 3.2100    2.7523492E-03    3.5638832E-01   -3.5638832E-01
 3.2200    2.7342567E-03    3.5625494E-01   -3.5625494E-01
 3.2300    2.7240157E-03    3.5712850E-01   -3.5712850E-01
 3.2400    2.7103720E-03    3.5754342E-01   -3.5754342E-01
 3.2500    2.6870341E-03    3.5665619E-01   -3.5665619E-01
 3.2600    2.6556880E-03    3.5466810E-01   -3.5466810E-01
 3.2700    2.6242076E-03    3.5261726E-01   -3.5261726E-01
 3.2800    2.6004026E-03    3.5155894E-01   -3.5155894E-01
 3.2900    2.5846104E-03    3.5155781E-01   -3.5155781E-01
 3.3000    2.5666841E-03    3.5124502E-01   -3.5124502E-01
 3.3100    2.5310144E-03    3.4846604E-01   -3.4846604E-01
 3.3200    2.4670170E-03    3.4171038E-01   -3.4171038E-01
 3.3300    2.3773070E-03    3.3127113E-01   -3.3127113E-01
 3.3400    2.2769711E-03    3.1919811E-01   -3.1919811E-01
 3.3500    2.1843792E-03    3.0805447E-01   -3.0805447E-01
 3.3600    2.1107000E-03    2.9944352E-01   -2.9944352E-01
 3.3700    2.0558594E-03    2.9340200E-01   -2.9340200E-01
 3.3800    2.0127748E-03    2.8896048E-01   -2.8896048E-01
 3.3900    1.9748162E-03    2.8519108E-01   -2.8519108E-01
 3.4000    1.9397738E-03    2.8178559E-01   -2.8178559E-01
 3.4100    1.9080791E-03    2.7881427E-01   -2.7881427E-01
 3.4200    1.8787162E-03    2.7613614E-01   -2.7613614E-01
 3.4300    1.8477433E-03    2.7317424E-01   -2.7317424E-01
 3.4400    1.8108754E-03    2.6928696E-01   -2.6928696E-01
 3.4500    1.7671582E-03    2.6431602E-01   -2.6431602E-01
 3.4600    1.7198392E-03    2.5873185E-01   -2.5873185E-01
 3.4700    1.6736521E-03    2.5324099E-01   -2.5324099E-01
 3.4800    1.6312859E-03    2.4825524E-01   -2.4825524E-01
 3.4900    1.5921693E-03    2.4369688E-01   -2.4369688E-01
 3.5000    1.5541200E-03    2.3923818E-01   -2.3923818E-01
 3.5100    1.5160493E-03    2.3471315E-01   -2.3471315E-01
 3.5200    1.4797266E-03    2.3039692E-01   -2.3039692E-01
 3.5300    1.4496723E-03    2.2700171E-01   -2.2700171E-01
 3.5400    1.4311561E-03    2.2537379E-01   -2.2537379E-01
 3.5500    1.4269893E-03    2.2598900E-01   -2.2598900E-01
 3.5600    1.4347251E-03    2.2849598E-01   -2.2849598E-01
 3.5700    1.4463330E-03    2.3164055E-01   -2.3164055E-01
 3.5800    1.4512745E-03    2.3373594E-01   -2.3373594E-01
 3.5900    1.4414525E-03    2.3345280E-01   -2.3345280E-01
 3.6000    1.4148174E-03    2.3041739E-01   -2.3041739E-01
 3.6100    1.3753643E-03    2.2523818E-01   -2.2523818E-01
 3.6200    1.3300968E-03    2.1903335E-01   -2.1903335E-01
 3.6300    1.2855573E-03    2.1287004E-01   -2.1287004E-01
 3.6400    1.2461120E-03    2.0747689E-01   -2.0747689E-01
 3.6500    1.2143106E-03    2.0329438E-01   -2.0329438E-01
 3.6600    1.1921218E-03    2.0067472E-01   -2.0067472E-01
 3.6700    1.1814451E-03    1.9996572E-01   -1.9996572E-01
 3.6800    1.1829432E-03    2.0131188E-01   -2.0131188E-01
 3.6900    1.1937089E-03    2.0424952E-01   -2.0424952E-01
 3.7000    1.2058246E-03    2.0744236E-01   -2.0744236E-01
 3.7100    1.2080862E-03    2.0895636E-01   -2.0895636E-01
 3.7200    1.1911014E-03    2.0713070E-01   -2.0713070E-01
 3.7300    1.1528029E-03    2.0154991E-01   -2.0154991E-01
 3.7400    1.1001594E-03    1.9337872E-01   -1.9337872E-01
 3.7500    1.0453759E-03    1.8473316E-01   -1.8473316E-01
 3.7600    9.9921739E-04    1.7751928E-01   -1.7751928E-01
 3.7700    9.6615931E-04    1.7256047E-01   -1.7256047E-01
 3.7800    9.4409756E-04    1.6951586E-01   -1.6951586E-01
 3.7900    9.2759069E-04    1.6743439E-01   -1.6743439E-01
 3.8000    9.1150054E-04    1.6539942E-01   -1.6539942E-01
 3.8100    8.9273027E-04    1.6284712E-01   -1.6284712E-01
 3.8200    8.7006301E-04    1.5954651E-01   -1.5954651E-01
 3.8300    8.4354716E-04    1.5549513E-01   -1.5549513E-01
 3.8400    8.1443238E-04    1.5091324E-01   -1.5091324E-01
 3.8500    7.8531860E-04    1.4627739E-01   -1.4627739E-01
 3.8600    7.5960276E-04    1.4222338E-01   -1.4222338E-01
 3.8700    7.4001534E-04    1.3927479E-01   -1.3927479E-01
 3.8800    7.2712157E-04    1.3755626E-01   -1.3755626E-01
 3.8900    7.1896814E-04    1.3671580E-01   -1.3671580E-01
 3.9000    7.1225970E-04    1.3613740E-01   -1.3613740E-01
 3.9100    7.0422644E-04    1.3529312E-01   -1.3529312E-01
 3.9200    6.9382031E-04    1.3397662E-01   -1.3397662E-01
 3.9300    6.8159753E-04    1.3228877E-01   -1.3228877E-01
 3.9400    6.6886520E-04    1.3047909E-01   -1.3047909E-01
 3.9500    6.5710024E-04    1.2883554E-01   -1.2883554E-01
 3.9600    6.4795477E-04    1.2768648E-01   -1.2768648E-01
 3.9700    6.4329222E-04    1.2740873E-01   -1.2740873E-01
 3.9800    6.4466982E-04    1.2832561E-01   -1.2832561E-01
 3.9900    6.5245141E-04    1.3052804E-01   -1.3052804E-01
 4.0000    6.6533212E-04    1.3377296E-01   -1.3377296E-01
 4.0100    6.8073096E-04    1.3755428E-01   -1.3755428E-01
 4.0200    6.9564295E-04    1.4126948E-01   -1.4126948E-01
 4.0300    7.0724155E-04    1.4434034E-01   -1.4434034E-01
 4.0400    7.1313751E-04    1.4626684E-01   -1.4626684E-01
 4.0500    7.1177150E-04    1.4671027E-01   -1.4671027E-01
 4.0600    7.0303639E-04    1.4562627E-01   -1.4562627E-01
 4.0700    6.8844615E-04    1.4330741E-01   -1.4330741E-01
 4.0800    6.7028350E-04    1.4021314E-01   -1.4021314E-01
 4.0900    6.5025072E-04    1.3669018E-01   -1.3669018E-01
 4.1000    6.2884042E-04    1.3283668E-01   -1.3283668E-01
 4.1100    6.0596821E-04    1.2863032E-01   -1.2863032E-01
 4.1200    5.8212661E-04    1.2417145E-01   -1.2417145E-01
 4.1300    5.5888302E-04    1.1979284E-01   -1.1979284E-01
 4.1400    5.3830800E-04    1.1594216E-01   -1.1594216E-01
 4.1500    5.2193203E-04    1.1295878E-01   -1.1295878E-01
 4.1600    5.1012341E-04    1.1093581E-01   -1.1093581E-01
 4.1700    5.0226882E-04    1.0975345E-01   -1.0975345E-01
 4.1800    4.9739141E-04    1.0920957E-01   -1.0920957E-01
 4.1900    4.9452466E-04    1.0910028E-01   -1.0910028E-01
 4.2000    4.9257334E-04    1.0918912E-01   -1.0918912E-01
 4.2100    4.9010797E-04    1.0916058E-01   -1.0916058E-01
 4.2200    4.8567728E-04    1.0868824E-01   -1.0868824E-01
 4.2300    4.7852872E-04    1.0759661E-01   -1.0759661E-01
 4.2400    4.6898268E-04    1.0594937E-01   -1.0594937E-01
 4.2500    4.5801449E-04    1.0396016E-01   -1.0396016E-01
 4.2600    4.4647239E-04    1.0181779E-01   -1.0181779E-01
 4.2700    4.3466012E-04    9.9589926E-02   -9.9589926E-02
 4.2800    4.2246740E-04    9.7250224E-02   -9.7250224E-02
 4.2900    4.0969130E-04    9.4750430E-02   -9.4750430E-02
 4.3000    3.9627241E-04    9.2074763E-02   -9.2074763E-02
 4.3100    3.8250711E-04    8.9290226E-02   -8.9290226E-02
 4.3200    3.6930842E-04    8.6609705E-02   -8.6609705E-02
 4.3300    3.5829326E-04    8.4415907E-02   -8.4415907E-02
 4.3400    3.5132337E-04    8.3156531E-02   -8.3156531E-02
 4.3500    3.4944815E-04    8.3094278E-02   -8.3094278E-02
 4.3600    3.5186574E-04    8.4054278E-02   -8.4054278E-02
 4.3700    3.5588034E-04    8.5403709E-02   -8.5403709E-02
 4.3800    3.5822824E-04    8.6361049E-02   -8.6361049E-02
 4.3900    3.5688447E-04    8.6430406E-02   -8.6430406E-02
 4.4000    3.5187979E-04    8.5607051E-02   -8.5607051E-02
 4.4100    3.4457130E-04    8.4210481E-02   -8.4210481E-02
 4.4200    3.3627771E-04    8.2556730E-02   -8.2556730E-02
 4.4300    3.2757038E-04    8.0783365E-02   -8.0783365E-02
 4.4400    3.1852540E-04    7.8907788E-02   -7.8907788E-02
 4.4500    3.0921214E-04    7.6946066E-02   -7.6946066E-02
 4.4600    2.9975408E-04    7.4928094E-02   -7.4928094E-02
 4.4700    2.9009833E-04    7.2840033E-02   -7.2840033E-02
 4.4800    2.8003806E-04    7.0628984E-02   -7.0628984E-02
 4.4900    2.6961341E-04    6.8303670E-02   -6.8303670E-02
 4.5000    2.5942976E-04    6.6016834E-02   -6.6016834E-02
 4.5100    2.5045854E-04    6.4017511E-02   -6.4017511E-02
 4.5200    2.4345721E-04    6.2504225E-02   -6.2504225E-02
 4.5300    2.3854194E-04    6.1513582E-02   -6.1513582E-02
 4.5400    2.3524377E-04    6.0931196E-02   -6.0931196E-02
 4.5500    2.3289075E-04    6.0587760E-02   -6.0587760E-02
 4.5600    2.3093384E-04    6.0343033E-02   -6.0343033E-02
 4.5700    2.2901917E-04    6.0105483E-02   -6.0105483E-02
 4.5800    2.2690532E-04    5.9811611E-02   -5.9811611E-02
 4.5900    2.2442074E-04    5.9415290E-02   -5.9415290E-02
 4.6000    2.2152131E-04    5.8903493E-02   -5.8903493E-02
 4.6100    2.1833876E-04    5.8309935E-02   -5.8309935E-02
 4.6200    2.1509497E-04    5.7693126E-02   -5.7693126E-02
 4.6300    2.1190608E-04    5.7084115E-02   -5.7084115E-02
 4.6400    2.0864246E-04    5.6447994E-02   -5.6447994E-02
 4.6500    2.0498533E-04    5.5697866E-02   -5.5697866E-02
 4.6600    2.0065017E-04    5.4754679E-02   -5.4754679E-02
 4.6700    1.9560018E-04    5.3605935E-02   -5.3605935E-02
 4.6800    1.9008007E-04    5.2316436E-02   -5.2316436E-02
 4.6900    1.8444371E-04    5.0982297E-02   -5.0982297E-02
 4.7000    1.7891678E-04    4.9665711E-02   -4.9665711E-02
 4.7100    1.7349492E-04    4.8365806E-02   -4.8365806E-02
 4.7200    1.6806941E-04    4.7052482E-02   -4.7052482E-02
 4.7300    1.6268172E-04    4.5737339E-02   -4.5737339E-02
 4.7400    1.5770083E-04    4.4524652E-02   -4.4524652E-02
 4.7500    1.5376213E-04    4.3595982E-02   -4.3595982E-02
 4.7600    1.5144044E-04    4.3118697E-02   -4.3118697E-02
 4.7700    1.5079900E-04    4.3116658E-02   -4.3116658E-02
 4.7800    1.5112272E-04    4.3390576E-02   -4.3390576E-02
 4.7900    1.5114962E-04    4.3580073E-02   -4.3580073E-02
 4.8000    1.4979637E-04    4.3370420E-02   -4.3370420E-02
 4.8100    1.4691060E-04    4.2712319E-02   -4.2712319E-02
 4.8200    1.4345922E-04    4.1882480E-02   -4.1882480E-02
 4.8300    1.4099314E-04    4.1333492E-02   -4.1333492E-02
 4.8400    1.4081497E-04    4.1452376E-02   -4.1452376E-02
 4.8500    1.4342097E-04    4.2394156E-02   -4.2394156E-02
 4.8600    1.4839919E-04    4.4046758E-02   -4.4046758E-02
 4.8700    1.5455594E-04    4.6063134E-02   -4.6063134E-02
 4.8800    1.6009387E-04    4.7909783E-02   -4.7909783E-02
 4.8900    1.6300264E-04    4.8980387E-02   -4.8980387E-02
 4.9000    1.6182481E-04    4.8825548E-02   -4.8825548E-02
 4.9100    1.5645650E-04    4.7398702E-02   -4.7398702E-02
 4.9200    1.4828927E-04    4.5107608E-02   -4.5107608E-02
 4.9300    1.3943938E-04    4.2588185E-02   -4.2588185E-02
 4.9400    1.3167437E-04    4.0379879E-02   -4.0379879E-02
 4.9500    1.2591648E-04    3.8770627E-02   -3.8770627E-02
 4.9600    1.2252319E-04    3.7878391E-02   -3.7878391E-02
 4.9700    1.2170319E-04    3.7776750E-02   -3.7776750E-02
 4.9800    1.2338207E-04    3.8452149E-02   -3.8452149E-02
 4.9900    1.2662215E-04    3.9620563E-02   -3.9620563E-02
 5.0000    1.2941314E-04    4.0656336E-02   -4.0656336E-02
 5.0100    1.2942957E-04    4.0824309E-02   -4.0824309E-02
 5.0200    1.2536082E-04    3.9698961E-02   -3.9698961E-02
 5.0300    1.1773715E-04    3.7433408E-02   -3.7433408E-02
 5.0400    1.0857436E-04    3.4657580E-02   -3.4657580E-02
 5.0500    1.0018781E-04    3.2107574E-02   -3.2107574E-02
 5.0600    9.4089036E-05    3.0272613E-02   -3.0272613E-02
 5.0700    9.0554463E-05    2.9250658E-02   -2.9250658E-02
 5.0800    8.8819727E-05    2.8803597E-02   -2.8803597E-02
 5.0900    8.7575538E-05    2.8512037E-02   -2.8512037E-02
 5.1000    8.5547386E-05    2.7961274E-02   -2.7961274E-02
 5.1100    8.2049268E-05    2.6923181E-02   -2.6923181E-02
 5.1200    7.7330533E-05    2.5474214E-02   -2.5474214E-02
 5.1300    7.2481418E-05    2.3970179E-02   -2.3970179E-02
 5.1400    6.8857104E-05    2.2860454E-02   -2.2860454E-02
 5.1500    6.7330848E-05    2.2440804E-02   -2.2440804E-02
 5.1600    6.7848336E-05    2.2701182E-02   -2.2701182E-02
 5.1700    6.9533778E-05    2.3355371E-02   -2.3355371E-02
 5.1800    7.1194467E-05    2.4005769E-02   -2.4005769E-02
 5.1900    7.1853702E-05    2.4321689E-02   -2.4321689E-02
 5.2000    7.1044832E-05    2.4140655E-02   -2.4140655E-02
 5.2100    6.8834313E-05    2.3479578E-02   -2.3479578E-02
 5.2200    6.5676996E-05    2.2488690E-02   -2.2488690E-02
 5.2300    6.2204435E-05    2.1381324E-02   -2.1381324E-02
 5.2400    5.9011359E-05    2.0361419E-02   -2.0361419E-02
 5.2500    5.6499453E-05    1.9569184E-02   -1.9569184E-02
 5.2600    5.4823124E-05    1.9060976E-02   -1.9060976E-02
 5.2700    5.3922786E-05    1.8819298E-02   -1.8819298E-02
 5.2800    5.3577464E-05    1.8769810E-02   -1.8769810E-02
 5.2900    5.3433506E-05    1.8790350E-02   -1.8790350E-02
 5.3000    5.3047645E-05    1.8725254E-02   -1.8725254E-02
 5.3100    5.2010277E-05    1.8428419E-02   -1.8428419E-02
 5.3200    5.0130614E-05    1.7829377E-02   -1.7829377E-02
 5.3300    4.7556325E-05    1.6977454E-02   -1.6977454E-02
 5.3400    4.4708296E-05    1.6020663E-02   -1.6020663E-02
 5.3500    4.2055172E-05    1.5126444E-02   -1.5126444E-02
 5.3600    3.9887994E-05    1.4400635E-02   -1.4400635E-02
 5.3700    3.8241863E-05    1.3857902E-02   -1.3857902E-02
 5.3800    3.6976288E-05    1.3449240E-02   -1.3449240E-02
 5.3900    3.5915703E-05    1.3112085E-02   -1.3112085E-02
 5.4000    3.4954071E-05    1.2808408E-02   -1.2808408E-02
 5.4100    3.4092507E-05    1.2539012E-02   -1.2539012E-02
 5.4200    3.3416605E-05    1.2335898E-02   -1.2335898E-02
 5.4300    3.3022035E-05    1.2235264E-02   -1.2235264E-02
 5.4400    3.2916922E-05    1.2241282E-02   -1.2241282E-02
 5.4500    3.2969391E-05    1.2305912E-02   -1.2305912E-02
 5.4600    3.2958253E-05    1.2346940E-02   -1.2346940E-02
 5.4700    3.2699902E-05    1.2295069E-02   -1.2295069E-02
 5.4800    3.2149586E-05    1.2132390E-02   -1.2132390E-02
 5.4900    3.1400342E-05    1.1892932E-02   -1.1892932E-02
 5.5000    3.0601410E-05    1.1632597E-02   -1.1632597E-02
 5.5100    2.9879774E-05    1.1399620E-02   -1.1399620E-02
 5.5200    2.9315963E-05    1.1225151E-02   -1.1225151E-02
 5.5300    2.8953758E-05    1.1126666E-02   -1.1126666E-02
 5.5400    2.8800509E-05    1.1107838E-02   -1.1107838E-02
 5.5500    2.8812787E-05    1.1152728E-02   -1.1152728E-02
 5.5600    2.8899014E-05    1.1226451E-02   -1.1226451E-02
 5.5700    2.8959325E-05    1.1290384E-02   -1.1290384E-02
 5.5800    2.8943040E-05    1.1324588E-02   -1.1324588E-02
 5.5900    2.8882753E-05    1.1341541E-02   -1.1341541E-02
 5.6000    2.8874729E-05    1.1378993E-02   -1.1378993E-02
 5.6100    2.9002260E-05    1.1470106E-02   -1.1470106E-02
 5.6200    2.9235512E-05    1.1603612E-02   -1.1603612E-02
 5.6300    2.9380369E-05    1.1702642E-02   -1.1702642E-02
 5.6400    2.9144754E-05    1.1650068E-02   -1.1650068E-02
 5.6500    2.8308361E-05    1.1355898E-02   -1.1355898E-02
 5.6600    2.6882316E-05    1.0822047E-02   -1.0822047E-02
 5.6700    2.5142074E-05    1.0157272E-02   -1.0157272E-02
 5.6800    2.3521047E-05    9.5359329E-03   -9.5359329E-03
 5.6900    2.2449034E-05    9.1333912E-03   -9.1333912E-03
 5.7000    2.2224805E-05    9.0739741E-03   -9.0739741E-03
 5.7100    2.2963510E-05    9.4084990E-03   -9.4084990E-03
 5.7200    2.4620315E-05    1.0122681E-02   -1.0122681E-02
 5.7300    2.7057771E-05    1.1163776E-02   -1.1163776E-02
 5.7400    3.0082693E-05    1.2455190E-02   -1.2455190E-02
 5.7500    3.3383679E-05    1.3870105E-02   -1.3870105E-02
 5.7600    3.6410896E-05    1.5180504E-02   -1.5180504E-02
 5.7700    3.8381044E-05    1.6057513E-02   -1.6057513E-02
 5.7800    3.8567039E-05    1.6191304E-02   -1.6191304E-02
 5.7900    3.6765461E-05    1.5488416E-02   -1.5488416E-02
 5.8000    3.3563451E-05    1.4188368E-02   -1.4188368E-02
 5.8100    3.0102508E-05    1.2769233E-02   -1.2769233E-02
 5.8200    2.7462731E-05    1.1689597E-02   -1.1689597E-02
 5.8300    2.6134550E-05    1.1162514E-02   -1.1162514E-02
 5.8400    2.5940106E-05    1.1117504E-02   -1.1117504E-02
 5.8500    2.6352102E-05    1.1332791E-02   -1.1332791E-02
 5.8600    2.6872464E-05    1.1596117E-02   -1.1596117E-02
 5.8700    2.7198024E-05    1.1776695E-02   -1.1776695E-02
 5.8800    2.7163091E-05    1.1801676E-02   -1.1801676E-02
 5.8900    2.6637635E-05    1.1612778E-02   -1.1612778E-02
 5.9000    2.5538959E-05    1.1171644E-02   -1.1171644E-02
 5.9100    2.3940188E-05    1.0507814E-02   -1.0507814E-02
 5.9200    2.2115477E-05    9.7397901E-03   -9.7397901E-03
 5.9300    2.0408899E-05    9.0185939E-03   -9.0185939E-03
 5.9400    1.9010405E-05    8.4289625E-03   -8.4289625E-03
 5.9500    1.7844767E-05    7.9387966E-03   -7.9387966E-03
 5.9600    1.6678957E-05    7.4451125E-03   -7.4451125E-03
 5.9700    1.5339866E-05    6.8703693E-03   -6.8703693E-03
 5.9800    1.3842967E-05    6.2207309E-03   -6.2207309E-03
 5.9900    1.2347248E-05    5.5671599E-03   -5.5671599E-03
 6.0000    1.1025599E-05    4.9878635E-03   -4.9878635E-03
 6.0100    9.9875859E-06    4.5333509E-03   -4.5333509E-03
 6.0200    9.2964425E-06    4.2336956E-03   -4.2336956E-03
 6.0300    9.0181940E-06    4.1206342E-03   -4.1206342E-03
 6.0400    9.2336066E-06    4.2330667E-03   -4.2330667E-03
 6.0500    1.0007420E-05    4.6030186E-03   -4.6030186E-03
 6.0600    1.1351885E-05    5.2386949E-03   -5.2386949E-03
 6.0700    1.3200235E-05    6.1117966E-03   -6.1117966E-03
 6.0800    1.5367847E-05    7.1388797E-03   -7.1388797E-03
 6.0900    1.7500152E-05    8.1561699E-03   -8.1561699E-03
 6.1000    1.9080480E-05    8.9219305E-03   -8.9219305E-03
 6.1100    1.9583889E-05    9.1873703E-03   -9.1873703E-03
 6.1200    1.8737051E-05    8.8188903E-03   -8.8188903E-03
 6.1300    1.6693645E-05    7.8828267E-03   -7.8828267E-03
 6.1400    1.3959677E-05    6.6133571E-03   -6.6133571E-03
 6.1500    1.1115345E-05    5.2830297E-03   -5.2830297E-03
 6.1600    8.5547449E-06    4.0792315E-03   -4.0792315E-03
 6.1700    6.4170638E-06    3.0698457E-03   -3.0698457E-03
 6.1800    4.6877207E-06    2.2498240E-03   -2.2498240E-03
 6.1900    3.3235792E-06    1.6002845E-03   -1.6002845E-03
 6.2000    2.3016217E-06    1.1118013E-03   -1.1118013E-03
 6.2100    1.6063712E-06    7.7846480E-04   -7.7846480E-04
 6.2200    1.2174645E-06    5.9189808E-04   -5.9189808E-04
 6.2300    1.1153615E-06    5.4400340E-04   -5.4400340E-04
 6.2400    1.2766224E-06    6.2465683E-04   -6.2465683E-04
 6.2500    1.6432566E-06    8.0663171E-04   -8.0663171E-04
 6.2600    2.0952728E-06    1.0318085E-03   -1.0318085E-03
 6.2700    2.4675555E-06    1.2190229E-03   -1.2190229E-03
 6.2800    2.6136514E-06    1.2953192E-03   -1.2953192E-03
 6.2900    2.4718284E-06    1.2289366E-03   -1.2289366E-03
 6.3000    2.0832356E-06    1.0390330E-03   -1.0390330E-03
 6.3100    1.5544021E-06    7.7773556E-04   -7.7773556E-04
 6.3200    1.0029876E-06    5.0343057E-04   -5.0343057E-04
 6.3300    5.2883232E-07    2.6627799E-04   -2.6627799E-04
 6.3400    2.1369976E-07    1.0794249E-04   -1.0794249E-04
 6.3500    1.2115976E-07    6.1392556E-05   -6.1392556E-05
 6.3600    2.7648306E-07    1.4053763E-04   -1.4053763E-04
 6.3700    6.3669900E-07    3.2465560E-04   -3.2465560E-04
 6.3800    1.0771247E-06    5.5095639E-04   -5.5095639E-04
 6.3900    1.4139868E-06    7.2553260E-04   -7.2553260E-04
 6.4000    1.4643329E-06    7.5371929E-04   -7.5371929E-04
 6.4100    1.1210840E-06    5.7884737E-04   -5.7884737E-04
 6.4200    4.0262818E-07    2.0853746E-04   -2.0853746E-04
 6.4300   -5.5608951E-07   -2.8891927E-04    2.8891927E-04
 6.4400   -1.5654931E-06   -8.1589216E-04    8.1589216E-04
 6.4500   -2.4537052E-06   -1.2827785E-03    1.2827785E-03
 6.4600   -3.1080162E-06   -1.6298896E-03    1.6298896E-03
 6.4700   -3.4792184E-06   -1.8302066E-03    1.8302066E-03
 6.4800   -3.5715198E-06   -1.8845729E-03    1.8845729E-03
 6.4900   -3.4376296E-06   -1.8195263E-03    1.8195263E-03
 6.5000   -3.1756608E-06   -1.6860509E-03    1.6860509E-03
 6.5100   -2.9117387E-06   -1.5506873E-03    1.5506873E-03
 6.5200   -2.7635198E-06   -1.4762763E-03    1.4762763E-03
 6.5300   -2.8009847E-06   -1.5008834E-03    1.5008834E-03
 6.5400   -3.0274536E-06   -1.6272072E-03    1.6272072E-03
 6.5500   -3.3890986E-06   -1.8271604E-03    1.8271604E-03
 6.5600   -3.8023537E-06   -2.0562223E-03    2.0562223E-03
 6.5700   -4.1835352E-06   -2.2692588E-03    2.2692588E-03
 6.5800   -4.4718216E-06   -2.4330225E-03    2.4330225E-03
 6.5900   -4.6422047E-06   -2.5334071E-03    2.5334071E-03
 6.6000   -4.7055555E-06   -2.5757792E-03    2.5757792E-03
 6.6100   -4.6958302E-06   -2.5782509E-03    2.5782509E-03
 6.6200   -4.6514182E-06   -2.5615995E-03    2.5615995E-03
 6.6300   -4.6006598E-06   -2.5413065E-03    2.5413065E-03
 6.6400   -4.5563367E-06   -2.5244213E-03    2.5244213E-03
 6.6500   -4.5169727E-06   -2.5101555E-03    2.5101555E-03
 6.6600   -4.4713204E-06   -2.4922644E-03    2.4922644E-03
 6.6700   -4.4049413E-06   -2.4626441E-03    2.4626441E-03
 6.6800   -4.3085606E-06   -2.4159892E-03    2.4159892E-03
 6.6900   -4.1856136E-06   -2.3540801E-03    2.3540801E-03
 6.7000   -4.0546883E-06   -2.2872674E-03    2.2872674E-03
 6.7100   -3.9443358E-06   -2.2316639E-03    2.2316639E-03
 6.7200   -3.8820355E-06   -2.2029666E-03    2.2029666E-03
 6.7300   -3.8826441E-06   -2.2098743E-03    2.2098743E-03
 6.7400   -3.9420475E-06   -2.2503575E-03    2.2503575E-03
 6.7500   -4.0392944E-06   -2.3127192E-03    2.3127192E-03
 6.7600   -4.1466883E-06   -2.3812481E-03    2.3812481E-03
 6.7700   -4.2430684E-06   -2.4438088E-03    2.4438088E-03
 6.7800   -4.3225057E-06   -2.4969211E-03    2.4969211E-03
 6.7900   -4.3923469E-06   -2.5447554E-03    2.5447554E-03
 6.8000   -4.4619881E-06   -2.5927228E-03    2.5927228E-03
 6.8100   -4.5315138E-06   -2.6408722E-03    2.6408722E-03
 6.8200   -4.5895267E-06   -2.6825419E-03    2.6825419E-03
 6.8300   -4.6212090E-06   -2.7089868E-03    2.7089868E-03
 6.8400   -4.6189605E-06   -2.7156032E-03    2.7156032E-03
 6.8500   -4.5870678E-06   -2.7047440E-03    2.7047440E-03
 6.8600   -4.5383038E-06   -2.6838094E-03    2.6838094E-03
 6.8700   -4.4867413E-06   -2.6610582E-03    2.6610582E-03
 6.8800   -4.4419951E-06   -2.6421947E-03    2.6421947E-03
 6.8900   -4.4070325E-06   -2.6290241E-03    2.6290241E-03
 6.9000   -4.3791615E-06   -2.6199862E-03    2.6199862E-03
 6.9100   -4.3534354E-06   -2.6121497E-03    2.6121497E-03
 6.9200   -4.3274265E-06   -2.6040646E-03    2.6040646E-03
 6.9300   -4.3048641E-06   -2.5979799E-03    2.5979799E-03
 6.9400   -4.2951617E-06   -2.5996107E-03    2.5996107E-03
 6.9500   -4.3083870E-06   -2.6151354E-03    2.6151354E-03
 6.9600   -4.3486911E-06   -2.6472009E-03    2.6472009E-03
 6.9700   -4.4099722E-06   -2.6922245E-03    2.6922245E-03
 6.9800   -4.4755874E-06   -2.7401274E-03    2.7401274E-03
 6.9900   -4.5219241E-06   -2.7764348E-03    2.7764348E-03
 7.0000   -4.5244894E-06   -2.7859641E-03    2.7859641E-03
 7.0100   -4.4643329E-06   -2.7567823E-03    2.7567823E-03
 7.0200   -4.3330626E-06   -2.6833607E-03    2.6833607E-03
 7.0300   -4.1367619E-06   -2.5691002E-03    2.5691002E-03
 7.0400   -3.8995588E-06   -2.4286820E-03    2.4286820E-03
 7.0500   -3.6641523E-06   -2.2885564E-03    2.2885564E-03
 7.0600   -3.4836406E-06   -2.1819893E-03    2.1819893E-03
 7.0700   -3.4030406E-06   -2.1375477E-03    2.1375477E-03
 7.0800   -3.4386746E-06   -2.1660449E-03    2.1660449E-03
 7.0900   -3.5691378E-06   -2.2545800E-03    2.2545800E-03
 7.1000   -3.7452624E-06   -2.3725142E-03    2.3725142E-03
 7.1100   -3.9128464E-06   -2.4856608E-03    2.4856608E-03
 7.1200   -4.0334245E-06   -2.5694714E-03    2.5694714E-03
 7.1300   -4.0923053E-06   -2.6143092E-03    2.6143092E-03
 7.1400   -4.0943890E-06   -2.6229825E-03    2.6229825E-03
 7.1500   -4.0556764E-06   -2.6054650E-03    2.6054650E-03
 7.1600   -3.9963827E-06   -2.5745598E-03    2.5745598E-03
 7.1700   -3.9354737E-06   -2.5424077E-03    2.5424077E-03
 7.1800   -3.8848124E-06   -2.5166847E-03    2.5166847E-03
 7.1900   -3.8448597E-06   -2.4977452E-03    2.4977452E-03
 7.2000   -3.8060061E-06   -2.4793871E-03    2.4793871E-03
 7.2100   -3.7559056E-06   -2.4535509E-03    2.4535509E-03
 7.2200   -3.6878362E-06   -2.4157717E-03    2.4157717E-03
 7.2300   -3.6041748E-06   -2.3675126E-03    2.3675126E-03
 7.2400   -3.5130539E-06   -2.3140450E-03    2.3140450E-03
 7.2500   -3.4213242E-06   -2.2598526E-03    2.2598526E-03
 7.2600   -3.3295533E-06   -2.2053071E-03    2.2053071E-03
 7.2700   -3.2333485E-06   -2.1474903E-03    2.1474903E-03
 7.2800   -3.1302663E-06   -2.0847497E-03    2.0847497E-03
 7.2900   -3.0262079E-06   -2.0209878E-03    2.0209878E-03
 7.3000   -2.9344166E-06   -1.9650670E-03    1.9650670E-03
 7.3100   -2.8660712E-06   -1.9245606E-03    1.9245606E-03
 7.3200   -2.8195590E-06   -1.8985114E-03    1.8985114E-03
 7.3300   -2.7777811E-06   -1.8754947E-03    1.8754947E-03
 7.3400   -2.7162399E-06   -1.8389508E-03    1.8389508E-03
 7.3500   -2.6154844E-06   -1.7755654E-03    1.7755654E-03
 7.3600   -2.4689936E-06   -1.6806816E-03    1.6806816E-03
 7.3700   -2.2834909E-06   -1.5586339E-03    1.5586339E-03
 7.3800   -2.0752667E-06   -1.4203537E-03    1.4203537E-03
 7.3900   -1.8658145E-06   -1.2804635E-03    1.2804635E-03
 7.4000   -1.6756683E-06   -1.1530851E-03    1.1530851E-03
 7.4100   -1.5156804E-06   -1.0458127E-03    1.0458127E-03
 7.4200   -1.3812029E-06   -9.5559782E-04    9.5559782E-04
 7.4300   -1.2566656E-06   -8.7178065E-04    8.7178065E-04
 7.4400   -1.1294688E-06   -7.8565153E-04    7.8565153E-04
 7.4500   -1.0015015E-06   -6.9851224E-04    6.9851224E-04
 7.4600   -8.8730897E-07   -6.2052944E-04    6.2052944E-04
 7.4700   -8.0046077E-07   -5.6129493E-04    5.6129493E-04
 7.4800   -7.4087972E-07   -5.2090769E-04    5.2090769E-04
 7.4900   -6.9425720E-07   -4.8943372E-04    4.8943372E-04
 7.5000   -6.4257805E-07   -4.5421166E-04    4.5421166E-04
 7.5100   -5.7525591E-07   -4.0770949E-04    4.0770949E-04
 7.5200   -4.9251949E-07   -3.5000075E-04    3.5000075E-04
 7.5300   -4.0150069E-07   -2.8607909E-04    2.8607909E-04
 7.5400   -3.0976864E-07   -2.2130438E-04    2.2130438E-04
 7.5500   -2.1924533E-07   -1.5704862E-04    1.5704862E-04
 7.5600   -1.2299442E-07   -8.8336231E-05    8.8336231E-05
 7.5700   -9.1566649E-09   -6.5938482E-06    6.5938482E-06
 7.5800    1.2760602E-07    9.2133897E-05   -9.2133897E-05
 7.5900    2.7639967E-07    2.0009256E-04   -2.0009256E-04
 7.6000    4.1384505E-07    3.0038263E-04   -3.0038263E-04
 7.6100    5.2145802E-07    3.7948842E-04   -3.7948842E-04
 7.6200    6.0247291E-07    4.3959964E-04   -4.3959964E-04
 7.6300    6.8240987E-07    4.9923409E-04   -4.9923409E-04
 7.6400    7.9105607E-07    5.8023490E-04   -5.8023490E-04
 7.6500    9.3970718E-07    6.9107515E-04   -6.9107515E-04
 7.6600    1.1121815E-06    8.2005515E-04   -8.2005515E-04
 7.6700    1.2765598E-06    9.4371697E-04   -9.4371697E-04
 7.6800    1.4069259E-06    1.0428060E-03   -1.0428060E-03
 7.6900    1.4973593E-06    1.1127268E-03   -1.1127268E-03
 7.7000    1.5600463E-06    1.1623282E-03   -1.1623282E-03
 7.7100    1.6141213E-06    1.2057431E-03   -1.2057431E-03
 7.7200    1.6765576E-06    1.2556336E-03   -1.2556336E-03
 7.7300    1.7592502E-06    1.3209807E-03   -1.3209807E-03
 7.7400    1.8684791E-06    1.4066305E-03   -1.4066305E-03
 7.7500    2.0032099E-06    1.5119580E-03   -1.5119580E-03
 7.7600    2.1541250E-06    1.6300623E-03   -1.6300623E-03
 7.7700    2.3070574E-06    1.7502912E-03   -1.7502912E-03
 7.7800    2.4502918E-06    1.8637466E-03   -1.8637466E-03
 7.7900    2.5807693E-06    1.9680402E-03   -1.9680402E-03
 7.8000    2.7045885E-06    2.0677606E-03   -2.0677606E-03
 7.8100    2.8312705E-06    2.1701677E-03   -2.1701677E-03
 7.8200    2.9654347E-06    2.2788290E-03   -2.2788290E-03
 7.8300    3.1015049E-06    2.3894935E-03   -2.3894935E-03
 7.8400    3.2256231E-06    2.4914697E-03   -2.4914697E-03
 7.8500    3.3241143E-06    2.5740983E-03   -2.5740983E-03
 7.8600    3.3928070E-06    2.6339900E-03   -2.6339900E-03
 7.8700    3.4410463E-06    2.6782422E-03   -2.6782422E-03
 7.8800    3.4888078E-06    2.7223211E-03   -2.7223211E-03
 7.8900    3.5596867E-06    2.7846823E-03   -2.7846823E-03
 7.9000    3.6728317E-06    2.8804814E-03   -2.8804814E-03
 7.9100    3.8357977E-06    3.0159110E-03   -3.0159110E-03
 7.9200    4.0410960E-06    3.1853664E-03   -3.1853664E-03
 7.9300    4.2691261E-06    3.3736127E-03   -3.3736127E-03
 7.9400    4.4958556E-06    3.5617482E-03   -3.5617482E-03
 7.9500    4.6993925E-06    3.7323799E-03   -3.7323799E-03
 7.9600    4.8620159E-06    3.8712603E-03   -3.8712603E-03
 7.9700    4.9705574E-06    3.9676340E-03   -3.9676340E-03
 7.9800    5.0190768E-06    4.0164234E-03   -4.0164234E-03
 7.9900    5.0121494E-06    4.0209385E-03   -4.0209385E-03
 8.0000    4.9639816E-06    3.9922709E-03   -3.9922709E-03
 8.0100    4.8933682E-06    3.9453251E-03   -3.9453251E-03
 8.0200    4.8196132E-06    3.8955680E-03   -3.8955680E-03
 8.0300    4.7615033E-06    3.8582027E-03   -3.8582027E-03
 8.0400    4.7353776E-06    3.8465960E-03   -3.8465960E-03
 8.0500    4.7500090E-06    3.8680854E-03   -3.8680854E-03
 8.0600    4.8032950E-06    3.9212019E-03   -3.9212019E-03
 8.0700    4.8865099E-06    3.9990397E-03   -3.9990397E-03
 8.0800    4.9937443E-06    4.0969333E-03   -4.0969333E-03
 8.0900    5.1281180E-06    4.2175955E-03   -4.2175955E-03
 8.1000    5.2995423E-06    4.3693644E-03   -4.3693644E-03
 8.1100    5.5158212E-06    4.5589177E-03   -4.5589177E-03
 8.1200    5.7722326E-06    4.7826185E-03   -4.7826185E-03
 8.1300    6.0446087E-06    5.0206407E-03   -5.0206407E-03
 8.1400    6.2908119E-06    5.2379986E-03   -5.2379986E-03
 8.1500    6.4639716E-06    5.3954108E-03   -5.3954108E-03
 8.1600    6.5340663E-06    5.4673102E-03   -5.4673102E-03
 8.1700    6.5056457E-06    5.4568798E-03   -5.4568798E-03
 8.1800    6.4189360E-06    5.3973368E-03   -5.3973368E-03
 8.1900    6.3329350E-06    5.3380508E-03   -5.3380508E-03
 8.2000    6.3018490E-06    5.3248277E-03   -5.3248277E-03
 8.2100    6.3580677E-06    5.3854417E-03   -5.3854417E-03
 8.2200    6.5069606E-06    5.5249923E-03   -5.5249923E-03
 8.2300    6.7313163E-06    5.7294052E-03   -5.7294052E-03
 8.2400    7.0009467E-06    5.9733926E-03   -5.9733926E-03
 8.2500    7.2828877E-06    6.2290436E-03   -6.2290436E-03
 8.2600    7.5480072E-06    6.4714599E-03   -6.4714599E-03
 8.2700    7.7721023E-06    6.6797375E-03   -6.6797375E-03
 8.2800    7.9334482E-06    6.8349057E-03   -6.8349057E-03
 8.2900    8.0116030E-06    6.9189205E-03   -6.9189205E-03
 8.3000    7.9921857E-06    6.9188134E-03   -6.9188134E-03
 8.3100    7.8785893E-06    6.8369180E-03   -6.8369180E-03
 8.3200    7.7049389E-06    6.7023286E-03   -6.7023286E-03
 8.3300    7.5394103E-06    6.5741142E-03   -6.5741142E-03
 8.3400    7.4690945E-06    6.5284475E-03   -6.5284475E-03
 8.3500    7.5679785E-06    6.6307508E-03   -6.6307508E-03
 8.3600    7.8624721E-06    6.9052838E-03   -6.9052838E-03
 8.3700    8.3151079E-06    7.3202964E-03   -7.3202964E-03
 8.3800    8.8393795E-06    7.8004504E-03   -7.8004504E-03
 8.3900    9.3389962E-06    8.2610259E-03   -8.2610259E-03
 8.4000    9.7475567E-06    8.6429939E-03   -8.6429939E-03
 8.4100    1.0045461E-05    8.9283611E-03   -8.9283611E-03
 8.4200    1.0248781E-05    9.1307464E-03   -9.1307464E-03
 8.4300    1.0383033E-05    9.2723375E-03   -9.2723375E-03
 8.4400    1.0460860E-05    9.3640161E-03   -9.3640161E-03
 8.4500    1.0477526E-05    9.4011724E-03   -9.4011724E-03
 8.4600    1.0426558E-05    9.3775964E-03   -9.3775964E-03
 8.4700    1.0323026E-05    9.3064422E-03   -9.3064422E-03
 8.4800    1.0212437E-05    9.2284969E-03   -9.2284969E-03
 8.4900    1.0151944E-05    9.1954809E-03   -9.1954809E-03
 8.5000    1.0175534E-05    9.2385732E-03   -9.2385732E-03
 8.5100    1.0272722E-05    9.3487707E-03   -9.3487707E-03
 8.5200    1.0399900E-05    9.4867664E-03   -9.4867664E-03
 8.5300    1.0514134E-05    9.6134982E-03   -9.6134982E-03
 8.5400    1.0601195E-05    9.7158413E-03   -9.7158413E-03
 8.5500    1.0678571E-05    9.8096887E-03   -9.8096887E-03
 8.5600    1.0776226E-05    9.9225680E-03   -9.9225680E-03
 8.5700    1.0911599E-05    1.0070706E-02   -1.0070706E-02
 8.5800    1.1075448E-05    1.0245797E-02   -1.0245797E-02
 8.5900    1.1236994E-05    1.0419487E-02   -1.0419487E-02
 8.6000    1.1364291E-05    1.0562071E-02   -1.0562071E-02
 8.6100    1.1443800E-05    1.0660718E-02   -1.0660718E-02
 8.6200    1.1482796E-05    1.0721907E-02   -1.0721907E-02
 8.6300    1.1494110E-05    1.0757388E-02   -1.0757388E-02
 8.6400    1.1480552E-05    1.0769614E-02   -1.0769614E-02
 8.6500    1.1435813E-05    1.0752492E-02   -1.0752492E-02
 8.6600    1.1359720E-05    1.0705656E-02   -1.0705656E-02
 8.6700    1.1269964E-05    1.0645611E-02   -1.0645611E-02
 8.6800    1.1197326E-05    1.0601410E-02   -1.0601410E-02
 8.6900    1.1169742E-05    1.0599676E-02   -1.0599676E-02
 8.7000    1.1200768E-05    1.0653595E-02   -1.0653595E-02
 8.7100    1.1290031E-05    1.0763197E-02   -1.0763197E-02
 8.7200    1.1429297E-05    1.0920998E-02   -1.0920998E-02
 8.7300    1.1605010E-05    1.1114345E-02   -1.1114345E-02
 8.7400    1.1797442E-05    1.1324540E-02   -1.1324540E-02
 8.7500    1.1982786E-05    1.1528791E-02   -1.1528791E-02
 8.7600    1.2139528E-05    1.1706306E-02   -1.1706306E-02
 8.7700    1.2254030E-05    1.1843716E-02   -1.1843716E-02
 8.7800    1.2323153E-05    1.1937702E-02   -1.1937702E-02
 8.7900    1.2357071E-05    1.1997842E-02   -1.1997842E-02
 8.8000    1.2381440E-05    1.2048871E-02   -1.2048871E-02
 8.8100    1.2430919E-05    1.2124530E-02   -1.2124530E-02
 8.8200    1.2531686E-05    1.2250577E-02   -1.2250577E-02
 8.8300    1.2685556E-05    1.2429131E-02   -1.2429131E-02
 8.8400    1.2870955E-05    1.2639363E-02   -1.2639363E-02
 8.8500    1.3059711E-05    1.2853753E-02   -1.2853753E-02
 8.8600    1.3233454E-05    1.3054208E-02   -1.3054208E-02
 8.8700    1.3387092E-05    1.3235591E-02   -1.3235591E-02
 8.8800    1.3521355E-05    1.3398494E-02   -1.3398494E-02
 8.8900    1.3634306E-05    1.3540866E-02   -1.3540866E-02
 8.9000    1.3719085E-05    1.3655733E-02   -1.3655733E-02
 8.9100    1.3769258E-05    1.3736491E-02   -1.3736491E-02
 8.9200    1.3787700E-05    1.3785782E-02   -1.3785782E-02
 8.9300    1.3790929E-05    1.3819944E-02   -1.3819944E-02
 8.9400    1.3802953E-05    1.3862990E-02   -1.3862990E-02
 8.9500    1.3842141E-05    1.3933468E-02   -1.3933468E-02
 8.9600    1.3911786E-05    1.4034882E-02   -1.4034882E-02
 8.9700    1.4000828E-05    1.4156258E-02   -1.4156258E-02
 8.9800    1.4090998E-05    1.4279213E-02   -1.4279213E-02
 8.9900    1.4163298E-05    1.4384463E-02   -1.4384463E-02
 9.0000    1.4202110E-05    1.4455988E-02   -1.4455988E-02
 9.0100    1.4199547E-05    1.4485515E-02   -1.4485515E-02
 9.0200    1.4160080E-05    1.4477336E-02   -1.4477336E-02
 9.0300    1.4101325E-05    1.4449249E-02   -1.4449249E-02
 9.0400    1.4048259E-05    1.4426774E-02   -1.4426774E-02
 9.0500    1.4023822E-05    1.4433559E-02   -1.4433559E-02
 9.0600    1.4041864E-05    1.4484083E-02   -1.4484083E-02
 9.0700    1.4105254E-05    1.4581605E-02   -1.4581605E-02
 9.0800    1.4207129E-05    1.4719325E-02   -1.4719325E-02
 9.0900    1.4332505E-05    1.4881947E-02   -1.4881947E-02
 9.1000    1.4460590E-05    1.5047996E-02   -1.5047996E-02
 9.1100    1.4569551E-05    1.5194723E-02   -1.5194723E-02
 9.1200    1.4643135E-05    1.5305010E-02   -1.5305010E-02
 9.1300    1.4676243E-05    1.5373272E-02   -1.5373272E-02
 9.1400    1.4677230E-05    1.5408003E-02   -1.5408003E-02
 9.1500    1.4666374E-05    1.5430316E-02   -1.5430316E-02
 9.1600    1.4670026E-05    1.5467912E-02   -1.5467912E-02
 9.1700    1.4710585E-05    1.5544561E-02   -1.5544561E-02
 9.1800    1.4796086E-05    1.5669029E-02   -1.5669029E-02
 9.1900    1.4916391E-05    1.5830865E-02   -1.5830865E-02
 9.2000    1.5049788E-05    1.6007220E-02   -1.6007220E-02
 9.2100    1.5175249E-05    1.6175769E-02   -1.6175769E-02
 9.2200    1.5280686E-05    1.6323548E-02   -1.6323548E-02
 9.2300    1.5362253E-05    1.6446299E-02   -1.6446299E-02
 9.2400    1.5418944E-05    1.6542777E-02   -1.6542777E-02
 9.2500    1.5450326E-05    1.6612347E-02   -1.6612347E-02
 9.2600    1.5459794E-05    1.6658487E-02   -1.6658487E-02
 9.2700    1.5458147E-05    1.6692707E-02   -1.6692707E-02
 9.2800    1.5461187E-05    1.6732031E-02   -1.6732031E-02
 9.2900    1.5481305E-05    1.6789929E-02   -1.6789929E-02
 9.3000    1.5519948E-05    1.6868094E-02   -1.6868094E-02
 9.3100    1.5568173E-05    1.6956916E-02   -1.6956916E-02
 9.3200    1.5615528E-05    1.7045053E-02   -1.7045053E-02
 9.3300    1.5659718E-05    1.7129989E-02   -1.7129989E-02
 9.3400    1.5708402E-05    1.7220098E-02   -1.7220098E-02
 9.3500    1.5771339E-05    1.7326133E-02   -1.7326133E-02
 9.3600    1.5849778E-05    1.7449571E-02   -1.7449571E-02
 9.3700    1.5932684E-05    1.7578345E-02   -1.7578345E-02
 9.3800    1.6003575E-05    1.7694266E-02   -1.7694266E-02
 9.3900    1.6052511E-05    1.7786234E-02   -1.7786234E-02
 9.4000    1.6083456E-05    1.7858499E-02   -1.7858499E-02
 9.4100    1.6111517E-05    1.7927740E-02   -1.7927740E-02
 9.4200    1.6152910E-05    1.8012021E-02   -1.8012021E-02
 9.4300    1.6215474E-05    1.8120196E-02   -1.8120196E-02
 9.4400    1.6295734E-05    1.8248525E-02   -1.8248525E-02
 9.4500    1.6382879E-05    1.8385003E-02   -1.8385003E-02
 9.4600    1.6465322E-05    1.8516648E-02   -1.8516648E-02
 9.4700    1.6534875E-05    1.8634199E-02   -1.8634199E-02
 9.4800    1.6586778E-05    1.8732190E-02   -1.8732190E-02
 9.4900    1.6617785E-05    1.8806822E-02   -1.8806822E-02
 9.5000    1.6625727E-05    1.8855486E-02   -1.8855486E-02
 9.5100    1.6611812E-05    1.8879387E-02   -1.8879387E-02
 9.5200    1.6583828E-05    1.8887242E-02   -1.8887242E-02
 9.5300    1.6556950E-05    1.8896266E-02   -1.8896266E-02
 9.5400    1.6549711E-05    1.8927665E-02   -1.8927665E-02
 9.5500    1.6575911E-05    1.8997393E-02   -1.8997393E-02
 9.5600    1.6637181E-05    1.9107567E-02   -1.9107567E-02
 9.5700    1.6722056E-05    1.9245244E-02   -1.9245244E-02
 9.5800    1.6812781E-05    1.9390118E-02   -1.9390118E-02
 9.5900    1.6894582E-05    1.9525157E-02   -1.9525157E-02
 9.6000    1.6960660E-05    1.9642424E-02   -1.9642424E-02
 9.6100    1.7011070E-05    1.9741870E-02   -1.9741870E-02
 9.6200    1.7048650E-05    1.9826680E-02   -1.9826680E-02
 9.6300    1.7075583E-05    1.9899309E-02   -1.9899309E-02
 9.6400    1.7092026E-05    1.9959860E-02   -1.9959860E-02
 9.6500    1.7097051E-05    2.0007172E-02   -2.0007172E-02
 9.6600    1.7091503E-05    2.0042153E-02   -2.0042153E-02
 9.6700    1.7080641E-05    2.0070906E-02   -2.0070906E-02
 9.6800    1.7073580E-05    2.0104125E-02   -2.0104125E-02
 9.6900    1.7078992E-05    2.0152070E-02   -2.0152070E-02
 9.7000    1.7100222E-05    2.0218787E-02   -2.0218787E-02
 9.7100    1.7133628E-05    2.0300076E-02   -2.0300076E-02
 9.7200    1.7170981E-05    2.0386257E-02   -2.0386257E-02
 9.7300    1.7203837E-05    2.0467315E-02   -2.0467315E-02
 9.7400    1.7227269E-05    2.0537341E-02   -2.0537341E-02
 9.7500    1.7241288E-05    2.0596280E-02   -2.0596280E-02
 9.7600    1.7249547E-05    2.0648437E-02   -2.0648437E-02
 9.7700    1.7256468E-05    2.0699074E-02   -2.0699074E-02
 9.7800    1.7265061E-05    2.0751796E-02   -2.0751796E-02
 9.7900    1.7276805E-05    2.0808399E-02   -2.0808399E-02
 9.8000    1.7292624E-05    2.0870022E-02   -2.0870022E-02
 9.8100    1.7313205E-05    2.0937525E-02   -2.0937525E-02
 9.8200    1.7338507E-05    2.1010895E-02   -2.1010895E-02
 9.8300    1.7367653E-05    2.1089100E-02   -2.1089100E-02
 9.8400    1.7399538E-05    2.1170825E-02   -2.1170825E-02
 9.8500    1.7433293E-05    2.1255031E-02   -2.1255031E-02
 9.8600    1.7468136E-05    2.1340778E-02   -2.1340778E-02
 9.8700    1.7503120E-05    2.1426915E-02   -2.1426915E-02
 9.8800    1.7537236E-05    2.1512203E-02   -2.1512203E-02
 9.8900    1.7569660E-05    2.1595627E-02   -2.1595627E-02
 9.9000    1.7599954E-05    2.1676631E-02   -2.1676631E-02
 9.9100    1.7628144E-05    2.1755234E-02   -2.1755234E-02
 9.9200    1.7654569E-05    2.1831840E-02   -2.1831840E-02
 9.9300    1.7679523E-05    2.1906798E-02   -2.1906798E-02
 9.9400    1.7703106E-05    2.1980223E-02   -2.1980223E-02
 9.9500    1.7725537E-05    2.2052378E-02   -2.2052378E-02
 9.9600    1.7747437E-05    2.2124027E-02   -2.2124027E-02
 9.9700    1.7769619E-05    2.2196183E-02   -2.2196183E-02
 9.9800    1.7792608E-05    2.2269504E-02   -2.2269504E-02
