# total charge: 20.000000 
# r(A)     rho (e/A^3)     4*pi*r^2*rho(e/A)  dip  
 0.0000    1.6422188E+01    0.0000000E+00    1.5957691E+02
 0.0100    1.6411710E+01    2.0623563E-02    1.5876040E+02
 0.0200    1.6398462E+01    8.2427659E-02    1.5633465E+02
 0.0300    1.6381870E+01    1.8527458E-01    1.5236985E+02
 0.0400    1.6361312E+01    3.2896369E-01    1.4697909E+02
 0.0500    1.6336086E+01    5.1321329E-01    1.4031292E+02
 0.0600    1.6305399E+01    7.3763885E-01    1.3255220E+02
 0.0700    1.6268420E+01    1.0017315E+00    1.2389984E+02
 0.0800    1.6224436E+01    1.3048466E+00    1.1457177E+02
 0.0900    1.6172997E+01    1.6462105E+00    1.0478789E+02
 0.1000    1.6113960E+01    2.0249400E+00    9.4763350E+01
 0.1100    1.6047414E+01    2.4400588E+00    8.4700812E+01
 0.1200    1.5973536E+01    2.8905029E+00    7.4783919E+01
 0.1300    1.5892480E+01    3.3751124E+00    6.5172324E+01
 0.1400    1.5804330E+01    3.8926201E+00    5.5998366E+01
 0.1500    1.5709115E+01    4.4416476E+00    4.7365391E+01
 0.1600    1.5606857E+01    5.0207116E+00    3.9347622E+01
 0.1700    1.5497612E+01    5.6282383E+00    3.1991393E+01
 0.1800    1.5381473E+01    6.2625729E+00    2.5317490E+01
 0.1900    1.5258527E+01    6.9219694E+00    1.9324357E+01
 0.2000    1.5128805E+01    7.6045668E+00    1.3991820E+01
 0.2100    1.4992266E+01    8.3083681E+00    9.2850703E+00
 0.2200    1.4848830E+01    9.0312413E+00    5.1585958E+00
 0.2300    1.4698430E+01    9.7709430E+00    1.5598720E+00
 0.2400    1.4541054E+01    1.0525149E+01   -1.5673367E+00
 0.2500    1.4376758E+01    1.1291479E+01   -4.2801592E+00
 0.2600    1.4205660E+01    1.2067519E+01   -6.6343308E+00
 0.2700    1.4027921E+01    1.2850816E+01   -8.6824423E+00
 0.2800    1.3843710E+01    1.3638871E+01   -1.0472690E+01
 0.2900    1.3653163E+01    1.4429096E+01   -1.2048083E+01
 0.3000    1.3456372E+01    1.5218798E+01   -1.3446059E+01
 0.3100    1.3253413E+01    1.6005195E+01   -1.4698468E+01
 0.3200    1.3044399E+01    1.6785485E+01   -1.5831850E+01
 0.3300    1.2829527E+01    1.7556923E+01   -1.6867895E+01
 0.3400    1.2609092E+01    1.8316881E+01   -1.7823993E+01
 0.3500    1.2383459E+01    1.9062855E+01   -1.8713781E+01
 0.3600    1.2153012E+01    1.9792415E+01   -1.9547654E+01
 0.3700    1.1918089E+01    2.0503119E+01   -2.0333207E+01
 0.3800    1.1678938E+01    2.1192413E+01   -2.1075635E+01
 0.3900    1.1435719E+01    2.1857603E+01   -2.1778141E+01
 0.4000    1.1188572E+01    2.2495960E+01   -2.2442428E+01
 0.4100    1.0937739E+01    2.3104956E+01   -2.3069251E+01
 0.4200    1.0683640E+01    2.3682509E+01   -2.3658931E+01
 0.4300    1.0426859E+01    2.4227035E+01   -2.4211621E+01
 0.4400    1.0168001E+01    2.4737215E+01   -2.4727238E+01
 0.4500    9.9075174E+00    2.5211561E+01   -2.5205167E+01
 0.4600    9.6456115E+00    2.5648105E+01   -2.5644049E+01
 0.4700    9.3823219E+00    2.6044493E+01   -2.6041945E+01
 0.4800    9.1177373E+00    2.6398510E+01   -2.6396925E+01
 0.4900    8.8521727E+00    2.6708648E+01   -2.6707672E+01
 0.5000    8.5861520E+00    2.6974192E+01   -2.6973597E+01
 0.5100    8.3202147E+00    2.7194730E+01   -2.7194371E+01
 0.5200    8.0547432E+00    2.7369587E+01   -2.7369373E+01
 0.5300    7.7899824E+00    2.7497808E+01   -2.7497682E+01
 0.5400    7.5262174E+00    2.7578722E+01   -2.7578648E+01
 0.5500    7.2639252E+00    2.7612556E+01   -2.7612513E+01
 0.5600    7.0037684E+00    2.7600547E+01   -2.7600523E+01
 0.5700    6.7464462E+00    2.7544484E+01   -2.7544470E+01
 0.5800    6.4925190E+00    2.7446001E+01   -2.7445993E+01
 0.5900    6.2423094E+00    2.7306069E+01   -2.7306064E+01
 0.6000    5.9959287E+00    2.7124942E+01   -2.7124940E+01
 0.6100    5.7534081E+00    2.6902629E+01   -2.6902627E+01
 0.6200    5.5148568E+00    2.6639587E+01   -2.6639586E+01
 0.6300    5.2805530E+00    2.6337246E+01   -2.6337246E+01
 0.6400    5.0509207E+00    2.5998025E+01   -2.5998025E+01
 0.6500    4.8263983E+00    2.5624756E+01   -2.5624756E+01
 0.6600    4.6072619E+00    2.5219742E+01   -2.5219742E+01
 0.6700    4.3935094E+00    2.4783979E+01   -2.4783979E+01
 0.6800    4.1849192E+00    2.4317267E+01   -2.4317267E+01
 0.6900    3.9812998E+00    2.3819515E+01   -2.3819515E+01
 0.7000    3.7827811E+00    2.3292556E+01   -2.3292556E+01
 0.7100    3.5899194E+00    2.2741089E+01   -2.2741089E+01
 0.7200    3.4035116E+00    2.2171858E+01   -2.2171858E+01
 0.7300    3.2242391E+00    2.1591501E+01   -2.1591501E+01
 0.7400    3.0523807E+00    2.1004483E+01   -2.1004483E+01
 0.7500    2.8877674E+00    2.0412425E+01   -2.0412425E+01
 0.7600    2.7299746E+00    1.9815072E+01   -1.9815072E+01
 0.7700    2.5786028E+00    1.9212141E+01   -1.9212141E+01
 0.7800    2.4334570E+00    1.8604703E+01   -1.8604703E+01
 0.7900    2.2945337E+00    1.7995275E+01   -1.7995275E+01
 0.8000    2.1618919E+00    1.7386966E+01   -1.7386966E+01
 0.8100    2.0355672E+00    1.6782836E+01   -1.6782836E+01
 0.8200    1.9155909E+00    1.6186030E+01   -1.6186030E+01
 0.8300    1.8020132E+00    1.5599979E+01   -1.5599979E+01
 0.8400    1.6948109E+00    1.5027602E+01   -1.5027602E+01
 0.8500    1.5937280E+00    1.4469780E+01   -1.4469780E+01
 0.8600    1.4982325E+00    1.3924704E+01   -1.3924704E+01
 0.8700    1.4076941E+00    1.3389263E+01   -1.3389263E+01
 0.8800    1.3216617E+00    1.2861616E+01   -1.2861616E+01
 0.8900    1.2400123E+00    1.2342862E+01   -1.2342862E+01
 0.9000    1.1628728E+00    1.1836603E+01   -1.1836603E+01
 0.9100    1.0904246E+00    1.1347189E+01   -1.1347189E+01
 0.9200    1.0227630E+00    1.0878287E+01   -1.0878287E+01
 0.9300    9.5987234E-01    1.0432520E+01   -1.0432520E+01
 0.9400    9.0164488E-01    1.0011545E+01   -1.0011545E+01
 0.9500    8.4787630E-01    9.6158918E+00   -9.6158918E+00
 0.9600    7.9827116E-01    9.2449117E+00   -9.2449117E+00
 0.9700    7.5252216E-01    8.8975948E+00   -8.8975948E+00
 0.9800    7.1042296E-01    8.5739116E+00   -8.5739116E+00
 0.9900    6.7188252E-01    8.2751066E+00   -8.2751066E+00
 1.0000    6.3678629E-01    8.0020925E+00   -8.0020925E+00
 1.0100    6.0481377E-01    7.7530803E+00   -7.7530803E+00
 1.0200    5.7536770E-01    7.5223873E+00   -7.5223873E+00
 1.0300    5.4766727E-01    7.3013153E+00   -7.3013153E+00
 1.0400    5.2095475E-01    7.0807057E+00   -7.0807057E+00
 1.0500    4.9472966E-01    6.8541943E+00   -6.8541943E+00
 1.0600    4.6890303E-01    6.6207110E+00   -6.6207110E+00
 1.0700    4.4376546E-01    6.3845591E+00   -6.3845591E+00
 1.0800    4.1976771E-01    6.1527094E+00   -6.1527094E+00
 1.0900    3.9726639E-01    5.9312290E+00   -5.9312290E+00
 1.1000    3.7640953E-01    5.7234229E+00   -5.7234229E+00
 1.1100    3.5718301E-01    5.5302736E+00   -5.5302736E+00
 1.1200    3.3949465E-01    5.3515408E+00   -5.3515408E+00
 1.1300    3.2319901E-01    5.1860509E+00   -5.1860509E+00
 1.1400    3.0809106E-01    5.0315137E+00   -5.0315137E+00
 1.1500    2.9393879E-01    4.8849762E+00   -4.8849762E+00
 1.1600    2.8055025E-01    4.7439106E+00   -4.7439106E+00
 1.1700    2.6780623E-01    4.6068309E+00   -4.6068309E+00
 1.1800    2.5562769E-01    4.4728237E+00   -4.4728237E+00
 1.1900    2.4392474E-01    4.3406987E+00   -4.3406987E+00
 1.2000    2.3258905E-01    4.2088323E+00   -4.2088323E+00
 1.2100    2.2153580E-01    4.0759095E+00   -4.0759095E+00
 1.2200    2.1075127E-01    3.9418466E+00   -3.9418466E+00
 1.2300    2.0030428E-01    3.8081172E+00   -3.8081172E+00
 1.2400    1.9031536E-01    3.6772831E+00   -3.6772831E+00
 1.2500    1.8090530E-01    3.5520672E+00   -3.5520672E+00
 1.2600    1.7214932E-01    3.4344425E+00   -3.4344425E+00
 1.2700    1.6405197E-01    3.3250544E+00   -3.3250544E+00
 1.2800    1.5654558E-01    3.2230765E+00   -3.2230765E+00
 1.2900    1.4951077E-01    3.1265240E+00   -3.1265240E+00
 1.3000    1.4281911E-01    3.0330733E+00   -3.0330733E+00
 1.3100    1.3639157E-01    2.9413045E+00   -2.9413045E+00
 1.3200    1.3024593E-01    2.8518186E+00   -2.8518186E+00
 1.3300    1.2449172E-01    2.7672832E+00   -2.7672832E+00
 1.3400    1.1925622E-01    2.6909181E+00   -2.6909181E+00
 1.3500    1.1458552E-01    2.6242618E+00   -2.6242618E+00
 1.3600    1.1040031E-01    2.5660078E+00   -2.5660078E+00
 1.3700    1.0655124E-01    2.5130985E+00   -2.5130985E+00
 1.3800    1.0293729E-01    2.4634331E+00   -2.4634331E+00
 1.3900    9.9592316E-02    2.4180501E+00   -2.4180501E+00
 1.4000    9.6658330E-02    2.3807030E+00   -2.3807030E+00
 1.4100    9.4246182E-02    2.3545713E+00   -2.3545713E+00
 1.4200    9.2285026E-02    2.3383946E+00   -2.3383946E+00
 1.4300    9.0495040E-02    2.3254485E+00   -2.3254485E+00
 1.4400    8.8528379E-02    2.3068394E+00   -2.3068394E+00
 1.4500    8.6175096E-02    2.2768145E+00   -2.2768145E+00
 1.4600    8.3469525E-02    2.2358544E+00   -2.2358544E+00
 1.4700    8.0625489E-02    2.1893586E+00   -2.1893586E+00
 1.4800    7.7877798E-02    2.1436158E+00   -2.1436158E+00
 1.4900    7.5365475E-02    2.1025912E+00   -2.1025912E+00
 1.5000    7.3124790E-02    2.0675547E+00   -2.0675547E+00
 1.5100    7.1155245E-02    2.0387815E+00   -2.0387815E+00
 1.5200    6.9471722E-02    2.0169963E+00   -2.0169963E+00
 1.5300    6.8085696E-02    2.0028508E+00   -2.0028508E+00
 1.5400    6.6935279E-02    1.9948323E+00   -1.9948323E+00
 1.5500    6.5844780E-02    1.9879004E+00   -1.9879004E+00
 1.5600    6.4578233E-02    1.9749005E+00   -1.9749005E+00
 1.5700    6.2962525E-02    1.9502546E+00   -1.9502546E+00
 1.5800    6.0984529E-02    1.9131266E+00   -1.9131266E+00
 1.5900    5.8792169E-02    1.8677708E+00   -1.8677708E+00
 1.6000    5.6616772E-02    1.8213564E+00   -1.8213564E+00
 1.6100    5.4682322E-02    1.7811831E+00   -1.7811831E+00
 1.6200    5.3143625E-02    1.7526334E+00   -1.7526334E+00
 1.6300    5.2057168E-02    1.7380634E+00   -1.7380634E+00
 1.6400    5.1380572E-02    1.7365868E+00   -1.7365868E+00
 1.6500    5.1000686E-02    1.7448326E+00   -1.7448326E+00
 1.6600    5.0778813E-02    1.7583632E+00   -1.7583632E+00
 1.6700    5.0587591E-02    1.7729105E+00   -1.7729105E+00
 1.6800    5.0323364E-02    1.7848351E+00   -1.7848351E+00
 1.6900    4.9904319E-02    1.7911065E+00   -1.7911065E+00
 1.7000    4.9276484E-02    1.7895648E+00   -1.7895648E+00
 1.7100    4.8431784E-02    1.7796416E+00   -1.7796416E+00
 1.7200    4.7417943E-02    1.7628261E+00   -1.7628261E+00
 1.7300    4.6321395E-02    1.7421426E+00   -1.7421426E+00
 1.7400    4.5230735E-02    1.7208460E+00   -1.7208460E+00
 1.7500    4.4206752E-02    1.7012752E+00   -1.7012752E+00
 1.7600    4.3274540E-02    1.6844870E+00   -1.6844870E+00
 1.7700    4.2430450E-02    1.6704521E+00   -1.6704521E+00
 1.7800    4.1649981E-02    1.6583060E+00   -1.6583060E+00
 1.7900    4.0894685E-02    1.6465799E+00   -1.6465799E+00
 1.8000    4.0124598E-02    1.6336747E+00   -1.6336747E+00
 1.8100    3.9315671E-02    1.6185746E+00   -1.6185746E+00
 1.8200    3.8471487E-02    1.6013697E+00   -1.6013697E+00
 1.8300    3.7619879E-02    1.5831769E+00   -1.5831769E+00
 1.8400    3.6795929E-02    1.5654719E+00   -1.5654719E+00
 1.8500    3.6022331E-02    1.5492629E+00   -1.5492629E+00
 1.8600    3.5299834E-02    1.5346467E+00   -1.5346467E+00
 1.8700    3.4613502E-02    1.5210329E+00   -1.5210329E+00
 1.8800    3.3948502E-02    1.5078085E+00   -1.5078085E+00
 1.8900    3.3301312E-02    1.4948404E+00   -1.4948404E+00
 1.9000    3.2676425E-02    1.4823529E+00   -1.4823529E+00
 1.9100    3.2072667E-02    1.4703193E+00   -1.4703193E+00
 1.9200    3.1474485E-02    1.4580451E+00   -1.4580451E+00
 1.9300    3.0860939E-02    1.4445534E+00   -1.4445534E+00
 1.9400    3.0229459E-02    1.4296960E+00   -1.4296960E+00
 1.9500    2.9615652E-02    1.4151432E+00   -1.4151432E+00
 1.9600    2.9088288E-02    1.4042362E+00   -1.4042362E+00
 1.9700    2.8714665E-02    1.4003805E+00   -1.4003805E+00
 1.9800    2.8516077E-02    1.4048502E+00   -1.4048502E+00
 1.9900    2.8446043E-02    1.4155913E+00   -1.4155913E+00
 2.0000    2.8410152E-02    1.4280500E+00   -1.4280500E+00
 2.0100    2.8314740E-02    1.4375222E+00   -1.4375222E+00
 2.0200    2.8110940E-02    1.4414115E+00   -1.4414115E+00
 2.0300    2.7809267E-02    1.4400961E+00   -1.4400961E+00
 2.0400    2.7464781E-02    1.4363039E+00   -1.4363039E+00
 2.0500    2.7147498E-02    1.4336641E+00   -1.4336641E+00
 2.0600    2.6910197E-02    1.4350307E+00   -1.4350307E+00
 2.0700    2.6760802E-02    1.4409526E+00   -1.4409526E+00
 2.0800    2.6649632E-02    1.4488644E+00   -1.4488644E+00
 2.0900    2.6484158E-02    1.4537462E+00   -1.4537462E+00
 2.1000    2.6172629E-02    1.4504268E+00   -1.4504268E+00
 2.1100    2.5676066E-02    1.4364921E+00   -1.4364921E+00
 2.1200    2.5035215E-02    1.4139463E+00   -1.4139463E+00
 2.1300    2.4351678E-02    1.3883468E+00   -1.3883468E+00
 2.1400    2.3734273E-02    1.3658825E+00   -1.3658825E+00
 2.1500    2.3246061E-02    1.3503183E+00   -1.3503183E+00
 2.1600    2.2883078E-02    1.3416271E+00   -1.3416271E+00
 2.1700    2.2589953E-02    1.3367329E+00   -1.3367329E+00
 2.1800    2.2295194E-02    1.3314784E+00   -1.3314784E+00
 2.1900    2.1944596E-02    1.3225914E+00   -1.3225914E+00
 2.2000    2.1519138E-02    1.3088205E+00   -1.3088205E+00
 2.2100    2.1034028E-02    1.2909721E+00   -1.2909721E+00
 2.2200    2.0524134E-02    1.2711028E+00   -1.2711028E+00
 2.2300    2.0026131E-02    1.2514590E+00   -1.2514590E+00
 2.2400    1.9566499E-02    1.2337269E+00   -1.2337269E+00
 2.2500    1.9158364E-02    1.2188024E+00   -1.2188024E+00
 2.2600    1.8804572E-02    1.2069525E+00   -1.2069525E+00
 2.2700    1.8502594E-02    1.1981031E+00   -1.1981031E+00
 2.2800    1.8247722E-02    1.1920328E+00   -1.1920328E+00
 2.2900    1.8033078E-02    1.1883673E+00   -1.1883673E+00
 2.3000    1.7847416E-02    1.1864266E+00   -1.1864266E+00
 2.3100    1.7673409E-02    1.1850977E+00   -1.1850977E+00
 2.3200    1.7488723E-02    1.1828889E+00   -1.1828889E+00
 2.3300    1.7270565E-02    1.1782251E+00   -1.1782251E+00
 2.3400    1.7002781E-02    1.1699345E+00   -1.1699345E+00
 2.3500    1.6683109E-02    1.1577708E+00   -1.1577708E+00
 2.3600    1.6326835E-02    1.1427096E+00   -1.1427096E+00
 2.3700    1.5963252E-02    1.1267509E+00   -1.1267509E+00
 2.3800    1.5624537E-02    1.1121694E+00   -1.1121694E+00
 2.3900    1.5331783E-02    1.1005210E+00   -1.1005210E+00
 2.4000    1.5086098E-02    1.0919664E+00   -1.0919664E+00
 2.4100    1.4870380E-02    1.0853406E+00   -1.0853406E+00
 2.4200    1.4660402E-02    1.0789131E+00   -1.0789131E+00
 2.4300    1.4437734E-02    1.0713255E+00   -1.0713255E+00
 2.4400    1.4196748E-02    1.0621318E+00   -1.0621318E+00
 2.4500    1.3943192E-02    1.0517299E+00   -1.0517299E+00
 2.4600    1.3687857E-02    1.0409157E+00   -1.0409157E+00
 2.4700    1.3440694E-02    1.0304465E+00   -1.0304465E+00
 2.4800    1.3208032E-02    1.0208251E+00   -1.0208251E+00
 2.4900    1.2992077E-02    1.0122485E+00   -1.0122485E+00
 2.5000    1.2790898E-02    1.0045948E+00   -1.0045948E+00
 2.5100    1.2598638E-02    9.9742649E-01   -9.9742649E-01
 2.5200    1.2406846E-02    9.9008469E-01   -9.9008469E-01
 2.5300    1.2207400E-02    9.8191542E-01   -9.8191542E-01
 2.5400    1.1996132E-02    9.7256474E-01   -9.7256474E-01
 2.5500    1.1775181E-02    9.6218329E-01   -9.6218329E-01
 2.5600    1.1552089E-02    9.5137190E-01   -9.5137190E-01
 2.5700    1.1335471E-02    9.4083980E-01   -9.4083980E-01
 2.5800    1.1129847E-02    9.3097598E-01   -9.3097598E-01
 2.5900    1.0933335E-02    9.2164158E-01   -9.2164158E-01
 2.6000    1.0739866E-02    9.1233728E-01   -9.1233728E-01
 2.6100    1.0543947E-02    9.0259747E-01   -9.0259747E-01
 2.6200    1.0343968E-02    8.9227682E-01   -8.9227682E-01
 2.6300    1.0141429E-02    8.8149637E-01   -8.8149637E-01
 2.6400    9.9373956E-03    8.7034271E-01   -8.7034271E-01
 2.6500    9.7303674E-03    8.5867902E-01   -8.5867902E-01
 2.6600    9.5184645E-03    8.4633058E-01   -8.4633058E-01
 2.6700    9.3039724E-03    8.3349078E-01   -8.3349078E-01
 2.6800    9.0951158E-03    8.2089514E-01   -8.2089514E-01
 2.6900    8.9022086E-03    8.0949131E-01   -8.0949131E-01
 2.7000    8.7308385E-03    7.9982200E-01   -7.9982200E-01
 2.7100    8.5777500E-03    7.9162925E-01   -7.9162925E-01
 2.7200    8.4329584E-03    7.8402088E-01   -7.8402088E-01
 2.7300    8.2866426E-03    7.7609300E-01   -7.7609300E-01
 2.7400    8.1356679E-03    7.6754563E-01   -7.6754563E-01
 2.7500    7.9849468E-03    7.5883487E-01   -7.5883487E-01
 2.7600    7.8429978E-03    7.5077555E-01   -7.5077555E-01
 2.7700    7.7155533E-03    7.4393754E-01   -7.4393754E-01
 2.7800    7.6021008E-03    7.3830036E-01   -7.3830036E-01
 2.7900    7.4973720E-03    7.3337707E-01   -7.3337707E-01
 2.8000    7.3958459E-03    7.2864130E-01   -7.2864130E-01
 2.8100    7.2951650E-03    7.2386508E-01   -7.2386508E-01
 2.8200    7.1951710E-03    7.1903363E-01   -7.1903363E-01
 2.8300    7.0929768E-03    7.1385708E-01   -7.1385708E-01
 2.8400    6.9790426E-03    7.0736309E-01   -7.0736309E-01
 2.8500    6.8403225E-03    6.9819408E-01   -6.9819408E-01
 2.8600    6.6711874E-03    6.8571725E-01   -6.8571725E-01
 2.8700    6.4843307E-03    6.7117970E-01   -6.7117970E-01
 2.8800    6.3107443E-03    6.5777206E-01   -6.5777206E-01
 2.8900    6.1851101E-03    6.4916184E-01   -6.4916184E-01
 2.9000    6.1251145E-03    6.4732156E-01   -6.4732156E-01
 2.9100    6.1189649E-03    6.5113914E-01   -6.5113914E-01
 2.9200    6.1296193E-03    6.5676360E-01   -6.5676360E-01
 2.9300    6.1126762E-03    6.5944184E-01   -6.5944184E-01
 2.9400    6.0369035E-03    6.5572050E-01   -6.5572050E-01
 2.9500    5.8963491E-03    6.4481790E-01   -6.4481790E-01
 2.9600    5.7091225E-03    6.2858302E-01   -6.2858302E-01
 2.9700    5.5058023E-03    6.1030001E-01   -6.1030001E-01
 2.9800    5.3152681E-03    5.9315414E-01   -5.9315414E-01
 2.9900    5.1550653E-03    5.7914380E-01   -5.7914380E-01
 3.0000    5.0288905E-03    5.6875412E-01   -5.6875412E-01
 3.0100    4.9296160E-03    5.6124947E-01   -5.6124947E-01
 3.0200    4.8448412E-03    5.5526883E-01   -5.5526883E-01
 3.0300    4.7625005E-03    5.4945250E-01   -5.4945250E-01
 3.0400    4.6749365E-03    5.4291614E-01   -5.4291614E-01
 3.0500    4.5805068E-03    5.3545512E-01   -5.3545512E-01
 3.0600    4.4825828E-03    5.2744969E-01   -5.2744969E-01
 3.0700    4.3867850E-03    5.1955672E-01   -5.1955672E-01
 3.0800    4.2979006E-03    5.1235109E-01   -5.1235109E-01
 3.0900    4.2176839E-03    5.0605865E-01   -5.0605865E-01
 3.1000    4.1440993E-03    5.0045312E-01   -5.0045312E-01
 3.1100    4.0721921E-03    4.9494723E-01   -4.9494723E-01
 3.1200    3.9964155E-03    4.8886584E-01   -4.8886584E-01
 3.1300    3.9133934E-03    4.8178363E-01   -4.8178363E-01
 3.1400    3.8234020E-03    4.7371717E-01   -4.7371717E-01
 3.1500    3.7295357E-03    4.6503511E-01   -4.6503511E-01
 3.1600    3.6353667E-03    4.5617581E-01   -4.5617581E-01
 3.1700    3.5430695E-03    4.4741244E-01   -4.4741244E-01
 3.1800    3.4532602E-03    4.3882707E-01   -4.3882707E-01
 3.1900    3.3661306E-03    4.3044949E-01   -4.3044949E-01
 3.2000    3.2825707E-03    4.2240000E-01   -4.2240000E-01
 3.2100    3.2044262E-03    4.1492557E-01   -4.1492557E-01
 3.2200    3.1339590E-03    4.0833341E-01   -4.0833341E-01
 3.2300    3.0729624E-03    4.0287671E-01   -4.0287671E-01
 3.2400    3.0217450E-03    3.9861872E-01   -3.9861872E-01
 3.2500    2.9780716E-03    3.9528626E-01   -3.9528626E-01
 3.2600    2.9366233E-03    3.9218710E-01   -3.9218710E-01
 3.2700    2.8899624E-03    3.8832698E-01   -3.8832698E-01
 3.2800    2.8313015E-03    3.8277509E-01   -3.8277509E-01
 3.2900    2.7577573E-03    3.7510919E-01   -3.7510919E-01
 3.3000    2.6719290E-03    3.6564755E-01   -3.6564755E-01
 3.3100    2.5807482E-03    3.5531332E-01   -3.5531332E-01
 3.3200    2.4925193E-03    3.4524274E-01   -3.4524274E-01
 3.3300    2.4139113E-03    3.3637184E-01   -3.3637184E-01
 3.3400    2.3480236E-03    3.2915863E-01   -3.2915863E-01
 3.3500    2.2938680E-03    3.2349524E-01   -3.2349524E-01
 3.3600    2.2473871E-03    3.1883523E-01   -3.1883523E-01
 3.3700    2.2037363E-03    3.1450626E-01   -3.1450626E-01
 3.3800    2.1596580E-03    3.1004751E-01   -3.1004751E-01
 3.3900    2.1144578E-03    3.0535728E-01   -3.0535728E-01
 3.4000    2.0691654E-03    3.0058196E-01   -3.0058196E-01
 3.4100    2.0249359E-03    2.9588974E-01   -2.9588974E-01
 3.4200    1.9820180E-03    2.9131958E-01   -2.9131958E-01
 3.4300    1.9396625E-03    2.8676376E-01   -2.8676376E-01
 3.4400    1.8965075E-03    2.8202092E-01   -2.8202092E-01
 3.4500    1.8510687E-03    2.7686661E-01   -2.7686661E-01
 3.4600    1.8023778E-03    2.7114892E-01   -2.7114892E-01
 3.4700    1.7507234E-03    2.6490268E-01   -2.6490268E-01
 3.4800    1.6979561E-03    2.5840137E-01   -2.5840137E-01
 3.4900    1.6468171E-03    2.5206125E-01   -2.5206125E-01
 3.5000    1.5995811E-03    2.4623638E-01   -2.4623638E-01
 3.5100    1.5571185E-03    2.4107144E-01   -2.4107144E-01
 3.5200    1.5191602E-03    2.3653683E-01   -2.3653683E-01
 3.5300    1.4852819E-03    2.3257775E-01   -2.3257775E-01
 3.5400    1.4553781E-03    2.2918819E-01   -2.2918819E-01
 3.5500    1.4290491E-03    2.2631520E-01   -2.2631520E-01
 3.5600    1.4045705E-03    2.2369352E-01   -2.2369352E-01
 3.5700    1.3786413E-03    2.2079925E-01   -2.2079925E-01
 3.5800    1.3475250E-03    2.1702650E-01   -2.1702650E-01
 3.5900    1.3091137E-03    2.1201965E-01   -2.1201965E-01
 3.6000    1.2646236E-03    2.0595680E-01   -2.0595680E-01
 3.6100    1.2186122E-03    1.9956749E-01   -1.9956749E-01
 3.6200    1.1769686E-03    1.9381701E-01   -1.9381701E-01
 3.6300    1.1439709E-03    1.8942534E-01   -1.8942534E-01
 3.6400    1.1202891E-03    1.8652745E-01   -1.8652745E-01
 3.6500    1.1031154E-03    1.8467858E-01   -1.8467858E-01
 3.6600    1.0879589E-03    1.8314055E-01   -1.8314055E-01
 3.6700    1.0706006E-03    1.8120471E-01   -1.8120471E-01
 3.6800    1.0481795E-03    1.7837795E-01   -1.7837795E-01
 3.6900    1.0195839E-03    1.7445586E-01   -1.7445586E-01
 3.7000    9.8571837E-04    1.6957669E-01   -1.6957669E-01
 3.7100    9.4953224E-04    1.6423564E-01   -1.6423564E-01
 3.7200    9.1518450E-04    1.5914918E-01   -1.5914918E-01
 3.7300    8.8632748E-04    1.5496076E-01   -1.5496076E-01
 3.7400    8.6446356E-04    1.5194967E-01   -1.5194967E-01
 3.7500    8.4839089E-04    1.4992305E-01   -1.4992305E-01
 3.7600    8.3489846E-04    1.4832666E-01   -1.4832666E-01
 3.7700    8.2015892E-04    1.4648413E-01   -1.4648413E-01
 3.7800    8.0121759E-04    1.4386129E-01   -1.4386129E-01
 3.7900    7.7713886E-04    1.4027714E-01   -1.4027714E-01
 3.8000    7.4937182E-04    1.3597981E-01   -1.3597981E-01
 3.8100    7.2102267E-04    1.3152513E-01   -1.3152513E-01
 3.8200    6.9527192E-04    1.2749445E-01   -1.2749445E-01
 3.8300    6.7381033E-04    1.2420671E-01   -1.2420671E-01
 3.8400    6.5623072E-04    1.2159868E-01   -1.2159868E-01
 3.8500    6.4065510E-04    1.1933164E-01   -1.1933164E-01
 3.8600    6.2506452E-04    1.1703326E-01   -1.1703326E-01
 3.8700    6.0848498E-04    1.1452008E-01   -1.1452008E-01
 3.8800    5.9144620E-04    1.1188930E-01   -1.1188930E-01
 3.8900    5.7558447E-04    1.0945060E-01   -1.0945060E-01
 3.9000    5.6262288E-04    1.0753664E-01   -1.0753664E-01
 3.9100    5.5322630E-04    1.0628359E-01   -1.0628359E-01
 3.9200    5.4636261E-04    1.0550255E-01   -1.0550255E-01
 3.9300    5.3962640E-04    1.0473411E-01   -1.0473411E-01
 3.9400    5.3046307E-04    1.0348025E-01   -1.0348025E-01
 3.9500    5.1764542E-04    1.0149308E-01   -1.0149308E-01
 3.9600    5.0208071E-04    9.8940424E-02   -9.8940424E-02
 3.9700    4.8630528E-04    9.6316316E-02   -9.6316316E-02
 3.9800    4.7282602E-04    9.4119017E-02   -9.4119017E-02
 3.9900    4.6234271E-04    9.2495300E-02   -9.2495300E-02
 4.0000    4.5310828E-04    9.1102826E-02   -9.1102826E-02
 4.0100    4.4194177E-04    8.9302508E-02   -8.9302508E-02
 4.0200    4.2626998E-04    8.6565875E-02   -8.6565875E-02
 4.0300    4.0592310E-04    8.2844509E-02   -8.2844509E-02
 4.0400    3.8357832E-04    7.8673169E-02   -7.8673169E-02
 4.0500    3.6351005E-04    7.4926653E-02   -7.4926653E-02
 4.0600    3.4931045E-04    7.2355826E-02   -7.2355826E-02
 4.0700    3.4197813E-04    7.1186397E-02   -7.1186397E-02
 4.0800    3.3959112E-04    7.1037312E-02   -7.1037312E-02
 4.0900    3.3864198E-04    7.1186439E-02   -7.1186439E-02
 4.1000    3.3596644E-04    7.0969783E-02   -7.0969783E-02
 4.1100    3.3002844E-04    7.0055926E-02   -7.0055926E-02
 4.1200    3.2106034E-04    6.8484289E-02   -6.8484289E-02
 4.1300    3.1036222E-04    6.6524072E-02   -6.6524072E-02
 4.1400    2.9938536E-04    6.4482387E-02   -6.4482387E-02
 4.1500    2.8912467E-04    6.2573610E-02   -6.2573610E-02
 4.1600    2.8005859E-04    6.0903944E-02   -6.0903944E-02
 4.1700    2.7250288E-04    5.9546065E-02   -5.9546065E-02
 4.1800    2.6689371E-04    5.8600426E-02   -5.8600426E-02
 4.1900    2.6347502E-04    5.8126926E-02   -5.8126926E-02
 4.2000    2.6141554E-04    5.7948185E-02   -5.7948185E-02
 4.2100    2.5823112E-04    5.7515200E-02   -5.7515200E-02
 4.2200    2.5056783E-04    5.6073812E-02   -5.6073812E-02
 4.2300    2.3629737E-04    5.3131183E-02   -5.3131183E-02
 4.2400    2.1637734E-04    4.8882493E-02   -4.8882493E-02
 4.2500    1.9475905E-04    4.4206423E-02   -4.4206423E-02
 4.2600    1.7622720E-04    4.0188520E-02   -4.0188520E-02
 4.2700    1.6384095E-04    3.7539465E-02   -3.7539465E-02
 4.2800    1.5781993E-04    3.6329486E-02   -3.6329486E-02
 4.2900    1.5630123E-04    3.6148213E-02   -3.6148213E-02
 4.3000    1.5694653E-04    3.6466870E-02   -3.6466870E-02
 4.3100    1.5812438E-04    3.6911632E-02   -3.6911632E-02
 4.3200    1.5914684E-04    3.7322899E-02   -3.7322899E-02
 4.3300    1.5984603E-04    3.7660624E-02   -3.7660624E-02
 4.3400    1.6003371E-04    3.7879199E-02   -3.7879199E-02
 4.3500    1.5919283E-04    3.7854008E-02   -3.7854008E-02
 4.3600    1.5648243E-04    3.7380786E-02   -3.7380786E-02
 4.3700    1.5101017E-04    3.6239228E-02   -3.6239228E-02
 4.3800    1.4228989E-04    3.4303003E-02   -3.4303003E-02
 4.3900    1.3070912E-04    3.1655179E-02   -3.1655179E-02
 4.4000    1.1769356E-04    2.8633069E-02   -2.8633069E-02
 4.4100    1.0530198E-04    2.5734966E-02   -2.5734966E-02
 4.4200    9.5358913E-05    2.3410770E-02   -2.3410770E-02
 4.4300    8.8671372E-05    2.1867581E-02   -2.1867581E-02
 4.4400    8.4888701E-05    2.1029342E-02   -2.1029342E-02
 4.4500    8.3038792E-05    2.0663834E-02   -2.0663834E-02
 4.4600    8.2218823E-05    2.0551846E-02   -2.0551846E-02
 4.4700    8.1905333E-05    2.0565397E-02   -2.0565397E-02
 4.4800    8.1824347E-05    2.0637089E-02   -2.0637089E-02
 4.4900    8.1715650E-05    2.0701785E-02   -2.0701785E-02
 4.5000    8.1276293E-05    2.0682297E-02   -2.0682297E-02
 4.5100    8.0273825E-05    2.0518089E-02   -2.0518089E-02
 4.5200    7.8650232E-05    2.0192344E-02   -2.0192344E-02
 4.5300    7.6495863E-05    1.9726236E-02   -1.9726236E-02
 4.5400    7.3918303E-05    1.9145802E-02   -1.9145802E-02
 4.5500    7.0924956E-05    1.8451502E-02   -1.8451502E-02
 4.5600    6.7430389E-05    1.7619566E-02   -1.7619566E-02
 4.5700    6.3398936E-05    1.6638886E-02   -1.6638886E-02
 4.5800    5.9007772E-05    1.5554285E-02   -1.5554285E-02
 4.5900    5.4673672E-05    1.4474830E-02   -1.4474830E-02
 4.6000    5.0881181E-05    1.3529530E-02   -1.3529530E-02
 4.6100    4.7913908E-05    1.2795973E-02   -1.2795973E-02
 4.6200    4.5690546E-05    1.2255193E-02   -1.2255193E-02
 4.6300    4.3849144E-05    1.1812259E-02   -1.1812259E-02
 4.6400    4.2026379E-05    1.1370192E-02   -1.1370192E-02
 4.6500    4.0093515E-05    1.0894064E-02   -1.0894064E-02
 4.6600    3.8129593E-05    1.0405043E-02   -1.0405043E-02
 4.6700    3.6165640E-05    9.9115090E-03   -9.9115090E-03
 4.6800    3.3983023E-05    9.3532724E-03   -9.3532724E-03
 4.6900    3.1208929E-05    8.6264958E-03   -8.6264958E-03
 4.7000    2.7642301E-05    7.6732576E-03   -7.6732576E-03
 4.7100    2.3498079E-05    6.5506446E-03   -6.5506446E-03
 4.7200    1.9332423E-05    5.4122787E-03   -5.4122787E-03
 4.7300    1.5701948E-05    4.4145422E-03   -4.4145422E-03
 4.7400    1.2820655E-05    3.6197350E-03   -3.6197350E-03
 4.7500    1.0462510E-05    2.9664222E-03   -2.9664222E-03
 4.7600    8.1818194E-06    2.3295587E-03   -2.3295587E-03
 4.7700    5.7043047E-06    1.6309826E-03   -1.6309826E-03
 4.7800    3.1886637E-06    9.1553379E-04   -9.1553379E-04
 4.7900    1.1140430E-06    3.2120541E-04   -3.2120541E-04
 4.8000   -1.4768520E-07   -4.2759176E-05    4.2759176E-05
 4.8100   -7.1003980E-07   -2.0643470E-04    2.0643470E-04
 4.8200   -1.1667317E-06   -3.4062377E-04    3.4062377E-04
 4.8300   -2.2362175E-06   -6.5556863E-04    6.5556863E-04
 4.8400   -4.3998161E-06   -1.2951949E-03    1.2951949E-03
 4.8500   -7.8043825E-06   -2.3069166E-03    2.3069166E-03
 4.8600   -1.2353857E-05   -3.6667811E-03    3.6667811E-03
 4.8700   -1.7709552E-05   -5.2780725E-03    5.2780725E-03
 4.8800   -2.3119086E-05   -6.9186309E-03    6.9186309E-03
 4.8900   -2.7372390E-05   -8.2250834E-03    8.2250834E-03
 4.9000   -2.9217254E-05   -8.8153877E-03    8.8153877E-03
 4.9100   -2.8092405E-05   -8.5106313E-03    8.5106313E-03
 4.9200   -2.4581041E-05   -7.4772232E-03    7.4772232E-03
 4.9300   -2.0160260E-05   -6.1574350E-03    6.1574350E-03
 4.9400   -1.6468359E-05   -5.0502642E-03    5.0502642E-03
 4.9500   -1.4680897E-05   -4.5203584E-03    4.5203584E-03
 4.9600   -1.5312522E-05   -4.7339095E-03    4.7339095E-03
 4.9700   -1.8271574E-05   -5.6715088E-03    5.6715088E-03
 4.9800   -2.2874172E-05   -7.1287590E-03    7.1287590E-03
 4.9900   -2.7822999E-05   -8.7059245E-03    8.7059245E-03
 5.0000   -3.1432520E-05   -9.8748175E-03    9.8748175E-03
 5.0100   -3.2252969E-05   -1.0173140E-02    1.0173140E-02
 5.0200   -2.9808287E-05   -9.4396159E-03    9.4396159E-03
 5.0300   -2.4911206E-05   -7.9202811E-03    7.9202811E-03
 5.0400   -1.9281962E-05   -6.1549165E-03    6.1549165E-03
 5.0500   -1.4722245E-05   -4.7180948E-03    4.7180948E-03
 5.0600   -1.2350539E-05   -3.9737158E-03    3.9737158E-03
 5.0700   -1.2229582E-05   -3.9503664E-03    3.9503664E-03
 5.0800   -1.3426490E-05   -4.3541138E-03    4.3541138E-03
 5.0900   -1.4428461E-05   -4.6974854E-03    4.6974854E-03
 5.1000   -1.3822900E-05   -4.5180327E-03    4.5180327E-03
 5.1100   -1.1035325E-05   -3.6210689E-03    3.6210689E-03
 5.1200   -6.7313357E-06   -2.2174357E-03    2.2174357E-03
 5.1300   -2.5216734E-06   -8.3393737E-04    8.3393737E-04
 5.1400   -3.7211854E-08   -1.2354279E-05    1.2354279E-05
 5.1500    2.7679904E-08    9.2254786E-06   -9.2254786E-06
 5.1600   -1.7776043E-06   -5.9476357E-04    5.9476357E-04
 5.1700   -4.1556148E-06   -1.3958098E-03    1.3958098E-03
 5.1800   -5.8823895E-06   -1.9834587E-03    1.9834587E-03
 5.1900   -6.3564361E-06   -2.1515838E-03    2.1515838E-03
 5.2000   -5.6718692E-06   -1.9272709E-03    1.9272709E-03
 5.2100   -4.3990714E-06   -1.5005357E-03    1.5005357E-03
 5.2200   -3.2854297E-06   -1.1249755E-03    1.1249755E-03
 5.2300   -2.9408785E-06   -1.0108584E-03    1.0108584E-03
 5.2400   -3.5619058E-06   -1.2290084E-03    1.2290084E-03
 5.2500   -4.8444920E-06   -1.6779411E-03    1.6779411E-03
 5.2600   -6.1880804E-06   -2.1514799E-03    2.1514799E-03
 5.2700   -7.0658209E-06   -2.4660037E-03    2.4660037E-03
 5.2800   -7.2867408E-06   -2.5527661E-03    2.5527661E-03
 5.2900   -6.9851070E-06   -2.4563728E-03    2.4563728E-03
 5.3000   -6.4180785E-06   -2.2655134E-03    2.2655134E-03
 5.3100   -5.7817974E-06   -2.0486217E-03    2.0486217E-03
 5.3200   -5.1709634E-06   -1.8390968E-03    1.8390968E-03
 5.3300   -4.6386263E-06   -1.6559746E-03    1.6559746E-03
 5.3400   -4.2475018E-06   -1.5220396E-03    1.5220396E-03
 5.3500   -4.0675607E-06   -1.4630241E-03    1.4630241E-03
