# total charge: 21.000000 
# r(A)     rho (e/A^3)     4*pi*r^2*rho(e/A)  dip  
 0.0000    1.5201414E+01    0.0000000E+00    1.6755576E+02
 0.0100    1.5199767E+01    1.9100591E-02    1.6670097E+02
 0.0200    1.5197765E+01    7.6392298E-02    1.6416154E+02
 0.0300    1.5195420E+01    1.7185615E-01    1.6001103E+02
 0.0400    1.5192805E+01    3.0546946E-01    1.5436799E+02
 0.0500    1.5190011E+01    4.7720827E-01    1.4739023E+02
 0.0600    1.5187017E+01    6.8704445E-01    1.3926729E+02
 0.0700    1.5183426E+01    9.3492271E-01    1.3021173E+02
 0.0800    1.5178174E+01    1.2207012E+00    1.2044975E+02
 0.0900    1.5169451E+01    1.5440621E+00    1.1021174E+02
 0.1000    1.5155243E+01    1.9044640E+00    9.9723240E+01
 0.1100    1.5134796E+01    2.3012924E+00    8.9196622E+01
 0.1200    1.5110675E+01    2.7343632E+00    7.8823780E+01
 0.1300    1.5090034E+01    3.2046956E+00    6.8770113E+01
 0.1400    1.5083021E+01    3.7149611E+00    5.9170574E+01
 0.1500    1.5097162E+01    4.2686221E+00    5.0128768E+01
 0.1600    1.5129724E+01    4.8672184E+00    4.1719532E+01
 0.1700    1.5163558E+01    5.5069209E+00    3.3993692E+01
 0.1800    1.5171881E+01    6.1772376E+00    2.6981829E+01
 0.1900    1.5131539E+01    6.8643620E+00    2.0694280E+01
 0.2000    1.5036390E+01    7.5581140E+00    1.5118092E+01
 0.2100    1.4900331E+01    8.2574200E+00    1.0215690E+01
 0.2200    1.4746881E+01    8.9692348E+00    5.9300942E+00
 0.2300    1.4593254E+01    9.7010260E+00    2.1963299E+00
 0.2400    1.4441698E+01    1.0453232E+01   -1.0475294E+00
 0.2500    1.4284749E+01    1.1219216E+01   -3.8573298E+00
 0.2600    1.4119034E+01    1.1993931E+01   -6.2890838E+00
 0.2700    1.3954877E+01    1.2783901E+01   -8.4071086E+00
 0.2800    1.3813357E+01    1.3608967E+01   -1.0284478E+01
 0.2900    1.3714200E+01    1.4493602E+01   -1.1993538E+01
 0.3000    1.3664711E+01    1.5454424E+01   -1.3593048E+01
 0.3100    1.3655313E+01    1.6490541E+01   -1.5118477E+01
 0.3200    1.3659429E+01    1.7576904E+01   -1.6575587E+01
 0.3300    1.3636105E+01    1.8660707E+01   -1.7937228E+01
 0.3400    1.3539981E+01    1.9669157E+01   -1.9151625E+01
 0.3500    1.3341041E+01    2.0536937E+01   -2.0170411E+01
 0.3600    1.3043515E+01    2.1242690E+01   -2.0985691E+01
 0.3700    1.2685998E+01    2.1824181E+01   -2.1645774E+01
 0.3800    1.2317222E+01    2.2350633E+01   -2.2228015E+01
 0.3900    1.1964160E+01    2.2867637E+01   -2.2784201E+01
 0.4000    1.1618327E+01    2.3360032E+01   -2.3303823E+01
 0.4100    1.1251863E+01    2.3768514E+01   -2.3731024E+01
 0.4200    1.0849800E+01    2.4050837E+01   -2.4026081E+01
 0.4300    1.0430808E+01    2.4236212E+01   -2.4220027E+01
 0.4400    1.0038263E+01    2.4421581E+01   -2.4411105E+01
 0.4500    9.7089464E+00    2.4706259E+01   -2.4699546E+01
 0.4600    9.4458921E+00    2.5117043E+01   -2.5112784E+01
 0.4700    9.2174379E+00    2.5586790E+01   -2.5584114E+01
 0.4800    8.9812059E+00    2.6003212E+01   -2.6001548E+01
 0.4900    8.7114234E+00    2.6283981E+01   -2.6282957E+01
 0.5000    8.4078298E+00    2.6413976E+01   -2.6413352E+01
 0.5100    8.0817953E+00    2.6415453E+01   -2.6415076E+01
 0.5200    7.7344214E+00    2.6281151E+01   -2.6280926E+01
 0.5300    7.3481052E+00    2.5938029E+01   -2.5937895E+01
 0.5400    6.9028172E+00    2.5294363E+01   -2.5294285E+01
 0.5500    6.4074759E+00    2.4356912E+01   -2.4356867E+01
 0.5600    5.9201090E+00    2.3330047E+01   -2.3330021E+01
 0.5700    5.5332647E+00    2.2591289E+01   -2.2591275E+01
 0.5800    5.3258498E+00    2.2514109E+01   -2.2514101E+01
 0.5900    5.3116515E+00    2.3235042E+01   -2.3235037E+01
 0.6000    5.4224561E+00    2.4530614E+01   -2.4530611E+01
 0.6100    5.5405489E+00    2.5907310E+01   -2.5907309E+01
 0.6200    5.5598007E+00    2.6856689E+01   -2.6856688E+01
 0.6300    5.4356032E+00    2.7110574E+01   -2.7110573E+01
 0.6400    5.1949032E+00    2.6739130E+01   -2.6739130E+01
 0.6500    4.9068137E+00    2.6051704E+01   -2.6051704E+01
 0.6600    4.6379339E+00    2.5387637E+01   -2.5387637E+01
 0.6700    4.4192815E+00    2.4929360E+01   -2.4929360E+01
 0.6800    4.2380074E+00    2.4625746E+01   -2.4625746E+01
 0.6900    4.0522984E+00    2.4244290E+01   -2.4244290E+01
 0.7000    3.8197419E+00    2.3520143E+01   -2.3520143E+01
 0.7100    3.5243951E+00    2.2326012E+01   -2.2326012E+01
 0.7200    3.1862473E+00    2.0756510E+01   -2.0756510E+01
 0.7300    2.8466385E+00    1.9062853E+01   -1.9062853E+01
 0.7400    2.5420897E+00    1.7492995E+01   -1.7492995E+01
 0.7500    2.2882647E+00    1.6174790E+01   -1.6174790E+01
 0.7600    2.0838886E+00    1.5125563E+01   -1.5125563E+01
 0.7700    1.9245961E+00    1.4339398E+01   -1.4339398E+01
 0.7800    1.8101932E+00    1.3839614E+01   -1.3839614E+01
 0.7900    1.7395508E+00    1.3642726E+01   -1.3642726E+01
 0.8000    1.7012268E+00    1.3682078E+01   -1.3682078E+01
 0.8100    1.6714056E+00    1.3780398E+01   -1.3780398E+01
 0.8200    1.6228815E+00    1.3712744E+01   -1.3712744E+01
 0.8300    1.5385913E+00    1.3319543E+01   -1.3319543E+01
 0.8400    1.4198520E+00    1.2589588E+01   -1.2589588E+01
 0.8500    1.2843948E+00    1.1661281E+01   -1.1661281E+01
 0.8600    1.1565741E+00    1.0749301E+01   -1.0749301E+01
 0.8700    1.0559184E+00    1.0043353E+01   -1.0043353E+01
 0.8800    9.8967691E-01    9.6309393E+00   -9.6309393E+00
 0.8900    9.5219939E-01    9.4780234E+00   -9.4780234E+00
 0.9000    9.3034966E-01    9.4698061E+00   -9.4698061E+00
 0.9100    9.1106430E-01    9.4807278E+00   -9.4807278E+00
 0.9200    8.8653460E-01    9.4293381E+00   -9.4293381E+00
 0.9300    8.5491108E-01    9.2917327E+00   -9.2917327E+00
 0.9400    8.1784385E-01    9.0810478E+00   -9.0810478E+00
 0.9500    7.7773357E-01    8.8203927E+00   -8.8203927E+00
 0.9600    7.3649675E-01    8.5294920E+00   -8.5294920E+00
 0.9700    6.9566320E-01    8.2253116E+00   -8.2253116E+00
 0.9800    6.5672347E-01    7.9258263E+00   -7.9258263E+00
 0.9900    6.2108474E-01    7.6494658E+00   -7.6494658E+00
 1.0000    5.8969362E-01    7.4103086E+00   -7.4103086E+00
 1.0100    5.6264724E-01    7.2125495E+00   -7.2125495E+00
 1.0200    5.3909902E-01    7.0482086E+00   -7.0482086E+00
 1.0300    5.1763611E-01    6.9009500E+00   -6.9009500E+00
 1.0400    4.9696706E-01    6.7546701E+00   -6.7546701E+00
 1.0500    4.7643138E-01    6.6006822E+00   -6.6006822E+00
 1.0600    4.5598109E-01    6.4382587E+00   -6.4382587E+00
 1.0700    4.3579085E-01    6.2698266E+00   -6.2698266E+00
 1.0800    4.1591247E-01    6.0962015E+00   -6.0962015E+00
 1.0900    3.9617210E-01    5.9148910E+00   -5.9148910E+00
 1.1000    3.7624131E-01    5.7208652E+00   -5.7208652E+00
 1.1100    3.5581120E-01    5.5090338E+00   -5.5090338E+00
 1.1200    3.3484990E-01    5.2783244E+00   -5.2783244E+00
 1.1300    3.1380252E-01    5.0352748E+00   -5.0352748E+00
 1.1400    2.9350335E-01    4.7932782E+00   -4.7932782E+00
 1.1500    2.7477755E-01    4.5665350E+00   -4.5665350E+00
 1.1600    2.5803321E-01    4.3631631E+00   -4.3631631E+00
 1.1700    2.4316885E-01    4.1830159E+00   -4.1830159E+00
 1.1800    2.2979717E-01    4.0208564E+00   -4.0208564E+00
 1.1900    2.1750942E-01    3.8706318E+00   -3.8706318E+00
 1.2000    2.0597587E-01    3.7272516E+00   -3.7272516E+00
 1.2100    1.9493613E-01    3.5865174E+00   -3.5865174E+00
 1.2200    1.8422316E-01    3.4456707E+00   -3.4456707E+00
 1.2300    1.7382032E-01    3.3046132E+00   -3.3046132E+00
 1.2400    1.6382677E-01    3.1654694E+00   -3.1654694E+00
 1.2500    1.5430267E-01    3.0297258E+00   -3.0297258E+00
 1.2600    1.4514841E-01    2.8957645E+00   -2.8957645E+00
 1.2700    1.3617662E-01    2.7600684E+00   -2.7600684E+00
 1.2800    1.2732930E-01    2.6215501E+00   -2.6215501E+00
 1.2900    1.1882098E-01    2.4847483E+00   -2.4847483E+00
 1.3000    1.1105096E-01    2.3584076E+00   -2.3584076E+00
 1.3100    1.0435061E-01    2.2503365E+00   -2.2503365E+00
 1.3200    9.8778917E-02    2.1628280E+00   -2.1628280E+00
 1.3300    9.4121717E-02    2.0921990E+00   -2.0921990E+00
 1.3400    9.0065777E-02    2.0322600E+00   -2.0322600E+00
 1.3500    8.6384693E-02    1.9784004E+00   -1.9784004E+00
 1.3600    8.2993553E-02    1.9289992E+00   -1.9289992E+00
 1.3700    7.9857164E-02    1.8834968E+00   -1.8834968E+00
 1.3800    7.6852911E-02    1.8391975E+00   -1.8391975E+00
 1.3900    7.3716464E-02    1.7897978E+00   -1.7897978E+00
 1.4000    7.0136536E-02    1.7274689E+00   -1.7274689E+00
 1.4100    6.5953832E-02    1.6477379E+00   -1.6477379E+00
 1.4200    6.1323093E-02    1.5538554E+00   -1.5538554E+00
 1.4300    5.6695325E-02    1.4568981E+00   -1.4568981E+00
 1.4400    5.2599151E-02    1.3706090E+00   -1.3706090E+00
 1.4500    4.9360428E-02    1.3041417E+00   -1.3041417E+00
 1.4600    4.6954411E-02    1.2577432E+00   -1.2577432E+00
 1.4700    4.5079555E-02    1.2241205E+00   -1.2241205E+00
 1.4800    4.3371190E-02    1.1938084E+00   -1.1938084E+00
 1.4900    4.1585841E-02    1.1601867E+00   -1.1601867E+00
 1.5000    3.9643916E-02    1.1209053E+00   -1.1209053E+00
 1.5100    3.7551783E-02    1.0759555E+00   -1.0759555E+00
 1.5200    3.5314832E-02    1.0253076E+00   -1.0253076E+00
 1.5300    3.2932714E-02    9.6876904E-01   -9.6876904E-01
 1.5400    3.0467384E-02    9.0800130E-01   -9.0800130E-01
 1.5500    2.8093208E-02    8.4815376E-01   -8.4815376E-01
 1.5600    2.6055780E-02    7.9682535E-01   -7.9682535E-01
 1.5700    2.4559716E-02    7.6073344E-01   -7.6073344E-01
 1.5800    2.3671831E-02    7.4260163E-01   -7.4260163E-01
 1.5900    2.3299642E-02    7.4020728E-01   -7.4020728E-01
 1.6000    2.3234752E-02    7.4745984E-01   -7.4745984E-01
 1.6100    2.3222553E-02    7.5643493E-01   -7.5643493E-01
 1.6200    2.3039104E-02    7.5981081E-01   -7.5981081E-01
 1.6300    2.2563579E-02    7.5334351E-01   -7.5334351E-01
 1.6400    2.1814625E-02    7.3730185E-01   -7.3730185E-01
 1.6500    2.0920829E-02    7.1574223E-01   -7.1574223E-01
 1.6600    2.0042285E-02    6.9402207E-01   -6.9402207E-01
 1.6700    1.9302245E-02    6.7647327E-01   -6.7647327E-01
 1.6800    1.8771075E-02    6.6575982E-01   -6.6575982E-01
 1.6900    1.8487581E-02    6.6353429E-01   -6.6353429E-01
 1.7000    1.8472042E-02    6.7084567E-01   -6.7084567E-01
 1.7100    1.8712097E-02    6.8758206E-01   -6.8758206E-01
 1.7200    1.9147200E-02    7.1182301E-01   -7.1182301E-01
 1.7300    1.9683628E-02    7.4029910E-01   -7.4029910E-01
 1.7400    2.0237004E-02    7.6993593E-01   -7.6993593E-01
 1.7500    2.0768499E-02    7.9926552E-01   -7.9926552E-01
 1.7600    2.1286874E-02    8.2860414E-01   -8.2860414E-01
 1.7700    2.1819165E-02    8.5900269E-01   -8.5900269E-01
 1.7800    2.2377536E-02    8.9096806E-01   -8.9096806E-01
 1.7900    2.2951771E-02    9.2412802E-01   -9.2412802E-01
 1.8000    2.3535833E-02    9.5826239E-01   -9.5826239E-01
 1.8100    2.4163291E-02    9.9477095E-01   -9.9477095E-01
 1.8200    2.4904585E-02    1.0366495E+00   -1.0366495E+00
 1.8300    2.5800066E-02    1.0857576E+00   -1.0857576E+00
 1.8400    2.6767768E-02    1.1388268E+00   -1.1388268E+00
 1.8500    2.7577090E-02    1.1860466E+00   -1.1860466E+00
 1.8600    2.7946932E-02    1.2149821E+00   -1.2149821E+00
 1.8700    2.7715790E-02    1.2179244E+00   -1.2179244E+00
 1.8800    2.6950373E-02    1.1969895E+00   -1.1969895E+00
 1.8900    2.5904327E-02    1.1628021E+00   -1.1628021E+00
 1.9000    2.4869130E-02    1.1281781E+00   -1.1281781E+00
 1.9100    2.4039223E-02    1.1020391E+00   -1.1020391E+00
 1.9200    2.3473192E-02    1.0873879E+00   -1.0873879E+00
 1.9300    2.3136405E-02    1.0829798E+00   -1.0829798E+00
 1.9400    2.2959987E-02    1.0858878E+00   -1.0858878E+00
 1.9500    2.2873138E-02    1.0929614E+00   -1.0929614E+00
 1.9600    2.2811584E-02    1.1012285E+00   -1.1012285E+00
 1.9700    2.2724517E-02    1.1082480E+00   -1.1082480E+00
 1.9800    2.2589856E-02    1.1128938E+00   -1.1128938E+00
 1.9900    2.2427924E-02    1.1161051E+00   -1.1161051E+00
 2.0000    2.2297683E-02    1.1208038E+00   -1.1208038E+00
 2.0100    2.2270462E-02    1.1306579E+00   -1.1306579E+00
 2.0200    2.2393201E-02    1.1482297E+00   -1.1482297E+00
 2.0300    2.2662495E-02    1.1735718E+00   -1.1735718E+00
 2.0400    2.3024219E-02    1.2040794E+00   -1.2040794E+00
 2.0500    2.3397160E-02    1.2356080E+00   -1.2356080E+00
 2.0600    2.3707086E-02    1.2642195E+00   -1.2642195E+00
 2.0700    2.3916281E-02    1.2877875E+00   -1.2877875E+00
 2.0800    2.4037302E-02    1.3068395E+00   -1.3068395E+00
 2.0900    2.4124318E-02    1.3242119E+00   -1.3242119E+00
 2.1000    2.4243850E-02    1.3435383E+00   -1.3435383E+00
 2.1100    2.4439419E-02    1.3673058E+00   -1.3673058E+00
 2.1200    2.4711335E-02    1.3956541E+00   -1.3956541E+00
 2.1300    2.5023555E-02    1.4266521E+00   -1.4266521E+00
 2.1400    2.5329858E-02    1.4577068E+00   -1.4577068E+00
 2.1500    2.5599283E-02    1.4870124E+00   -1.4870124E+00
 2.1600    2.5826028E-02    1.5141712E+00   -1.5141712E+00
 2.1700    2.6023401E-02    1.5399030E+00   -1.5399030E+00
 2.1800    2.6210088E-02    1.5652774E+00   -1.5652774E+00
 2.1900    2.6396631E-02    1.5909136E+00   -1.5909136E+00
 2.2000    2.6577569E-02    1.6164806E+00   -1.6164806E+00
 2.2100    2.6733839E-02    1.6408004E+00   -1.6408004E+00
 2.2200    2.6845725E-02    1.6626122E+00   -1.6626122E+00
 2.2300    2.6908108E-02    1.6815228E+00   -1.6815228E+00
 2.2400    2.6935914E-02    1.6983908E+00   -1.6983908E+00
 2.2500    2.6955294E-02    1.7148217E+00   -1.7148217E+00
 2.2600    2.6987775E-02    1.7321832E+00   -1.7321832E+00
 2.2700    2.7038356E-02    1.7508214E+00   -1.7508214E+00
 2.2800    2.7093508E-02    1.7698840E+00   -1.7698840E+00
 2.2900    2.7129097E-02    1.7877886E+00   -1.7877886E+00
 2.3000    2.7124333E-02    1.8031199E+00   -1.8031199E+00
 2.3100    2.7074150E-02    1.8154682E+00   -1.8154682E+00
 2.3200    2.6991330E-02    1.8256189E+00   -1.8256189E+00
 2.3300    2.6896240E-02    1.8349037E+00   -1.8349037E+00
 2.3400    2.6802468E-02    1.8442354E+00   -1.8442354E+00
 2.3500    2.6710055E-02    1.8536186E+00   -1.8536186E+00
 2.3600    2.6610141E-02    1.8624347E+00   -1.8624347E+00
 2.3700    2.6494181E-02    1.8700665E+00   -1.8700665E+00
 2.3800    2.6358806E-02    1.8762448E+00   -1.8762448E+00
 2.3900    2.6204469E-02    1.8809664E+00   -1.8809664E+00
 2.4000    2.6033146E-02    1.8843389E+00   -1.8843389E+00
 2.4100    2.5849559E-02    1.8866750E+00   -1.8866750E+00
 2.4200    2.5663909E-02    1.8887018E+00   -1.8887018E+00
 2.4300    2.5490556E-02    1.8914799E+00   -1.8914799E+00
 2.4400    2.5340907E-02    1.8958836E+00   -1.8958836E+00
 2.4500    2.5215378E-02    1.9019869E+00   -1.9019869E+00
 2.4600    2.5101299E-02    1.9088697E+00   -1.9088697E+00
 2.4700    2.4979262E-02    1.9150643E+00   -1.9150643E+00
 2.4800    2.4834402E-02    1.9194064E+00   -1.9194064E+00
 2.4900    2.4666102E-02    1.9218040E+00   -1.9218040E+00
 2.5000    2.4490560E-02    1.9234841E+00   -1.9234841E+00
 2.5100    2.4334620E-02    1.9265571E+00   -1.9265571E+00
 2.5200    2.4224243E-02    1.9331304E+00   -1.9331304E+00
 2.5300    2.4173908E-02    1.9444544E+00   -1.9444544E+00
 2.5400    2.4181714E-02    1.9604888E+00   -1.9604888E+00
 2.5500    2.4230873E-02    1.9799731E+00   -1.9799731E+00
 2.5600    2.4295659E-02    2.0008682E+00   -2.0008682E+00
 2.5700    2.4349498E-02    2.0209991E+00   -2.0209991E+00
 2.5800    2.4373014E-02    2.0387243E+00   -2.0387243E+00
 2.5900    2.4359671E-02    2.0534343E+00   -2.0534343E+00
 2.6000    2.4316846E-02    2.0656836E+00   -2.0656836E+00
 2.6100    2.4261160E-02    2.0768372E+00   -2.0768372E+00
 2.6200    2.4208797E-02    2.0882652E+00   -2.0882652E+00
 2.6300    2.4164738E-02    2.1004070E+00   -2.1004070E+00
 2.6400    2.4117553E-02    2.1122775E+00   -2.1122775E+00
 2.6500    2.4044789E-02    2.1218886E+00   -2.1218886E+00
 2.6600    2.3926951E-02    2.1274556E+00   -2.1274556E+00
 2.6700    2.3760720E-02    2.1285898E+00   -2.1285898E+00
 2.6800    2.3561797E-02    2.1266100E+00   -2.1266100E+00
 2.6900    2.3355476E-02    2.1237488E+00   -2.1237488E+00
 2.7000    2.3161857E-02    2.1218309E+00   -2.1218309E+00
 2.7100    2.2985399E-02    2.1212922E+00   -2.1212922E+00
 2.7200    2.2814796E-02    2.1211152E+00   -2.1211152E+00
 2.7300    2.2632474E-02    2.1196648E+00   -2.1196648E+00
 2.7400    2.2427110E-02    2.1158472E+00   -2.1158472E+00
 2.7500    2.2200646E-02    2.1097979E+00   -2.1097979E+00
 2.7600    2.1965508E-02    2.1026611E+00   -2.1026611E+00
 2.7700    2.1735452E-02    2.0957432E+00   -2.0957432E+00
 2.7800    2.1518018E-02    2.0897856E+00   -2.0897856E+00
 2.7900    2.1313780E-02    2.0848689E+00   -2.0848689E+00
 2.8000    2.1120794E-02    2.0808279E+00   -2.0808279E+00
 2.8100    2.0938743E-02    2.0776534E+00   -2.0776534E+00
 2.8200    2.0768914E-02    2.0754959E+00   -2.0754959E+00
 2.8300    2.0610689E-02    2.0743176E+00   -2.0743176E+00
 2.8400    2.0458222E-02    2.0735496E+00   -2.0735496E+00
 2.8500    2.0300787E-02    2.0721083E+00   -2.0721083E+00
 2.8600    2.0127296E-02    2.0688422E+00   -2.0688422E+00
 2.8700    1.9931945E-02    2.0631145E+00   -2.0631145E+00
 2.8800    1.9716626E-02    2.0550739E+00   -2.0550739E+00
 2.8900    1.9488556E-02    2.0454328E+00   -2.0454328E+00
 2.9000    1.9256128E-02    2.0350488E+00   -2.0350488E+00
 2.9100    1.9027300E-02    2.0247575E+00   -2.0247575E+00
 2.9200    1.8810976E-02    2.0155190E+00   -2.0155190E+00
 2.9300    1.8617358E-02    2.0084599E+00   -2.0084599E+00
 2.9400    1.8454035E-02    2.0044529E+00   -2.0044529E+00
 2.9500    1.8320156E-02    2.0034710E+00   -2.0034710E+00
 2.9600    1.8204746E-02    2.0043701E+00   -2.0043701E+00
 2.9700    1.8092054E-02    2.0054445E+00   -2.0054445E+00
 2.9800    1.7969919E-02    2.0053423E+00   -2.0053423E+00
 2.9900    1.7834371E-02    2.0035954E+00   -2.0035954E+00
 3.0000    1.7687861E-02    2.0004500E+00   -2.0004500E+00
 3.0100    1.7534638E-02    1.9963637E+00   -1.9963637E+00
 3.0200    1.7378253E-02    1.9917273E+00   -1.9917273E+00
 3.0300    1.7222330E-02    1.9869505E+00   -1.9869505E+00
 3.0400    1.7071564E-02    1.9825783E+00   -1.9825783E+00
 3.0500    1.6929838E-02    1.9790754E+00   -1.9790754E+00
 3.0600    1.6796204E-02    1.9763500E+00   -1.9763500E+00
 3.0700    1.6662725E-02    1.9734796E+00   -1.9734796E+00
 3.0800    1.6517240E-02    1.9690139E+00   -1.9690139E+00
 3.0900    1.6349871E-02    1.9617387E+00   -1.9617387E+00
 3.1000    1.6158744E-02    1.9513756E+00   -1.9513756E+00
 3.1100    1.5951042E-02    1.9387405E+00   -1.9387405E+00
 3.1200    1.5739045E-02    1.9252956E+00   -1.9252956E+00
 3.1300    1.5534132E-02    1.9124299E+00   -1.9124299E+00
 3.1400    1.5342486E-02    1.9009246E+00   -1.9009246E+00
 3.1500    1.5164565E-02    1.8908667E+00   -1.8908667E+00
 3.1600    1.4997618E-02    1.8819424E+00   -1.8819424E+00
 3.1700    1.4838780E-02    1.8738145E+00   -1.8738145E+00
 3.1800    1.4686528E-02    1.8663076E+00   -1.8663076E+00
 3.1900    1.4540034E-02    1.8593308E+00   -1.8593308E+00
 3.2000    1.4397587E-02    1.8526762E+00   -1.8526762E+00
 3.2100    1.4255710E-02    1.8459025E+00   -1.8459025E+00
 3.2200    1.4109775E-02    1.8384071E+00   -1.8384071E+00
 3.2300    1.3955441E-02    1.8296097E+00   -1.8296097E+00
 3.2400    1.3789703E-02    1.8190925E+00   -1.8190925E+00
 3.2500    1.3611273E-02    1.8066555E+00   -1.8066555E+00
 3.2600    1.3421087E-02    1.7923911E+00   -1.7923911E+00
 3.2700    1.3223107E-02    1.7768013E+00   -1.7768013E+00
 3.2800    1.3024086E-02    1.7607788E+00   -1.7607788E+00
 3.2900    1.2831214E-02    1.7452973E+00   -1.7452973E+00
 3.3000    1.2648785E-02    1.7309581E+00   -1.7309581E+00
 3.3100    1.2476461E-02    1.7177394E+00   -1.7177394E+00
 3.3200    1.2310384E-02    1.7051306E+00   -1.7051306E+00
 3.3300    1.2146167E-02    1.6925346E+00   -1.6925346E+00
 3.3400    1.1981903E-02    1.6796880E+00   -1.6796880E+00
 3.3500    1.1819722E-02    1.6668892E+00   -1.6668892E+00
 3.3600    1.1664988E-02    1.6549037E+00   -1.6549037E+00
 3.3700    1.1523208E-02    1.6445348E+00   -1.6445348E+00
 3.3800    1.1396267E-02    1.6360851E+00   -1.6360851E+00
 3.3900    1.1280647E-02    1.6290833E+00   -1.6290833E+00
 3.4000    1.1169014E-02    1.6224918E+00   -1.6224918E+00
 3.4100    1.1053940E-02    1.6152351E+00   -1.6152351E+00
 3.4200    1.0931053E-02    1.6066604E+00   -1.6066604E+00
 3.4300    1.0799875E-02    1.5966761E+00   -1.5966761E+00
 3.4400    1.0662720E-02    1.5856041E+00   -1.5856041E+00
 3.4500    1.0523095E-02    1.5739522E+00   -1.5739522E+00
 3.4600    1.0384593E-02    1.5622537E+00   -1.5622537E+00
 3.4700    1.0250255E-02    1.5509703E+00   -1.5509703E+00
 3.4800    1.0121818E-02    1.5403765E+00   -1.5403765E+00
 3.4900    9.9988049E-03    1.5304136E+00   -1.5304136E+00
 3.5000    9.8782176E-03    1.5206335E+00   -1.5206335E+00
 3.5100    9.7558411E-03    1.5103890E+00   -1.5103890E+00
 3.5200    9.6290278E-03    1.4992623E+00   -1.4992623E+00
 3.5300    9.4993217E-03    1.4874825E+00   -1.4874825E+00
 3.5400    9.3727916E-03    1.4759966E+00   -1.4759966E+00
 3.5500    9.2572198E-03    1.4660445E+00   -1.4660445E+00
 3.5600    9.1573676E-03    1.4584129E+00   -1.4584129E+00
 3.5700    9.0710215E-03    1.4527888E+00   -1.4527888E+00
 3.5800    8.9886770E-03    1.4476771E+00   -1.4476771E+00
 3.5900    8.8981065E-03    1.4411074E+00   -1.4411074E+00
 3.6000    8.7917135E-03    1.4318199E+00   -1.4318199E+00
 3.6100    8.6714758E-03    1.4200946E+00   -1.4200946E+00
 3.6200    8.5470566E-03    1.4074844E+00   -1.4074844E+00
 3.6300    8.4280863E-03    1.3955715E+00   -1.3955715E+00
 3.6400    8.3169095E-03    1.3847603E+00   -1.3847603E+00
 3.6500    8.2075236E-03    1.3740664E+00   -1.3740664E+00
 3.6600    8.0905517E-03    1.3619155E+00   -1.3619155E+00
 3.6700    7.9593373E-03    1.3471591E+00   -1.3471591E+00
 3.6800    7.8130269E-03    1.3296117E+00   -1.3296117E+00
 3.6900    7.6563657E-03    1.3100421E+00   -1.3100421E+00
 3.7000    7.4979016E-03    1.2898911E+00   -1.2898911E+00
 3.7100    7.3474437E-03    1.2708490E+00   -1.2708490E+00
 3.7200    7.2128308E-03    1.2543002E+00   -1.2543002E+00
 3.7300    7.0969467E-03    1.2407922E+00   -1.2407922E+00
 3.7400    6.9967917E-03    1.2298496E+00   -1.2298496E+00
 3.7500    6.9054845E-03    1.2202998E+00   -1.2202998E+00
 3.7600    6.8160040E-03    1.2109198E+00   -1.2109198E+00
 3.7700    6.7243220E-03    1.2009946E+00   -1.2009946E+00
 3.7800    6.6302052E-03    1.1904754E+00   -1.1904754E+00
 3.7900    6.5356525E-03    1.1797154E+00   -1.1797154E+00
 3.8000    6.4424304E-03    1.1690331E+00   -1.1690331E+00
 3.8100    6.3506276E-03    1.1584478E+00   -1.1584478E+00
 3.8200    6.2593659E-03    1.1478019E+00   -1.1478019E+00
 3.8300    6.1692852E-03    1.1372142E+00   -1.1372142E+00
 3.8400    6.0849561E-03    1.1275343E+00   -1.1275343E+00
 3.8500    6.0147547E-03    1.1203385E+00   -1.1203385E+00
 3.8600    5.9667458E-03    1.1171771E+00   -1.1171771E+00
 3.8700    5.9419853E-03    1.1183130E+00   -1.1183130E+00
 3.8800    5.9298033E-03    1.1217953E+00   -1.1217953E+00
 3.8900    5.9099090E-03    1.1238022E+00   -1.1238022E+00
 3.9000    5.8617965E-03    1.1203915E+00   -1.1203915E+00
 3.9100    5.7757679E-03    1.1096170E+00   -1.1096170E+00
 3.9200    5.6578751E-03    1.0925350E+00   -1.0925350E+00
 3.9300    5.5258843E-03    1.0724986E+00   -1.0724986E+00
 3.9400    5.4004281E-03    1.0534902E+00   -1.0534902E+00
 3.9500    5.2978013E-03    1.0387229E+00   -1.0387229E+00
 3.9600    5.2270401E-03    1.0300447E+00   -1.0300447E+00
 3.9700    5.1893463E-03    1.0277880E+00   -1.0277880E+00
 3.9800    5.1775829E-03    1.0306307E+00   -1.0306307E+00
 3.9900    5.1766665E-03    1.0356329E+00   -1.0356329E+00
 4.0000    5.1673772E-03    1.0389628E+00   -1.0389628E+00
 4.0100    5.1335894E-03    1.0373367E+00   -1.0373367E+00
 4.0200    5.0688692E-03    1.0293737E+00   -1.0293737E+00
 4.0300    4.9779167E-03    1.0159389E+00   -1.0159389E+00
 4.0400    4.8724338E-03    9.9935212E-01   -9.9935212E-01
 4.0500    4.7650470E-03    9.8217098E-01   -9.8217098E-01
 4.0600    4.6647846E-03    9.6625894E-01   -9.6625894E-01
 4.0700    4.5748133E-03    9.5229621E-01   -9.5229621E-01
 4.0800    4.4918539E-03    9.3962770E-01   -9.3962770E-01
 4.0900    4.4076665E-03    9.2654222E-01   -9.2654222E-01
 4.1000    4.3133244E-03    9.1114963E-01   -9.1114963E-01
 4.1100    4.2049583E-03    8.9259654E-01   -8.9259654E-01
 4.1200    4.0872992E-03    8.7184789E-01   -8.7184789E-01
 4.1300    3.9719055E-03    8.5135144E-01   -8.5135144E-01
 4.1400    3.8707809E-03    8.3369872E-01   -8.3369872E-01
 4.1500    3.7898544E-03    8.2021665E-01   -8.2021665E-01
 4.1600    3.7268491E-03    8.1047258E-01   -8.1047258E-01
 4.1700    3.6743127E-03    8.0289378E-01   -8.0289378E-01
 4.1800    3.6246531E-03    7.9584569E-01   -7.9584569E-01
 4.1900    3.5733875E-03    7.8834810E-01   -7.8834810E-01
 4.2000    3.5193523E-03    7.8013756E-01   -7.8013756E-01
 4.2100    3.4632475E-03    7.7136084E-01   -7.7136084E-01
 4.2200    3.4063178E-03    7.6228949E-01   -7.6228949E-01
 4.2300    3.3497301E-03    7.5318283E-01   -7.5318283E-01
 4.2400    3.2942547E-03    7.4421557E-01   -7.4421557E-01
 4.2500    3.2399851E-03    7.3541205E-01   -7.3541205E-01
 4.2600    3.1862999E-03    7.2663399E-01   -7.2663399E-01
 4.2700    3.1322688E-03    7.1766975E-01   -7.1766975E-01
 4.2800    3.0773326E-03    7.0838906E-01   -7.0838906E-01
 4.2900    3.0218769E-03    6.9887777E-01   -6.9887777E-01
 4.3000    2.9674576E-03    6.8949527E-01   -6.8949527E-01
 4.3100    2.9166712E-03    6.8085068E-01   -6.8085068E-01
 4.3200    2.8727209E-03    6.7370659E-01   -6.7370659E-01
 4.3300    2.8385796E-03    6.6878531E-01   -6.6878531E-01
 4.3400    2.8155986E-03    6.6643847E-01   -6.6643847E-01
 4.3500    2.8018561E-03    6.6624537E-01   -6.6624537E-01
 4.3600    2.7914130E-03    6.6681742E-01   -6.6681742E-01
 4.3700    2.7759382E-03    6.6616611E-01   -6.6616611E-01
 4.3800    2.7487284E-03    6.6265873E-01   -6.6265873E-01
 4.3900    2.7086034E-03    6.5597051E-01   -6.5597051E-01
 4.4000    2.6602183E-03    6.4719103E-01   -6.4719103E-01
 4.4100    2.6098991E-03    6.3783855E-01   -6.3783855E-01
 4.4200    2.5602744E-03    6.2855158E-01   -6.2855158E-01
 4.4300    2.5084417E-03    6.1861625E-01   -6.1861625E-01
 4.4400    2.4492977E-03    6.0676060E-01   -6.0676060E-01
 4.4500    2.3809424E-03    5.9248694E-01   -5.9248694E-01
 4.4600    2.3073794E-03    5.7676461E-01   -5.7676461E-01
 4.4700    2.2364902E-03    5.6155449E-01   -5.6155449E-01
 4.4800    2.1754022E-03    5.4866273E-01   -5.4866273E-01
 4.4900    2.1269610E-03    5.3884279E-01   -5.3884279E-01
 4.5000    2.0892582E-03    5.3165145E-01   -5.3165145E-01
 4.5100    2.0575328E-03    5.2590794E-01   -5.2590794E-01
 4.5200    2.0266956E-03    5.2032567E-01   -5.2032567E-01
 4.5300    1.9932863E-03    5.1401519E-01   -5.1401519E-01
 4.5400    1.9564429E-03    5.0674416E-01   -5.0674416E-01
 4.5500    1.9177154E-03    4.9890380E-01   -4.9890380E-01
 4.5600    1.8797822E-03    4.9118724E-01   -4.9118724E-01
 4.5700    1.8446695E-03    4.8412871E-01   -4.8412871E-01
 4.5800    1.8124883E-03    4.7776686E-01   -4.7776686E-01
 4.5900    1.7814012E-03    4.7162517E-01   -4.7162517E-01
 4.6000    1.7487063E-03    4.6498871E-01   -4.6498871E-01
 4.6100    1.7122992E-03    4.5728964E-01   -4.5728964E-01
 4.6200    1.6717789E-03    4.4840729E-01   -4.4840729E-01
 4.6300    1.6288206E-03    4.3877826E-01   -4.3877826E-01
 4.6400    1.5867130E-03    4.2928350E-01   -4.2928350E-01
 4.6500    1.5491318E-03    4.2092443E-01   -4.2092443E-01
 4.6600    1.5185493E-03    4.1439127E-01   -4.1439127E-01
 4.6700    1.4950798E-03    4.0973967E-01   -4.0973967E-01
 4.6800    1.4765022E-03    4.0638314E-01   -4.0638314E-01
 4.6900    1.4594872E-03    4.0341853E-01   -4.0341853E-01
 4.7000    1.4412476E-03    4.0007754E-01   -4.0007754E-01
 4.7100    1.4206428E-03    3.9603773E-01   -3.9603773E-01
 4.7200    1.3982644E-03    3.9145619E-01   -3.9145619E-01
 4.7300    1.3756974E-03    3.8677203E-01   -3.8677203E-01
 4.7400    1.3545265E-03    3.8243185E-01   -3.8243185E-01
 4.7500    1.3356407E-03    3.7869253E-01   -3.7869253E-01
 4.7600    1.3190869E-03    3.7557542E-01   -3.7557542E-01
 4.7700    1.3043570E-03    3.7294355E-01   -3.7294355E-01
 4.7800    1.2908043E-03    3.7061761E-01   -3.7061761E-01
 4.7900    1.2779419E-03    3.6846140E-01   -3.6846140E-01
 4.8000    1.2655559E-03    3.6641536E-01   -3.6641536E-01
 4.8100    1.2536739E-03    3.6448913E-01   -3.6448913E-01
 4.8200    1.2424623E-03    3.6273308E-01   -3.6273308E-01
