# total charge: 22.000000 
# r(A)     rho (e/A^3)     4*pi*r^2*rho(e/A)  dip  
 0.0000    2.3747758E+01    0.0000000E+00    1.7553460E+02
 0.0100    2.3725137E+01    2.9813887E-02    1.7462931E+02
 0.0200    2.3696549E+01    1.1911185E-01    1.7193967E+02
 0.0300    2.3660780E+01    2.6759711E-01    1.6754304E+02
 0.0400    2.3616525E+01    4.7483841E-01    1.6156402E+02
 0.0500    2.3562339E+01    7.4023272E-01    1.5416851E+02
 0.0600    2.3496604E+01    1.0629613E+00    1.4555586E+02
 0.0700    2.3417660E+01    1.4419475E+00    1.3594978E+02
 0.0800    2.3324123E+01    1.8758373E+00    1.2558845E+02
 0.0900    2.3215199E+01    2.3630195E+00    1.1471449E+02
 0.1000    2.3090785E+01    2.9016736E+00    1.0356545E+02
 0.1100    2.2951289E+01    3.4898143E+00    9.2365144E+01
 0.1200    2.2797341E+01    4.1253097E+00    8.1316554E+01
 0.1300    2.2629541E+01    4.8058732E+00    7.0596307E+01
 0.1400    2.2448350E+01    5.5290479E+00    6.0351037E+01
 0.1500    2.2254114E+01    6.2922026E+00    5.0695539E+01
 0.1600    2.2047152E+01    7.0925485E+00    4.1712619E+01
 0.1700    2.1827828E+01    7.9271711E+00    3.3454423E+01
 0.1800    2.1596571E+01    8.7930527E+00    2.5945017E+01
 0.1900    2.1353801E+01    9.6870658E+00    1.9183893E+01
 0.2000    2.1099847E+01    1.0605940E+01    1.3150085E+01
 0.2100    2.0834925E+01    1.1546235E+01    7.8065472E+00
 0.2200    2.0559181E+01    1.2504348E+01    3.1044733E+00
 0.2300    2.0272774E+01    1.3476550E+01   -1.0126533E+00
 0.2400    1.9975932E+01    1.4459038E+01   -4.6054449E+00
 0.2500    1.9668981E+01    1.5447982E+01   -7.7355296E+00
 0.2600    1.9352366E+01    1.6439577E+01   -1.0463070E+01
 0.2700    1.9026643E+01    1.7430087E+01   -1.2844876E+01
 0.2800    1.8692412E+01    1.8415829E+01   -1.4933030E+01
 0.2900    1.8350205E+01    1.9393080E+01   -1.6773965E+01
 0.3000    1.8000393E+01    2.0357965E+01   -1.8407951E+01
 0.3100    1.7643214E+01    2.1306444E+01   -1.9869043E+01
 0.3200    1.7278938E+01    2.2234475E+01   -2.1185476E+01
 0.3300    1.6908065E+01    2.3138311E+01   -2.2380380E+01
 0.3400    1.6531423E+01    2.4014742E+01   -2.3472566E+01
 0.3500    1.6150067E+01    2.4861096E+01   -2.4477116E+01
 0.3600    1.5765022E+01    2.5674941E+01   -2.5405704E+01
 0.3700    1.5377017E+01    2.6453638E+01   -2.6266734E+01
 0.3800    1.4986358E+01    2.7194004E+01   -2.7065547E+01
 0.3900    1.4593030E+01    2.7892315E+01   -2.7804906E+01
 0.4000    1.4196967E+01    2.8544696E+01   -2.8485810E+01
 0.4100    1.3798360E+01    2.9147750E+01   -2.9108475E+01
 0.4200    1.3397827E+01    2.9699068E+01   -2.9673133E+01
 0.4300    1.2996338E+01    3.0197276E+01   -3.0180320E+01
 0.4400    1.2594944E+01    3.0641602E+01   -3.0630628E+01
 0.4500    1.2194536E+01    3.1031316E+01   -3.1024283E+01
 0.4600    1.1795772E+01    3.1365476E+01   -3.1361014E+01
 0.4700    1.1399185E+01    3.1643126E+01   -3.1640324E+01
 0.4800    1.1005300E+01    3.1863555E+01   -3.1861812E+01
 0.4900    1.0614604E+01    3.2026231E+01   -3.2025158E+01
 0.5000    1.0227437E+01    3.2130440E+01   -3.2129786E+01
 0.5100    9.8439678E+00    3.2175137E+01   -3.2174742E+01
 0.5200    9.4643702E+00    3.2159425E+01   -3.2159189E+01
 0.5300    9.0890777E+00    3.2083476E+01   -3.2083337E+01
 0.5400    8.7189200E+00    3.1949207E+01   -3.1949125E+01
 0.5500    8.3550240E+00    3.1760179E+01   -3.1760132E+01
 0.5600    7.9985622E+00    3.1520844E+01   -3.1520817E+01
 0.5700    7.6504952E+00    3.1235547E+01   -3.1235532E+01
 0.5800    7.3113810E+00    3.0907599E+01   -3.0907590E+01
 0.5900    6.9812585E+00    3.0538493E+01   -3.0538489E+01
 0.6000    6.6596493E+00    3.0127544E+01   -3.0127541E+01
 0.6100    6.3457526E+00    2.9672400E+01   -2.9672398E+01
 0.6200    6.0388156E+00    2.9170576E+01   -2.9170576E+01
 0.6300    5.7385016E+00    2.8621308E+01   -2.8621307E+01
 0.6400    5.4450429E+00    2.8026645E+01   -2.8026645E+01
 0.6500    5.1591165E+00    2.7391254E+01   -2.7391254E+01
 0.6600    4.8815893E+00    2.6721386E+01   -2.6721386E+01
 0.6700    4.6133326E+00    2.6024011E+01   -2.6024011E+01
 0.6800    4.3551720E+00    2.5306554E+01   -2.5306554E+01
 0.6900    4.1078652E+00    2.4576737E+01   -2.4576737E+01
 0.7000    3.8719731E+00    2.3841758E+01   -2.3841758E+01
 0.7100    3.6476518E+00    2.3106807E+01   -2.3106807E+01
 0.7200    3.4345432E+00    2.2374011E+01   -2.2374011E+01
 0.7300    3.2319025E+00    2.1642819E+01   -2.1642819E+01
 0.7400    3.0389036E+00    2.0911743E+01   -2.0911743E+01
 0.7500    2.8549279E+00    2.0180296E+01   -2.0180296E+01
 0.7600    2.6796957E+00    1.9450131E+01   -1.9450131E+01
 0.7700    2.5132206E+00    1.8725005E+01   -1.8725005E+01
 0.7800    2.3556375E+00    1.8009744E+01   -1.8009744E+01
 0.7900    2.2069801E+00    1.7308621E+01   -1.7308621E+01
 0.8000    2.0670198E+00    1.6623960E+01   -1.6623960E+01
 0.8100    1.9352760E+00    1.5955955E+01   -1.5955955E+01
 0.8200    1.8112062E+00    1.5304018E+01   -1.5304018E+01
 0.8300    1.6944323E+00    1.4668654E+01   -1.4668654E+01
 0.8400    1.5848283E+00    1.4052405E+01   -1.4052405E+01
 0.8500    1.4824226E+00    1.3459216E+01   -1.3459216E+01
 0.8600    1.3872185E+00    1.2892930E+01   -1.2892930E+01
 0.8700    1.2990636E+00    1.2356026E+01   -1.2356026E+01
 0.8800    1.2176202E+00    1.1849146E+01   -1.1849146E+01
 0.8900    1.1424077E+00    1.1371324E+01   -1.1371324E+01
 0.9000    1.0728802E+00    1.0920590E+01   -1.0920590E+01
 0.9100    1.0085107E+00    1.0494775E+01   -1.0494775E+01
 0.9200    9.4885724E-01    1.0092213E+01   -1.0092213E+01
 0.9300    8.9358396E-01    9.7120548E+00   -9.7120548E+00
 0.9400    8.4242735E-01    9.3540143E+00   -9.3540143E+00
 0.9500    7.9513292E-01    9.0177213E+00   -9.0177213E+00
 0.9600    7.5140654E-01    8.7021647E+00   -8.7021647E+00
 0.9700    7.1091421E-01    8.4056350E+00   -8.4056350E+00
 0.9800    6.7332254E-01    8.1261563E+00   -8.1261563E+00
 0.9900    6.3833512E-01    7.8619267E+00   -7.8619267E+00
 1.0000    6.0568751E-01    7.6112938E+00   -7.6112938E+00
 1.0100    5.7511100E-01    7.3723218E+00   -7.3723218E+00
 1.0200    5.4631271E-01    7.1425207E+00   -7.1425207E+00
 1.0300    5.1900553E-01    6.9192066E+00   -6.9192066E+00
 1.0400    4.9296980E-01    6.7003402E+00   -6.7003402E+00
 1.0500    4.6809593E-01    6.4851993E+00   -6.4851993E+00
 1.0600    4.4437390E-01    6.2743702E+00   -6.2743702E+00
 1.0700    4.2184017E-01    6.0691148E+00   -6.0691148E+00
 1.0800    4.0052055E-01    5.8705958E+00   -5.8705958E+00
 1.0900    3.8039949E-01    5.6794043E+00   -5.6794043E+00
 1.1000    3.6141982E-01    5.4954999E+00   -5.4954999E+00
 1.1100    3.4350024E-01    5.3184230E+00   -5.3184230E+00
 1.1200    3.2655741E-01    5.1476078E+00   -5.1476078E+00
 1.1300    3.1052433E-01    4.9826730E+00   -4.9826730E+00
 1.1400    2.9535938E-01    4.8235894E+00   -4.8235894E+00
 1.1500    2.8104169E-01    4.6706390E+00   -4.6706390E+00
 1.1600    2.6755572E-01    4.5241822E+00   -4.5241822E+00
 1.1700    2.5487451E-01    4.3843781E+00   -4.3843781E+00
 1.1800    2.4295240E-01    4.2510388E+00   -4.2510388E+00
 1.1900    2.3172999E-01    4.1236902E+00   -4.1236902E+00
 1.2000    2.2114644E-01    4.0017717E+00   -4.0017717E+00
 1.2100    2.1115123E-01    3.8848496E+00   -3.8848496E+00
 1.2200    2.0170999E-01    3.7727405E+00   -3.7727405E+00
 1.2300    1.9280218E-01    3.6654900E+00   -3.6654900E+00
 1.2400    1.8441164E-01    3.5632112E+00   -3.5632112E+00
 1.2500    1.7651542E-01    3.4658721E+00   -3.4658721E+00
 1.2600    1.6907861E-01    3.3731808E+00   -3.3731808E+00
 1.2700    1.6205864E-01    3.2846530E+00   -3.2846530E+00
 1.2800    1.5541498E-01    3.1997989E+00   -3.1997989E+00
 1.2900    1.4911651E-01    3.1182793E+00   -3.1182793E+00
 1.3000    1.4314250E-01    3.0399410E+00   -3.0399410E+00
 1.3100    1.3747952E-01    2.9647663E+00   -2.9647663E+00
 1.3200    1.3211793E-01    2.8928072E+00   -2.8928072E+00
 1.3300    1.2704903E-01    2.8241287E+00   -2.8241287E+00
 1.3400    1.2226174E-01    2.7587353E+00   -2.7587353E+00
 1.3500    1.1773949E-01    2.6964945E+00   -2.6964945E+00
 1.3600    1.1346011E-01    2.6371259E+00   -2.6371259E+00
 1.3700    1.0940097E-01    2.5803117E+00   -2.5803117E+00
 1.3800    1.0554641E-01    2.5258729E+00   -2.5258729E+00
 1.3900    1.0189137E-01    2.4738700E+00   -2.4738700E+00
 1.4000    9.8437400E-02    2.4245217E+00   -2.4245217E+00
 1.4100    9.5183548E-02    2.3779898E+00   -2.3779898E+00
 1.4200    9.2119731E-02    2.3342062E+00   -2.3342062E+00
 1.4300    8.9227443E-02    2.2928750E+00   -2.2928750E+00
 1.4400    8.6486124E-02    2.2536231E+00   -2.2536231E+00
 1.4500    8.3879205E-02    2.2161552E+00   -2.2161552E+00
 1.4600    8.1395953E-02    2.1803107E+00   -2.1803107E+00
 1.4700    7.9029838E-02    2.1460292E+00   -2.1460292E+00
 1.4800    7.6776221E-02    2.1132945E+00   -2.1132945E+00
 1.4900    7.4630926E-02    2.0820983E+00   -2.0820983E+00
 1.5000    7.2589555E-02    2.0524213E+00   -2.0524213E+00
 1.5100    7.0647099E-02    2.0242218E+00   -2.0242218E+00
 1.5200    6.8797855E-02    1.9974317E+00   -1.9974317E+00
 1.5300    6.7035668E-02    1.9719626E+00   -1.9719626E+00
 1.5400    6.5354315E-02    1.9477157E+00   -1.9477157E+00
 1.5500    6.3747833E-02    1.9245921E+00   -1.9245921E+00
 1.5600    6.2210956E-02    1.9025056E+00   -1.9025056E+00
 1.5700    6.0739723E-02    1.8814036E+00   -1.8814036E+00
 1.5800    5.9331786E-02    1.8612789E+00   -1.8612789E+00
 1.5900    5.7985694E-02    1.8421499E+00   -1.8421499E+00
 1.6000    5.6699240E-02    1.8240094E+00   -1.8240094E+00
 1.6100    5.5468152E-02    1.8067802E+00   -1.8067802E+00
 1.6200    5.4286531E-02    1.7903254E+00   -1.7903254E+00
 1.6300    5.3148914E-02    1.7745142E+00   -1.7745142E+00
 1.6400    5.2052166E-02    1.7592857E+00   -1.7592857E+00
 1.6500    5.0995465E-02    1.7446540E+00   -1.7446540E+00
 1.6600    4.9978520E-02    1.7306507E+00   -1.7306507E+00
 1.6700    4.8999862E-02    1.7172664E+00   -1.7172664E+00
 1.6800    4.8056697E-02    1.7044425E+00   -1.7044425E+00
 1.6900    4.7145981E-02    1.6921075E+00   -1.6921075E+00
 1.7000    4.6265209E-02    1.6802049E+00   -1.6802049E+00
 1.7100    4.5412123E-02    1.6686832E+00   -1.6686832E+00
 1.7200    4.4584118E-02    1.6574748E+00   -1.6574748E+00
 1.7300    4.3778487E-02    1.6465041E+00   -1.6465041E+00
 1.7400    4.2993548E-02    1.6357301E+00   -1.6357301E+00
 1.7500    4.2229518E-02    1.6251823E+00   -1.6251823E+00
 1.7600    4.1488119E-02    1.6149495E+00   -1.6149495E+00
 1.7700    4.0770994E-02    1.6051207E+00   -1.6051207E+00
 1.7800    4.0078097E-02    1.5957210E+00   -1.5957210E+00
 1.7900    3.9407538E-02    1.5867015E+00   -1.5867015E+00
 1.8000    3.8757439E-02    1.5780107E+00   -1.5780107E+00
 1.8100    3.8128391E-02    1.5696958E+00   -1.5696958E+00
 1.8200    3.7523489E-02    1.5619094E+00   -1.5619094E+00
 1.8300    3.6944112E-02    1.5547382E+00   -1.5547382E+00
 1.8400    3.6383984E-02    1.5479458E+00   -1.5479458E+00
 1.8500    3.5827625E-02    1.5408890E+00   -1.5408890E+00
 1.8600    3.5257042E-02    1.5327864E+00   -1.5327864E+00
 1.8700    3.4662840E-02    1.5232010E+00   -1.5232010E+00
 1.8800    3.4050595E-02    1.5123429E+00   -1.5123429E+00
 1.8900    3.3436845E-02    1.5009242E+00   -1.5009242E+00
 1.9000    3.2838359E-02    1.4896990E+00   -1.4896990E+00
 1.9100    3.2263617E-02    1.4790731E+00   -1.4790731E+00
 1.9200    3.1711963E-02    1.4690462E+00   -1.4690462E+00
 1.9300    3.1178447E-02    1.4594155E+00   -1.4594155E+00
 1.9400    3.0658745E-02    1.4499990E+00   -1.4499990E+00
 1.9500    3.0150739E-02    1.4407116E+00   -1.4407116E+00
 1.9600    2.9653447E-02    1.4315192E+00   -1.4315192E+00
 1.9700    2.9165768E-02    1.4223803E+00   -1.4223803E+00
 1.9800    2.8686429E-02    1.4132427E+00   -1.4132427E+00
 1.9900    2.8214682E-02    1.4040778E+00   -1.4040778E+00
 2.0000    2.7750696E-02    1.3949021E+00   -1.3949021E+00
 2.0100    2.7295160E-02    1.3857587E+00   -1.3857587E+00
 2.0200    2.6848435E-02    1.3766755E+00   -1.3766755E+00
 2.0300    2.6409990E-02    1.3676349E+00   -1.3676349E+00
 2.0400    2.5978579E-02    1.3585812E+00   -1.3585812E+00
 2.0500    2.5552964E-02    1.3494565E+00   -1.3494565E+00
 2.0600    2.5132476E-02    1.3402307E+00   -1.3402307E+00
 2.0700    2.4716915E-02    1.3308981E+00   -1.3308981E+00
 2.0800    2.4306032E-02    1.3214496E+00   -1.3214496E+00
 2.0900    2.3899247E-02    1.3118575E+00   -1.3118575E+00
 2.1000    2.3495987E-02    1.3020934E+00   -1.3020934E+00
 2.1100    2.3096302E-02    1.2921628E+00   -1.2921628E+00
 2.1200    2.2701172E-02    1.2821235E+00   -1.2821235E+00
 2.1300    2.2312237E-02    1.2720734E+00   -1.2720734E+00
 2.1400    2.1931142E-02    1.2621142E+00   -1.2621142E+00
 2.1500    2.1558895E-02    1.2523141E+00   -1.2523141E+00
 2.1600    2.1195427E-02    1.2426807E+00   -1.2426807E+00
 2.1700    2.0839461E-02    1.2331497E+00   -1.2331497E+00
 2.1800    2.0488827E-02    1.2236013E+00   -1.2236013E+00
 2.1900    2.0141295E-02    1.2139072E+00   -1.2139072E+00
 2.2000    1.9795511E-02    1.2039874E+00   -1.2039874E+00
 2.2100    1.9451411E-02    1.1938383E+00   -1.1938383E+00
 2.2200    1.9109839E-02    1.1835125E+00   -1.1835125E+00
 2.2300    1.8771829E-02    1.1730761E+00   -1.1730761E+00
 2.2400    1.8438220E-02    1.1625855E+00   -1.1625855E+00
 2.2500    1.8109814E-02    1.1520966E+00   -1.1520966E+00
 2.2600    1.7787695E-02    1.1416853E+00   -1.1416853E+00
 2.2700    1.7473189E-02    1.1314458E+00   -1.1314458E+00
 2.2800    1.7167327E-02    1.1214560E+00   -1.1214560E+00
 2.2900    1.6870176E-02    1.1117329E+00   -1.1117329E+00
 2.3000    1.6580567E-02    1.1022115E+00   -1.1022115E+00
 2.3100    1.6296441E-02    1.0927645E+00   -1.0927645E+00
 2.3200    1.6015595E-02    1.0832506E+00   -1.0832506E+00
 2.3300    1.5736449E-02    1.0735653E+00   -1.0735653E+00
 2.3400    1.5458501E-02    1.0636750E+00   -1.0636750E+00
 2.3500    1.5182354E-02    1.0536217E+00   -1.0536217E+00
 2.3600    1.4909313E-02    1.0434977E+00   -1.0434977E+00
 2.3700    1.4640745E-02    1.0334031E+00   -1.0334031E+00
 2.3800    1.4377522E-02    1.0234057E+00   -1.0234057E+00
 2.3900    1.4119790E-02    1.0135237E+00   -1.0135237E+00
 2.4000    1.3867131E-02    1.0037347E+00   -1.0037347E+00
 2.4100    1.3619000E-02    9.9400640E-01   -9.9400640E-01
 2.4200    1.3375166E-02    9.8432784E-01   -9.8432784E-01
 2.4300    1.3135875E-02    9.7472347E-01   -9.7472347E-01
 2.4400    1.2901608E-02    9.6523570E-01   -9.6523570E-01
 2.4500    1.2672560E-02    9.5588660E-01   -9.5588660E-01
 2.4600    1.2448264E-02    9.4664879E-01   -9.4664879E-01
 2.4700    1.2227748E-02    9.3745463E-01   -9.3745463E-01
 2.4800    1.2010150E-02    9.2824296E-01   -9.2824296E-01
 2.4900    1.1795331E-02    9.1900672E-01   -9.1900672E-01
 2.5000    1.1583923E-02    9.0979918E-01   -9.0979918E-01
 2.5100    1.1376743E-02    9.0068982E-01   -9.0068982E-01
 2.5200    1.1174036E-02    8.9170464E-01   -8.9170464E-01
 2.5300    1.0975180E-02    8.8280045E-01   -8.8280045E-01
 2.5400    1.0779078E-02    8.7389435E-01   -8.7389435E-01
 2.5500    1.0584917E-02    8.6492344E-01   -8.6492344E-01
 2.5600    1.0392665E-02    8.5588754E-01   -8.5588754E-01
 2.5700    1.0203000E-02    8.4684511E-01   -8.4684511E-01
 2.5800    1.0016777E-02    8.3787125E-01   -8.3787125E-01
 2.5900    9.8344788E-03    8.2901185E-01   -8.2901185E-01
 2.6000    9.6560002E-03    8.2026433E-01   -8.2026433E-01
 2.6100    9.4808521E-03    8.1159292E-01   -8.1159292E-01
 2.6200    9.3085581E-03    8.0296175E-01   -8.0296175E-01
 2.6300    9.1389348E-03    7.9435922E-01   -7.9435922E-01
 2.6400    8.9720740E-03    7.8579736E-01   -7.8579736E-01
 2.6500    8.8081131E-03    7.7729253E-01   -7.7729253E-01
 2.6600    8.6470347E-03    7.6884773E-01   -7.6884773E-01
 2.6700    8.4886520E-03    7.6045080E-01   -7.6045080E-01
 2.6800    8.3327381E-03    7.5208544E-01   -7.5208544E-01
 2.6900    8.1791556E-03    7.4374301E-01   -7.4374301E-01
 2.7000    8.0279000E-03    7.3542662E-01   -7.3542662E-01
 2.7100    7.8790545E-03    7.2714756E-01   -7.2714756E-01
 2.7200    7.7326985E-03    7.1891699E-01   -7.1891699E-01
 2.7300    7.5888034E-03    7.1073624E-01   -7.1073624E-01
 2.7400    7.4471586E-03    7.0258940E-01   -7.0258940E-01
 2.7500    7.3073755E-03    6.9444312E-01   -6.9444312E-01
 2.7600    7.1690164E-03    6.8625828E-01   -6.8625828E-01
 2.7700    7.0318464E-03    6.7801418E-01   -6.7801418E-01
 2.7800    6.8960844E-03    6.6973350E-01   -6.6973350E-01
 2.7900    6.7624250E-03    6.6148611E-01   -6.6148611E-01
 2.8000    6.6316866E-03    6.5335606E-01   -6.5335606E-01
 2.8100    6.5042459E-03    6.4538587E-01   -6.4538587E-01
 2.8200    6.3797033E-03    6.3754165E-01   -6.3754165E-01
 2.8300    6.2571517E-03    6.2973730E-01   -6.2973730E-01
 2.8400    6.1359263E-03    6.2190876E-01   -6.2190876E-01
 2.8500    6.0162163E-03    6.1407727E-01   -6.1407727E-01
 2.8600    5.8989521E-03    6.0634081E-01   -6.0634081E-01
 2.8700    5.7850276E-03    5.9879628E-01   -5.9879628E-01
 2.8800    5.6745563E-03    5.9146187E-01   -5.9146187E-01
 2.8900    5.5667996E-03    5.8426671E-01   -5.8426671E-01
 2.9000    5.4607353E-03    5.7710786E-01   -5.7710786E-01
 2.9100    5.3556999E-03    5.6991761E-01   -5.6991761E-01
 2.9200    5.2516165E-03    5.6268919E-01   -5.6268919E-01
 2.9300    5.1487635E-03    5.5545393E-01   -5.5545393E-01
 2.9400    5.0473722E-03    5.4823891E-01   -5.4823891E-01
 2.9500    4.9473786E-03    5.4103959E-01   -5.4103959E-01
 2.9600    4.8484766E-03    5.3382461E-01   -5.3382461E-01
 2.9700    4.7503848E-03    5.2656447E-01   -5.2656447E-01
 2.9800    4.6531048E-03    5.1926043E-01   -5.1926043E-01
 2.9900    4.5569997E-03    5.1195435E-01   -5.1195435E-01
 3.0000    4.4626568E-03    5.0471459E-01   -5.0471459E-01
 3.0100    4.3705894E-03    4.9760286E-01   -4.9760286E-01
 3.0200    4.2809022E-03    4.9063560E-01   -4.9063560E-01
 3.0300    4.1931486E-03    4.8376603E-01   -4.8376603E-01
 3.0400    4.1065796E-03    4.7691093E-01   -4.7691093E-01
 3.0500    4.0207000E-03    4.7001445E-01   -4.7001445E-01
 3.0600    3.9357177E-03    4.6310200E-01   -4.6310200E-01
 3.0700    3.8525018E-03    4.5627794E-01   -4.5627794E-01
 3.0800    3.7720616E-03    4.4966603E-01   -4.4966603E-01
 3.0900    3.6949229E-03    4.4333519E-01   -4.4333519E-01
 3.1000    3.6207956E-03    4.3725749E-01   -4.3725749E-01
 3.1100    3.5486773E-03    4.3131758E-01   -4.3131758E-01
 3.1200    3.4772749E-03    4.2536140E-01   -4.2536140E-01
 3.1300    3.4054950E-03    4.1925551E-01   -4.1925551E-01
 3.1400    3.3328020E-03    4.1293213E-01   -4.1293213E-01
 3.1500    3.2593712E-03    4.0641038E-01   -4.0641038E-01
 3.1600    3.1860357E-03    3.9979253E-01   -3.9979253E-01
 3.1700    3.1140032E-03    3.9323072E-01   -3.9323072E-01
 3.1800    3.0443625E-03    3.8686591E-01   -3.8686591E-01
 3.1900    2.9775868E-03    3.8076380E-01   -3.8076380E-01
 3.2000    2.9133402E-03    3.7488755E-01   -3.7488755E-01
 3.2100    2.8507130E-03    3.6912496E-01   -3.6912496E-01
 3.2200    2.7887005E-03    3.6334859E-01   -3.6334859E-01
 3.2300    2.7266221E-03    3.5747021E-01   -3.5747021E-01
 3.2400    2.6643277E-03    3.5146941E-01   -3.5146941E-01
 3.2500    2.6022209E-03    3.4539874E-01   -3.4539874E-01
 3.2600    2.5411390E-03    3.3937003E-01   -3.3937003E-01
 3.2700    2.4820743E-03    3.3351867E-01   -3.3351867E-01
 3.2800    2.4257682E-03    3.2794940E-01   -3.2794940E-01
 3.2900    2.3723634E-03    3.2268805E-01   -3.2268805E-01
 3.3000    2.3213268E-03    3.1766840E-01   -3.1766840E-01
 3.3100    2.2716828E-03    3.1276168E-01   -3.1276168E-01
 3.3200    2.2224043E-03    3.0782870E-01   -3.0782870E-01
 3.3300    2.1727764E-03    3.0277037E-01   -3.0277037E-01
 3.3400    2.1226381E-03    2.9756288E-01   -2.9756288E-01
 3.3500    2.0724350E-03    2.9226741E-01   -2.9226741E-01
 3.3600    2.0230060E-03    2.8700244E-01   -2.8700244E-01
 3.3700    1.9751377E-03    2.8188180E-01   -2.8188180E-01
 3.3800    1.9291351E-03    2.7695289E-01   -2.7695289E-01
 3.3900    1.8847192E-03    2.7217981E-01   -2.7217981E-01
 3.4000    1.8413154E-03    2.6748282E-01   -2.6748282E-01
 3.4100    1.7984854E-03    2.6280011E-01   -2.6280011E-01
 3.4200    1.7561869E-03    2.5812663E-01   -2.5812663E-01
 3.4300    1.7147501E-03    2.5351225E-01   -2.5351225E-01
 3.4400    1.6746634E-03    2.4903150E-01   -2.4903150E-01
 3.4500    1.6363132E-03    2.4474537E-01   -2.4474537E-01
 3.4600    1.5997822E-03    2.4067053E-01   -2.4067053E-01
 3.4700    1.5647833E-03    2.3676800E-01   -2.3676800E-01
 3.4800    1.5307760E-03    2.3295926E-01   -2.3295926E-01
 3.4900    1.4972226E-03    2.2916437E-01   -2.2916437E-01
 3.5000    1.4638193E-03    2.2533748E-01   -2.2533748E-01
 3.5100    1.4305340E-03    2.2147377E-01   -2.2147377E-01
 3.5200    1.3974531E-03    2.1758674E-01   -2.1758674E-01
 3.5300    1.3646275E-03    2.1368468E-01   -2.1368468E-01
 3.5400    1.3320929E-03    2.0977364E-01   -2.0977364E-01
 3.5500    1.3000268E-03    2.0588223E-01   -2.0588223E-01
 3.5600    1.2688540E-03    2.0207916E-01   -2.0207916E-01
 3.5700    1.2391652E-03    1.9846115E-01   -1.9846115E-01
 3.5800    1.2114682E-03    1.9511378E-01   -1.9511378E-01
 3.5900    1.1858916E-03    1.9206302E-01   -1.9206302E-01
 3.6000    1.1619828E-03    1.8924071E-01   -1.8924071E-01
 3.6100    1.1387498E-03    1.8648873E-01   -1.8648873E-01
 3.6200    1.1150153E-03    1.8361486E-01   -1.8361486E-01
 3.6300    1.0899447E-03    1.8047937E-01   -1.8047937E-01
 3.6400    1.0634210E-03    1.7705894E-01   -1.7705894E-01
 3.6500    1.0360060E-03    1.7344343E-01   -1.7344343E-01
 3.6600    1.0085400E-03    1.6977165E-01   -1.6977165E-01
 3.6700    9.8169542E-04    1.6615704E-01   -1.6615704E-01
 3.6800    9.5578000E-04    1.6265351E-01   -1.6265351E-01
 3.6900    9.3084250E-04    1.5927177E-01   -1.5927177E-01
 3.7000    9.0690403E-04    1.5601798E-01   -1.5601798E-01
 3.7100    8.8408626E-04    1.5291579E-01   -1.5291579E-01
 3.7200    8.6253505E-04    1.4999352E-01   -1.4999352E-01
 3.7300    8.4223117E-04    1.4725120E-01   -1.4725120E-01
 3.7400    8.2288541E-04    1.4464134E-01   -1.4464134E-01
 3.7500    8.0404462E-04    1.4208641E-01   -1.4208641E-01
 3.7600    7.8534607E-04    1.3952326E-01   -1.3952326E-01
 3.7700    7.6672145E-04    1.3693995E-01   -1.3693995E-01
 3.7800    7.4838849E-04    1.3437565E-01   -1.3437565E-01
 3.7900    7.3063855E-04    1.3188362E-01   -1.3188362E-01
 3.8000    7.1358496E-04    1.2948598E-01   -1.2948598E-01
 3.8100    6.9705695E-04    1.2715343E-01   -1.2715343E-01
 3.8200    6.8069692E-04    1.2482178E-01   -1.2482178E-01
 3.8300    6.6415399E-04    1.2242671E-01   -1.2242671E-01
 3.8400    6.4720763E-04    1.1992672E-01   -1.1992672E-01
 3.8500    6.2975788E-04    1.1730187E-01   -1.1730187E-01
 3.8600    6.1178429E-04    1.1454676E-01   -1.1454676E-01
 3.8700    5.9342202E-04    1.1168515E-01   -1.1168515E-01
 3.8800    5.7513881E-04    1.0880428E-01   -1.0880428E-01
 3.8900    5.5777748E-04    1.0606450E-01   -1.0606450E-01
 3.9000    5.4225301E-04    1.0364326E-01   -1.0364326E-01
 3.9100    5.2903307E-04    1.0163568E-01   -1.0163568E-01
 3.9200    5.1783070E-04    9.9993045E-02   -9.9993045E-02
 3.9300    5.0780202E-04    9.8557435E-02   -9.8557435E-02
 3.9400    4.9807970E-04    9.7163053E-02   -9.7163053E-02
 3.9500    4.8819323E-04    9.5718483E-02   -9.5718483E-02
 3.9600    4.7810021E-04    9.4214810E-02   -9.4214810E-02
 3.9700    4.6792864E-04    9.2676688E-02   -9.2676688E-02
 3.9800    4.5772345E-04    9.1112753E-02   -9.1112753E-02
 3.9900    4.4740103E-04    8.9506100E-02   -8.9506100E-02
 4.0000    4.3689655E-04    8.7843263E-02   -8.7843263E-02
 4.0100    4.2632201E-04    8.6146248E-02   -8.6146248E-02
 4.0200    4.1594681E-04    8.4469470E-02   -8.4469470E-02
 4.0300    4.0598048E-04    8.2856219E-02   -8.2856219E-02
 4.0400    3.9634816E-04    8.1292305E-02   -8.1292305E-02
 4.0500    3.8668732E-04    7.9703950E-02   -7.9703950E-02
 4.0600    3.7659605E-04    7.8007739E-02   -7.8007739E-02
 4.0700    3.6593068E-04    7.6172377E-02   -7.6172377E-02
 4.0800    3.5492334E-04    7.4244579E-02   -7.4244579E-02
 4.0900    3.4406033E-04    7.2325439E-02   -7.2325439E-02
 4.1000    3.3383083E-04    7.0518655E-02   -7.0518655E-02
 4.1100    3.2449749E-04    6.8881857E-02   -6.8881857E-02
 4.1200    3.1599353E-04    6.7403507E-02   -6.7403507E-02
 4.1300    3.0798258E-04    6.6014011E-02   -6.6014011E-02
 4.1400    3.0004239E-04    6.4623899E-02   -6.4623899E-02
 4.1500    2.9186621E-04    6.3166945E-02   -6.3166945E-02
 4.1600    2.8336362E-04    6.1622686E-02   -6.1622686E-02
 4.1700    2.7461857E-04    6.0008377E-02   -6.0008377E-02
 4.1800    2.6577727E-04    5.8355295E-02   -5.8355295E-02
 4.1900    2.5698464E-04    5.6695041E-02   -5.6695041E-02
 4.2000    2.4841153E-04    5.5065577E-02   -5.5065577E-02
 4.2100    2.4029327E-04    5.3519946E-02   -5.3519946E-02
 4.2200    2.3287514E-04    5.2114418E-02   -5.2114418E-02
 4.2300    2.2627218E-04    5.0877032E-02   -5.0877032E-02
 4.2400    2.2037191E-04    4.9784920E-02   -4.9784920E-02
 4.2500    2.1488919E-04    4.8775564E-02   -4.8775564E-02
 4.2600    2.0953869E-04    4.7785186E-02   -4.7785186E-02
 4.2700    2.0418299E-04    4.6782687E-02   -4.6782687E-02
 4.2800    1.9885226E-04    4.5774955E-02   -4.5774955E-02
 4.2900    1.9365141E-04    4.4786293E-02   -4.4786293E-02
 4.3000    1.8864654E-04    4.3832437E-02   -4.3832437E-02
 4.3100    1.8380482E-04    4.2906324E-02   -4.2906324E-02
 4.3200    1.7900142E-04    4.1979168E-02   -4.1979168E-02
 4.3300    1.7406913E-04    4.1011665E-02   -4.1011665E-02
 4.3400    1.6886979E-04    3.9970657E-02   -3.9970657E-02
 4.3500    1.6337695E-04    3.8848939E-02   -3.8848939E-02
 4.3600    1.5774253E-04    3.7681800E-02   -3.7681800E-02
 4.3700    1.5229494E-04    3.6547545E-02   -3.6547545E-02
 4.3800    1.4743772E-04    3.5544032E-02   -3.5544032E-02
 4.3900    1.4349137E-04    3.4750791E-02   -3.4750791E-02
 4.4000    1.4056963E-04    3.4198473E-02   -3.4198473E-02
 4.4100    1.3854697E-04    3.3859775E-02   -3.3859775E-02
 4.4200    1.3710414E-04    3.3659293E-02   -3.3659293E-02
 4.4300    1.3581242E-04    3.3493212E-02   -3.3493212E-02
 4.4400    1.3423260E-04    3.3253228E-02   -3.3253228E-02
 4.4500    1.3200965E-04    3.2850016E-02   -3.2850016E-02
 4.4600    1.2893905E-04    3.2230278E-02   -3.2230278E-02
 4.4700    1.2499571E-04    3.1384848E-02   -3.1384848E-02
 4.4800    1.2033303E-04    3.0349445E-02   -3.0349445E-02
 4.4900    1.1525060E-04    2.9197504E-02   -2.9197504E-02
 4.5000    1.1012201E-04    2.8022638E-02   -2.8022638E-02
 4.5100    1.0529571E-04    2.6913714E-02   -2.6913714E-02
 4.5200    1.0100229E-04    2.5930921E-02   -2.5930921E-02
 4.5300    9.7294655E-05    2.5089687E-02   -2.5089687E-02
 4.5400    9.4037460E-05    2.4356925E-02   -2.4356925E-02
 4.5500    9.0964538E-05    2.3664906E-02   -2.3664906E-02
 4.5600    8.7804030E-05    2.2943200E-02   -2.2943200E-02
 4.5700    8.4415222E-05    2.2154555E-02   -2.2154555E-02
 4.5800    8.0847054E-05    2.1311058E-02   -2.1311058E-02
 4.5900    7.7273951E-05    2.0458244E-02   -2.0458244E-02
 4.6000    7.3860109E-05    1.9639728E-02   -1.9639728E-02
 4.6100    7.0658284E-05    1.8870126E-02   -1.8870126E-02
 4.6200    6.7613877E-05    1.8135505E-02   -1.8135505E-02
 4.6300    6.4654884E-05    1.7416993E-02   -1.7416993E-02
 4.6400    6.1780811E-05    1.6714732E-02   -1.6714732E-02
 4.6500    5.9073885E-05    1.6051340E-02   -1.6051340E-02
 4.6600    5.6631466E-05    1.5453950E-02   -1.5453950E-02
 4.6700    5.4487072E-05    1.4932657E-02   -1.4932657E-02
 4.6800    5.2585367E-05    1.4473264E-02   -1.4473264E-02
 4.6900    5.0816822E-05    1.4046336E-02   -1.4046336E-02
 4.7000    4.9070001E-05    1.3621397E-02   -1.3621397E-02
 4.7100    4.7264216E-05    1.3176017E-02   -1.3176017E-02
 4.7200    4.5358426E-05    1.2698483E-02   -1.2698483E-02
 4.7300    4.3350039E-05    1.2187697E-02   -1.2187697E-02
 4.7400    4.1269926E-05    1.1651994E-02   -1.1651994E-02
 4.7500    3.9171043E-05    1.1106116E-02   -1.1106116E-02
 4.7600    3.7115050E-05    1.0567538E-02   -1.0567538E-02
 4.7700    3.5169471E-05    1.0055703E-02   -1.0055703E-02
 4.7800    3.3412951E-05    9.5935755E-03   -9.5935755E-03
 4.7900    3.1921710E-05    9.2037972E-03   -9.2037972E-03
 4.8000    3.0722466E-05    8.8950502E-03   -8.8950502E-03
 4.8100    2.9751893E-05    8.6499705E-03   -8.6499705E-03
 4.8200    2.8894724E-05    8.4357265E-03   -8.4357265E-03
 4.8300    2.8121369E-05    8.2440494E-03   -8.2440494E-03
 4.8400    2.7639406E-05    8.1363440E-03   -8.1363440E-03
 4.8500    2.7904887E-05    8.2484741E-03   -8.2484741E-03
 4.8600    2.9384720E-05    8.7217565E-03   -8.7217565E-03
 4.8700    3.2130279E-05    9.5759591E-03   -9.5759591E-03
 4.8800    3.5436133E-05    1.0604637E-02   -1.0604637E-02
 4.8900    3.7931985E-05    1.1398118E-02   -1.1398118E-02
 4.9000    3.8213904E-05    1.1529844E-02   -1.1529844E-02
 4.9100    3.5659603E-05    1.0803124E-02   -1.0803124E-02
 4.9200    3.0824633E-05    9.3764402E-03   -9.3764402E-03
 4.9300    2.5113004E-05    7.6701238E-03   -7.6701238E-03
 4.9400    2.0011679E-05    6.1368750E-03   -6.1368750E-03
 4.9500    1.6470357E-05    5.0713463E-03   -5.0713463E-03
 4.9600    1.4748677E-05    4.5595951E-03   -4.5595951E-03
 4.9700    1.4600442E-05    4.5319869E-03   -4.5319869E-03
 4.9800    1.5489467E-05    4.8273081E-03   -4.8273081E-03
 4.9900    1.6705237E-05    5.2271337E-03   -5.2271337E-03
 5.0000    1.7477381E-05    5.4906812E-03   -5.4906812E-03
 5.0100    1.7201894E-05    5.4257724E-03   -5.4257724E-03
 5.0200    1.5702616E-05    4.9726664E-03   -4.9726664E-03
 5.0300    1.3311278E-05    4.2321941E-03   -4.2321941E-03
 5.0400    1.0653869E-05    3.4007782E-03   -3.4007782E-03
 5.0500    8.2825175E-06    2.6543304E-03   -2.6543304E-03
 5.0600    6.4181313E-06    2.0649973E-03   -2.0649973E-03
 5.0700    4.9527702E-06    1.5998305E-03   -1.5998305E-03
 5.0800    3.6465076E-06    1.1825361E-03   -1.1825361E-03
 5.0900    2.3398370E-06    7.6178258E-04   -7.6178258E-04
 5.1000    1.0428826E-06    3.4086752E-04   -3.4086752E-04
 5.1100   -1.1985409E-07   -3.9328241E-05    3.9328241E-05
 5.1200   -1.0337306E-06   -3.4053138E-04    3.4053138E-04
 5.1300   -1.6896761E-06   -5.5878928E-04    5.5878928E-04
 5.1400   -2.2001514E-06   -7.3044694E-04    7.3044694E-04
 5.1500   -2.7473047E-06   -9.1565349E-04    9.1565349E-04
 5.1600   -3.5048414E-06   -1.1726749E-03    1.1726749E-03
 5.1700   -4.5647095E-06   -1.5332186E-03    1.5332186E-03
 5.1800   -5.8840013E-06   -1.9840022E-03    1.9840022E-03
 5.1900   -7.2733752E-06   -2.4619576E-03    2.4619576E-03
 5.2000   -8.4551091E-06   -2.8730009E-03    2.8730009E-03
 5.2100   -9.1860765E-06   -3.1333966E-03    3.1333966E-03
 5.2200   -9.3791509E-06   -3.2115478E-03    3.2115478E-03
 5.2300   -9.1365872E-06   -3.1404888E-03    3.1404888E-03
 5.2400   -8.6725087E-06   -2.9923830E-03    2.9923830E-03
 5.2500   -8.1922525E-06   -2.8374734E-03    2.8374734E-03
 5.2600   -7.8197904E-06   -2.7187950E-03    2.7187950E-03
 5.2700   -7.6034226E-06   -2.6536291E-03    2.6536291E-03
 5.2800   -7.5584376E-06   -2.6479498E-03    2.6479498E-03
 5.2900   -7.6936978E-06   -2.7055548E-03    2.7055548E-03
 5.3000   -8.0093836E-06   -2.8272271E-03    2.8272271E-03
 5.3100   -8.4870090E-06   -3.0071394E-03    3.0071394E-03
 5.3200   -9.0876002E-06   -3.2320818E-03    3.2320818E-03
 5.3300   -9.7524158E-06   -3.4815809E-03    3.4815809E-03
 5.3400   -1.0399433E-05   -3.7265079E-03    3.7265079E-03
 5.3500   -1.0927115E-05   -3.9302751E-03    3.9302751E-03
 5.3600   -1.1241849E-05   -4.0586087E-03    4.0586087E-03
 5.3700   -1.1302144E-05   -4.0956166E-03    4.0956166E-03
 5.3800   -1.1147475E-05   -4.0546270E-03    4.0546270E-03
 5.3900   -1.0885378E-05   -3.9740279E-03    3.9740279E-03
 5.4000   -1.0643799E-05   -3.9002643E-03    3.9002643E-03
 5.4100   -1.0521563E-05   -3.8697654E-03    3.8697654E-03
 5.4200   -1.0564104E-05   -3.8997889E-03    3.8997889E-03
 5.4300   -1.0766320E-05   -3.9891173E-03    3.9891173E-03
 5.4400   -1.1088748E-05   -4.1237295E-03    4.1237295E-03
 5.4500   -1.1476575E-05   -4.2836616E-03    4.2836616E-03
 5.4600   -1.1878148E-05   -4.4498348E-03    4.4498348E-03
 5.4700   -1.2258862E-05   -4.6092966E-03    4.6092966E-03
 5.4800   -1.2605041E-05   -4.7568040E-03    4.7568040E-03
 5.4900   -1.2919126E-05   -4.8931404E-03    4.8931404E-03
 5.5000   -1.3214136E-05   -5.0231253E-03    5.0231253E-03
 5.5100   -1.3511288E-05   -5.1547764E-03    5.1547764E-03
 5.5200   -1.3834918E-05   -5.2974225E-03    5.2974225E-03
 5.5300   -1.4198900E-05   -5.4565083E-03    5.4565083E-03
 5.5400   -1.4591532E-05   -5.6276916E-03    5.6276916E-03
 5.5500   -1.4975713E-05   -5.7967334E-03    5.7967334E-03
 5.5600   -1.5311773E-05   -5.9481912E-03    5.9481912E-03
 5.5700   -1.5586287E-05   -6.0766317E-03    6.0766317E-03
 5.5800   -1.5818115E-05   -6.1891784E-03    6.1891784E-03
 5.5900   -1.6032166E-05   -6.2954340E-03    6.2954340E-03
 5.6000   -1.6224870E-05   -6.3939194E-03    6.3939194E-03
 5.6100   -1.6355181E-05   -6.4683117E-03    6.4683117E-03
 5.6200   -1.6370379E-05   -6.4974242E-03    6.4974242E-03
 5.6300   -1.6246848E-05   -6.4713631E-03    6.4713631E-03
 5.6400   -1.6018437E-05   -6.4030693E-03    6.4030693E-03
 5.6500   -1.5773376E-05   -6.3274894E-03    6.3274894E-03
 5.6600   -1.5614206E-05   -6.2858300E-03    6.2858300E-03
 5.6700   -1.5597884E-05   -6.3014672E-03    6.3014672E-03
 5.6800   -1.5696263E-05   -6.3635989E-03    6.3635989E-03
 5.6900   -1.5809293E-05   -6.4320121E-03    6.4320121E-03
 5.7000   -1.5819092E-05   -6.4586408E-03    6.4586408E-03
 5.7100   -1.5636616E-05   -6.4065592E-03    6.4065592E-03
 5.7200   -1.5206007E-05   -6.2519732E-03    6.2519732E-03
 5.7300   -1.4480239E-05   -5.9744075E-03    5.9744075E-03
 5.7400   -1.3415696E-05   -5.5545243E-03    5.5545243E-03
 5.7500   -1.2021038E-05   -4.9944484E-03    4.9944484E-03
 5.7600   -1.0441966E-05   -4.3534856E-03    4.3534856E-03
 5.7700   -9.0049590E-06   -3.7674130E-03    3.7674130E-03
 5.7800   -8.1390902E-06   -3.4169719E-03    3.4169719E-03
 5.7900   -8.1804146E-06   -3.4462145E-03    3.4462145E-03
 5.8000   -9.1797165E-06   -3.8805664E-03    3.8805664E-03
 5.8100   -1.0858437E-05   -4.6060585E-03    4.6060585E-03
 5.8200   -1.2745647E-05   -5.4252245E-03    5.4252245E-03
 5.8300   -1.4389698E-05   -6.1460862E-03    6.1460862E-03
 5.8400   -1.5507635E-05   -6.6463182E-03    6.6463182E-03
 5.8500   -1.6018603E-05   -6.8888422E-03    6.8888422E-03
 5.8600   -1.5998847E-05   -6.9038887E-03    6.9038887E-03
 5.8700   -1.5618786E-05   -6.7629059E-03    6.7629059E-03
 5.8800   -1.5091205E-05   -6.5567470E-03    6.5567470E-03
 5.8900   -1.4626964E-05   -6.3766805E-03    6.3766805E-03
 5.9000   -1.4390149E-05   -6.2947601E-03    6.2947601E-03
 5.9100   -1.4459962E-05   -6.3467585E-03    6.3467585E-03
 5.9200   -1.4816326E-05   -6.5251997E-03    6.5251997E-03
 5.9300   -1.5356743E-05   -6.7860704E-03    6.7860704E-03
 5.9400   -1.5935698E-05   -7.0656782E-03    7.0656782E-03
 5.9500   -1.6412016E-05   -7.3013932E-03    7.3013932E-03
 5.9600   -1.6691366E-05   -7.4506519E-03    7.4506519E-03
 5.9700   -1.6749550E-05   -7.5017343E-03    7.5017343E-03
 5.9800   -1.6623511E-05   -7.4702474E-03    7.4702474E-03
 5.9900   -1.6374827E-05   -7.3831250E-03    7.3831250E-03
 6.0000   -1.6053525E-05   -7.2624438E-03    7.2624438E-03
 6.0100   -1.5689850E-05   -7.1216002E-03    7.1216002E-03
 6.0200   -1.5314069E-05   -6.9741845E-03    6.9741845E-03
 6.0300   -1.4978844E-05   -6.8442017E-03    6.8442017E-03
 6.0400   -1.4759738E-05   -6.7664737E-03    6.7664737E-03
 6.0500   -1.4730967E-05   -6.7756640E-03    6.7756640E-03
 6.0600   -1.4933272E-05   -6.8914418E-03    6.8914418E-03
 6.0700   -1.5354099E-05   -7.1090504E-03    7.1090504E-03
 6.0800   -1.5927562E-05   -7.3988857E-03    7.3988857E-03
 6.0900   -1.6547096E-05   -7.7119860E-03    7.7119860E-03
 6.1000   -1.7083773E-05   -7.9882809E-03    7.9882809E-03
 6.1100   -1.7414766E-05   -8.1697720E-03    8.1697720E-03
 6.1200   -1.7465356E-05   -8.2203470E-03    8.2203470E-03
 6.1300   -1.7245224E-05   -8.1432853E-03    8.1432853E-03
 6.1400   -1.6845695E-05   -7.9805998E-03    7.9805998E-03
 6.1500   -1.6390309E-05   -7.7901756E-03    7.7901756E-03
 6.1600   -1.5974468E-05   -7.6172411E-03    7.6172411E-03
 6.1700   -1.5636771E-05   -7.4804420E-03    7.4804420E-03
 6.1800   -1.5369409E-05   -7.3763921E-03    7.3763921E-03
