# total charge: 23.000000 
# r(A)     rho (e/A^3)     4*pi*r^2*rho(e/A)  dip  
 0.0000    2.2338137E+01    0.0000000E+00    1.8351345E+02
 0.0100    2.2320810E+01    2.8049157E-02    1.8257012E+02
 0.0200    2.2298907E+01    1.1208653E-01    1.7976755E+02
 0.0300    2.2271489E+01    2.5188461E-01    1.7518651E+02
 0.0400    2.2237545E+01    4.4711237E-01    1.6895715E+02
 0.0500    2.2195942E+01    6.9730608E-01    1.6125274E+02
 0.0600    2.2145407E+01    1.0018346E+00    1.5228148E+02
 0.0700    2.2084625E+01    1.3598656E+00    1.4227694E+02
 0.0800    2.2012486E+01    1.7703491E+00    1.3148777E+02
 0.0900    2.1928324E+01    2.2320315E+00    1.2016718E+02
 0.1000    2.1831996E+01    2.7434895E+00    1.0856304E+02
 0.1100    2.1723741E+01    3.3031618E+00    9.6908840E+01
 0.1200    2.1603946E+01    3.9093579E+00    8.5416227E+01
 0.1300    2.1472956E+01    4.5602473E+00    7.4269305E+01
 0.1400    2.1331000E+01    5.2538437E+00    6.3620791E+01
 0.1500    2.1178224E+01    5.9880018E+00    5.3590092E+01
 0.1600    2.1014779E+01    6.7604353E+00    4.4263149E+01
 0.1700    2.0840889E+01    7.5687463E+00    3.5693829E+01
 0.1800    2.0656847E+01    8.4104437E+00    2.7906629E+01
 0.1900    2.0462934E+01    9.2829280E+00    2.0900347E+01
 0.2000    2.0259325E+01    1.0183447E+01    1.4652397E+01
 0.2100    2.0046055E+01    1.1109061E+01    9.1233928E+00
 0.2200    1.9823088E+01    1.2056647E+01    4.2616658E+00
 0.2300    1.9590425E+01    1.3022950E+01    7.4869038E-03
 0.2400    1.9348171E+01    1.4004650E+01   -3.7031659E+00
 0.2500    1.9096541E+01    1.4998388E+01   -6.9353698E+00
 0.2600    1.8835808E+01    1.6000768E+01   -9.7526018E+00
 0.2700    1.8566251E+01    1.7008328E+01   -1.2214698E+01
 0.2800    1.8288131E+01    1.8017530E+01   -1.4376422E+01
 0.2900    1.8001700E+01    1.9024768E+01   -1.6286604E+01
 0.3000    1.7707222E+01    2.0026396E+01   -1.7987746E+01
 0.3100    1.7405001E+01    2.1018771E+01   -1.9516034E+01
 0.3200    1.7095415E+01    2.1998317E+01   -2.0901637E+01
 0.3300    1.6778926E+01    2.2961587E+01   -2.2169205E+01
 0.3400    1.6456063E+01    2.3905269E+01   -2.3338449E+01
 0.3500    1.6127349E+01    2.4826125E+01   -2.4424691E+01
 0.3600    1.5793225E+01    2.5720873E+01   -2.5439398E+01
 0.3700    1.5454036E+01    2.6586136E+01   -2.6390737E+01
 0.3800    1.5110084E+01    2.7418516E+01   -2.7284220E+01
 0.3900    1.4761729E+01    2.8214756E+01   -2.8123375E+01
 0.4000    1.4409431E+01    2.8971880E+01   -2.8910318E+01
 0.4100    1.4053727E+01    2.9687191E+01   -2.9646130E+01
 0.4200    1.3695159E+01    3.0358164E+01   -3.0331051E+01
 0.4300    1.3334206E+01    3.0982320E+01   -3.0964593E+01
 0.4400    1.2971298E+01    3.1557215E+01   -3.1545741E+01
 0.4500    1.2606871E+01    3.2080580E+01   -3.2073227E+01
 0.4600    1.2241427E+01    3.2550492E+01   -3.2545827E+01
 0.4700    1.1875543E+01    3.2965454E+01   -3.2962524E+01
 0.4800    1.1509831E+01    3.3324321E+01   -3.3322498E+01
 0.4900    1.1144875E+01    3.3626157E+01   -3.3625035E+01
 0.5000    1.0781200E+01    3.3870140E+01   -3.3869456E+01
 0.5100    1.0419290E+01    3.4055586E+01   -3.4055173E+01
 0.5200    1.0059629E+01    3.4182084E+01   -3.4181837E+01
 0.5300    9.7027274E+00    3.4249594E+01   -3.4249449E+01
 0.5400    9.3490988E+00    3.4258405E+01   -3.4258319E+01
 0.5500    8.9992011E+00    3.4208907E+01   -3.4208858E+01
 0.5600    8.6533867E+00    3.4101386E+01   -3.4101357E+01
 0.5700    8.3119241E+00    3.3936039E+01   -3.3936022E+01
 0.5800    7.9750923E+00    3.3713324E+01   -3.3713314E+01
 0.5900    7.6432816E+00    3.3434417E+01   -3.3434412E+01
 0.6000    7.3170234E+00    3.3101434E+01   -3.3101431E+01
 0.6100    6.9969185E+00    3.2717217E+01   -3.2717215E+01
 0.6200    6.6835151E+00    3.2284806E+01   -3.2284805E+01
 0.6300    6.3772165E+00    3.1806957E+01   -3.1806957E+01
 0.6400    6.0782708E+00    3.1285987E+01   -3.1285986E+01
 0.6500    5.7868304E+00    3.0723970E+01   -3.0723970E+01
 0.6600    5.5030307E+00    3.0123100E+01   -3.0123100E+01
 0.6700    5.2270437E+00    2.9485982E+01   -2.9485982E+01
 0.6800    4.9590933E+00    2.8815753E+01   -2.8815753E+01
 0.6900    4.6994376E+00    2.8116026E+01   -2.8116026E+01
 0.7000    4.4483205E+00    2.7390629E+01   -2.7390629E+01
 0.7100    4.2059137E+00    2.6643233E+01   -2.6643233E+01
 0.7200    3.9722863E+00    2.5877088E+01   -2.5877088E+01
 0.7300    3.7474290E+00    2.5095104E+01   -2.5095104E+01
 0.7400    3.5313117E+00    2.4300172E+01   -2.4300172E+01
 0.7500    3.3239186E+00    2.3495396E+01   -2.3495396E+01
 0.7600    3.1252384E+00    2.2684030E+01   -2.2684030E+01
 0.7700    2.9352330E+00    2.1869250E+01   -2.1869250E+01
 0.7800    2.7538257E+00    2.1054044E+01   -2.1054044E+01
 0.7900    2.5809206E+00    2.0241313E+01   -2.0241313E+01
 0.8000    2.4164290E+00    1.9434075E+01   -1.9434075E+01
 0.8100    2.2602801E+00    1.8635548E+01   -1.8635548E+01
 0.8200    2.1124035E+00    1.7849023E+01   -1.7849023E+01
 0.8300    1.9726995E+00    1.7077605E+01   -1.7077605E+01
 0.8400    1.8410138E+00    1.6323958E+01   -1.6323958E+01
 0.8500    1.7171330E+00    1.5590199E+01   -1.5590199E+01
 0.8600    1.6008002E+00    1.4877977E+01   -1.4877977E+01
 0.8700    1.4917426E+00    1.4188688E+01   -1.4188688E+01
 0.8800    1.3896952E+00    1.3523676E+01   -1.3523676E+01
 0.8900    1.2944093E+00    1.2884320E+01   -1.2884320E+01
 0.9000    1.2056443E+00    1.2271964E+01   -1.2271964E+01
 0.9100    1.1231524E+00    1.1687762E+01   -1.1687762E+01
 0.9200    1.0466690E+00    1.1132556E+01   -1.1132556E+01
 0.9300    9.7591158E-01    1.0606845E+01   -1.0606845E+01
 0.9400    9.1058527E-01    1.0110816E+01   -1.0110816E+01
 0.9500    8.5038808E-01    9.6443783E+00   -9.6443783E+00
 0.9600    7.9501365E-01    9.2071859E+00   -9.2071859E+00
 0.9700    7.4415325E-01    8.7986434E+00   -8.7986434E+00
 0.9800    6.9749837E-01    8.4179281E+00   -8.4179281E+00
 0.9900    6.5474279E-01    8.0640086E+00   -8.0640086E+00
 1.0000    6.1558288E-01    7.7356426E+00   -7.7356426E+00
 1.0100    5.7971647E-01    7.4313592E+00   -7.4313592E+00
 1.0200    5.4684262E-01    7.1494488E+00   -7.1494488E+00
 1.0300    5.1666347E-01    6.8879831E+00   -6.8879831E+00
 1.0400    4.8888846E-01    6.6448675E+00   -6.6448675E+00
 1.0500    4.6323993E-01    6.4179222E+00   -6.4179222E+00
 1.0600    4.3945975E-01    6.2049845E+00   -6.2049845E+00
 1.0700    4.1731563E-01    6.0040192E+00   -6.0040192E+00
 1.0800    3.9660603E-01    5.8132190E+00   -5.8132190E+00
 1.0900    3.7716277E-01    5.6310797E+00   -5.6310797E+00
 1.1000    3.5885082E-01    5.4564375E+00   -5.4564375E+00
 1.1100    3.4156478E-01    5.2884562E+00   -5.2884562E+00
 1.1200    3.2522243E-01    5.1265643E+00   -5.1265643E+00
 1.1300    3.0975741E-01    4.9703670E+00   -4.9703670E+00
 1.1400    2.9511354E-01    4.8195745E+00   -4.8195745E+00
 1.1500    2.8124197E-01    4.6739673E+00   -4.6739673E+00
 1.1600    2.6810001E-01    4.5333856E+00   -4.5333856E+00
 1.1700    2.5564976E-01    4.3977140E+00   -4.3977140E+00
 1.1800    2.4385628E-01    4.2668544E+00   -4.2668544E+00
 1.1900    2.3268619E-01    4.1407060E+00   -4.1407060E+00
 1.2000    2.2210754E-01    4.0191633E+00   -4.0191633E+00
 1.2100    2.1209028E-01    3.9021266E+00   -3.9021266E+00
 1.2200    2.0260636E-01    3.7895060E+00   -3.7895060E+00
 1.2300    1.9362928E-01    3.6812145E+00   -3.6812145E+00
 1.2400    1.8513359E-01    3.5771608E+00   -3.5771608E+00
 1.2500    1.7709482E-01    3.4772486E+00   -3.4772486E+00
 1.2600    1.6948956E-01    3.3813795E+00   -3.3813795E+00
 1.2700    1.6229531E-01    3.2894499E+00   -3.2894499E+00
 1.2800    1.5548985E-01    3.2013403E+00   -3.2013403E+00
 1.2900    1.4905103E-01    3.1169101E+00   -3.1169101E+00
 1.3000    1.4295722E-01    3.0360063E+00   -3.0360063E+00
 1.3100    1.3718837E-01    2.9584876E+00   -2.9584876E+00
 1.3200    1.3172689E-01    2.8842452E+00   -2.8842452E+00
 1.3300    1.2655751E-01    2.8132030E+00   -2.8132030E+00
 1.3400    1.2166596E-01    2.7452920E+00   -2.7452920E+00
 1.3500    1.1703759E-01    2.6804196E+00   -2.6804196E+00
 1.3600    1.1265714E-01    2.6184629E+00   -2.6184629E+00
 1.3700    1.0850999E-01    2.5592972E+00   -2.5592972E+00
 1.3800    1.0458407E-01    2.5028427E+00   -2.5028427E+00
 1.3900    1.0087052E-01    2.4490842E+00   -2.4490842E+00
 1.4000    9.7361982E-02    2.3980340E+00   -2.3980340E+00
 1.4100    9.4049239E-02    2.3496511E+00   -2.3496511E+00
 1.4200    9.0918789E-02    2.3037757E+00   -2.3037757E+00
 1.4300    8.7953512E-02    2.2601389E+00   -2.2601389E+00
 1.4400    8.5136302E-02    2.2184499E+00   -2.2184499E+00
 1.4500    8.2454051E-02    2.1785015E+00   -2.1785015E+00
 1.4600    7.9899136E-02    2.1402162E+00   -2.1402162E+00
 1.4700    7.7467742E-02    2.1036110E+00   -2.1036110E+00
 1.4800    7.5156742E-02    2.0687178E+00   -2.0687178E+00
 1.4900    7.2961550E-02    2.0355251E+00   -2.0355251E+00
 1.5000    7.0876070E-02    2.0039737E+00   -2.0039737E+00
 1.5100    6.8894020E-02    1.9739915E+00   -1.9739915E+00
 1.5200    6.7009956E-02    1.9455230E+00   -1.9455230E+00
 1.5300    6.5218822E-02    1.9185171E+00   -1.9185171E+00
 1.5400    6.3514432E-02    1.8928828E+00   -1.8928828E+00
 1.5500    6.1888551E-02    1.8684590E+00   -1.8684590E+00
 1.5600    6.0331881E-02    1.8450406E+00   -1.8450406E+00
 1.5700    5.8836448E-02    1.8224500E+00   -1.8224500E+00
 1.5800    5.7397549E-02    1.8006006E+00   -1.8006006E+00
 1.5900    5.6013939E-02    1.7795091E+00   -1.7795091E+00
 1.6000    5.4686581E-02    1.7592623E+00   -1.7592623E+00
 1.6100    5.3417020E-02    1.7399680E+00   -1.7399680E+00
 1.6200    5.2206012E-02    1.7217116E+00   -1.7217116E+00
 1.6300    5.1052573E-02    1.7045224E+00   -1.7045224E+00
 1.6400    4.9953705E-02    1.6883608E+00   -1.6883608E+00
 1.6500    4.8904933E-02    1.6731328E+00   -1.6731328E+00
 1.6600    4.7901225E-02    1.6587184E+00   -1.6587184E+00
 1.6700    4.6937538E-02    1.6449894E+00   -1.6449894E+00
 1.6800    4.6008808E-02    1.6318093E+00   -1.6318093E+00
 1.6900    4.5110003E-02    1.6190346E+00   -1.6190346E+00
 1.7000    4.4236825E-02    1.6065404E+00   -1.6065404E+00
 1.7100    4.3386726E-02    1.5942593E+00   -1.5942593E+00
 1.7200    4.2559271E-02    1.5821984E+00   -1.5821984E+00
 1.7300    4.1755365E-02    1.5704147E+00   -1.5704147E+00
 1.7400    4.0975919E-02    1.5589675E+00   -1.5589675E+00
 1.7500    4.0221023E-02    1.5478864E+00   -1.5478864E+00
 1.7600    3.9490097E-02    1.5371753E+00   -1.5371753E+00
 1.7700    3.8782518E-02    1.5268360E+00   -1.5268360E+00
 1.7800    3.8097900E-02    1.5168789E+00   -1.5168789E+00
 1.7900    3.7435739E-02    1.5073092E+00   -1.5073092E+00
 1.8000    3.6794924E-02    1.4981069E+00   -1.4981069E+00
 1.8100    3.6173743E-02    1.4892255E+00   -1.4892255E+00
 1.8200    3.5570314E-02    1.4806089E+00   -1.4806089E+00
 1.8300    3.4982848E-02    1.4722013E+00   -1.4722013E+00
 1.8400    3.4409420E-02    1.4639386E+00   -1.4639386E+00
 1.8500    3.3847804E-02    1.4557400E+00   -1.4557400E+00
 1.8600    3.3295976E-02    1.4475297E+00   -1.4475297E+00
 1.8700    3.2753057E-02    1.4392788E+00   -1.4392788E+00
 1.8800    3.2219679E-02    1.4310235E+00   -1.4310235E+00
 1.8900    3.1697167E-02    1.4228330E+00   -1.4228330E+00
 1.9000    3.1186135E-02    1.4147465E+00   -1.4147465E+00
 1.9100    3.0685696E-02    1.4067359E+00   -1.4067359E+00
 1.9200    3.0193912E-02    1.3987230E+00   -1.3987230E+00
 1.9300    2.9708958E-02    1.3906310E+00   -1.3906310E+00
 1.9400    2.9230026E-02    1.3824280E+00   -1.3824280E+00
 1.9500    2.8757386E-02    1.3741321E+00   -1.3741321E+00
 1.9600    2.8291804E-02    1.3657860E+00   -1.3657860E+00
 1.9700    2.7833942E-02    1.3574287E+00   -1.3574287E+00
 1.9800    2.7384152E-02    1.3490857E+00   -1.3490857E+00
 1.9900    2.6942613E-02    1.3407745E+00   -1.3407745E+00
 2.0000    2.6509457E-02    1.3325106E+00   -1.3325106E+00
 2.0100    2.6084633E-02    1.3243010E+00   -1.3243010E+00
 2.0200    2.5667644E-02    1.3161295E+00   -1.3161295E+00
 2.0300    2.5257545E-02    1.3079558E+00   -1.3079558E+00
 2.0400    2.4853415E-02    1.2997394E+00   -1.2997394E+00
 2.0500    2.4455020E-02    1.2914738E+00   -1.2914738E+00
 2.0600    2.4063038E-02    1.2832012E+00   -1.2832012E+00
 2.0700    2.3678372E-02    1.2749771E+00   -1.2749771E+00
 2.0800    2.3300861E-02    1.2668013E+00   -1.2668013E+00
 2.0900    2.2928418E-02    1.2585675E+00   -1.2585675E+00
 2.1000    2.2557580E-02    1.2500891E+00   -1.2500891E+00
 2.1100    2.2185348E-02    1.2411979E+00   -1.2411979E+00
 2.1200    2.1810941E-02    1.2318448E+00   -1.2318448E+00
 2.1300    2.1436064E-02    1.2221208E+00   -1.2221208E+00
 2.1400    2.1063602E-02    1.2121882E+00   -1.2121882E+00
 2.1500    2.0696025E-02    1.2021917E+00   -1.2021917E+00
 2.1600    2.0334801E-02    1.1922224E+00   -1.1922224E+00
 2.1700    1.9980872E-02    1.1823438E+00   -1.1823438E+00
 2.1800    1.9635274E-02    1.1726268E+00   -1.1726268E+00
 2.1900    1.9299036E-02    1.1631446E+00   -1.1631446E+00
 2.2000    1.8972451E-02    1.1539279E+00   -1.1539279E+00
 2.2100    1.8654426E-02    1.1449231E+00   -1.1449231E+00
 2.2200    1.8342532E-02    1.1359915E+00   -1.1359915E+00
 2.2300    1.8033779E-02    1.1269544E+00   -1.1269544E+00
 2.2400    1.7725736E-02    1.1176612E+00   -1.1176612E+00
 2.2500    1.7417460E-02    1.1080509E+00   -1.1080509E+00
 2.2600    1.7109836E-02    1.0981776E+00   -1.0981776E+00
 2.2700    1.6805134E-02    1.0881871E+00   -1.0881871E+00
 2.2800    1.6505970E-02    1.0782528E+00   -1.0782528E+00
 2.2900    1.6214152E-02    1.0685013E+00   -1.0685013E+00
 2.3000    1.5929949E-02    1.0589609E+00   -1.0589609E+00
 2.3100    1.5652092E-02    1.0495575E+00   -1.0495575E+00
 2.3200    1.5378496E-02    1.0401589E+00   -1.0401589E+00
 2.3300    1.5107325E-02    1.0306454E+00   -1.0306454E+00
 2.3400    1.4837836E-02    1.0209680E+00   -1.0209680E+00
 2.3500    1.4570477E-02    1.0111588E+00   -1.0111588E+00
 2.3600    1.4306265E-02    1.0012906E+00   -1.0012906E+00
 2.3700    1.4045937E-02    9.9141908E-01   -9.9141908E-01
 2.3800    1.3789517E-02    9.8155092E-01   -9.8155092E-01
 2.3900    1.3536507E-02    9.7165540E-01   -9.7165540E-01
 2.4000    1.3286404E-02    9.6170041E-01   -9.6170041E-01
 2.4100    1.3039111E-02    9.5168216E-01   -9.5168216E-01
 2.4200    1.2795003E-02    9.4163154E-01   -9.4163154E-01
 2.4300    1.2554739E-02    9.3160132E-01   -9.3160132E-01
 2.4400    1.2318974E-02    9.2164580E-01   -9.2164580E-01
 2.4500    1.2088089E-02    9.1180020E-01   -9.1180020E-01
 2.4600    1.1861970E-02    9.0206307E-01   -9.0206307E-01
 2.4700    1.1639940E-02    8.9238960E-01   -8.9238960E-01
 2.4800    1.1420974E-02    8.8270662E-01   -8.8270662E-01
 2.4900    1.1204186E-02    8.7294898E-01   -8.7294898E-01
 2.5000    1.0989302E-02    8.6309779E-01   -8.6309779E-01
 2.5100    1.0776816E-02    8.5319396E-01   -8.5319396E-01
 2.5200    1.0567688E-02    8.4331711E-01   -8.4331711E-01
 2.5300    1.0362806E-02    8.3354351E-01   -8.3354351E-01
 2.5400    1.0162513E-02    8.2390742E-01   -8.2390742E-01
 2.5500    9.9664344E-03    8.1438551E-01   -8.1438551E-01
 2.5600    9.7737038E-03    8.0491305E-01   -8.0491305E-01
 2.5700    9.5834980E-03    7.9542671E-01   -7.9542671E-01
 2.5800    9.3955892E-03    7.8591087E-01   -7.8591087E-01
 2.5900    9.2105235E-03    7.7641462E-01   -7.7641462E-01
 2.6000    9.0292499E-03    7.6702273E-01   -7.6702273E-01
 2.6100    8.8524663E-03    7.5780097E-01   -7.5780097E-01
 2.6200    8.6802438E-03    7.4876299E-01   -7.4876299E-01
 2.6300    8.5122912E-03    7.3989115E-01   -7.3989115E-01
 2.6400    8.3485999E-03    7.3119189E-01   -7.3119189E-01
 2.6500    8.1897487E-03    7.2272352E-01   -7.2272352E-01
 2.6600    8.0363837E-03    7.1455194E-01   -7.1455194E-01
 2.6700    7.8882220E-03    7.0666163E-01   -7.0666163E-01
 2.6800    7.7435180E-03    6.9890438E-01   -6.9890438E-01
 2.6900    7.5996146E-03    6.9104447E-01   -6.9104447E-01
 2.7000    7.4542511E-03    6.8287531E-01   -6.8287531E-01
 2.7100    7.3066591E-03    6.7432194E-01   -6.7432194E-01
 2.7200    7.1577028E-03    6.6545905E-01   -6.6545905E-01
 2.7300    7.0090988E-03    6.5644348E-01   -6.5644348E-01
 2.7400    6.8623962E-03    6.4742099E-01   -6.4742099E-01
 2.7500    6.7184431E-03    6.3847500E-01   -6.3847500E-01
 2.7600    6.5775494E-03    6.2963976E-01   -6.2963976E-01
 2.7700    6.4399613E-03    6.2094432E-01   -6.2094432E-01
 2.7800    6.3060965E-03    6.1243509E-01   -6.1243509E-01
 2.7900    6.1763312E-03    6.0415566E-01   -6.0415566E-01
 2.8000    6.0505832E-03    5.9610555E-01   -5.9610555E-01
 2.8100    5.9280734E-03    5.8821498E-01   -5.8821498E-01
 2.8200    5.8074532E-03    5.8035510E-01   -5.8035510E-01
 2.8300    5.6872234E-03    5.7237812E-01   -5.7237812E-01
 2.8400    5.5662690E-03    5.6417097E-01   -5.6417097E-01
 2.8500    5.4443560E-03    5.5570730E-01   -5.5570730E-01
 2.8600    5.3224281E-03    5.4708113E-01   -5.4708113E-01
 2.8700    5.2024799E-03    5.3849797E-01   -5.3849797E-01
 2.8800    5.0868433E-03    5.3020425E-01   -5.3020425E-01
 2.8900    4.9770613E-03    5.2237038E-01   -5.2237038E-01
 2.9000    4.8729716E-03    5.1499112E-01   -5.1499112E-01
 2.9100    4.7727166E-03    5.0788045E-01   -5.0788045E-01
 2.9200    4.6738676E-03    5.0078576E-01   -5.0078576E-01
 2.9300    4.5750094E-03    4.9355675E-01   -4.9355675E-01
 2.9400    4.4766846E-03    4.8625158E-01   -4.8625158E-01
 2.9500    4.3809628E-03    4.7909701E-01   -4.7909701E-01
 2.9600    4.2898909E-03    4.7232347E-01   -4.7232347E-01
 2.9700    4.2039574E-03    4.6599480E-01   -4.6599480E-01
 2.9800    4.1217507E-03    4.5996428E-01   -4.5996428E-01
 2.9900    4.0410309E-03    4.5398804E-01   -4.5398804E-01
 3.0000    3.9602583E-03    4.4789466E-01   -4.4789466E-01
 3.0100    3.8793092E-03    4.4166934E-01   -4.4166934E-01
 3.0200    3.7989633E-03    4.3540042E-01   -4.3540042E-01
 3.0300    3.7198643E-03    4.2916295E-01   -4.2916295E-01
 3.0400    3.6419807E-03    4.2295549E-01   -4.2295549E-01
 3.0500    3.5649376E-03    4.1673644E-01   -4.1673644E-01
 3.0600    3.4887135E-03    4.1050459E-01   -4.1050459E-01
 3.0700    3.4139184E-03    4.0433352E-01   -4.0433352E-01
 3.0800    3.3413616E-03    3.9832244E-01   -3.9832244E-01
 3.0900    3.2713125E-03    3.9250831E-01   -3.9250831E-01
 3.1000    3.2031297E-03    3.8681898E-01   -3.8681898E-01
 3.1100    3.1356056E-03    3.8111152E-01   -3.8111152E-01
 3.1200    3.0677784E-03    3.7526930E-01   -3.7526930E-01
 3.1300    2.9996004E-03    3.6928524E-01   -3.6928524E-01
 3.1400    2.9319858E-03    3.6327125E-01   -3.6327125E-01
 3.1500    2.8662587E-03    3.5739325E-01   -3.5739325E-01
 3.1600    2.8034272E-03    3.5178175E-01   -3.5178175E-01
 3.1700    2.7437097E-03    3.4647072E-01   -3.4647072E-01
 3.1800    2.6864792E-03    3.4138748E-01   -3.4138748E-01
 3.1900    2.6305801E-03    3.3638976E-01   -3.3638976E-01
 3.2000    2.5748688E-03    3.3133318E-01   -3.3133318E-01
 3.2100    2.5187338E-03    3.2613859E-01   -3.2613859E-01
 3.2200    2.4623082E-03    3.2082190E-01   -3.2082190E-01
 3.2300    2.4062461E-03    3.1546774E-01   -3.1546774E-01
 3.2400    2.3512332E-03    3.1016700E-01   -3.1016700E-01
 3.2500    2.2975619E-03    3.0496065E-01   -3.0496065E-01
 3.2600    2.2450120E-03    2.9982216E-01   -2.9982216E-01
 3.2700    2.1930772E-03    2.9468586E-01   -2.9468586E-01
 3.2800    2.1414276E-03    2.8950825E-01   -2.8950825E-01
 3.2900    2.0903580E-03    2.8432977E-01   -2.8432977E-01
 3.3000    2.0408762E-03    2.7928937E-01   -2.7928937E-01
 3.3100    1.9942204E-03    2.7456110E-01   -2.7456110E-01
 3.3200    1.9510289E-03    2.7024007E-01   -2.7024007E-01
 3.3300    1.9107679E-03    2.6626021E-01   -2.6626021E-01
 3.3400    1.8719308E-03    2.6241738E-01   -2.6241738E-01
 3.3500    1.8329213E-03    2.5848973E-01   -2.5848973E-01
 3.3600    1.7929479E-03    2.5436426E-01   -2.5436426E-01
 3.3700    1.7522436E-03    2.5007147E-01   -2.5007147E-01
 3.3800    1.7115231E-03    2.4571181E-01   -2.4571181E-01
 3.3900    1.6712497E-03    2.4135184E-01   -2.4135184E-01
 3.4000    1.6313811E-03    2.3698624E-01   -2.3698624E-01
 3.4100    1.5917441E-03    2.3259044E-01   -2.3259044E-01
 3.4200    1.5525753E-03    2.2819953E-01   -2.2819953E-01
 3.4300    1.5146330E-03    2.2392651E-01   -2.2392651E-01
 3.4400    1.4787231E-03    2.1989411E-01   -2.1989411E-01
 3.4500    1.4450602E-03    2.1613943E-01   -2.1613943E-01
 3.4600    1.4130489E-03    2.1257846E-01   -2.1257846E-01
 3.4700    1.3816761E-03    2.0906198E-01   -2.0906198E-01
 3.4800    1.3501578E-03    2.0547212E-01   -2.0547212E-01
 3.4900    1.3183145E-03    2.0178076E-01   -2.0178076E-01
 3.5000    1.2864550E-03    1.9803436E-01   -1.9803436E-01
 3.5100    1.2549561E-03    1.9429097E-01   -1.9429097E-01
 3.5200    1.2238775E-03    1.9056062E-01   -1.9056062E-01
 3.5300    1.1928550E-03    1.8678713E-01   -1.8678713E-01
 3.5400    1.1613256E-03    1.8288177E-01   -1.8288177E-01
 3.5500    1.1289605E-03    1.7879086E-01   -1.7879086E-01
 3.5600    1.0960359E-03    1.7455595E-01   -1.7455595E-01
 3.5700    1.0634610E-03    1.7032086E-01   -1.7032086E-01
 3.5800    1.0323774E-03    1.6627020E-01   -1.6627020E-01
 3.5900    1.0035686E-03    1.6253460E-01   -1.6253460E-01
 3.6000    9.7708220E-04    1.5912777E-01   -1.5912777E-01
 3.6100    9.5230736E-04    1.5595576E-01   -1.5595576E-01
 3.6200    9.2837981E-04    1.5288071E-01   -1.5288071E-01
 3.6300    9.0458124E-04    1.4978582E-01   -1.4978582E-01
 3.6400    8.8049447E-04    1.4660179E-01   -1.4660179E-01
 3.6500    8.5591755E-04    1.4329384E-01   -1.4329384E-01
 3.6600    8.3070067E-04    1.3983523E-01   -1.3983523E-01
 3.6700    8.0468559E-04    1.3619721E-01   -1.3619721E-01
 3.6800    7.7783432E-04    1.3237092E-01   -1.3237092E-01
 3.6900    7.5047116E-04    1.2840934E-01   -1.2840934E-01
 3.7000    7.2341360E-04    1.2445146E-01   -1.2445146E-01
 3.7100    6.9777421E-04    1.2069036E-01   -1.2069036E-01
 3.7200    6.7444288E-04    1.1728458E-01   -1.1728458E-01
 3.7300    6.5355913E-04    1.1426479E-01   -1.1426479E-01
 3.7400    6.3437645E-04    1.1150648E-01   -1.1150648E-01
 3.7500    6.1566381E-04    1.0879678E-01   -1.0879678E-01
 3.7600    5.9637919E-04    1.0595173E-01   -1.0595173E-01
 3.7700    5.7615322E-04    1.0290360E-01   -1.0290360E-01
 3.7800    5.5530398E-04    9.9706678E-02   -9.9706678E-02
 3.7900    5.3447804E-04    9.6475747E-02   -9.6475747E-02
 3.8000    5.1424813E-04    9.3314639E-02   -9.3314639E-02
 3.8100    4.9492841E-04    9.0282214E-02   -9.0282214E-02
 3.8200    4.7660939E-04    8.7397534E-02   -8.7397534E-02
 3.8300    4.5922944E-04    8.4651983E-02   -8.4651983E-02
 3.8400    4.4255001E-04    8.2003931E-02   -8.2003931E-02
 3.8500    4.2609461E-04    7.9366524E-02   -7.9366524E-02
 3.8600    4.0922113E-04    7.6620067E-02   -7.6620067E-02
 3.8700    3.9139974E-04    7.3663495E-02   -7.3663495E-02
 3.8800    3.7255145E-04    7.0478974E-02   -7.0478974E-02
 3.8900    3.5317571E-04    6.7158330E-02   -6.7158330E-02
 3.9000    3.3411349E-04    6.3860615E-02   -6.3860615E-02
 3.9100    3.1609322E-04    6.0726544E-02   -6.0726544E-02
 3.9200    2.9940011E-04    5.7814124E-02   -5.7814124E-02
 3.9300    2.8387714E-04    5.5096674E-02   -5.5096674E-02
 3.9400    2.6914655E-04    5.2503846E-02   -5.2503846E-02
 3.9500    2.5478949E-04    4.9955760E-02   -4.9955760E-02
 3.9600    2.4037005E-04    4.7367514E-02   -4.7367514E-02
 3.9700    2.2541448E-04    4.4644985E-02   -4.4644985E-02
 3.9800    2.0949508E-04    4.1701323E-02   -4.1701323E-02
 3.9900    1.9241214E-04    3.8493563E-02   -3.8493563E-02
 4.0000    1.7432562E-04    3.5050245E-02   -3.5050245E-02
 4.0100    1.5572625E-04    3.1467368E-02   -3.1467368E-02
 4.0200    1.3729198E-04    2.7880922E-02   -2.7880922E-02
 4.0300    1.1974968E-04    2.4439613E-02   -2.4439613E-02
 4.0400    1.0377486E-04    2.1284564E-02   -2.1284564E-02
 4.0500    8.9864920E-05    1.8522948E-02   -1.8522948E-02
 4.0600    7.8176540E-05    1.6193412E-02   -1.6193412E-02
 4.0700    6.8450842E-05    1.4248773E-02   -1.4248773E-02
 4.0800    6.0142087E-05    1.2580812E-02   -1.2580812E-02
 4.0900    5.2679703E-05    1.1073880E-02   -1.1073880E-02
 4.1000    4.5654600E-05    9.6441092E-03   -9.6441092E-03
 4.1100    3.8810283E-05    8.2383515E-03   -8.2383515E-03
 4.1200    3.1924674E-05    6.8097438E-03   -6.8097438E-03
 4.1300    2.4749534E-05    5.3048975E-03   -5.3048975E-03
 4.1400    1.7073836E-05    3.6774066E-03   -3.6774066E-03
 4.1500    8.8362030E-06    1.9123692E-03   -1.9123692E-03
 4.1600    1.6123400E-07    3.5063329E-05   -3.5063329E-05
 4.1700   -8.7363307E-06   -1.9090225E-03    1.9090225E-03
 4.1800   -1.7694799E-05   -3.8851524E-03    3.8851524E-03
 4.1900   -2.6630069E-05   -5.8750315E-03    5.8750315E-03
 4.2000   -3.5391477E-05   -7.8452562E-03    7.8452562E-03
 4.2100   -4.3629640E-05   -9.7175254E-03    9.7175254E-03
 4.2200   -5.0898443E-05   -1.1390408E-02    1.1390408E-02
 4.2300   -5.6946587E-05   -1.2804372E-02    1.2804372E-02
 4.2400   -6.1895993E-05   -1.3983121E-02    1.3983121E-02
 4.2500   -6.6109826E-05   -1.5005613E-02    1.5005613E-02
 4.2600   -6.9895093E-05   -1.5939539E-02    1.5939539E-02
 4.2700   -7.3326901E-05   -1.6800761E-02    1.6800761E-02
 4.2800   -7.6293953E-05   -1.7562548E-02    1.7562548E-02
 4.2900   -7.8648171E-05   -1.8189178E-02    1.8189178E-02
 4.3000   -8.0338076E-05   -1.8666728E-02    1.8666728E-02
 4.3100   -8.1511300E-05   -1.9027522E-02    1.9027522E-02
 4.3200   -8.2591429E-05   -1.9369229E-02    1.9369229E-02
 4.3300   -8.4262753E-05   -1.9852779E-02    1.9852779E-02
 4.3400   -8.7263136E-05   -2.0654759E-02    2.0654759E-02
 4.3500   -9.1988761E-05   -2.1873745E-02    2.1873745E-02
 4.3600   -9.8127139E-05   -2.3440776E-02    2.3440776E-02
 4.3700   -1.0465367E-04   -2.5114654E-02    2.5114654E-02
 4.3800   -1.1031904E-04   -2.6595524E-02    2.6595524E-02
 4.3900   -1.1431075E-04   -2.7683817E-02    2.7683817E-02
 4.4000   -1.1656216E-04   -2.8357819E-02    2.8357819E-02
 4.4100   -1.1751045E-04   -2.8718617E-02    2.8718617E-02
 4.4200   -1.1763371E-04   -2.8879270E-02    2.8879270E-02
 4.4300   -1.1722558E-04   -2.8909443E-02    2.8909443E-02
 4.4400   -1.1649480E-04   -2.8859070E-02    2.8859070E-02
 4.4500   -1.1570660E-04   -2.8793074E-02    2.8793074E-02
 4.4600   -1.1512761E-04   -2.8777899E-02    2.8777899E-02
 4.4700   -1.1485482E-04   -2.8838598E-02    2.8838598E-02
 4.4800   -1.1477259E-04   -2.8947034E-02    2.8947034E-02
 4.4900   -1.1471764E-04   -2.9062486E-02    2.9062486E-02
 4.5000   -1.1468022E-04   -2.9182561E-02    2.9182561E-02
 4.5100   -1.1483486E-04   -2.9351932E-02    2.9351932E-02
 4.5200   -1.1539166E-04   -2.9625190E-02    2.9625190E-02
 4.5300   -1.1643658E-04   -3.0025877E-02    3.0025877E-02
 4.5400   -1.1790111E-04   -3.0537921E-02    3.0537921E-02
 4.5500   -1.1964169E-04   -3.1125419E-02    3.1125419E-02
 4.5600   -1.2151716E-04   -3.1752445E-02    3.1752445E-02
 4.5700   -1.2340381E-04   -3.2387007E-02    3.2387007E-02
 4.5800   -1.2518446E-04   -3.2998276E-02    3.2998276E-02
 4.5900   -1.2676963E-04   -3.3562203E-02    3.3562203E-02
 4.6000   -1.2814677E-04   -3.4074790E-02    3.4074790E-02
 4.6100   -1.2939552E-04   -3.4556596E-02    3.4556596E-02
 4.6200   -1.3062235E-04   -3.5035741E-02    3.5035741E-02
 4.6300   -1.3184421E-04   -3.5516724E-02    3.5516724E-02
 4.6400   -1.3291123E-04   -3.5958992E-02    3.5958992E-02
 4.6500   -1.3354202E-04   -3.6285550E-02    3.6285550E-02
 4.6600   -1.3346191E-04   -3.6419925E-02    3.6419925E-02
 4.6700   -1.3255518E-04   -3.6327902E-02    3.6327902E-02
 4.6800   -1.3092986E-04   -3.6036307E-02    3.6036307E-02
 4.6900   -1.2885811E-04   -3.5617819E-02    3.5617819E-02
 4.7000   -1.2664504E-04   -3.5155538E-02    3.5155538E-02
 4.7100   -1.2452376E-04   -3.4713939E-02    3.4713939E-02
 4.7200   -1.2263716E-04   -3.4333330E-02    3.4333330E-02
 4.7300   -1.2108675E-04   -3.4043073E-02    3.4043073E-02
 4.7400   -1.1998315E-04   -3.3875585E-02    3.3875585E-02
 4.7500   -1.1944388E-04   -3.3865773E-02    3.3865773E-02
 4.7600   -1.1951908E-04   -3.4029927E-02    3.4029927E-02
 4.7700   -1.2007159E-04   -3.4331033E-02    3.4331033E-02
 4.7800   -1.2070624E-04   -3.4657353E-02    3.4657353E-02
 4.7900   -1.2087460E-04   -3.4851055E-02    3.4851055E-02
 4.8000   -1.2017272E-04   -3.4793508E-02    3.4793508E-02
 4.8100   -1.1864710E-04   -3.4495078E-02    3.4495078E-02
 4.8200   -1.1684765E-04   -3.4113314E-02    3.4113314E-02
 4.8300   -1.1554946E-04   -3.3874433E-02    3.3874433E-02
 4.8400   -1.1534353E-04   -3.3954226E-02    3.3954226E-02
 4.8500   -1.1638099E-04   -3.4401342E-02    3.4401342E-02
 4.8600   -1.1837327E-04   -3.5134685E-02    3.5134685E-02
 4.8700   -1.2072913E-04   -3.5981550E-02    3.5981550E-02
 4.8800   -1.2269445E-04   -3.6717611E-02    3.6717611E-02
 4.8900   -1.2351456E-04   -3.7114683E-02    3.7114683E-02
 4.9000   -1.2269111E-04   -3.7018185E-02    3.7018185E-02
 4.9100   -1.2024180E-04   -3.6427413E-02    3.6427413E-02
 4.9200   -1.1672727E-04   -3.5506870E-02    3.5506870E-02
 4.9300   -1.1295359E-04   -3.4498782E-02    3.4498782E-02
 4.9400   -1.0957685E-04   -3.3603351E-02    3.3603351E-02
 4.9500   -1.0693628E-04   -3.2926481E-02    3.2926481E-02
 4.9600   -1.0518010E-04   -3.2516726E-02    3.2516726E-02
 4.9700   -1.0442516E-04   -3.2413639E-02    3.2413639E-02
 4.9800   -1.0468592E-04   -3.2625474E-02    3.2625474E-02
 4.9900   -1.0562899E-04   -3.3051720E-02    3.3051720E-02
 5.0000   -1.0648641E-04   -3.3453694E-02    3.3453694E-02
 5.0100   -1.0636006E-04   -3.3547788E-02    3.3547788E-02
 5.0200   -1.0475026E-04   -3.3172058E-02    3.3172058E-02
 5.0300   -1.0187999E-04   -3.2391774E-02    3.2391774E-02
 5.0400   -9.8551059E-05   -3.1458081E-02    3.1458081E-02
 5.0500   -9.5669967E-05   -3.0659724E-02    3.0659724E-02
 5.0600   -9.3796596E-05   -3.0178523E-02    3.0178523E-02
 5.0700   -9.2953637E-05   -3.0025633E-02    3.0025633E-02
 5.0800   -9.2703544E-05   -3.0063091E-02    3.0063091E-02
 5.0900   -9.2384388E-05   -3.0077658E-02    3.0077658E-02
 5.1000   -9.1403300E-05   -2.9875287E-02    2.9875287E-02
 5.1100   -8.9501555E-05   -2.9368533E-02    2.9368533E-02
 5.1200   -8.6887437E-05   -2.8622448E-02    2.8622448E-02
 5.1300   -8.4147756E-05   -2.7828329E-02    2.7828329E-02
 5.1400   -8.1955518E-05   -2.7209108E-02    2.7209108E-02
 5.1500   -8.0734594E-05   -2.6908159E-02    2.6908159E-02
 5.1600   -8.0483954E-05   -2.6928897E-02    2.6928897E-02
 5.1700   -8.0841923E-05   -2.7153611E-02    2.7153611E-02
 5.1800   -8.1295831E-05   -2.7411806E-02    2.7411806E-02
 5.1900   -8.1381532E-05   -2.7546755E-02    2.7546755E-02
 5.2000   -8.0796375E-05   -2.7454177E-02    2.7454177E-02
 5.2100   -7.9442604E-05   -2.7098096E-02    2.7098096E-02
 5.2200   -7.7428031E-05   -2.6512402E-02    2.6512402E-02
 5.2300   -7.5015583E-05   -2.5784857E-02    2.5784857E-02
 5.2400   -7.2518196E-05   -2.5021851E-02    2.5021851E-02
 5.2500   -7.0184086E-05   -2.4309001E-02    2.4309001E-02
 5.2600   -6.8138602E-05   -2.3690519E-02    2.3690519E-02
 5.2700   -6.6403054E-05   -2.3174968E-02    2.3174968E-02
 5.2800   -6.4944989E-05   -2.2752198E-02    2.2752198E-02
 5.2900   -6.3702021E-05   -2.2401362E-02    2.2401362E-02
 5.3000   -6.2572358E-05   -2.2087376E-02    2.2087376E-02
 5.3100   -6.1416269E-05   -2.1761175E-02    2.1761175E-02
 5.3200   -6.0103623E-05   -2.1376361E-02    2.1376361E-02
 5.3300   -5.8585499E-05   -2.0914834E-02    2.0914834E-02
 5.3400   -5.6929267E-05   -2.0399897E-02    2.0399897E-02
 5.3500   -5.5280650E-05   -1.9883396E-02    1.9883396E-02
 5.3600   -5.3778032E-05   -1.9415311E-02    1.9415311E-02
 5.3700   -5.2482245E-05   -1.9018262E-02    1.9018262E-02
 5.3800   -5.1366715E-05   -1.8683413E-02    1.8683413E-02
 5.3900   -5.0361953E-05   -1.8386114E-02    1.8386114E-02
 5.4000   -4.9414718E-05   -1.8107300E-02    1.8107300E-02
 5.4100   -4.8526726E-05   -1.7847828E-02    1.7847828E-02
 5.4200   -4.7757224E-05   -1.7629805E-02    1.7629805E-02
 5.4300   -4.7186356E-05   -1.7483403E-02    1.7483403E-02
 5.4400   -4.6853095E-05   -1.7423923E-02    1.7423923E-02
 5.4500   -4.6708739E-05   -1.7434159E-02    1.7434159E-02
 5.4600   -4.6629982E-05   -1.7468693E-02    1.7468693E-02
 5.4700   -4.6489613E-05   -1.7479960E-02    1.7479960E-02
 5.4800   -4.6228286E-05   -1.7445313E-02    1.7445313E-02
 5.4900   -4.5871051E-05   -1.7373737E-02    1.7373737E-02
 5.5000   -4.5488052E-05   -1.7291497E-02    1.7291497E-02
 5.5100   -4.5146819E-05   -1.7224246E-02    1.7224246E-02
 5.5200   -4.4896377E-05   -1.7190928E-02    1.7190928E-02
 5.5300   -4.4780208E-05   -1.7208627E-02    1.7208627E-02
 5.5400   -4.4845919E-05   -1.7296265E-02    1.7296265E-02
 5.5500   -4.5127040E-05   -1.7467577E-02    1.7467577E-02
 5.5600   -4.5602176E-05   -1.7715157E-02    1.7715157E-02
 5.5700   -4.6163488E-05   -1.7997777E-02    1.7997777E-02
 5.5800   -4.6630416E-05   -1.8245155E-02    1.8245155E-02
 5.5900   -4.6816992E-05   -1.8383872E-02    1.8383872E-02
 5.6000   -4.6615323E-05   -1.8370231E-02    1.8370231E-02
 5.6100   -4.6033527E-05   -1.8205803E-02    1.8205803E-02
 5.6200   -4.5157730E-05   -1.7923161E-02    1.7923161E-02
 5.6300   -4.4075835E-05   -1.7556066E-02    1.7556066E-02
 5.6400   -4.2835646E-05   -1.7122745E-02    1.7122745E-02
 5.6500   -4.1467816E-05   -1.6634813E-02    1.6634813E-02
 5.6600   -4.0031907E-05   -1.6115694E-02    1.6115694E-02
 5.6700   -3.8627393E-05   -1.5605273E-02    1.5605273E-02
 5.6800   -3.7362792E-05   -1.5147671E-02    1.5147671E-02
 5.6900   -3.6322708E-05   -1.4777896E-02    1.4777896E-02
 5.7000   -3.5563385E-05   -1.4519868E-02    1.4519868E-02
 5.7100   -3.5133187E-05   -1.4394601E-02    1.4394601E-02
 5.7200   -3.5098573E-05   -1.4430832E-02    1.4430832E-02
 5.7300   -3.5550278E-05   -1.4667703E-02    1.4667703E-02
 5.7400   -3.6553852E-05   -1.5134456E-02    1.5134456E-02
 5.7500   -3.8030413E-05   -1.5800710E-02    1.5800710E-02
 5.7600   -3.9638460E-05   -1.6526147E-02    1.6526147E-02
 5.7700   -4.0803492E-05   -1.7070995E-02    1.7070995E-02
 5.7800   -4.0975686E-05   -1.7202508E-02    1.7202508E-02
 5.7900   -3.9981694E-05   -1.6843339E-02    1.6843339E-02
 5.8000   -3.8181834E-05   -1.6140710E-02    1.6140710E-02
 5.8100   -3.6260647E-05   -1.5381464E-02    1.5381464E-02
 5.8200   -3.4795211E-05   -1.4810691E-02    1.4810691E-02
 5.8300   -3.3942452E-05   -1.4497402E-02    1.4497402E-02
 5.8400   -3.3462867E-05   -1.4341636E-02    1.4341636E-02
 5.8500   -3.2997902E-05   -1.4190834E-02    1.4190834E-02
 5.8600   -3.2341137E-05   -1.3955981E-02    1.3955981E-02
 5.8700   -3.1515472E-05   -1.3646142E-02    1.3646142E-02
 5.8800   -3.0667022E-05   -1.3324046E-02    1.3324046E-02
 5.8900   -2.9920036E-05   -1.3043753E-02    1.3043753E-02
 5.9000   -2.9318893E-05   -1.2825120E-02    1.2825120E-02
 5.9100   -2.8864441E-05   -1.2669164E-02    1.2669164E-02
 5.9200   -2.8556544E-05   -1.2576475E-02    1.2576475E-02
 5.9300   -2.8372493E-05   -1.2537667E-02    1.2537667E-02
 5.9400   -2.8211596E-05   -1.2508649E-02    1.2508649E-02
 5.9500   -2.7896259E-05   -1.2410514E-02    1.2410514E-02
 5.9600   -2.7263546E-05   -1.2169836E-02    1.2169836E-02
 5.9700   -2.6274619E-05   -1.1767791E-02    1.1767791E-02
 5.9800   -2.5040495E-05   -1.1252658E-02    1.1252658E-02
 5.9900   -2.3744571E-05   -1.0706015E-02    1.0706015E-02
 6.0000   -2.2538858E-05   -1.0196339E-02    1.0196339E-02
 6.0100   -2.1499704E-05   -9.7586848E-03    9.7586848E-03
 6.0200   -2.0657485E-05   -9.4076316E-03    9.4076316E-03
 6.0300   -2.0049733E-05   -9.1612152E-03    9.1612152E-03
 6.0400   -1.9744154E-05   -9.0515356E-03    9.0515356E-03
 6.0500   -1.9818087E-05   -9.1155390E-03    9.1155390E-03
 6.0600   -2.0315979E-05   -9.3754659E-03    9.3754659E-03
 6.0700   -2.1210357E-05   -9.8205368E-03    9.8205368E-03
 6.0800   -2.2375080E-05   -1.0393974E-02    1.0393974E-02
 6.0900   -2.3573976E-05   -1.0986953E-02    1.0986953E-02
 6.1000   -2.4486677E-05   -1.1449839E-02    1.1449839E-02
 6.1100   -2.4799707E-05   -1.1634262E-02    1.1634262E-02
 6.1200   -2.4342598E-05   -1.1457230E-02    1.1457230E-02
 6.1300   -2.3180661E-05   -1.0946030E-02    1.0946030E-02
 6.1400   -2.1580204E-05   -1.0223560E-02    1.0223560E-02
 6.1500   -1.9861346E-05   -9.4399300E-03    9.4399300E-03
 6.1600   -1.8249964E-05   -8.7022850E-03    8.7022850E-03
 6.1700   -1.6830055E-05   -8.0512946E-03    8.0512946E-03
 6.1800   -1.5597521E-05   -7.4858718E-03    7.4858718E-03
 6.1900   -1.4537118E-05   -6.9995395E-03    6.9995395E-03
 6.2000   -1.3656850E-05   -6.5969589E-03    6.5969589E-03
 6.2100   -1.2979459E-05   -6.2899854E-03    6.2899854E-03
 6.2200   -1.2525986E-05   -6.0897934E-03    6.0897934E-03
 6.2300   -1.2307686E-05   -6.0029174E-03    6.0029174E-03
 6.2400   -1.2314827E-05   -6.0256980E-03    6.0256980E-03
 6.2500   -1.2495565E-05   -6.1337462E-03    6.1337462E-03
 6.2600   -1.2743192E-05   -6.2753328E-03    6.2753328E-03
 6.2700   -1.2916651E-05   -6.3810899E-03    6.3810899E-03
 6.2800   -1.2893214E-05   -6.3898454E-03    6.3898454E-03
 6.2900   -1.2619782E-05   -6.2742671E-03    6.2742671E-03
 6.3000   -1.2126453E-05   -6.0481804E-03    6.0481804E-03
 6.3100   -1.1498716E-05   -5.7533120E-03    5.7533120E-03
 6.3200   -1.0839000E-05   -5.4404302E-03    5.4404302E-03
 6.3300   -1.0247030E-05   -5.1595913E-03    5.1595913E-03
 6.3400   -9.8163672E-06   -4.9583728E-03    4.9583728E-03
 6.3500   -9.6233894E-06   -4.8762434E-03    4.8762434E-03
 6.3600   -9.6984654E-06   -4.9297752E-03    4.9297752E-03
 6.3700   -9.9953347E-06   -5.0966648E-03    5.0966648E-03
 6.3800   -1.0383381E-05   -5.3111678E-03    5.3111678E-03
 6.3900   -1.0676532E-05   -5.4782492E-03    5.4782492E-03
 6.4000   -1.0694443E-05   -5.5046282E-03    5.5046282E-03
 6.4100   -1.0331562E-05   -5.3344776E-03    5.3344776E-03
 6.4200   -9.5964062E-06   -4.9703680E-03    4.9703680E-03
 6.4300   -8.5958422E-06   -4.4660157E-03    4.4660157E-03
 6.4400   -7.4769648E-06   -3.8967894E-03    3.8967894E-03
 6.4500   -6.3683343E-06   -3.3293170E-03    3.3293170E-03
 6.4600   -5.3530072E-06   -2.8071960E-03    2.8071960E-03
 6.4700   -4.4724694E-06   -2.3526959E-03    2.3526959E-03
 6.4800   -3.7410070E-06   -1.9740057E-03    1.9740057E-03
 6.4900   -3.1564087E-06   -1.6706770E-03    1.6706770E-03
 6.5000   -2.7059991E-06   -1.4366938E-03    1.4366938E-03
