# total charge: 5.000000 
# r(A)     rho (e/A^3)     4*pi*r^2*rho(e/A)  dip  
 0.0000    3.6546236E+00    0.0000000E+00    3.9894228E+01
 0.0100    3.6550007E+00    4.5930094E-03    3.9690662E+01
 0.0200    3.6554632E+00    1.8374362E-02    3.9085895E+01
 0.0300    3.6560113E+00    4.1348514E-02    3.8097433E+01
 0.0400    3.6566301E+00    7.3520911E-02    3.6753493E+01
 0.0500    3.6572839E+00    1.1489696E-01    3.5091636E+01
 0.0600    3.6579146E+00    1.6548016E-01    3.3156980E+01
 0.0700    3.6584425E+00    2.2526938E-01    3.1000124E+01
 0.0800    3.6587662E+00    2.9425544E-01    2.8674900E+01
 0.0900    3.6587620E+00    3.7241661E-01    2.6236108E+01
 0.1000    3.6582840E+00    4.5971352E-01    2.3737359E+01
 0.1100    3.6571672E+00    5.5608356E-01    2.1229134E+01
 0.1200    3.6552331E+00    6.6143540E-01    1.8757170E+01
 0.1300    3.6522939E+00    7.7564373E-01    1.6361215E+01
 0.1400    3.6481580E+00    8.9854448E-01    1.4074202E+01
 0.1500    3.6426364E+00    1.0299312E+00    1.1921828E+01
 0.1600    3.6355507E+00    1.1695533E+00    9.9225301E+00
 0.1700    3.6267391E+00    1.3171160E+00    8.0877917E+00
 0.1800    3.6160553E+00    1.4722784E+00    6.4227374E+00
 0.1900    3.6033583E+00    1.6346490E+00    4.9269325E+00
 0.2000    3.5885013E+00    1.8037775E+00    3.5953192E+00
 0.2100    3.5713295E+00    1.9791485E+00    2.4192111E+00
 0.2200    3.5516887E+00    2.1601809E+00    1.3872784E+00
 0.2300    3.5294401E+00    2.3462342E+00    4.8646960E-01
 0.2400    3.5044729E+00    2.5366179E+00   -2.9716486E-01
 0.2500    3.4767089E+00    2.7306008E+00   -9.7777076E-01
 0.2600    3.4461020E+00    2.9274176E+00   -1.5691207E+00
 0.2700    3.4126313E+00    3.1262720E+00   -2.0841785E+00
 0.2800    3.3762938E+00    3.3263363E+00   -2.5347912E+00
 0.2900    3.3370977E+00    3.5267509E+00   -2.9314977E+00
 0.3000    3.2950616E+00    3.7266268E+00   -3.2834420E+00
 0.3100    3.2502195E+00    3.9250568E+00   -3.5983749E+00
 0.3200    3.2026288E+00    4.1211310E+00   -3.8827222E+00
 0.3300    3.1523729E+00    4.3139522E+00   -4.1416954E+00
 0.3400    3.0995601E+00    4.5026456E+00   -4.3794237E+00
 0.3500    3.0443177E+00    4.6863629E+00   -4.5990947E+00
 0.3600    2.9867879E+00    4.8642877E+00   -4.8030975E+00
 0.3700    2.9271273E+00    5.0356429E+00   -4.9931648E+00
 0.3800    2.8655055E+00    5.1997003E+00   -5.1705056E+00
 0.3900    2.8021044E+00    5.3557882E+00   -5.3359226E+00
 0.4000    2.7371145E+00    5.5032952E+00   -5.4899122E+00
 0.4100    2.6707321E+00    5.6416730E+00   -5.6327468E+00
 0.4200    2.6031581E+00    5.7704407E+00   -5.7645464E+00
 0.4300    2.5345967E+00    5.8891910E+00   -5.8853375E+00
 0.4400    2.4652555E+00    5.9975952E+00   -5.9951010E+00
 0.4500    2.3953431E+00    6.0954059E+00   -6.0938075E+00
 0.4600    2.3250672E+00    6.1824560E+00   -6.1814419E+00
 0.4700    2.2546315E+00    6.2586570E+00   -6.2580200E+00
 0.4800    2.1842344E+00    6.3239960E+00   -6.3235999E+00
 0.4900    2.1140673E+00    6.3785333E+00   -6.3782894E+00
 0.5000    2.0443132E+00    6.4223992E+00   -6.4222505E+00
 0.5100    1.9751455E+00    6.4557888E+00   -6.4556991E+00
 0.5200    1.9067268E+00    6.4789557E+00   -6.4789021E+00
 0.5300    1.8392073E+00    6.4922058E+00   -6.4921741E+00
 0.5400    1.7727251E+00    6.4958919E+00   -6.4958733E+00
 0.5500    1.7074061E+00    6.4904091E+00   -6.4903983E+00
 0.5600    1.6433634E+00    6.4761894E+00   -6.4761832E+00
 0.5700    1.5806975E+00    6.4536937E+00   -6.4536902E+00
 0.5800    1.5194951E+00    6.4234030E+00   -6.4234010E+00
 0.5900    1.4598292E+00    6.3858092E+00   -6.3858081E+00
 0.6000    1.4017591E+00    6.3414086E+00   -6.3414080E+00
 0.6100    1.3453313E+00    6.2906970E+00   -6.2906967E+00
 0.6200    1.2905804E+00    6.2341653E+00   -6.2341652E+00
 0.6300    1.2375296E+00    6.1722934E+00   -6.1722933E+00
 0.6400    1.1861906E+00    6.1055431E+00   -6.1055431E+00
 0.6500    1.1365646E+00    6.0343530E+00   -6.0343529E+00
 0.6600    1.0886430E+00    5.9591347E+00   -5.9591347E+00
 0.6700    1.0424089E+00    5.8802741E+00   -5.8802741E+00
 0.6800    9.9783924E-01    5.7981343E+00   -5.7981343E+00
 0.6900    9.5490611E-01    5.7130591E+00   -5.7130591E+00
 0.7000    9.1357822E-01    5.6253776E+00   -5.6253776E+00
 0.7100    8.7382209E-01    5.5354073E+00   -5.5354073E+00
 0.7200    8.3560289E-01    5.4434569E+00   -5.4434569E+00
 0.7300    7.9888497E-01    5.3498282E+00   -5.3498282E+00
 0.7400    7.6363216E-01    5.2548160E+00   -5.2548160E+00
 0.7500    7.2980771E-01    5.1587067E+00   -5.1587067E+00
 0.7600    6.9737414E-01    5.0617756E+00   -5.0617756E+00
 0.7700    6.6629307E-01    4.9642839E+00   -4.9642839E+00
 0.7800    6.3652517E-01    4.8664768E+00   -4.8664768E+00
 0.7900    6.0803032E-01    4.7685823E+00   -4.7685823E+00
 0.8000    5.8076754E-01    4.6708097E+00   -4.6708097E+00
 0.8100    5.5469504E-01    4.5733473E+00   -4.5733473E+00
 0.8200    5.2977022E-01    4.4763610E+00   -4.4763610E+00
 0.8300    5.0594996E-01    4.3799950E+00   -4.3799950E+00
 0.8400    4.8319117E-01    4.2843745E+00   -4.2843745E+00
 0.8500    4.6145118E-01    4.1896088E+00   -4.1896088E+00
 0.8600    4.4068802E-01    4.0957931E+00   -4.0957931E+00
 0.8700    4.2086043E-01    4.0030081E+00   -4.0030081E+00
 0.8800    4.0192791E-01    3.9113202E+00   -3.9113202E+00
 0.8900    3.8385086E-01    3.8207832E+00   -3.8207832E+00
 0.9000    3.6659093E-01    3.7314412E+00   -3.7314412E+00
 0.9100    3.5011125E-01    3.6433317E+00   -3.6433317E+00
 0.9200    3.3437652E-01    3.5564876E+00   -3.5564876E+00
 0.9300    3.1935301E-01    3.4709374E+00   -3.4709374E+00
 0.9400    3.0500834E-01    3.3867043E+00   -3.3867043E+00
 0.9500    2.9131138E-01    3.3038059E+00   -3.3038059E+00
 0.9600    2.7823226E-01    3.2222543E+00   -3.2222543E+00
 0.9700    2.6574237E-01    3.1420575E+00   -3.1420575E+00
 0.9800    2.5381449E-01    3.0632217E+00   -3.0632217E+00
 0.9900    2.4242283E-01    2.9857523E+00   -2.9857523E+00
 1.0000    2.3154301E-01    2.9096553E+00   -2.9096553E+00
 1.0100    2.2115194E-01    2.8349367E+00   -2.8349367E+00
 1.0200    2.1122769E-01    2.7616018E+00   -2.7616018E+00
 1.0300    2.0174932E-01    2.6896538E+00   -2.6896538E+00
 1.0400    1.9269683E-01    2.6190941E+00   -2.6190941E+00
 1.0500    1.8405114E-01    2.5499225E+00   -2.5499225E+00
 1.0600    1.7579414E-01    2.4821383E+00   -2.4821383E+00
 1.0700    1.6790867E-01    2.4157419E+00   -2.4157419E+00
 1.0800    1.6037853E-01    2.3507347E+00   -2.3507347E+00
 1.0900    1.5318837E-01    2.2871185E+00   -2.2871185E+00
 1.1000    1.4632352E-01    2.2248942E+00   -2.2248942E+00
 1.1100    1.3976990E-01    2.1640608E+00   -2.1640608E+00
 1.1200    1.3351399E-01    2.1046151E+00   -2.1046151E+00
 1.1300    1.2754281E-01    2.0465518E+00   -2.0465518E+00
 1.1400    1.2184392E-01    1.9898641E+00   -1.9898641E+00
 1.1500    1.1640537E-01    1.9345438E+00   -1.9345438E+00
 1.1600    1.1121571E-01    1.8805806E+00   -1.8805806E+00
 1.1700    1.0626391E-01    1.8279629E+00   -1.8279629E+00
 1.1800    1.0153942E-01    1.7766772E+00   -1.7766772E+00
 1.1900    9.7032045E-02    1.7267083E+00   -1.7267083E+00
 1.2000    9.2732004E-02    1.6780388E+00   -1.6780388E+00
 1.2100    8.8629845E-02    1.6306494E+00   -1.6306494E+00
 1.2200    8.4716466E-02    1.5845187E+00   -1.5845187E+00
 1.2300    8.0983115E-02    1.5396236E+00   -1.5396236E+00
 1.2400    7.7421386E-02    1.4959400E+00   -1.4959400E+00
 1.2500    7.4023216E-02    1.4534424E+00   -1.4534424E+00
 1.2600    7.0780886E-02    1.4121049E+00   -1.4121049E+00
 1.2700    6.7687019E-02    1.3719007E+00   -1.3719007E+00
 1.2800    6.4734572E-02    1.3328034E+00   -1.3328034E+00
 1.2900    6.1916824E-02    1.2947859E+00   -1.2947859E+00
 1.3000    5.9227339E-02    1.2578209E+00   -1.2578209E+00
 1.3100    5.6659943E-02    1.2218801E+00   -1.2218801E+00
 1.3200    5.4208714E-02    1.1869347E+00   -1.1869347E+00
 1.3300    5.1867988E-02    1.1529555E+00   -1.1529555E+00
 1.3400    4.9632379E-02    1.1199137E+00   -1.1199137E+00
 1.3500    4.7496783E-02    1.0877813E+00   -1.0877813E+00
 1.3600    4.5456367E-02    1.0565314E+00   -1.0565314E+00
 1.3700    4.3506553E-02    1.0261378E+00   -1.0261378E+00
 1.3800    4.1643009E-02    9.9657535E-01   -9.9657535E-01
 1.3900    3.9861630E-02    9.6781984E-01   -9.6781984E-01
 1.4000    3.8158532E-02    9.3984795E-01   -9.3984795E-01
 1.4100    3.6530041E-02    9.1263736E-01   -9.1263736E-01
 1.4200    3.4972682E-02    8.8616684E-01   -8.8616684E-01
 1.4300    3.3483183E-02    8.6041639E-01   -8.6041639E-01
 1.4400    3.2058455E-02    8.3536724E-01   -8.3536724E-01
 1.4500    3.0695586E-02    8.1100177E-01   -8.1100177E-01
 1.4600    2.9391816E-02    7.8730317E-01   -7.8730317E-01
 1.4700    2.8144522E-02    7.6425523E-01   -7.6425523E-01
 1.4800    2.6951204E-02    7.4184207E-01   -7.4184207E-01
 1.4900    2.5809468E-02    7.2004802E-01   -7.2004802E-01
 1.5000    2.4717035E-02    6.9885771E-01   -6.9885771E-01
 1.5100    2.3671745E-02    6.7825659E-01   -6.7825659E-01
 1.5200    2.2671572E-02    6.5823151E-01   -6.5823151E-01
 1.5300    2.1714631E-02    6.3877097E-01   -6.3877097E-01
 1.5400    2.0799151E-02    6.1986473E-01   -6.1986473E-01
 1.5500    1.9923445E-02    6.0150285E-01   -6.0150285E-01
 1.5600    1.9085869E-02    5.8367488E-01   -5.8367488E-01
 1.5700    1.8284815E-02    5.6636935E-01   -5.6636935E-01
 1.5800    1.7518711E-02    5.4957401E-01   -5.4957401E-01
 1.5900    1.6786038E-02    5.3327635E-01   -5.3327635E-01
 1.6000    1.6085347E-02    5.1746415E-01   -5.1746415E-01
 1.6100    1.5415261E-02    5.0212575E-01   -5.0212575E-01
 1.6200    1.4774471E-02    4.8725000E-01   -4.8725000E-01
 1.6300    1.4161730E-02    4.7282604E-01   -4.7282604E-01
 1.6400    1.3575837E-02    4.5884308E-01   -4.5884308E-01
 1.6500    1.3015635E-02    4.4529018E-01   -4.4529018E-01
 1.6600    1.2479996E-02    4.3215593E-01   -4.3215593E-01
 1.6700    1.1967808E-02    4.1942799E-01   -4.1942799E-01
 1.6800    1.1477975E-02    4.0709308E-01   -4.0709308E-01
 1.6900    1.1009432E-02    3.9513744E-01   -3.9513744E-01
 1.7000    1.0561165E-02    3.8354782E-01   -3.8354782E-01
 1.7100    1.0132234E-02    3.7231221E-01   -3.7231221E-01
 1.7200    9.7217651E-03    3.6141975E-01   -3.6141975E-01
 1.7300    9.3289271E-03    3.5085993E-01   -3.5085993E-01
 1.7400    8.9529066E-03    3.4062178E-01   -3.4062178E-01
 1.7500    8.5929037E-03    3.3069369E-01   -3.3069369E-01
 1.7600    8.2481428E-03    3.2106382E-01   -3.2106382E-01
 1.7700    7.9178810E-03    3.1172050E-01   -3.1172050E-01
 1.7800    7.6014069E-03    3.0265221E-01   -3.0265221E-01
 1.7900    7.2980370E-03    2.9384749E-01   -2.9384749E-01
 1.8000    7.0071217E-03    2.8529524E-01   -2.8529524E-01
 1.8100    6.7280647E-03    2.7698559E-01   -2.7698559E-01
 1.8200    6.4603346E-03    2.6891043E-01   -2.6891043E-01
 1.8300    6.2034487E-03    2.6106295E-01   -2.6106295E-01
 1.8400    5.9569366E-03    2.5343610E-01   -2.5343610E-01
 1.8500    5.7203131E-03    2.4602153E-01   -2.4602153E-01
 1.8600    5.4930903E-03    2.3880999E-01   -2.3880999E-01
 1.8700    5.2748183E-03    2.3179314E-01   -2.3179314E-01
 1.8800    5.0651172E-03    2.2496505E-01   -2.2496505E-01
 1.8900    4.8636756E-03    2.1832229E-01   -2.1832229E-01
 1.9000    4.6702218E-03    2.1186273E-01   -2.1186273E-01
 1.9100    4.4844954E-03    2.0558441E-01   -2.0558441E-01
 1.9200    4.3062339E-03    1.9948486E-01   -1.9948486E-01
 1.9300    4.1351697E-03    1.9356098E-01   -1.9356098E-01
 1.9400    3.9710283E-03    1.8780896E-01   -1.8780896E-01
 1.9500    3.8135270E-03    1.8222414E-01   -1.8222414E-01
 1.9600    3.6623801E-03    1.7680129E-01   -1.7680129E-01
 1.9700    3.5173118E-03    1.7153517E-01   -1.7153517E-01
 1.9800    3.3780733E-03    1.6642145E-01   -1.6642145E-01
 1.9900    3.2444529E-03    1.6145723E-01   -1.6145723E-01
 2.0000    3.1162729E-03    1.5664096E-01   -1.5664096E-01
 2.0100    2.9933730E-03    1.5197173E-01   -1.5197173E-01
 2.0200    2.8755873E-03    1.4744809E-01   -1.4744809E-01
 2.0300    2.7627283E-03    1.4306721E-01   -1.4306721E-01
 2.0400    2.6545866E-03    1.3882481E-01   -1.3882481E-01
 2.0500    2.5509440E-03    1.3471579E-01   -1.3471579E-01
 2.0600    2.4515910E-03    1.3073514E-01   -1.3073514E-01
 2.0700    2.3563374E-03    1.2687850E-01   -1.2687850E-01
 2.0800    2.2650121E-03    1.2314224E-01   -1.2314224E-01
 2.0900    2.1774570E-03    1.1952315E-01   -1.1952315E-01
 2.1000    2.0935191E-03    1.1601800E-01   -1.1601800E-01
 2.1100    2.0130462E-03    1.1262337E-01   -1.1262337E-01
 2.1200    1.9358878E-03    1.0933564E-01   -1.0933564E-01
 2.1300    1.8618972E-03    1.0615116E-01   -1.0615116E-01
 2.1400    1.7909338E-03    1.0306636E-01   -1.0306636E-01
 2.1500    1.7228616E-03    1.0007767E-01   -1.0007767E-01
 2.1600    1.6575434E-03    9.7181205E-02   -9.7181205E-02
 2.1700    1.5948381E-03    9.4372605E-02   -9.4372605E-02
 2.1800    1.5346026E-03    9.1647110E-02   -9.1647110E-02
 2.1900    1.4767022E-03    8.9000207E-02   -8.9000207E-02
 2.2000    1.4210233E-03    8.6428392E-02   -8.6428392E-02
 2.2100    1.3674780E-03    8.3929523E-02   -8.3929523E-02
 2.2200    1.3159954E-03    8.1502359E-02   -8.1502359E-02
 2.2300    1.2665046E-03    7.9145527E-02   -7.9145527E-02
 2.2400    1.2189210E-03    7.6856654E-02   -7.6856654E-02
 2.2500    1.1731455E-03    7.4632290E-02   -7.4632290E-02
 2.2600    1.1290768E-03    7.2468657E-02   -7.2468657E-02
 2.2700    1.0866272E-03    7.0362642E-02   -7.0362642E-02
 2.2800    1.0457303E-03    6.8312352E-02   -6.8312352E-02
 2.2900    1.0063373E-03    6.6316927E-02   -6.6316927E-02
 2.3000    9.6840544E-04    6.4375818E-02   -6.4375818E-02
 2.3100    9.3188736E-04    6.2488089E-02   -6.2488089E-02
 2.3200    8.9672801E-04    6.0652201E-02   -6.0652201E-02
 2.3300    8.6286881E-04    5.8866265E-02   -5.8866265E-02
 2.3400    8.3025387E-04    5.7128456E-02   -5.7128456E-02
 2.3500    7.9883363E-04    5.5437282E-02   -5.5437282E-02
 2.3600    7.6856551E-04    5.3791637E-02   -5.3791637E-02
 2.3700    7.3941314E-04    5.2190772E-02   -5.2190772E-02
 2.3800    7.1134502E-04    5.0634214E-02   -5.0634214E-02
 2.3900    6.8433251E-04    4.9121638E-02   -4.9121638E-02
 2.4000    6.5834694E-04    4.7652662E-02   -4.7652662E-02
 2.4100    6.3335678E-04    4.6226644E-02   -4.6226644E-02
 2.4200    6.0932624E-04    4.4842568E-02   -4.4842568E-02
 2.4300    5.8621614E-04    4.3499091E-02   -4.3499091E-02
 2.4400    5.6398646E-04    4.2194728E-02   -4.2194728E-02
 2.4500    5.4259930E-04    4.0928070E-02   -4.0928070E-02
 2.4600    5.2202092E-04    3.9697942E-02   -3.9697942E-02
 2.4700    5.0222357E-04    3.8503558E-02   -3.8503558E-02
 2.4800    4.8318823E-04    3.7344751E-02   -3.7344751E-02
 2.4900    4.6490725E-04    3.6222204E-02   -3.6222204E-02
 2.5000    4.4738241E-04    3.5137332E-02   -3.5137332E-02
 2.5100    4.3061550E-04    3.4091567E-02   -3.4091567E-02
 2.5200    4.1459489E-04    3.3085286E-02   -3.3085286E-02
 2.5300    3.9928722E-04    3.2117099E-02   -3.2117099E-02
 2.5400    3.8464091E-04    3.1184068E-02   -3.1184068E-02
 2.5500    3.7059917E-04    3.0282705E-02   -3.0282705E-02
 2.5600    3.5711351E-04    2.9410071E-02   -2.9410071E-02
 2.5700    3.4414985E-04    2.8564308E-02   -2.8564308E-02
 2.5800    3.3168636E-04    2.7744499E-02   -2.7744499E-02
 2.5900    3.1970707E-04    2.6950178E-02   -2.6950178E-02
 2.6000    3.0819657E-04    2.6180887E-02   -2.6180887E-02
 2.6100    2.9713731E-04    2.5435956E-02   -2.5435956E-02
 2.6200    2.8650846E-04    2.4714390E-02   -2.4714390E-02
 2.6300    2.7628497E-04    2.4014780E-02   -2.4014780E-02
 2.6400    2.6643738E-04    2.3335272E-02   -2.3335272E-02
 2.6500    2.5693444E-04    2.2673780E-02   -2.2673780E-02
 2.6600    2.4774886E-04    2.2028493E-02   -2.2028493E-02
 2.6700    2.3886321E-04    2.1398417E-02   -2.1398417E-02
 2.6800    2.3027159E-04    2.0783554E-02   -2.0783554E-02
 2.6900    2.2197453E-04    2.0184480E-02   -2.0184480E-02
 2.7000    2.1397018E-04    1.9601561E-02   -1.9601561E-02
 2.7100    2.0624742E-04    1.9034302E-02   -1.9034302E-02
 2.7200    1.9878550E-04    1.8481294E-02   -1.8481294E-02
 2.7300    1.9156043E-04    1.7940765E-02   -1.7940765E-02
 2.7400    1.8455334E-04    1.7411368E-02   -1.7411368E-02
 2.7500    1.7775566E-04    1.6892685E-02   -1.6892685E-02
 2.7600    1.7116856E-04    1.6385210E-02   -1.6385210E-02
 2.7700    1.6479869E-04    1.5889973E-02   -1.5889973E-02
 2.7800    1.5865356E-04    1.5408106E-02   -1.5408106E-02
 2.7900    1.5273791E-04    1.4940499E-02   -1.4940499E-02
 2.8000    1.4705106E-04    1.4487522E-02   -1.4487522E-02
 2.8100    1.4158527E-04    1.4048844E-02   -1.4048844E-02
 2.8200    1.3632635E-04    1.3623474E-02   -1.3623474E-02
 2.8300    1.3125691E-04    1.3210064E-02   -1.3210064E-02
 2.8400    1.2636106E-04    1.2807366E-02   -1.2807366E-02
 2.8500    1.2162874E-04    1.2414687E-02   -1.2414687E-02
 2.8600    1.1705871E-04    1.2032217E-02   -1.2032217E-02
 2.8700    1.1265917E-04    1.1661119E-02   -1.1661119E-02
 2.8800    1.0844457E-04    1.1303232E-02   -1.1303232E-02
 2.8900    1.0442825E-04    1.0960328E-02   -1.0960328E-02
 2.9000    1.0061408E-04    1.0633216E-02   -1.0633216E-02
 2.9100    9.6991591E-05    1.0321194E-02   -1.0321194E-02
 2.9200    9.3537564E-05    1.0022167E-02   -1.0022167E-02
 2.9300    9.0223016E-05    9.7333524E-03   -9.7333524E-03
 2.9400    8.7022103E-05    9.4522261E-03   -9.4522261E-03
 2.9500    8.3919669E-05    9.1773576E-03   -9.1773576E-03
 2.9600    8.0914484E-05    8.9088071E-03   -8.9088071E-03
 2.9700    7.8016023E-05    8.6478186E-03   -8.6478186E-03
 2.9800    7.5235498E-05    8.3958601E-03   -8.3958601E-03
 2.9900    7.2576184E-05    8.1535431E-03   -8.1535431E-03
 3.0000    7.0029420E-05    7.9201408E-03   -7.9201408E-03
 3.0100    6.7578750E-05    7.6940146E-03   -7.6940146E-03
 3.0200    6.5208406E-05    7.4735567E-03   -7.4735567E-03
 3.0300    6.2909714E-05    7.2579310E-03   -7.2579310E-03
 3.0400    6.0681931E-05    7.0471972E-03   -7.0471972E-03
 3.0500    5.8529063E-05    6.8419692E-03   -6.8419692E-03
 3.0600    5.6456276E-05    6.6430106E-03   -6.6430106E-03
 3.0700    5.4467691E-05    6.4509782E-03   -6.4509782E-03
 3.0800    5.2564926E-05    6.2662447E-03   -6.2662447E-03
 3.0900    5.0745617E-05    6.0887110E-03   -6.0887110E-03
 3.1000    4.9002650E-05    5.9176983E-03   -5.9176983E-03
 3.1100    4.7325338E-05    5.7520727E-03   -5.7520727E-03
 3.1200    4.5702444E-05    5.5906008E-03   -5.5906008E-03
 3.1300    4.4125400E-05    5.4323431E-03   -5.4323431E-03
 3.1400    4.2590041E-05    5.2768800E-03   -5.2768800E-03
 3.1500    4.1096399E-05    5.1243023E-03   -5.1243023E-03
 3.1600    3.9647224E-05    4.9750427E-03   -4.9750427E-03
 3.1700    3.8246109E-05    4.8296499E-03   -4.8296499E-03
 3.1800    3.6895608E-05    4.6885524E-03   -4.6885524E-03
 3.1900    3.5595384E-05    4.5518183E-03   -4.5518183E-03
 3.2000    3.4340912E-05    4.4189760E-03   -4.4189760E-03
 3.2100    3.3123940E-05    4.2890580E-03   -4.2890580E-03
 3.2200    3.1935621E-05    4.1609929E-03   -4.1609929E-03
 3.2300    3.0771201E-05    4.0342179E-03   -4.0342179E-03
 3.2400    2.9633250E-05    3.9091214E-03   -3.9091214E-03
 3.2500    2.8530714E-05    3.7869470E-03   -3.7869470E-03
 3.2600    2.7473887E-05    3.6691475E-03   -3.6691475E-03
 3.2700    2.6468208E-05    3.5565581E-03   -3.5565581E-03
 3.2800    2.5510498E-05    3.4488674E-03   -3.4488674E-03
 3.2900    2.4589697E-05    3.3446820E-03   -3.3446820E-03
 3.3000    2.3691736E-05    3.2421613E-03   -3.2421613E-03
 3.3100    2.2806002E-05    3.1398942E-03   -3.1398942E-03
 3.3200    2.1929935E-05    3.0375496E-03   -3.0375496E-03
 3.3300    2.1069529E-05    2.9359804E-03   -2.9359804E-03
 3.3400    2.0236111E-05    2.8368073E-03   -2.8368073E-03
 3.3500    1.9441591E-05    2.7417716E-03   -2.7417716E-03
 3.3600    1.8694123E-05    2.6521221E-03   -2.6521221E-03
 3.3700    1.7994945E-05    2.5681489E-03   -2.5681489E-03
 3.3800    1.7337052E-05    2.4889634E-03   -2.4889634E-03
 3.3900    1.6707037E-05    2.4127298E-03   -2.4127298E-03
 3.4000    1.6090959E-05    2.3374893E-03   -2.3374893E-03
 3.4100    1.5482450E-05    2.2623422E-03   -2.2623422E-03
 3.4200    1.4888323E-05    2.1883050E-03   -2.1883050E-03
 3.4300    1.4326746E-05    2.1180961E-03   -2.1180961E-03
 3.4400    1.3817360E-05    2.0547161E-03   -2.0547161E-03
 3.4500    1.3369165E-05    1.9996423E-03   -1.9996423E-03
 3.4600    1.2974743E-05    1.9519146E-03   -1.9519146E-03
 3.4700    1.2614713E-05    1.9087374E-03   -1.9087374E-03
 3.4800    1.2268147E-05    1.8670129E-03   -1.8670129E-03
 3.4900    1.1920955E-05    1.8246172E-03   -1.8246172E-03
 3.5000    1.1567870E-05    1.7807352E-03   -1.7807352E-03
 3.5100    1.1209732E-05    1.7354789E-03   -1.7354789E-03
 3.5200    1.0850147E-05    1.6893934E-03   -1.6893934E-03
 3.5300    1.0493647E-05    1.6431822E-03   -1.6431822E-03
 3.5400    1.0144881E-05    1.5975826E-03   -1.5975826E-03
 3.5500    9.8076564E-06    1.5532159E-03   -1.5532159E-03
 3.5600    9.4835867E-06    1.5103670E-03   -1.5103670E-03
 3.5700    9.1709913E-06    1.4687997E-03   -1.4687997E-03
 3.5800    8.8649322E-06    1.4277473E-03   -1.4277473E-03
 3.5900    8.5587440E-06    1.3861454E-03   -1.3861454E-03
 3.6000    8.2466110E-06    1.3430444E-03   -1.3430444E-03
 3.6100    7.9261746E-06    1.2980395E-03   -1.2980395E-03
 3.6200    7.6001311E-06    1.2515497E-03   -1.2515497E-03
 3.6300    7.2759235E-06    1.2047897E-03   -1.2047897E-03
 3.6400    6.9626745E-06    1.1592810E-03   -1.1592810E-03
 3.6500    6.6653363E-06    1.1158804E-03   -1.1158804E-03
 3.6600    6.3785519E-06    1.0737276E-03   -1.0737276E-03
 3.6700    6.0854874E-06    1.0300003E-03   -1.0300003E-03
 3.6800    5.7662298E-06    9.8129017E-04   -9.8129017E-04
 3.6900    5.4141171E-06    9.2638229E-04   -9.2638229E-04
 3.7000    5.0496436E-06    8.6870844E-04   -8.6870844E-04
 3.7100    4.7185208E-06    8.1613792E-04   -8.1613792E-04
 3.7200    4.4697489E-06    7.7728247E-04   -7.7728247E-04
 3.7300    4.3266899E-06    7.5645534E-04   -7.5645534E-04
 3.7400    4.2728971E-06    7.5106150E-04   -7.5106150E-04
 3.7500    4.2634319E-06    7.5341060E-04   -7.5341060E-04
 3.7600    4.2511569E-06    7.5525340E-04   -7.5525340E-04
 3.7700    4.2075643E-06    7.5149020E-04   -7.5149020E-04
 3.7800    4.1270031E-06    7.4101715E-04   -7.4101715E-04
 3.7900    4.0186456E-06    7.2538404E-04   -7.2538404E-04
 3.8000    3.8966130E-06    7.0707314E-04   -7.0707314E-04
 3.8100    3.7740340E-06    6.8843924E-04   -6.8843924E-04
 3.8200    3.6603585E-06    6.7121278E-04   -6.7121278E-04
 3.8300    3.5594781E-06    6.5613581E-04   -6.5613581E-04
 3.8400    3.4684065E-06    6.4269112E-04   -6.4269112E-04
 3.8500    3.3783432E-06    6.2926720E-04   -6.2926720E-04
 3.8600    3.2790789E-06    6.1395471E-04   -6.1395471E-04
 3.8700    3.1646588E-06    5.9560548E-04   -5.9560548E-04
 3.8800    3.0364482E-06    5.7443274E-04   -5.7443274E-04
 3.8900    2.9016478E-06    5.5176451E-04   -5.5176451E-04
 3.9000    2.7691046E-06    5.2927141E-04   -5.2927141E-04
 3.9100    2.6458178E-06    5.0830375E-04   -5.0830375E-04
 3.9200    2.5355583E-06    4.8961600E-04   -4.8961600E-04
 3.9300    2.4384586E-06    4.7327151E-04   -4.7327151E-04
 3.9400    2.3503970E-06    4.5850444E-04   -4.5850444E-04
 3.9500    2.2629790E-06    4.4369505E-04   -4.4369505E-04
 3.9600    2.1660293E-06    4.2683945E-04   -4.2683945E-04
 3.9700    2.0530513E-06    4.0662182E-04   -4.0662182E-04
 3.9800    1.9270924E-06    3.8359996E-04   -3.8359996E-04
 3.9900    1.8024949E-06    3.6060330E-04   -3.6060330E-04
 4.0000    1.6995548E-06    3.4171577E-04   -3.4171577E-04
 4.0100    1.6341320E-06    3.3020659E-04   -3.3020659E-04
 4.0200    1.6089397E-06    3.2673958E-04   -3.2673958E-04
 4.0300    1.6126807E-06    3.2913066E-04   -3.2913066E-04
 4.0400    1.6270722E-06    3.3371784E-04   -3.3371784E-04
 4.0500    1.6358527E-06    3.3718179E-04   -3.3718179E-04
 4.0600    1.6296934E-06    3.3757309E-04   -3.3757309E-04
 4.0700    1.6057849E-06    3.3426127E-04   -3.3426127E-04
 4.0800    1.5651430E-06    3.2740418E-04   -3.2740418E-04
 4.0900    1.5107454E-06    3.1757607E-04   -3.1757607E-04
 4.1000    1.4469862E-06    3.0566236E-04   -3.0566236E-04
 4.1100    1.3791879E-06    2.9276351E-04   -2.9276351E-04
 4.1200    1.3124159E-06    2.7994698E-04   -2.7994698E-04
 4.1300    1.2501284E-06    2.6795668E-04   -2.6795668E-04
 4.1400    1.1935637E-06    2.5707281E-04   -2.5707281E-04
 4.1500    1.1421125E-06    2.4718093E-04   -2.4718093E-04
 4.1600    1.0942309E-06    2.3796084E-04   -2.3796084E-04
 4.1700    1.0483366E-06    2.2907766E-04   -2.2907766E-04
 4.1800    1.0034220E-06    2.2031600E-04   -2.2031600E-04
 4.1900    9.5935935E-07    2.1165046E-04   -2.1165046E-04
 4.2000    9.1689081E-07    2.0324790E-04   -2.0324790E-04
 4.2100    8.7721746E-07    1.9538055E-04   -1.9538055E-04
 4.2200    8.4121203E-07    1.8825228E-04   -1.8825228E-04
 4.2300    8.0861700E-07    1.8181657E-04   -1.8181657E-04
 4.2400    7.7783584E-07    1.7572337E-04   -1.7572337E-04
 4.2500    7.4669845E-07    1.6948566E-04   -1.6948566E-04
 4.2600    7.1391192E-07    1.6280723E-04   -1.6280723E-04
 4.2700    6.8028229E-07    1.5586722E-04   -1.5586722E-04
 4.2800    6.4875266E-07    1.4934014E-04   -1.4934014E-04
 4.2900    6.2302608E-07    1.4408895E-04   -1.4408895E-04
 4.3000    6.0559323E-07    1.4071092E-04   -1.4071092E-04
 4.3100    5.9647800E-07    1.3923834E-04   -1.3923834E-04
 4.3200    5.9340524E-07    1.3916459E-04   -1.3916459E-04
 4.3300    5.9295784E-07    1.3970420E-04   -1.3970420E-04
 4.3400    5.9179446E-07    1.4007487E-04   -1.4007487E-04
 4.3500    5.8749654E-07    1.3969913E-04   -1.3969913E-04
 4.3600    5.7923523E-07    1.3836869E-04   -1.3836869E-04
 4.3700    5.6834471E-07    1.3639064E-04   -1.3639064E-04
 4.3800    5.5831167E-07    1.3459682E-04   -1.3459682E-04
 4.3900    5.5353531E-07    1.3405537E-04   -1.3405537E-04
 4.4000    5.5687637E-07    1.3547963E-04   -1.3547963E-04
 4.4100    5.6710157E-07    1.3859510E-04   -1.3859510E-04
 4.4200    5.7803662E-07    1.4190894E-04   -1.4190894E-04
 4.4300    5.8072466E-07    1.4321469E-04   -1.4321469E-04
 4.4400    5.6792652E-07    1.4069153E-04   -1.4069153E-04
 4.4500    5.3817670E-07    1.3392288E-04   -1.3392288E-04
 4.4600    4.9649324E-07    1.2410604E-04   -1.2410604E-04
 4.4700    4.5132582E-07    1.1332222E-04   -1.1332222E-04
 4.4800    4.1018370E-07    1.0345329E-04   -1.0345329E-04
 4.4900    3.7689052E-07    9.5481176E-05   -9.5481176E-05
 4.5000    3.5146358E-07    8.9436587E-05   -8.9436587E-05
 4.5100    3.3152503E-07    8.4738207E-05   -8.4738207E-05
 4.5200    3.1374645E-07    8.0550002E-05   -8.0550002E-05
 4.5300    2.9480095E-07    7.6021276E-05   -7.6021276E-05
 4.5400    2.7221706E-07    7.0507759E-05   -7.0507759E-05
 4.5500    2.4548761E-07    6.3864899E-05   -6.3864899E-05
 4.5600    2.1698025E-07    5.6696957E-05   -5.6696957E-05
 4.5700    1.9159998E-07    5.0284916E-05   -5.0284916E-05
 4.5800    1.7470601E-07    4.6052019E-05   -4.6052019E-05
 4.5900    1.6929930E-07    4.4821913E-05   -4.4821913E-05
 4.6000    1.7444734E-07    4.6386315E-05   -4.6386315E-05
 4.6100    1.8603153E-07    4.9681908E-05   -4.9681908E-05
 4.6200    1.9896421E-07    5.3366507E-05   -5.3366507E-05
 4.6300    2.0910226E-07    5.6328811E-05   -5.6328811E-05
 4.6400    2.1396317E-07    5.7887506E-05   -5.7887506E-05
 4.6500    2.1266562E-07    5.7784726E-05   -5.7784726E-05
 4.6600    2.0576442E-07    5.6150286E-05   -5.6150286E-05
 4.6700    1.9501873E-07    5.3446584E-05   -5.3446584E-05
 4.6800    1.8280459E-07    5.0313980E-05   -5.0313980E-05
 4.6900    1.7125283E-07    4.7336190E-05   -4.7336190E-05
 4.7000    1.6159587E-07    4.4857580E-05   -4.4857580E-05
 4.7100    1.5407109E-07    4.2950955E-05   -4.2950955E-05
 4.7200    1.4827772E-07    4.1511629E-05   -4.1511629E-05
 4.7300    1.4363405E-07    4.0382160E-05   -4.0382160E-05
 4.7400    1.3967188E-07    3.9434426E-05   -3.9434426E-05
 4.7500    1.3611855E-07    3.8593520E-05   -3.8593520E-05
 4.7600    1.3284816E-07    3.7825033E-05   -3.7825033E-05
 4.7700    1.2980383E-07    3.7113691E-05   -3.7113691E-05
 4.7800    1.2694737E-07    3.6449315E-05   -3.6449315E-05
 4.7900    1.2423059E-07    3.5818670E-05   -3.5818670E-05
 4.8000    1.2155178E-07    3.5192788E-05   -3.5192788E-05
 4.8100    1.1869504E-07    3.4509018E-05   -3.4509018E-05
 4.8200    1.1532629E-07    3.3669158E-05   -3.3669158E-05
 4.8300    1.1115135E-07    3.2585085E-05   -3.2585085E-05
 4.8400    1.0624381E-07    3.1275496E-05   -3.1275496E-05
 4.8500    1.0133985E-07    2.9955296E-05   -2.9955296E-05
 4.8600    9.7762461E-08    2.9017135E-05   -2.9017135E-05
 4.8700    9.6813342E-08    2.8853799E-05   -2.8853799E-05
 4.8800    9.8932724E-08    2.9606664E-05   -2.9606664E-05
 4.8900    1.0325359E-07    3.1026498E-05   -3.1026498E-05
 4.9000    1.0796077E-07    3.2573767E-05   -3.2573767E-05
 4.9100    1.1127951E-07    3.3712273E-05   -3.3712273E-05
 4.9200    1.1260214E-07    3.4252061E-05   -3.4252061E-05
 4.9300    1.1349930E-07    3.4665454E-05   -3.4665454E-05
 4.9400    1.1864104E-07    3.6383017E-05   -3.6383017E-05
 4.9500    1.3625252E-07    4.1953172E-05   -4.1953172E-05
 4.9600    1.7673254E-07    5.4637364E-05   -5.4637364E-05
 4.9700    2.4779374E-07    7.6915342E-05   -7.6915342E-05
 4.9800    3.4665704E-07    1.0803602E-04   -1.0803602E-04
 4.9900    4.5414596E-07    1.4210403E-04   -1.4210403E-04
 5.0000    5.3777388E-07    1.6894665E-04   -1.6894665E-04
 5.0100    5.6609076E-07    1.7855474E-04   -1.7855474E-04
 5.0200    5.2637523E-07    1.6669123E-04   -1.6669123E-04
 5.0300    4.3234848E-07    1.3746109E-04   -1.3746109E-04
 5.0400    3.1559594E-07    1.0074009E-04   -1.0074009E-04
 5.0500    2.0785141E-07    6.6610946E-05   -6.6610946E-05
 5.0600    1.2745756E-07    4.1008748E-05   -4.1008748E-05
 5.0700    7.7121460E-08    2.4911566E-05   -2.4911566E-05
 5.0800    4.9942112E-08    1.6195867E-05   -1.6195867E-05
 5.0900    3.6573523E-08    1.1907271E-05   -1.1907271E-05
 5.1000    2.9286260E-08    9.5722522E-06   -9.5722522E-06
 5.1100    2.3056707E-08    7.5656970E-06   -7.5656970E-06
 5.1200    1.5510980E-08    5.1096250E-06   -5.1096250E-06
 5.1300    6.7417656E-09    2.2295553E-06   -2.2295553E-06
 5.1400   -1.2005784E-09   -3.9859021E-07    3.9859021E-07
 5.1500   -5.5619280E-09   -1.8537437E-06    1.8537437E-06
 5.1600   -4.5677999E-09   -1.5283272E-06    1.5283272E-06
 5.1700    1.4712718E-09    4.9417853E-07   -4.9417853E-07
 5.1800    1.0392795E-08    3.5043037E-06   -3.5043037E-06
 5.1900    1.9487347E-08    6.5962528E-06   -6.5962528E-06
 5.2000    2.6849532E-08    9.1233275E-06   -9.1233275E-06
 5.2100    3.1962428E-08    1.0902474E-05   -1.0902474E-05
 5.2200    3.5497003E-08    1.2154653E-05   -1.2154653E-05
 5.2300    3.8806944E-08    1.3338982E-05   -1.3338982E-05
 5.2400    4.3475378E-08    1.5000848E-05   -1.5000848E-05
 5.2500    5.0926908E-08    1.7639074E-05   -1.7639074E-05
 5.2600    6.2047075E-08    2.1572609E-05   -2.1572609E-05
 5.2700    7.6931889E-08    2.6849580E-05   -2.6849580E-05
 5.2800    9.4934852E-08    3.3258556E-05   -3.3258556E-05
 5.2900    1.1497458E-07    4.0431797E-05   -4.0431797E-05
