# total charge: 24.000000 
# r(A)     rho (e/A^3)     4*pi*r^2*rho(e/A)  dip  
 0.0000    2.4169358E+01    0.0000000E+00    1.9149229E+02
 0.0100    2.4149657E+01    3.0347354E-02    1.9050688E+02
 0.0200    2.4124754E+01    1.2126424E-01    1.8757923E+02
 0.0300    2.4093587E+01    2.7249205E-01    1.8279366E+02
 0.0400    2.4055009E+01    4.8365465E-01    1.7628601E+02
 0.0500    2.4007743E+01    7.5422550E-01    1.6823713E+02
 0.0600    2.3950355E+01    1.0834885E+00    1.5886432E+02
 0.0700    2.3881364E+01    1.4705002E+00    1.4841139E+02
 0.0800    2.3799526E+01    1.9140714E+00    1.3713787E+02
 0.0900    2.3704105E+01    2.4127840E+00    1.2530814E+02
 0.1000    2.3594960E+01    2.9650301E+00    1.1318092E+02
 0.1100    2.3472393E+01    3.5690498E+00    1.0100000E+02
 0.1200    2.3336885E+01    4.2229433E+00    8.8986363E+01
 0.1300    2.3188884E+01    4.9246619E+00    7.7332262E+01
 0.1400    2.3028713E+01    5.6719920E+00    6.6197192E+01
 0.1500    2.2856592E+01    6.4625490E+00    5.5705897E+01
 0.1600    2.2672709E+01    7.2937897E+00    4.5948211E+01
 0.1700    2.2477292E+01    8.1630358E+00    3.6980521E+01
 0.1800    2.2270619E+01    9.0674914E+00    2.8828585E+01
 0.1900    2.2052965E+01    1.0004239E+01    2.1491352E+01
 0.2000    2.1824549E+01    1.0970215E+01    1.4945449E+01
 0.2100    2.1585500E+01    1.1962186E+01    9.1499397E+00
 0.2200    2.1335899E+01    1.2976757E+01    4.0510473E+00
 0.2300    2.1075844E+01    1.4010399E+01   -4.1342085E-01
 0.2400    2.0805498E+01    1.5059497E+01   -4.3101222E+00
 0.2500    2.0525113E+01    1.6120386E+01   -7.7068021E+00
 0.2600    2.0235012E+01    1.7189373E+01   -1.0669548E+01
 0.2700    1.9935559E+01    1.8262735E+01   -1.3260686E+01
 0.2800    1.9627127E+01    1.9336713E+01   -1.5537296E+01
 0.2900    1.9310077E+01    2.0407503E+01   -1.7550287E+01
 0.3000    1.8984755E+01    2.1471252E+01   -1.9343965E+01
 0.3100    1.8651509E+01    2.2524088E+01   -2.0956015E+01
 0.3200    1.8310709E+01    2.3562153E+01   -2.2417791E+01
 0.3300    1.7962765E+01    2.4581645E+01   -2.3754812E+01
 0.3400    1.7608126E+01    2.5578840E+01   -2.4987374E+01
 0.3500    1.7247263E+01    2.6550098E+01   -2.6131211E+01
 0.3600    1.6880661E+01    2.7491872E+01   -2.7198159E+01
 0.3700    1.6508816E+01    2.8400713E+01   -2.8196818E+01
 0.3800    1.6132234E+01    2.9273292E+01   -2.9133157E+01
 0.3900    1.5751430E+01    3.0106417E+01   -3.0011063E+01
 0.4000    1.5366931E+01    3.0897048E+01   -3.0832809E+01
 0.4100    1.4979265E+01    3.1642303E+01   -3.1599457E+01
 0.4200    1.4588969E+01    3.2339481E+01   -3.2311188E+01
 0.4300    1.4196587E+01    3.2986080E+01   -3.2967584E+01
 0.4400    1.3802671E+01    3.3579820E+01   -3.3567847E+01
 0.4500    1.3407781E+01    3.4118646E+01   -3.4110974E+01
 0.4600    1.3012475E+01    3.4600744E+01   -3.4595876E+01
 0.4700    1.2617310E+01    3.5024533E+01   -3.5021475E+01
 0.4800    1.2222836E+01    3.5388676E+01   -3.5386775E+01
 0.4900    1.1829596E+01    3.5692086E+01   -3.5690916E+01
 0.5000    1.1438126E+01    3.5933933E+01   -3.5933219E+01
 0.5100    1.1048953E+01    3.6113647E+01   -3.6113217E+01
 0.5200    1.0662595E+01    3.6230928E+01   -3.6230670E+01
 0.5300    1.0279558E+01    3.6285745E+01   -3.6285593E+01
 0.5400    9.9003394E+00    3.6278345E+01   -3.6278256E+01
 0.5500    9.5254243E+00    3.6209254E+01   -3.6209202E+01
 0.5600    9.1552836E+00    3.6079268E+01   -3.6079239E+01
 0.5700    8.7903699E+00    3.5889444E+01   -3.5889427E+01
 0.5800    8.4311134E+00    3.5641074E+01   -3.5641064E+01
 0.5900    8.0779191E+00    3.5335675E+01   -3.5335669E+01
 0.6000    7.7311678E+00    3.4974979E+01   -3.4974976E+01
 0.6100    7.3912188E+00    3.4560944E+01   -3.4560942E+01
 0.6200    7.0584119E+00    3.4095749E+01   -3.4095749E+01
 0.6300    6.7330669E+00    3.3581794E+01   -3.3581793E+01
 0.6400    6.4154806E+00    3.3021668E+01   -3.3021668E+01
 0.6500    6.1059242E+00    3.2418132E+01   -3.2418132E+01
 0.6600    5.8046422E+00    3.1774095E+01   -3.1774095E+01
 0.6700    5.5118528E+00    3.1092603E+01   -3.1092603E+01
 0.6800    5.2277486E+00    3.0376825E+01   -3.0376825E+01
 0.6900    4.9524956E+00    2.9630033E+01   -2.9630033E+01
 0.7000    4.6862331E+00    2.8855581E+01   -2.8855581E+01
 0.7100    4.4290728E+00    2.8056880E+01   -2.8056880E+01
 0.7200    4.1810988E+00    2.7237377E+01   -2.7237377E+01
 0.7300    3.9423684E+00    2.6400538E+01   -2.6400538E+01
 0.7400    3.7129125E+00    2.5549831E+01   -2.5549831E+01
 0.7500    3.4927376E+00    2.4688708E+01   -2.4688708E+01
 0.7600    3.2818260E+00    2.3820595E+01   -2.3820595E+01
 0.7700    3.0801371E+00    2.2948873E+01   -2.2948873E+01
 0.7800    2.8876082E+00    2.2076862E+01   -2.2076862E+01
 0.7900    2.7041557E+00    2.1207806E+01   -2.1207806E+01
 0.8000    2.5296751E+00    2.0344855E+01   -2.0344855E+01
 0.8100    2.3640409E+00    1.9491034E+01   -1.9491034E+01
 0.8200    2.2071061E+00    1.8649225E+01   -1.8649225E+01
 0.8300    2.0587044E+00    1.7822148E+01   -1.7822148E+01
 0.8400    1.9186526E+00    1.7012368E+01   -1.7012368E+01
 0.8500    1.7867527E+00    1.6222290E+01   -1.6222290E+01
 0.8600    1.6627923E+00    1.5454138E+01   -1.5454138E+01
 0.8700    1.5465437E+00    1.4709929E+01   -1.4709929E+01
 0.8800    1.4377628E+00    1.3991441E+01   -1.3991441E+01
 0.8900    1.3361913E+00    1.3300210E+01   -1.3300210E+01
 0.9000    1.2415602E+00    1.2637544E+01   -1.2637544E+01
 0.9100    1.1535929E+00    1.2004532E+01   -1.2004532E+01
 0.9200    1.0720064E+00    1.1402049E+01   -1.1402049E+01
 0.9300    9.9651155E-01    1.0830739E+01   -1.0830739E+01
 0.9400    9.2681190E-01    1.0290990E+01   -1.0290990E+01
 0.9500    8.6260396E-01    9.7829205E+00   -9.7829205E+00
 0.9600    8.0357822E-01    9.3063737E+00   -9.3063737E+00
 0.9700    7.4942109E-01    8.8609287E+00   -8.8609287E+00
 0.9800    6.9981708E-01    8.4459121E+00   -8.4459121E+00
 0.9900    6.5445063E-01    8.0604101E+00   -8.0604101E+00
 1.0000    6.1300724E-01    7.7032761E+00   -7.7032761E+00
 1.0100    5.7517409E-01    7.3731306E+00   -7.3731306E+00
 1.0200    5.4064038E-01    7.0683604E+00   -7.0683604E+00
 1.0300    5.0909804E-01    6.7871233E+00   -6.7871233E+00
 1.0400    4.8024349E-01    6.5273670E+00   -6.5273670E+00
 1.0500    4.5378071E-01    6.2868702E+00   -6.2868702E+00
 1.0600    4.2942597E-01    6.0633118E+00   -6.0633118E+00
 1.0700    4.0691424E-01    5.8543719E+00   -5.8543719E+00
 1.0800    3.8600640E-01    5.6578559E+00   -5.6578559E+00
 1.0900    3.6649576E-01    5.4718202E+00   -5.4718202E+00
 1.1000    3.4821182E-01    5.2946681E+00   -5.2946681E+00
 1.1100    3.3101999E-01    5.1251908E+00   -5.1251908E+00
 1.1200    3.1481734E-01    4.9625462E+00   -4.9625462E+00
 1.1300    2.9952570E-01    4.8061889E+00   -4.8061889E+00
 1.1400    2.8508413E-01    4.6557817E+00   -4.6557817E+00
 1.1500    2.7144264E-01    4.5111120E+00   -4.5111120E+00
 1.1600    2.5855766E-01    4.3720311E+00   -4.3720311E+00
 1.1700    2.4638937E-01    4.2384158E+00   -4.2384158E+00
 1.1800    2.3490029E-01    4.1101477E+00   -4.1101477E+00
 1.1900    2.2405454E-01    3.9871037E+00   -3.9871037E+00
 1.2000    2.1381766E-01    3.8691533E+00   -3.8691533E+00
 1.2100    2.0415658E-01    3.7561592E+00   -3.7561592E+00
 1.2200    1.9503963E-01    3.6479796E+00   -3.6479796E+00
 1.2300    1.8643659E-01    3.5444695E+00   -3.5444695E+00
 1.2400    1.7831863E-01    3.4454817E+00   -3.4454817E+00
 1.2500    1.7065821E-01    3.3508662E+00   -3.3508662E+00
 1.2600    1.6342909E-01    3.2604708E+00   -3.2604708E+00
 1.2700    1.5660628E-01    3.1741429E+00   -3.1741429E+00
 1.2800    1.5016609E-01    3.0917308E+00   -3.0917308E+00
 1.2900    1.4408610E-01    3.0130849E+00   -3.0130849E+00
 1.3000    1.3834509E-01    2.9380577E+00   -2.9380577E+00
 1.3100    1.3292294E-01    2.8665030E+00   -2.8665030E+00
 1.3200    1.2780057E-01    2.7982758E+00   -2.7982758E+00
 1.3300    1.2295990E-01    2.7332330E+00   -2.7332330E+00
 1.3400    1.1838383E-01    2.6712336E+00   -2.6712336E+00
 1.3500    1.1405619E-01    2.6121390E+00   -2.6121390E+00
 1.3600    1.0996172E-01    2.5558137E+00   -2.5558137E+00
 1.3700    1.0608601E-01    2.5021257E+00   -2.5021257E+00
 1.3800    1.0241554E-01    2.4509469E+00   -2.4509469E+00
 1.3900    9.8937583E-02    2.4021535E+00   -2.4021535E+00
 1.4000    9.5640204E-02    2.3556265E+00   -2.3556265E+00
 1.4100    9.2512186E-02    2.3112506E+00   -2.3112506E+00
 1.4200    8.9542973E-02    2.2689141E+00   -2.2689141E+00
 1.4300    8.6722632E-02    2.2285090E+00   -2.2285090E+00
 1.4400    8.4041828E-02    2.1899305E+00   -2.1899305E+00
 1.4500    8.1491807E-02    2.1530783E+00   -2.1530783E+00
 1.4600    7.9064377E-02    2.1178560E+00   -2.1178560E+00
 1.4700    7.6751888E-02    2.0841722E+00   -2.0841722E+00
 1.4800    7.4547209E-02    2.0519401E+00   -2.0519401E+00
 1.4900    7.2443688E-02    2.0210774E+00   -2.0210774E+00
 1.5000    7.0435122E-02    1.9915061E+00   -1.9915061E+00
 1.5100    6.8515719E-02    1.9631522E+00   -1.9631522E+00
 1.5200    6.6680080E-02    1.9359456E+00   -1.9359456E+00
 1.5300    6.4923172E-02    1.9098201E+00   -1.9098201E+00
 1.5400    6.3240295E-02    1.8847128E+00   -1.8847128E+00
 1.5500    6.1627056E-02    1.8605643E+00   -1.8605643E+00
 1.5600    6.0079359E-02    1.8373181E+00   -1.8373181E+00
 1.5700    5.8593389E-02    1.8149212E+00   -1.8149212E+00
 1.5800    5.7165609E-02    1.7933245E+00   -1.7933245E+00
 1.5900    5.5792738E-02    1.7724818E+00   -1.7724818E+00
 1.6000    5.4471725E-02    1.7523504E+00   -1.7523504E+00
 1.6100    5.3199729E-02    1.7328902E+00   -1.7328902E+00
 1.6200    5.1974094E-02    1.7140632E+00   -1.7140632E+00
 1.6300    5.0792339E-02    1.6958338E+00   -1.6958338E+00
 1.6400    4.9652138E-02    1.6781683E+00   -1.6781683E+00
 1.6500    4.8551313E-02    1.6610348E+00   -1.6610348E+00
 1.6600    4.7487821E-02    1.6444031E+00   -1.6444031E+00
 1.6700    4.6459744E-02    1.6282445E+00   -1.6282445E+00
 1.6800    4.5465283E-02    1.6125320E+00   -1.6125320E+00
 1.6900    4.4502747E-02    1.5972397E+00   -1.5972397E+00
 1.7000    4.3570545E-02    1.5823433E+00   -1.5823433E+00
 1.7100    4.2667177E-02    1.5678193E+00   -1.5678193E+00
 1.7200    4.1791226E-02    1.5536453E+00   -1.5536453E+00
 1.7300    4.0941347E-02    1.5397996E+00   -1.5397996E+00
 1.7400    4.0116273E-02    1.5262615E+00   -1.5262615E+00
 1.7500    3.9314804E-02    1.5130110E+00   -1.5130110E+00
 1.7600    3.8535812E-02    1.5000292E+00   -1.5000292E+00
 1.7700    3.7778230E-02    1.4872980E+00   -1.4872980E+00
 1.7800    3.7041046E-02    1.4747999E+00   -1.4747999E+00
 1.7900    3.6323299E-02    1.4625180E+00   -1.4625180E+00
 1.8000    3.5624074E-02    1.4504356E+00   -1.4504356E+00
 1.8100    3.4942505E-02    1.4385371E+00   -1.4385371E+00
 1.8200    3.4277776E-02    1.4268071E+00   -1.4268071E+00
 1.8300    3.3629112E-02    1.4152313E+00   -1.4152313E+00
 1.8400    3.2995785E-02    1.4037959E+00   -1.4037959E+00
 1.8500    3.2377109E-02    1.3924877E+00   -1.3924877E+00
 1.8600    3.1772440E-02    1.3812946E+00   -1.3812946E+00
 1.8700    3.1181176E-02    1.3702051E+00   -1.3702051E+00
 1.8800    3.0602751E-02    1.3592084E+00   -1.3592084E+00
 1.8900    3.0036634E-02    1.3482944E+00   -1.3482944E+00
 1.9000    2.9482323E-02    1.3374537E+00   -1.3374537E+00
 1.9100    2.8939349E-02    1.3266775E+00   -1.3266775E+00
 1.9200    2.8407280E-02    1.3159578E+00   -1.3159578E+00
 1.9300    2.7885720E-02    1.3052880E+00   -1.3052880E+00
 1.9400    2.7374310E-02    1.2946623E+00   -1.2946623E+00
 1.9500    2.6872716E-02    1.2840757E+00   -1.2840757E+00
 1.9600    2.6380620E-02    1.2735236E+00   -1.2735236E+00
 1.9700    2.5897725E-02    1.2630017E+00   -1.2630017E+00
 1.9800    2.5423750E-02    1.2525061E+00   -1.2525061E+00
 1.9900    2.4958443E-02    1.2420341E+00   -1.2420341E+00
 2.0000    2.4501578E-02    1.2315836E+00   -1.2315836E+00
 2.0100    2.4052950E-02    1.2211537E+00   -1.2211537E+00
 2.0200    2.3612361E-02    1.2107431E+00   -1.2107431E+00
 2.0300    2.3179619E-02    1.2003509E+00   -1.2003509E+00
 2.0400    2.2754534E-02    1.1899758E+00   -1.1899758E+00
 2.0500    2.2336926E-02    1.1796169E+00   -1.1796169E+00
 2.0600    2.1926635E-02    1.1692740E+00   -1.1692740E+00
 2.0700    2.1523515E-02    1.1589475E+00   -1.1589475E+00
 2.0800    2.1127440E-02    1.1486386E+00   -1.1486386E+00
 2.0900    2.0738300E-02    1.1383494E+00   -1.1383494E+00
 2.1000    2.0355996E-02    1.1280823E+00   -1.1280823E+00
 2.1100    1.9980432E-02    1.1178400E+00   -1.1178400E+00
 2.1200    1.9611512E-02    1.1076248E+00   -1.1076248E+00
 2.1300    1.9249127E-02    1.0974383E+00   -1.0974383E+00
 2.1400    1.8893156E-02    1.0872813E+00   -1.0872813E+00
 2.1500    1.8543468E-02    1.0771539E+00   -1.0771539E+00
 2.1600    1.8199924E-02    1.0670553E+00   -1.0670553E+00
 2.1700    1.7862386E-02    1.0569849E+00   -1.0569849E+00
 2.1800    1.7530721E-02    1.0469420E+00   -1.0469420E+00
 2.1900    1.7204810E-02    1.0369265E+00   -1.0369265E+00
 2.2000    1.6884544E-02    1.0269388E+00   -1.0269388E+00
 2.2100    1.6569825E-02    1.0169798E+00   -1.0169798E+00
 2.2200    1.6260559E-02    1.0070506E+00   -1.0070506E+00
 2.2300    1.5956654E-02    9.9715213E-01   -9.9715213E-01
 2.2400    1.5658015E-02    9.8728516E-01   -9.8728516E-01
 2.2500    1.5364545E-02    9.7745009E-01   -9.7745009E-01
 2.2600    1.5076143E-02    9.6764708E-01   -9.6764708E-01
 2.2700    1.4792710E-02    9.5787606E-01   -9.5787606E-01
 2.2800    1.4514143E-02    9.4813673E-01   -9.4813673E-01
 2.2900    1.4240339E-02    9.3842844E-01   -9.3842844E-01
 2.3000    1.3971190E-02    9.2875024E-01   -9.2875024E-01
 2.3100    1.3706590E-02    9.1910102E-01   -9.1910102E-01
 2.3200    1.3446437E-02    9.0947978E-01   -9.0947978E-01
 2.3300    1.3190637E-02    8.9988598E-01   -8.9988598E-01
 2.3400    1.2939109E-02    8.9031962E-01   -8.9031962E-01
 2.3500    1.2691782E-02    8.8078150E-01   -8.8078150E-01
 2.3600    1.2448602E-02    8.7127337E-01   -8.7127337E-01
 2.3700    1.2209528E-02    8.6179793E-01   -8.6179793E-01
 2.3800    1.1974527E-02    8.5235822E-01   -8.5235822E-01
 2.3900    1.1743556E-02    8.4295675E-01   -8.4295675E-01
 2.4000    1.1516557E-02    8.3359479E-01   -8.3359479E-01
 2.4100    1.1293455E-02    8.2427246E-01   -8.2427246E-01
 2.4200    1.1074177E-02    8.1498955E-01   -8.1498955E-01
 2.4300    1.0858654E-02    8.0574649E-01   -8.0574649E-01
 2.4400    1.0646839E-02    7.9654481E-01   -7.9654481E-01
 2.4500    1.0438694E-02    7.8738694E-01   -7.8738694E-01
 2.4600    1.0234189E-02    7.7827579E-01   -7.7827579E-01
 2.4700    1.0033296E-02    7.6921438E-01   -7.6921438E-01
 2.4800    9.8359848E-03    7.6020562E-01   -7.6020562E-01
 2.4900    9.6422210E-03    7.5125200E-01   -7.5125200E-01
 2.5000    9.4519596E-03    7.4235517E-01   -7.4235517E-01
 2.5100    9.2651428E-03    7.3351572E-01   -7.3351572E-01
 2.5200    9.0817035E-03    7.2473338E-01   -7.2473338E-01
 2.5300    8.9015763E-03    7.1600792E-01   -7.1600792E-01
 2.5400    8.7247085E-03    7.0734001E-01   -7.0734001E-01
 2.5500    8.5510659E-03    6.9873175E-01   -6.9873175E-01
 2.5600    8.3806282E-03    6.9018636E-01   -6.9018636E-01
 2.5700    8.2133755E-03    6.8170706E-01   -6.8170706E-01
 2.5800    8.0492739E-03    6.7329592E-01   -6.7329592E-01
 2.5900    7.8882710E-03    6.6495341E-01   -6.6495341E-01
 2.6000    7.7303029E-03    6.5667892E-01   -6.5667892E-01
 2.6100    7.5753082E-03    6.4847193E-01   -6.4847193E-01
 2.6200    7.4232350E-03    6.4033266E-01   -6.4033266E-01
 2.6300    7.2740360E-03    6.3226160E-01   -6.3226160E-01
 2.6400    7.1276558E-03    6.2425846E-01   -6.2425846E-01
 2.6500    6.9840269E-03    6.1632178E-01   -6.1632178E-01
 2.6600    6.8430813E-03    6.0844992E-01   -6.0844992E-01
 2.6700    6.7047702E-03    6.0064281E-01   -6.0064281E-01
 2.6800    6.5690732E-03    5.9290287E-01   -5.9290287E-01
 2.6900    6.4359865E-03    5.8523400E-01   -5.8523400E-01
 2.7000    6.3054986E-03    5.7763942E-01   -5.7763942E-01
 2.7100    6.1775718E-03    5.7011996E-01   -5.7011996E-01
 2.7200    6.0521420E-03    5.6267391E-01   -5.6267391E-01
 2.7300    5.9291356E-03    5.5529855E-01   -5.5529855E-01
 2.7400    5.8084880E-03    5.4799184E-01   -5.4799184E-01
 2.7500    5.6901503E-03    5.4075306E-01   -5.4075306E-01
 2.7600    5.5740801E-03    5.3358208E-01   -5.3358208E-01
 2.7700    5.4602305E-03    5.2647818E-01   -5.2647818E-01
 2.7800    5.3485463E-03    5.1943979E-01   -5.1943979E-01
 2.7900    5.2389737E-03    5.1246533E-01   -5.1246533E-01
 2.8000    5.1314714E-03    5.0555433E-01   -5.0555433E-01
 2.8100    5.0260163E-03    4.9870807E-01   -4.9870807E-01
 2.8200    4.9225988E-03    4.9192911E-01   -4.9192911E-01
 2.8300    4.8212125E-03    4.8522035E-01   -4.8522035E-01
 2.8400    4.7218422E-03    4.7858382E-01   -4.7858382E-01
 2.8500    4.6244540E-03    4.7201962E-01   -4.7201962E-01
 2.8600    4.5289892E-03    4.6552523E-01   -4.6552523E-01
 2.8700    4.4353667E-03    4.5909566E-01   -4.5909566E-01
 2.8800    4.3434988E-03    4.5272507E-01   -4.5272507E-01
 2.8900    4.2533191E-03    4.4640959E-01   -4.4640959E-01
 2.9000    4.1648051E-03    4.4014984E-01   -4.4014984E-01
 2.9100    4.0779791E-03    4.3395114E-01   -4.3395114E-01
 2.9200    3.9928783E-03    4.2782055E-01   -4.2782055E-01
 2.9300    3.9095145E-03    4.2176247E-01   -4.2176247E-01
 2.9400    3.8278505E-03    4.1577607E-01   -4.1577607E-01
 2.9500    3.7478123E-03    4.0985641E-01   -4.0985641E-01
 2.9600    3.6693282E-03    4.0399859E-01   -4.0399859E-01
 2.9700    3.5923641E-03    3.9820170E-01   -3.9820170E-01
 2.9800    3.5169295E-03    3.9246962E-01   -3.9246962E-01
 2.9900    3.4430515E-03    3.8680828E-01   -3.8680828E-01
 3.0000    3.3707393E-03    3.8122163E-01   -3.8122163E-01
 3.0100    3.2999668E-03    3.7570972E-01   -3.7570972E-01
 3.0200    3.2306850E-03    3.7026987E-01   -3.7026987E-01
 3.0300    3.1628462E-03    3.6489944E-01   -3.6489944E-01
 3.0400    3.0964191E-03    3.5959759E-01   -3.5959759E-01
 3.0500    3.0313841E-03    3.5436475E-01   -3.5436475E-01
 3.0600    2.9677175E-03    3.4920084E-01   -3.4920084E-01
 3.0700    2.9053820E-03    3.4410411E-01   -3.4410411E-01
 3.0800    2.8443324E-03    3.3907178E-01   -3.3907178E-01
 3.0900    2.7845306E-03    3.3410181E-01   -3.3410181E-01
 3.1000    2.7259569E-03    3.2919425E-01   -3.2919425E-01
 3.1100    2.6686062E-03    3.2435092E-01   -3.2435092E-01
 3.1200    2.6124725E-03    3.1957351E-01   -3.1957351E-01
 3.1300    2.5575332E-03    3.1486169E-01   -3.1486169E-01
 3.1400    2.5037449E-03    3.1021246E-01   -3.1021246E-01
 3.1500    2.4510531E-03    3.0562135E-01   -3.0562135E-01
 3.1600    2.3994088E-03    3.0108442E-01   -3.0108442E-01
 3.1700    2.3487815E-03    2.9659991E-01   -2.9659991E-01
 3.1800    2.2991617E-03    2.9216865E-01   -2.9216865E-01
 3.1900    2.2505536E-03    2.8779324E-01   -2.8779324E-01
 3.2000    2.2029615E-03    2.8347628E-01   -2.8347628E-01
 3.2100    2.1563771E-03    2.7921878E-01   -2.7921878E-01
 3.2200    2.1107739E-03    2.7501940E-01   -2.7501940E-01
 3.2300    2.0661131E-03    2.7087505E-01   -2.7087505E-01
 3.2400    2.0223554E-03    2.6678252E-01   -2.6678252E-01
 3.2500    1.9794734E-03    2.6274003E-01   -2.6274003E-01
 3.2600    1.9374566E-03    2.5874803E-01   -2.5874803E-01
 3.2700    1.8963067E-03    2.5480852E-01   -2.5480852E-01
 3.2800    1.8560222E-03    2.5092314E-01   -2.5092314E-01
 3.2900    1.8165831E-03    2.4709101E-01   -2.4709101E-01
 3.3000    1.7779456E-03    2.4330790E-01   -2.4330790E-01
 3.3100    1.7400555E-03    2.3956807E-01   -2.3956807E-01
 3.3200    1.7028741E-03    2.3586775E-01   -2.3586775E-01
 3.3300    1.6663966E-03    2.3220775E-01   -2.3220775E-01
 3.3400    1.6306482E-03    2.2859308E-01   -2.2859308E-01
 3.3500    1.5956602E-03    2.2502972E-01   -2.2502972E-01
 3.3600    1.5614444E-03    2.2152102E-01   -2.2152102E-01
 3.3700    1.5279862E-03    2.1806658E-01   -2.1806658E-01
 3.3800    1.4952579E-03    2.1466407E-01   -2.1466407E-01
 3.3900    1.4632378E-03    2.1131201E-01   -2.1131201E-01
 3.4000    1.4319170E-03    2.0801063E-01   -2.0801063E-01
 3.4100    1.4012871E-03    2.0476030E-01   -2.0476030E-01
 3.4200    1.3713259E-03    2.0155926E-01   -2.0155926E-01
 3.4300    1.3419945E-03    1.9840328E-01   -1.9840328E-01
 3.4400    1.3132524E-03    1.9528773E-01   -1.9528773E-01
 3.4500    1.2850762E-03    1.9221043E-01   -1.9221043E-01
 3.4600    1.2574668E-03    1.8917275E-01   -1.8917275E-01
 3.4700    1.2304379E-03    1.8617807E-01   -1.8617807E-01
 3.4800    1.2039992E-03    1.8322915E-01   -1.8322915E-01
 3.4900    1.1781460E-03    1.8032661E-01   -1.8032661E-01
 3.5000    1.1528622E-03    1.7746935E-01   -1.7746935E-01
 3.5100    1.1281308E-03    1.7465601E-01   -1.7465601E-01
 3.5200    1.1039424E-03    1.7188643E-01   -1.7188643E-01
 3.5300    1.0802980E-03    1.6916201E-01   -1.6916201E-01
 3.5400    1.0572029E-03    1.6648486E-01   -1.6648486E-01
 3.5500    1.0346549E-03    1.6385591E-01   -1.6385591E-01
 3.5600    1.0126324E-03    1.6127301E-01   -1.6127301E-01
 3.5700    9.9109243E-04    1.5873053E-01   -1.5873053E-01
 3.5800    9.6998266E-04    1.5622117E-01   -1.5622117E-01
 3.5900    9.4926115E-04    1.5373915E-01   -1.5373915E-01
 3.6000    9.2891084E-04    1.5128257E-01   -1.5128257E-01
 3.6100    9.0893933E-04    1.4885354E-01   -1.4885354E-01
 3.6200    8.8936607E-04    1.4645613E-01   -1.4645613E-01
 3.6300    8.7020815E-04    1.4409412E-01   -1.4409412E-01
 3.6400    8.5147379E-04    1.4176986E-01   -1.4176986E-01
 3.6500    8.3316481E-04    1.3948468E-01   -1.3948468E-01
 3.6600    8.1528235E-04    1.3723980E-01   -1.3723980E-01
 3.6700    7.9782825E-04    1.3503657E-01   -1.3503657E-01
 3.6800    7.8079774E-04    1.3287524E-01   -1.3287524E-01
 3.6900    7.6416670E-04    1.3075271E-01   -1.3075271E-01
 3.7000    7.4788451E-04    1.2866128E-01   -1.2866128E-01
 3.7100    7.3188429E-04    1.2659021E-01   -1.2659021E-01
 3.7200    7.1611075E-04    1.2453056E-01   -1.2453056E-01
 3.7300    7.0054976E-04    1.2248038E-01   -1.2248038E-01
 3.7400    6.8523650E-04    1.2044633E-01   -1.2044633E-01
 3.7500    6.7023355E-04    1.1844004E-01   -1.1844004E-01
 3.7600    6.5559356E-04    1.1647165E-01   -1.1647165E-01
 3.7700    6.4133279E-04    1.1454497E-01   -1.1454497E-01
 3.7800    6.2743053E-04    1.1265724E-01   -1.1265724E-01
 3.7900    6.1384847E-04    1.1080248E-01   -1.1080248E-01
 3.8000    6.0055209E-04    1.0897522E-01   -1.0897522E-01
 3.8100    5.8752051E-04    1.0717237E-01   -1.0717237E-01
 3.8200    5.7474480E-04    1.0539297E-01   -1.0539297E-01
 3.8300    5.6222314E-04    1.0363731E-01   -1.0363731E-01
 3.8400    5.4995944E-04    1.0190675E-01   -1.0190675E-01
 3.8500    5.3796386E-04    1.0020385E-01   -1.0020385E-01
 3.8600    5.2624978E-04    9.8531796E-02   -9.8531796E-02
 3.8700    5.1482547E-04    9.6892870E-02   -9.6892870E-02
 3.8800    5.0368583E-04    9.5286866E-02   -9.5286866E-02
 3.8900    4.9281110E-04    9.3710778E-02   -9.3710778E-02
 3.9000    4.8217510E-04    9.2160295E-02   -9.2160295E-02
 3.9100    4.7175711E-04    9.0632056E-02   -9.0632056E-02
 3.9200    4.6154863E-04    8.9124983E-02   -8.9124983E-02
 3.9300    4.5155125E-04    8.7639928E-02   -8.7639928E-02
 3.9400    4.4177008E-04    8.6178435E-02   -8.6178435E-02
 3.9500    4.3220999E-04    8.4742029E-02   -8.4742029E-02
 3.9600    4.2287684E-04    8.3332447E-02   -8.3332447E-02
 3.9700    4.1377906E-04    8.1951969E-02   -8.1951969E-02
 3.9800    4.0492468E-04    8.0602824E-02   -8.0602824E-02
 3.9900    3.9631414E-04    7.9285766E-02   -7.9285766E-02
 4.0000    3.8793505E-04    7.7998970E-02   -7.7998970E-02
 4.0100    3.7976345E-04    7.6738229E-02   -7.6738229E-02
 4.0200    3.7177011E-04    7.5498173E-02   -7.5498173E-02
 4.0300    3.6392668E-04    7.4273494E-02   -7.4273494E-02
 4.0400    3.5620919E-04    7.3059671E-02   -7.3059671E-02
 4.0500    3.4860109E-04    7.1853620E-02   -7.1853620E-02
 4.0600    3.4109708E-04    7.0654518E-02   -7.0654518E-02
 4.0700    3.3370437E-04    6.9464125E-02   -6.9464125E-02
 4.0800    3.2643767E-04    6.8285810E-02   -6.8285810E-02
 4.0900    3.1931032E-04    6.7122704E-02   -6.7122704E-02
 4.1000    3.1232849E-04    6.5976486E-02   -6.5976486E-02
 4.1100    3.0549289E-04    6.4847706E-02   -6.4847706E-02
 4.1200    2.9880470E-04    6.3737015E-02   -6.3737015E-02
 4.1300    2.9226900E-04    6.2645910E-02   -6.2645910E-02
 4.1400    2.8589274E-04    6.1576312E-02   -6.1576312E-02
 4.1500    2.7967981E-04    6.0529512E-02   -6.0529512E-02
 4.1600    2.7362811E-04    5.9505517E-02   -5.9505517E-02
 4.1700    2.6773111E-04    5.8503360E-02   -5.8503360E-02
 4.1800    2.6198130E-04    5.7521833E-02   -5.7521833E-02
 4.1900    2.5637063E-04    5.6559580E-02   -5.6559580E-02
 4.2000    2.5088689E-04    5.5614291E-02   -5.5614291E-02
 4.2100    2.4551176E-04    5.4682247E-02   -5.4682247E-02
 4.2200    2.4022634E-04    5.3759521E-02   -5.3759521E-02
 4.2300    2.3502109E-04    5.2844213E-02   -5.2844213E-02
 4.2400    2.2990021E-04    5.1937488E-02   -5.1937488E-02
 4.2500    2.2487547E-04    5.1042249E-02   -5.1042249E-02
 4.2600    2.1995565E-04    5.0160769E-02   -5.0160769E-02
 4.2700    2.1514118E-04    4.9293443E-02   -4.9293443E-02
 4.2800    2.1042607E-04    4.8439197E-02   -4.8439197E-02
 4.2900    2.0580267E-04    4.7596547E-02   -4.7596547E-02
 4.3000    2.0126548E-04    4.6764476E-02   -4.6764476E-02
 4.3100    1.9681481E-04    4.5943298E-02   -4.5943298E-02
 4.3200    1.9246094E-04    4.5135676E-02   -4.5135676E-02
 4.3300    1.8822557E-04    4.4347003E-02   -4.4347003E-02
 4.3400    1.8413504E-04    4.3583868E-02   -4.3583868E-02
 4.3500    1.8020465E-04    4.2850350E-02   -4.2850350E-02
 4.3600    1.7642302E-04    4.2144228E-02   -4.2144228E-02
 4.3700    1.7275065E-04    4.1456481E-02   -4.1456481E-02
 4.3800    1.6913823E-04    4.0775553E-02   -4.0775553E-02
 4.3900    1.6555236E-04    4.0093530E-02   -4.0093530E-02
 4.4000    1.6198818E-04    3.9409284E-02   -3.9409284E-02
 4.4100    1.5846067E-04    3.8726525E-02   -3.8726525E-02
 4.4200    1.5498708E-04    3.8049582E-02   -3.8049582E-02
 4.4300    1.5157752E-04    3.7381103E-02   -3.7381103E-02
 4.4400    1.4823750E-04    3.6722639E-02   -3.6722639E-02
 4.4500    1.4497265E-04    3.6075799E-02   -3.6075799E-02
 4.4600    1.4178731E-04    3.5441896E-02   -3.5441896E-02
 4.4700    1.3867989E-04    3.4820773E-02   -3.4820773E-02
 4.4800    1.3564296E-04    3.4210794E-02   -3.4210794E-02
 4.4900    1.3266985E-04    3.3610486E-02   -3.3610486E-02
 4.5000    1.2976102E-04    3.3020158E-02   -3.3020158E-02
 4.5100    1.2692343E-04    3.2441786E-02   -3.2441786E-02
 4.5200    1.2416412E-04    3.1877396E-02   -3.1877396E-02
 4.5300    1.2148486E-04    3.1327694E-02   -3.1327694E-02
 4.5400    1.1888232E-04    3.0792067E-02   -3.0792067E-02
 4.5500    1.1635137E-04    3.0269424E-02   -3.0269424E-02
 4.5600    1.1388693E-04    2.9758663E-02   -2.9758663E-02
 4.5700    1.1148292E-04    2.9258401E-02   -2.9258401E-02
 4.5800    1.0913138E-04    2.8766727E-02   -2.8766727E-02
 4.5900    1.0682448E-04    2.8281733E-02   -2.8281733E-02
 4.6000    1.0455843E-04    2.7802547E-02   -2.7802547E-02
 4.6100    1.0233532E-04    2.7329851E-02   -2.7329851E-02
 4.6200    1.0016011E-04    2.6865108E-02   -2.6865108E-02
 4.6300    9.8034596E-05    2.6408954E-02   -2.6408954E-02
 4.6400    9.5953329E-05    2.5960071E-02   -2.5960071E-02
 4.6500    9.3904982E-05    2.5515519E-02   -2.5515519E-02
 4.6600    9.1878413E-05    2.5072358E-02   -2.5072358E-02
 4.6700    8.9868852E-05    2.4629342E-02   -2.4629342E-02
 4.6800    8.7879925E-05    2.4187515E-02   -2.4187515E-02
 4.6900    8.5920621E-05    2.3749417E-02   -2.3749417E-02
 4.7000    8.3999985E-05    2.3317651E-02   -2.3317651E-02
 4.7100    8.2123726E-05    2.2893929E-02   -2.2893929E-02
 4.7200    8.0294787E-05    2.2479219E-02   -2.2479219E-02
 4.7300    7.8516494E-05    2.2074610E-02   -2.2074610E-02
 4.7400    7.6795000E-05    2.1682007E-02   -2.1682007E-02
 4.7500    7.5138559E-05    2.1303941E-02   -2.1303941E-02
 4.7600    7.3552859E-05    2.0942249E-02   -2.0942249E-02
 4.7700    7.2033959E-05    2.0596048E-02   -2.0596048E-02
 4.7800    7.0563756E-05    2.0260369E-02   -2.0260369E-02
 4.7900    6.9114502E-05    1.9927374E-02   -1.9927374E-02
 4.8000    6.7663606E-05    1.9590588E-02   -1.9590588E-02
 4.8100    6.6209781E-05    1.9249620E-02   -1.9249620E-02
 4.8200    6.4777323E-05    1.8911542E-02   -1.8911542E-02
 4.8300    6.3403884E-05    1.8587458E-02   -1.8587458E-02
 4.8400    6.2120763E-05    1.8286785E-02   -1.8286785E-02
 4.8500    6.0939135E-05    1.8013148E-02   -1.8013148E-02
 4.8600    5.9847043E-05    1.7763359E-02   -1.7763359E-02
 4.8700    5.8812118E-05    1.7528091E-02   -1.7528091E-02
 4.8800    5.7786078E-05    1.7293095E-02   -1.7293095E-02
 4.8900    5.6715142E-05    1.7042237E-02   -1.7042237E-02
 4.9000    5.5560264E-05    1.6763563E-02   -1.6763563E-02
 4.9100    5.4318077E-05    1.6455733E-02   -1.6455733E-02
 4.9200    5.3024496E-05    1.6129341E-02   -1.6129341E-02
 4.9300    5.1734568E-05    1.5800998E-02   -1.5800998E-02
 4.9400    5.0494589E-05    1.5484907E-02   -1.5484907E-02
 4.9500    4.9329342E-05    1.5188874E-02   -1.5188874E-02
 4.9600    4.8249335E-05    1.4916418E-02   -1.4916418E-02
 4.9700    4.7261112E-05    1.4669881E-02   -1.4669881E-02
 4.9800    4.6363103E-05    1.4449108E-02   -1.4449108E-02
 4.9900    4.5530386E-05    1.4246635E-02   -1.4246635E-02
 5.0000    4.4709830E-05    1.4046008E-02   -1.4046008E-02
 5.0100    4.3840577E-05    1.3828070E-02   -1.3828070E-02
 5.0200    4.2888970E-05    1.3581975E-02   -1.3581975E-02
 5.0300    4.1869929E-05    1.3312145E-02   -1.3312145E-02
 5.0400    4.0837380E-05    1.3035533E-02   -1.3035533E-02
 5.0500    3.9852640E-05    1.2771730E-02   -1.2771730E-02
 5.0600    3.8954017E-05    1.2533234E-02   -1.2533234E-02
 5.0700    3.8143536E-05    1.2321022E-02   -1.2321022E-02
 5.0800    3.7391575E-05    1.2125818E-02   -1.2125818E-02
 5.0900    3.6652646E-05    1.1933031E-02   -1.1933031E-02
 5.1000    3.5885958E-05    1.1729372E-02   -1.1729372E-02
 5.1100    3.5074707E-05    1.1509215E-02   -1.1509215E-02
 5.1200    3.4235893E-05    1.1277983E-02   -1.1277983E-02
 5.1300    3.3413451E-05    1.1050093E-02   -1.1050093E-02
 5.1400    3.2655981E-05    1.0841736E-02   -1.0841736E-02
 5.1500    3.1991564E-05    1.0662518E-02   -1.0662518E-02
 5.1600    3.1415001E-05    1.0511056E-02   -1.0511056E-02
 5.1700    3.0893421E-05    1.0376645E-02   -1.0376645E-02
 5.1800    3.0383155E-05    1.0244771E-02   -1.0244771E-02
 5.1900    2.9846228E-05    1.0102620E-02   -1.0102620E-02
 5.2000    2.9260156E-05    9.9424448E-03   -9.9424448E-03
 5.2100    2.8621326E-05    9.7628152E-03   -9.7628152E-03
 5.2200    2.7943600E-05    9.5682656E-03   -9.5682656E-03
 5.2300    2.7252347E-05    9.3673589E-03   -9.3673589E-03
 5.2400    2.6574978E-05    9.1694935E-03   -9.1694935E-03
 5.2500    2.5931951E-05    8.9818060E-03   -8.9818060E-03
 5.2600    2.5332731E-05    8.8077172E-03   -8.8077172E-03
 5.2700    2.4777212E-05    8.6473597E-03   -8.6473597E-03
 5.2800    2.4258948E-05    8.4986447E-03   -8.4986447E-03
 5.2900    2.3766823E-05    8.3578072E-03   -8.3578072E-03
 5.3000    2.3285998E-05    8.2197094E-03   -8.2197094E-03
 5.3100    2.2801405E-05    8.0790542E-03   -8.0790542E-03
 5.3200    2.2304231E-05    7.9326883E-03   -7.9326883E-03
 5.3300    2.1796981E-05    7.7814519E-03   -7.7814519E-03
 5.3400    2.1292143E-05    7.6297752E-03   -7.6297752E-03
 5.3500    2.0804580E-05    7.4830109E-03   -7.4830109E-03
 5.3600    2.0343262E-05    7.3444629E-03   -7.3444629E-03
 5.3700    1.9908049E-05    7.2141825E-03   -7.2141825E-03
 5.3800    1.9492519E-05    7.0899372E-03   -7.0899372E-03
 5.3900    1.9089511E-05    6.9691882E-03   -6.9691882E-03
 5.4000    1.8695599E-05    6.8507287E-03   -6.8507287E-03
 5.4100    1.8312865E-05    6.7353579E-03   -6.7353579E-03
 5.4200    1.7947642E-05    6.6254569E-03   -6.6254569E-03
 5.4300    1.7606389E-05    6.5234874E-03   -6.5234874E-03
 5.4400    1.7290412E-05    6.4300301E-03   -6.4300301E-03
 5.4500    1.6993261E-05    6.3427791E-03   -6.3427791E-03
 5.4600    1.6703666E-05    6.2575879E-03   -6.2575879E-03
 5.4700    1.6412203E-05    6.1709410E-03   -6.1709410E-03
 5.4800    1.6116318E-05    6.0818656E-03   -6.0818656E-03
 5.4900    1.5820146E-05    5.9919066E-03   -5.9919066E-03
 5.5000    1.5530564E-05    5.9036754E-03   -5.9036754E-03
 5.5100    1.5253758E-05    5.8195569E-03   -5.8195569E-03
 5.5200    1.4994638E-05    5.7414820E-03   -5.7414820E-03
 5.5300    1.4757783E-05    5.6712820E-03   -5.6712820E-03
 5.5400    1.4547203E-05    5.6105946E-03   -5.6105946E-03
 5.5500    1.4364026E-05    5.5599645E-03   -5.5599645E-03
 5.5600    1.4203766E-05    5.5177619E-03   -5.5177619E-03
 5.5700    1.4055647E-05    5.4798806E-03   -5.4798806E-03
 5.5800    1.3905201E-05    5.4407094E-03   -5.4407094E-03
 5.5900    1.3739217E-05    5.3950499E-03   -5.3950499E-03
 5.6000    1.3550275E-05    5.3399109E-03   -5.3399109E-03
 5.6100    1.3337598E-05    5.2748876E-03   -5.2748876E-03
 5.6200    1.3103183E-05    5.2006702E-03   -5.2006702E-03
 5.6300    1.2846517E-05    5.1169604E-03   -5.1169604E-03
 5.6400    1.2563559E-05    5.0220466E-03   -5.0220466E-03
 5.6500    1.2252114E-05    4.9149352E-03   -4.9149352E-03
 5.6600    1.1919112E-05    4.7982916E-03   -4.7982916E-03
 5.6700    1.1583014E-05    4.6794796E-03   -4.6794796E-03
 5.6800    1.1269092E-05    4.5687298E-03   -4.5687298E-03
 5.6900    1.1001057E-05    4.4757808E-03   -4.4757808E-03
 5.7000    1.0794301E-05    4.4071120E-03   -4.4071120E-03
 5.7100    1.0654461E-05    4.3652945E-03   -4.3652945E-03
 5.7200    1.0581792E-05    4.3507203E-03   -4.3507203E-03
 5.7300    1.0576916E-05    4.3639339E-03   -4.3639339E-03
 5.7400    1.0639308E-05    4.4050115E-03   -4.4050115E-03
 5.7500    1.0753749E-05    4.4679208E-03   -4.4679208E-03
 5.7600    1.0873944E-05    4.5335868E-03   -4.5335868E-03
 5.7700    1.0924477E-05    4.5704834E-03   -4.5704834E-03
 5.7800    1.0833720E-05    4.5482377E-03   -4.5482377E-03
 5.7900    1.0581128E-05    4.4575780E-03   -4.4575780E-03
 5.8000    1.0220258E-05    4.3204375E-03   -4.3204375E-03
 5.8100    9.8527310E-06    4.1794463E-03   -4.1794463E-03
 5.8200    9.5697308E-06    4.0733859E-03   -4.0733859E-03
 5.8300    9.4051077E-06    4.0170825E-03   -4.0170825E-03
 5.8400    9.3305837E-06    3.9989352E-03   -3.9989352E-03
 5.8500    9.2868271E-06    3.9938243E-03   -3.9938243E-03
 5.8600    9.2211447E-06    3.9791466E-03   -3.9791466E-03
 5.8700    9.1078537E-06    3.9436840E-03   -3.9436840E-03
 5.8800    8.9471505E-06    3.8873108E-03   -3.8873108E-03
 5.8900    8.7535031E-06    3.8161228E-03   -3.8161228E-03
 5.9000    8.5466497E-06    3.7386068E-03   -3.7386068E-03
 5.9100    8.3489144E-06    3.6645009E-03   -3.6645009E-03
 5.9200    8.1817711E-06    3.6033015E-03   -3.6033015E-03
 5.9300    8.0550677E-06    3.5594955E-03   -3.5594955E-03
 5.9400    7.9549722E-06    3.5271296E-03   -3.5271296E-03
 5.9500    7.8454711E-06    3.4903005E-03   -3.4903005E-03
 5.9600    7.6887520E-06    3.4320866E-03   -3.4320866E-03
 5.9700    7.4701589E-06    3.3457106E-03   -3.3457106E-03
 5.9800    7.2066885E-06    3.2385304E-03   -3.2385304E-03
 5.9900    6.9332736E-06    3.1260927E-03   -3.1260927E-03
 6.0000    6.6814573E-06    3.0226201E-03   -3.0226201E-03
 6.0100    6.4686523E-06    2.9361120E-03   -2.9361120E-03
 6.0200    6.3021665E-06    2.8700715E-03   -2.8700715E-03
 6.0300    6.1883265E-06    2.8275983E-03   -2.8275983E-03
 6.0400    6.1363955E-06    2.8131772E-03   -2.8131772E-03
 6.0500    6.1556507E-06    2.8313567E-03   -2.8313567E-03
 6.0600    6.2501860E-06    2.8843506E-03   -2.8843506E-03
 6.0700    6.4142639E-06    2.9698470E-03   -2.9698470E-03
 6.0800    6.6265312E-06    3.0782456E-03   -3.0782456E-03
 6.0900    6.8431874E-06    3.1893552E-03   -3.1893552E-03
 6.1000    6.9986028E-06    3.2725092E-03   -3.2725092E-03
 6.1100    7.0239335E-06    3.2951310E-03   -3.2951310E-03
 6.1200    6.8797036E-06    3.2380417E-03   -3.2380417E-03
 6.1300    6.5794099E-06    3.1068319E-03   -3.1068319E-03
 6.1400    6.1827579E-06    2.9290639E-03   -2.9290639E-03
 6.1500    5.7625643E-06    2.7388981E-03   -2.7388981E-03
 6.1600    5.3719412E-06    2.5615482E-03   -2.5615482E-03
 6.1700    5.0338956E-06    2.4081548E-03   -2.4081548E-03
 6.1800    4.7516946E-06    2.2805276E-03   -2.2805276E-03
 6.1900    4.5226811E-06    2.1776452E-03   -2.1776452E-03
 6.2000    4.3438098E-06    2.0982829E-03   -2.0982829E-03
 6.2100    4.2112929E-06    2.0408379E-03   -2.0408379E-03
 6.2200    4.1212848E-06    2.0036565E-03   -2.0036565E-03
 6.2300    4.0719431E-06    1.9860385E-03   -1.9860385E-03
 6.2400    4.0618917E-06    1.9875011E-03   -1.9875011E-03
 6.2500    4.0838531E-06    2.0046567E-03   -2.0046567E-03
 6.2600    4.1194484E-06    2.0286055E-03   -2.0286055E-03
 6.2700    4.1421273E-06    2.0462957E-03   -2.0462957E-03
 6.2800    4.1281046E-06    2.0458785E-03   -2.0458785E-03
 6.2900    4.0674238E-06    2.0222301E-03   -2.0222301E-03
 6.3000    3.9668257E-06    1.9784910E-03   -1.9784910E-03
 6.3100    3.8434776E-06    1.9230604E-03   -1.9230604E-03
 6.3200    3.7162842E-06    1.8653182E-03   -1.8653182E-03
 6.3300    3.6016245E-06    1.8134923E-03   -1.8134923E-03
 6.3400    3.5136157E-06    1.7747723E-03   -1.7747723E-03
 6.3500    3.4638349E-06    1.7551511E-03   -1.7551511E-03
 6.3600    3.4573311E-06    1.7573775E-03   -1.7573775E-03
 6.3700    3.4870971E-06    1.7780860E-03   -1.7780860E-03
 6.3800    3.5316459E-06    1.8064601E-03   -1.8064601E-03
 6.3900    3.5588360E-06    1.8260790E-03   -1.8260790E-03
 6.4000    3.5360195E-06    1.8200548E-03   -1.8200548E-03
 6.4100    3.4429809E-06    1.7777084E-03   -1.7777084E-03
 6.4200    3.2810714E-06    1.6994000E-03   -1.6994000E-03
 6.4300    3.0727577E-06    1.5964676E-03   -1.5964676E-03
 6.4400    2.8518683E-06    1.4863157E-03   -1.4863157E-03
 6.4500    2.6511966E-06    1.3860255E-03   -1.3860255E-03
 6.4600    2.4944344E-06    1.3081182E-03   -1.3081182E-03
 6.4700    2.3939630E-06    1.2593193E-03   -1.2593193E-03
 6.4800    2.3512184E-06    1.2406602E-03   -1.2406602E-03
 6.4900    2.3567227E-06    1.2474058E-03   -1.2474058E-03
 6.5000    2.3905673E-06    1.2692219E-03   -1.2692219E-03
 6.5100    2.4260920E-06    1.2920494E-03   -1.2920494E-03
 6.5200    2.4373921E-06    1.3020583E-03   -1.3020583E-03
 6.5300    2.4076009E-06    1.2900921E-03   -1.2900921E-03
 6.5400    2.3337744E-06    1.2543659E-03   -1.2543659E-03
 6.5500    2.2265198E-06    1.2003808E-03   -1.2003808E-03
 6.5600    2.1053834E-06    1.1385412E-03   -1.1385412E-03
 6.5700    1.9919932E-06    1.0805092E-03   -1.0805092E-03
 6.5800    1.9029122E-06    1.0353338E-03   -1.0353338E-03
 6.5900    1.8446194E-06    1.0066708E-03   -1.0066708E-03
 6.6000    1.8130157E-06    9.9242865E-04   -9.9242865E-04
 6.6100    1.7976468E-06    9.8699998E-04   -9.8699998E-04
 6.6200    1.7877450E-06    9.8453555E-04   -9.8453555E-04
 6.6300    1.7764492E-06    9.8127268E-04   -9.8127268E-04
 6.6400    1.7618104E-06    9.7612444E-04   -9.7612444E-04
 6.6500    1.7456939E-06    9.7011062E-04   -9.7011062E-04
 6.6600    1.7321337E-06    9.6547212E-04   -9.6547212E-04
 6.6700    1.7256432E-06    9.6474501E-04   -9.6474501E-04
 6.6800    1.7292685E-06    9.6967283E-04   -9.6967283E-04
 6.6900    1.7425193E-06    9.8003073E-04   -9.8003073E-04
 6.7000    1.7601567E-06    9.9291212E-04   -9.9291212E-04
 6.7100    1.7731182E-06    1.0032117E-03   -1.0032117E-03
 6.7200    1.7719080E-06    1.0055174E-03   -1.0055174E-03
 6.7300    1.7509907E-06    9.9660676E-04   -9.9660676E-04
 6.7400    1.7116030E-06    9.7708577E-04   -9.7708577E-04
 6.7500    1.6611511E-06    9.5110083E-04   -9.5110083E-04
 6.7600    1.6095225E-06    9.2427310E-04   -9.2427310E-04
 6.7700    1.5645374E-06    9.0110034E-04   -9.0110034E-04
 6.7800    1.5290865E-06    8.8328593E-04   -8.8328593E-04
 6.7900    1.5012155E-06    8.6974603E-04   -8.6974603E-04
 6.8000    1.4765867E-06    8.5799875E-04   -8.5799875E-04
 6.8100    1.4515747E-06    8.4594764E-04   -8.4594764E-04
 6.8200    1.4252335E-06    8.3303765E-04   -8.3303765E-04
 6.8300    1.3992065E-06    8.2022516E-04   -8.2022516E-04
 6.8400    1.3758104E-06    8.0887360E-04   -8.0887360E-04
 6.8500    1.3556094E-06    7.9932903E-04   -7.9932903E-04
 6.8600    1.3362745E-06    7.9023046E-04   -7.9023046E-04
 6.8700    1.3138077E-06    7.7921110E-04   -7.7921110E-04
 6.8800    1.2854866E-06    7.6463520E-04   -7.6463520E-04
 6.8900    1.2523894E-06    7.4711543E-04   -7.4711543E-04
 6.9000    1.2194309E-06    7.2956710E-04   -7.2956710E-04
 6.9100    1.1926394E-06    7.1560786E-04   -7.1560786E-04
 6.9200    1.1756401E-06    7.0745114E-04   -7.0745114E-04
 6.9300    1.1680239E-06    7.0490090E-04   -7.0490090E-04
 6.9400    1.1665488E-06    7.0604394E-04   -7.0604394E-04
 6.9500    1.1674415E-06    7.0862196E-04   -7.0862196E-04
 6.9600    1.1673428E-06    7.1060256E-04   -7.1060256E-04
 6.9700    1.1626133E-06    7.0975866E-04   -7.0975866E-04
 6.9800    1.1490779E-06    7.0350984E-04   -7.0350984E-04
 6.9900    1.1236816E-06    6.8993393E-04   -6.8993393E-04
 7.0000    1.0866597E-06    6.6911305E-04   -6.6911305E-04
 7.0100    1.0415926E-06    6.4319668E-04   -6.4319668E-04
 7.0200    9.9295286E-07    6.1491165E-04   -6.1491165E-04
 7.0300    9.4369190E-07    5.8607169E-04   -5.8607169E-04
 7.0400    8.9539220E-07    5.5765871E-04   -5.5765871E-04
 7.0500    8.5054805E-07    5.3123533E-04   -5.3123533E-04
 7.0600    8.1406556E-07    5.0989253E-04   -5.0989253E-04
 7.0700    7.9172642E-07    4.9730615E-04   -4.9730615E-04
 7.0800    7.8638054E-07    4.9534654E-04   -4.9534654E-04
 7.0900    7.9501620E-07    5.0220185E-04   -5.0220185E-04
 7.1000    8.0938762E-07    5.1272338E-04   -5.1272338E-04
 7.1100    8.2003777E-07    5.2093426E-04   -5.2093426E-04
 7.1200    8.2088260E-07    5.2293884E-04   -5.2293884E-04
 7.1300    8.1127393E-07    5.1827045E-04   -5.1827045E-04
 7.1400    7.9464695E-07    5.0907352E-04   -5.0907352E-04
 7.1500    7.7540933E-07    4.9814178E-04   -4.9814178E-04
 7.1600    7.5650811E-07    4.8735957E-04   -4.8735957E-04
 7.1700    7.3888995E-07    4.7734012E-04   -4.7734012E-04
 7.1800    7.2240461E-07    4.6799290E-04   -4.6799290E-04
 7.1900    7.0700484E-07    4.5929322E-04   -4.5929322E-04
 7.2000    6.9339654E-07    4.5170669E-04   -4.5170669E-04
 7.2100    6.8287830E-07    4.4609125E-04   -4.4609125E-04
 7.2200    6.7657300E-07    4.4319915E-04   -4.4319915E-04
 7.2300    6.7452535E-07    4.4308264E-04   -4.4308264E-04
 7.2400    6.7516816E-07    4.4473258E-04   -4.4473258E-04
 7.2500    6.7547981E-07    4.4616783E-04   -4.4616783E-04
 7.2600    6.7190575E-07    4.4503223E-04   -4.4503223E-04
 7.2700    6.6181136E-07    4.3955467E-04   -4.3955467E-04
 7.2800    6.4484337E-07    4.2946410E-04   -4.2946410E-04
 7.2900    6.2335725E-07    4.1629571E-04   -4.1629571E-04
 7.3000    6.0142354E-07    4.0275042E-04   -4.0275042E-04
 7.3100    5.8282489E-07    3.9136565E-04   -3.9136565E-04
 7.3200    5.6922961E-07    3.8328296E-04   -3.8328296E-04
 7.3300    5.5966512E-07    3.7787316E-04   -3.7787316E-04
 7.3400    5.5150845E-07    3.7338267E-04   -3.7338267E-04
 7.3500    5.4219528E-07    3.6807835E-04   -3.6807835E-04
 7.3600    5.3051054E-07    3.6112662E-04   -3.6112662E-04
 7.3700    5.1681979E-07    3.5276377E-04   -3.5276377E-04
 7.3800    5.0241595E-07    3.4386345E-04   -3.4386345E-04
 7.3900    4.8862228E-07    3.3532969E-04   -3.3532969E-04
 7.4000    4.7617703E-07    3.2767382E-04   -3.2767382E-04
 7.4100    4.6505288E-07    3.2088441E-04   -3.2088441E-04
 7.4200    4.5465208E-07    3.1455519E-04   -3.1455519E-04
 7.4300    4.4429382E-07    3.0821784E-04   -3.0821784E-04
 7.4400    4.3381967E-07    3.0176230E-04   -3.0176230E-04
 7.4500    4.2395134E-07    2.9569121E-04   -2.9569121E-04
 7.4600    4.1603852E-07    2.9095181E-04   -2.9095181E-04
 7.4700    4.1122551E-07    2.8835741E-04   -2.8835741E-04
 7.4800    4.0957317E-07    2.8796822E-04   -2.8796822E-04
 7.4900    4.0979074E-07    2.8889209E-04   -2.8889209E-04
 7.5000    4.0979064E-07    2.8966394E-04   -2.8966394E-04
 7.5100    4.0768666E-07    2.8894570E-04   -2.8894570E-04
 7.5200    4.0263496E-07    2.8612580E-04   -2.8612580E-04
 7.5300    3.9511022E-07    2.8152572E-04   -2.8152572E-04
 7.5400    3.8649553E-07    2.7611947E-04   -2.7611947E-04
 7.5500    3.7815224E-07    2.7087595E-04   -2.7087595E-04
 7.5600    3.7052146E-07    2.6611345E-04   -2.6611345E-04
 7.5700    3.6298807E-07    2.6139302E-04   -2.6139302E-04
 7.5800    3.5470879E-07    2.5610628E-04   -2.5610628E-04
 7.5900    3.4565483E-07    2.5022808E-04   -2.5022808E-04
 7.6000    3.3681606E-07    2.4447240E-04   -2.4447240E-04
 7.6100    3.2932884E-07    2.3966739E-04   -2.3966739E-04
 7.6200    3.2337710E-07    2.3595494E-04   -2.3595494E-04
 7.6300    3.1793795E-07    2.3259550E-04   -2.3259550E-04
 7.6400    3.1163443E-07    2.2858199E-04   -2.2858199E-04
 7.6500    3.0393248E-07    2.2351664E-04   -2.2351664E-04
 7.6600    2.9561678E-07    2.1796988E-04   -2.1796988E-04
 7.6700    2.8816760E-07    2.1303244E-04   -2.1303244E-04
 7.6800    2.8267146E-07    2.0951459E-04   -2.0951459E-04
 7.6900    2.7922707E-07    2.0750093E-04   -2.0750093E-04
 7.7000    2.7718912E-07    2.0652256E-04   -2.0652256E-04
 7.7100    2.7578227E-07    2.0600842E-04   -2.0600842E-04
 7.7200    2.7446400E-07    2.0555586E-04   -2.0555586E-04
 7.7300    2.7290357E-07    2.0491704E-04   -2.0491704E-04
 7.7400    2.7087107E-07    2.0391746E-04   -2.0391746E-04
 7.7500    2.6825502E-07    2.0247021E-04   -2.0247021E-04
 7.7600    2.6513385E-07    2.0063121E-04   -2.0063121E-04
 7.7700    2.6175877E-07    1.9858806E-04   -1.9858806E-04
