# total charge: 4.000000 
# r(A)     rho (e/A^3)     4*pi*r^2*rho(e/A)  dip  
 0.0000    1.8964937E-01    0.0000000E+00    3.1915382E+01
 0.0100    1.8950526E-01    2.3813933E-04    3.1755966E+01
 0.0200    1.8932369E-01    9.5164466E-04    3.1282464E+01
 0.0300    1.8909772E-01    2.1386448E-03    3.0508887E+01
 0.0400    1.8882052E-01    3.7964618E-03    2.9457815E+01
 0.0500    1.8848528E-01    5.9214396E-03    2.8159305E+01
 0.0600    1.8808511E-01    8.5087701E-03    2.6649459E+01
 0.0700    1.8761385E-01    1.1552363E-02    2.4968762E+01
 0.0800    1.8706779E-01    1.5044885E-02    2.3160279E+01
 0.0900    1.8644760E-01    1.8978054E-02    2.1267842E+01
 0.1000    1.8575883E-01    2.3343142E-02    1.9334315E+01
 0.1100    1.8501077E-01    2.8131458E-02    1.7400043E+01
 0.1200    1.8421463E-01    3.3334693E-02    1.5501550E+01
 0.1300    1.8338195E-01    3.8945130E-02    1.3670542E+01
 0.1400    1.8252387E-01    4.4955786E-02    1.1933241E+01
 0.1500    1.8165090E-01    5.1360582E-02    1.0310047E+01
 0.1600    1.8077305E-01    5.8154524E-02    8.8155122E+00
 0.1700    1.7989992E-01    6.5333912E-02    7.4585923E+00
 0.1800    1.7904087E-01    7.2896565E-02    6.2431161E+00
 0.1900    1.7820529E-01    8.0842114E-02    5.1684231E+00
 0.2000    1.7740271E-01    8.9172326E-02    4.2301050E+00
 0.2100    1.7664283E-01    9.7891386E-02    3.4207963E+00
 0.2200    1.7593534E-01    1.0700605E-01    2.7309614E+00
 0.2300    1.7528951E-01    1.1652563E-01    2.1496374E+00
 0.2400    1.7471395E-01    1.2646197E-01    1.6651005E+00
 0.2500    1.7421652E-01    1.3682933E-01    1.2654347E+00
 0.2600    1.7380438E-01    1.4764450E-01    9.3899304E-01
 0.2700    1.7348423E-01    1.5892689E-01    6.7474789E-01
 0.2800    1.7326237E-01    1.7069869E-01    4.6253744E-01
 0.2900    1.7314472E-01    1.8298484E-01    2.9321776E-01
 0.3000    1.7313653E-01    1.9581281E-01    1.5873507E-01
 0.3100    1.7324209E-01    2.0921204E-01    5.2133483E-02
 0.3200    1.7346443E-01    2.2321340E-01   -3.2486345E-02
 0.3300    1.7380537E-01    2.3784878E-01   -1.0004327E-01
 0.3400    1.7426579E-01    2.5315111E-01   -1.5457357E-01
 0.3500    1.7484600E-01    2.6915450E-01   -1.9933989E-01
 0.3600    1.7554582E-01    2.8589421E-01   -2.3694205E-01
 0.3700    1.7636438E-01    3.0340602E-01   -2.6942360E-01
 0.3800    1.7729980E-01    3.2172537E-01   -2.9836962E-01
 0.3900    1.7834899E-01    3.4088645E-01   -3.2499401E-01
 0.4000    1.7950775E-01    3.6092175E-01   -3.5021533E-01
 0.4100    1.8077116E-01    3.8186224E-01   -3.7472131E-01
 0.4200    1.8213394E-01    4.0373772E-01   -3.9902228E-01
 0.4300    1.8359066E-01    4.2657692E-01   -4.2349411E-01
 0.4400    1.8513539E-01    4.5040652E-01   -4.4841113E-01
 0.4500    1.8676110E-01    4.7524910E-01   -4.7397040E-01
 0.4600    1.8845907E-01    5.0112097E-01   -5.0030970E-01
 0.4700    1.9021914E-01    5.2803144E-01   -5.2752185E-01
 0.4800    1.9203048E-01    5.5598428E-01   -5.5566738E-01
 0.4900    1.9388272E-01    5.8498015E-01   -5.8478503E-01
 0.5000    1.9576624E-01    6.1501777E-01   -6.1489884E-01
 0.5100    1.9767163E-01    6.4609229E-01   -6.4602051E-01
 0.5200    1.9958870E-01    6.7819174E-01   -6.7814885E-01
 0.5300    2.0150598E-01    7.1129464E-01   -7.1126927E-01
 0.5400    2.0341144E-01    7.4537146E-01   -7.4535660E-01
 0.5500    2.0529392E-01    7.8038933E-01   -7.8038072E-01
 0.5600    2.0714414E-01    8.1631650E-01   -8.1631156E-01
 0.5700    2.0895451E-01    8.5312236E-01   -8.5311955E-01
 0.5800    2.1071754E-01    8.9077196E-01   -8.9077038E-01
 0.5900    2.1242420E-01    9.2921855E-01   -9.2921766E-01
 0.6000    2.1406327E-01    9.6839941E-01   -9.6839893E-01
 0.6100    2.1562233E-01    1.0082385E+00   -1.0082382E+00
 0.6200    2.1708960E-01    1.0486541E+00   -1.0486540E+00
 0.6300    2.1845546E-01    1.0895668E+00   -1.0895668E+00
 0.6400    2.1971278E-01    1.1309024E+00   -1.1309024E+00
 0.6500    2.2085600E-01    1.1725889E+00   -1.1725889E+00
 0.6600    2.2187988E-01    1.2145507E+00   -1.2145507E+00
 0.6700    2.2277874E-01    1.2567046E+00   -1.2567046E+00
 0.6800    2.2354657E-01    1.2989598E+00   -1.2989598E+00
 0.6900    2.2417771E-01    1.3412214E+00   -1.3412214E+00
 0.7000    2.2466766E-01    1.3833960E+00   -1.3833960E+00
 0.7100    2.2501360E-01    1.4253953E+00   -1.4253953E+00
 0.7200    2.2521436E-01    1.4671379E+00   -1.4671379E+00
 0.7300    2.2526979E-01    1.5085460E+00   -1.5085460E+00
 0.7400    2.2518006E-01    1.5495415E+00   -1.5495415E+00
 0.7500    2.2494546E-01    1.5900457E+00   -1.5900457E+00
 0.7600    2.2456698E-01    1.6299825E+00   -1.6299825E+00
 0.7700    2.2404683E-01    1.6692836E+00   -1.6692836E+00
 0.7800    2.2338820E-01    1.7078876E+00   -1.7078876E+00
 0.7900    2.2259427E-01    1.7457338E+00   -1.7457338E+00
 0.8000    2.2166729E-01    1.7827542E+00   -1.7827542E+00
 0.8100    2.2060843E-01    1.8188715E+00   -1.8188715E+00
 0.8200    2.1941878E-01    1.8540070E+00   -1.8540070E+00
 0.8300    2.1810087E-01    1.8880933E+00   -1.8880933E+00
 0.8400    2.1665984E-01    1.9210862E+00   -1.9210862E+00
 0.8500    2.1510356E-01    1.9529688E+00   -1.9529688E+00
 0.8600    2.1344159E-01    1.9837449E+00   -1.9837449E+00
 0.8700    2.1168347E-01    2.0134244E+00   -2.0134244E+00
 0.8800    2.0983719E-01    2.0420091E+00   -2.0420091E+00
 0.8900    2.0790872E-01    2.0694864E+00   -2.0694864E+00
 0.9000    2.0590276E-01    2.0958348E+00   -2.0958348E+00
 0.9100    2.0382401E-01    2.1210357E+00   -2.1210357E+00
 0.9200    2.0167784E-01    2.1450810E+00   -2.1450810E+00
 0.9300    1.9947020E-01    2.1679726E+00   -2.1679726E+00
 0.9400    1.9720714E-01    2.1897181E+00   -2.1897181E+00
 0.9500    1.9489458E-01    2.2103285E+00   -2.2103285E+00
 0.9600    1.9253855E-01    2.2298211E+00   -2.2298211E+00
 0.9700    1.9014546E-01    2.2482225E+00   -2.2482225E+00
 0.9800    1.8772206E-01    2.2655692E+00   -2.2655692E+00
 0.9900    1.8527525E-01    2.2819056E+00   -2.2819056E+00
 1.0000    1.8281202E-01    2.2972837E+00   -2.2972837E+00
 1.0100    1.8033923E-01    2.3117604E+00   -2.3117604E+00
 1.0200    1.7786313E-01    2.3253918E+00   -2.3253918E+00
 1.0300    1.7538874E-01    2.3382235E+00   -2.3382235E+00
 1.0400    1.7291956E-01    2.3502857E+00   -2.3502857E+00
 1.0500    1.7045800E-01    2.3615974E+00   -2.3615974E+00
 1.0600    1.6800623E-01    2.3721763E+00   -2.3721763E+00
 1.0700    1.6556675E-01    2.3820483E+00   -2.3820483E+00
 1.0800    1.6314264E-01    2.3912493E+00   -2.3912493E+00
 1.0900    1.6073707E-01    2.3998214E+00   -2.3998214E+00
 1.1000    1.5835293E-01    2.4078052E+00   -2.4078052E+00
 1.1100    1.5599249E-01    2.4152356E+00   -2.4152356E+00
 1.1200    1.5365750E-01    2.4221424E+00   -2.4221424E+00
 1.1300    1.5134942E-01    2.4285526E+00   -2.4285526E+00
 1.1400    1.4906948E-01    2.4344918E+00   -2.4344918E+00
 1.1500    1.4681856E-01    2.4399813E+00   -2.4399813E+00
 1.1600    1.4459704E-01    2.4450359E+00   -2.4450359E+00
 1.1700    1.4240488E-01    2.4496636E+00   -2.4496636E+00
 1.1800    1.4024180E-01    2.4538689E+00   -2.4538689E+00
 1.1900    1.3810743E-01    2.4576546E+00   -2.4576546E+00
 1.2000    1.3600129E-01    2.4610213E+00   -2.4610213E+00
 1.2100    1.3392269E-01    2.4639663E+00   -2.4639663E+00
 1.2200    1.3187075E-01    2.4664823E+00   -2.4664823E+00
 1.2300    1.2984448E-01    2.4685594E+00   -2.4685594E+00
 1.2400    1.2784288E-01    2.4701867E+00   -2.4701867E+00
 1.2500    1.2586501E-01    2.4713537E+00   -2.4713537E+00
 1.2600    1.2391008E-01    2.4720519E+00   -2.4720519E+00
 1.2700    1.2197746E-01    2.4722757E+00   -2.4722757E+00
 1.2800    1.2006674E-01    2.4720231E+00   -2.4720231E+00
 1.2900    1.1817771E-01    2.4712965E+00   -2.4712965E+00
 1.3000    1.1631027E-01    2.4701006E+00   -2.4701006E+00
 1.3100    1.1446427E-01    2.4684390E+00   -2.4684390E+00
 1.3200    1.1263930E-01    2.4663101E+00   -2.4663101E+00
 1.3300    1.1083473E-01    2.4637067E+00   -2.4637067E+00
 1.3400    1.0904979E-01    2.4606185E+00   -2.4606185E+00
 1.3500    1.0728389E-01    2.4570382E+00   -2.4570382E+00
 1.3600    1.0553677E-01    2.4529657E+00   -2.4529657E+00
 1.3700    1.0380840E-01    2.4484064E+00   -2.4484064E+00
 1.3800    1.0209880E-01    2.4433667E+00   -2.4433667E+00
 1.3900    1.0040775E-01    2.4378483E+00   -2.4378483E+00
 1.4000    9.8734810E-02    2.4318469E+00   -2.4318469E+00
 1.4100    9.7079458E-02    2.4253556E+00   -2.4253556E+00
 1.4200    9.5441297E-02    2.4183708E+00   -2.4183708E+00
 1.4300    9.3820211E-02    2.4108953E+00   -2.4108953E+00
 1.4400    9.2216282E-02    2.4029374E+00   -2.4029374E+00
 1.4500    9.0629603E-02    2.3945061E+00   -2.3945061E+00
 1.4600    8.9060114E-02    2.3856066E+00   -2.3856066E+00
 1.4700    8.7507594E-02    2.3762399E+00   -2.3762399E+00
 1.4800    8.5971773E-02    2.3664056E+00   -2.3664056E+00
 1.4900    8.4452471E-02    2.3561056E+00   -2.3561056E+00
 1.5000    8.2949642E-02    2.3453459E+00   -2.3453459E+00
 1.5100    8.1463327E-02    2.3341346E+00   -2.3341346E+00
 1.5200    7.9993563E-02    2.3224805E+00   -2.3224805E+00
 1.5300    7.8540325E-02    2.3103907E+00   -2.3103907E+00
 1.5400    7.7103565E-02    2.2978716E+00   -2.2978716E+00
 1.5500    7.5683282E-02    2.2849317E+00   -2.2849317E+00
 1.5600    7.4279590E-02    2.2715827E+00   -2.2715827E+00
 1.5700    7.2892707E-02    2.2578404E+00   -2.2578404E+00
 1.5800    7.1522885E-02    2.2437221E+00   -2.2437221E+00
 1.5900    7.0170331E-02    2.2292441E+00   -2.2292441E+00
 1.6000    6.8835174E-02    2.2144213E+00   -2.2144213E+00
 1.6100    6.7517486E-02    2.1992666E+00   -2.1992666E+00
 1.6200    6.6217336E-02    2.1837937E+00   -2.1837937E+00
 1.6300    6.4934828E-02    2.1680174E+00   -2.1680174E+00
 1.6400    6.3670108E-02    2.1519548E+00   -2.1519548E+00
 1.6500    6.2423351E-02    2.1356242E+00   -2.1356242E+00
 1.6600    6.1194718E-02    2.1190440E+00   -2.1190440E+00
 1.6700    5.9984326E-02    2.1022317E+00   -2.1022317E+00
 1.6800    5.8792237E-02    2.0852033E+00   -2.0852033E+00
 1.6900    5.7618472E-02    2.0679737E+00   -2.0679737E+00
 1.7000    5.6463048E-02    2.0505579E+00   -2.0505579E+00
 1.7100    5.5325998E-02    2.0329717E+00   -2.0329717E+00
 1.7200    5.4207354E-02    2.0152316E+00   -2.0152316E+00
 1.7300    5.3107116E-02    1.9973528E+00   -1.9973528E+00
 1.7400    5.2025220E-02    1.9793486E+00   -1.9793486E+00
 1.7500    5.0961526E-02    1.9612293E+00   -1.9612293E+00
 1.7600    4.9915850E-02    1.9430039E+00   -1.9430039E+00
 1.7700    4.8888016E-02    1.9246812E+00   -1.9246812E+00
 1.7800    4.7877895E-02    1.9062722E+00   -1.9062722E+00
 1.7900    4.6885403E-02    1.8877896E+00   -1.8877896E+00
 1.8000    4.5910463E-02    1.8692464E+00   -1.8692464E+00
 1.8100    4.4952938E-02    1.8506534E+00   -1.8506534E+00
 1.8200    4.4012613E-02    1.8320182E+00   -1.8320182E+00
 1.8300    4.3089221E-02    1.8133461E+00   -1.8133461E+00
 1.8400    4.2182519E-02    1.7946428E+00   -1.7946428E+00
 1.8500    4.1292328E-02    1.7759171E+00   -1.7759171E+00
 1.8600    4.0418523E-02    1.7571797E+00   -1.7571797E+00
 1.8700    3.9560954E-02    1.7384405E+00   -1.7384405E+00
 1.8800    3.8719392E-02    1.7197055E+00   -1.7197055E+00
 1.8900    3.7893526E-02    1.7009772E+00   -1.7009772E+00
 1.9000    3.7083024E-02    1.6822565E+00   -1.6822565E+00
 1.9100    3.6287588E-02    1.6635456E+00   -1.6635456E+00
 1.9200    3.5506976E-02    1.6448489E+00   -1.6448489E+00
 1.9300    3.4740976E-02    1.6261720E+00   -1.6261720E+00
 1.9400    3.3989374E-02    1.6075204E+00   -1.6075204E+00
 1.9500    3.3251933E-02    1.5888979E+00   -1.5888979E+00
 1.9600    3.2528395E-02    1.5703073E+00   -1.5703073E+00
 1.9700    3.1818506E-02    1.5517512E+00   -1.5517512E+00
 1.9800    3.1122040E-02    1.5332335E+00   -1.5332335E+00
 1.9900    3.0438815E-02    1.5147598E+00   -1.5147598E+00
 2.0000    2.9768681E-02    1.4963371E+00   -1.4963371E+00
 2.0100    2.9111498E-02    1.4779731E+00   -1.4779731E+00
 2.0200    2.8467108E-02    1.4596743E+00   -1.4596743E+00
 2.0300    2.7835320E-02    1.4414453E+00   -1.4414453E+00
 2.0400    2.7215915E-02    1.4232892E+00   -1.4232892E+00
 2.0500    2.6608664E-02    1.4052082E+00   -1.4052082E+00
 2.0600    2.6013352E-02    1.3872049E+00   -1.3872049E+00
 2.0700    2.5429790E-02    1.3692834E+00   -1.3692834E+00
 2.0800    2.4857817E-02    1.3514486E+00   -1.3514486E+00
 2.0900    2.4297289E-02    1.3337065E+00   -1.3337065E+00
 2.1000    2.3748060E-02    1.3160627E+00   -1.3160627E+00
 2.1100    2.3209965E-02    1.2985218E+00   -1.2985218E+00
 2.1200    2.2682825E-02    1.2810873E+00   -1.2810873E+00
 2.1300    2.2166458E-02    1.2637622E+00   -1.2637622E+00
 2.1400    2.1660686E-02    1.2465497E+00   -1.2465497E+00
 2.1500    2.1165347E-02    1.2294537E+00   -1.2294537E+00
 2.1600    2.0680298E-02    1.2124788E+00   -1.2124788E+00
 2.1700    2.0205399E-02    1.1956299E+00   -1.1956299E+00
 2.1800    1.9740516E-02    1.1789119E+00   -1.1789119E+00
 2.1900    1.9285507E-02    1.1623292E+00   -1.1623292E+00
 2.2000    1.8840222E-02    1.1458855E+00   -1.1458855E+00
 2.2100    1.8404504E-02    1.1295840E+00   -1.1295840E+00
 2.2200    1.7978194E-02    1.1134273E+00   -1.1134273E+00
 2.2300    1.7561130E-02    1.0974180E+00   -1.0974180E+00
 2.2400    1.7153154E-02    1.0815582E+00   -1.0815582E+00
 2.2500    1.6754108E-02    1.0658503E+00   -1.0658503E+00
 2.2600    1.6363835E-02    1.0502963E+00   -1.0502963E+00
 2.2700    1.5982184E-02    1.0348984E+00   -1.0348984E+00
 2.2800    1.5609000E-02    1.0196583E+00   -1.0196583E+00
 2.2900    1.5244131E-02    1.0045776E+00   -1.0045776E+00
 2.3000    1.4887423E-02    9.8965782E-01   -9.8965782E-01
 2.3100    1.4538718E-02    9.7489967E-01   -9.7489967E-01
 2.3200    1.4197856E-02    9.6030372E-01   -9.6030372E-01
 2.3300    1.3864679E-02    9.4587019E-01   -9.4587019E-01
 2.3400    1.3539028E-02    9.3159909E-01   -9.3159909E-01
 2.3500    1.3220744E-02    9.1749032E-01   -9.1749032E-01
 2.3600    1.2909674E-02    9.0354367E-01   -9.0354367E-01
 2.3700    1.2605666E-02    8.8975894E-01   -8.8975894E-01
 2.3800    1.2308572E-02    8.7613584E-01   -8.7613584E-01
 2.3900    1.2018245E-02    8.6267402E-01   -8.6267402E-01
 2.4000    1.1734540E-02    8.4937296E-01   -8.4937296E-01
 2.4100    1.1457313E-02    8.3623191E-01   -8.3623191E-01
 2.4200    1.1186419E-02    8.2324986E-01   -8.2324986E-01
 2.4300    1.0921713E-02    8.1042567E-01   -8.1042567E-01
 2.4400    1.0663056E-02    7.9775809E-01   -7.9775809E-01
 2.4500    1.0410309E-02    7.8524586E-01   -7.8524586E-01
 2.4600    1.0163339E-02    7.7288784E-01   -7.7288784E-01
 2.4700    9.9220165E-03    7.6068301E-01   -7.6068301E-01
 2.4800    9.6862187E-03    7.4863046E-01   -7.4863046E-01
 2.4900    9.4558236E-03    7.3672926E-01   -7.3672926E-01
 2.5000    9.2307097E-03    7.2497824E-01   -7.2497824E-01
 2.5100    9.0107539E-03    7.1337590E-01   -7.1337590E-01
 2.5200    8.7958344E-03    7.0192060E-01   -7.0192060E-01
 2.5300    8.5858339E-03    6.9061083E-01   -6.9061083E-01
 2.5400    8.3806432E-03    6.7944554E-01   -6.7944554E-01
 2.5500    8.1801623E-03    6.6842417E-01   -6.6842417E-01
 2.5600    7.9842968E-03    6.5754649E-01   -6.5754649E-01
 2.5700    7.7929527E-03    6.4681213E-01   -6.4681213E-01
 2.5800    7.6060328E-03    6.3622023E-01   -6.3622023E-01
 2.5900    7.4234359E-03    6.2576945E-01   -6.2576945E-01
 2.6000    7.2450614E-03    6.1545829E-01   -6.1545829E-01
 2.6100    7.0708147E-03    6.0528559E-01   -6.0528559E-01
 2.6200    6.9006094E-03    5.9525067E-01   -5.9525067E-01
 2.6300    6.7343627E-03    5.8535302E-01   -5.8535302E-01
 2.6400    6.5719896E-03    5.7559179E-01   -5.7559179E-01
 2.6500    6.4134003E-03    5.6596550E-01   -5.6596550E-01
 2.6600    6.2585057E-03    5.5647260E-01   -5.5647260E-01
 2.6700    6.1072269E-03    5.4711226E-01   -5.4711226E-01
 2.6800    5.9595009E-03    5.3788488E-01   -5.3788488E-01
 2.6900    5.8152746E-03    5.2879172E-01   -5.2879172E-01
 2.7000    5.6744939E-03    5.1983381E-01   -5.1983381E-01
 2.7100    5.5370933E-03    5.1101105E-01   -5.1101105E-01
 2.7200    5.4029946E-03    5.0232200E-01   -5.0232200E-01
 2.7300    5.2721136E-03    4.9376457E-01   -4.9376457E-01
 2.7400    5.1443708E-03    4.8533684E-01   -4.8533684E-01
 2.7500    5.0196952E-03    4.7703758E-01   -4.7703758E-01
 2.7600    4.8980219E-03    4.6886601E-01   -4.6886601E-01
 2.7700    4.7792858E-03    4.6082115E-01   -4.6082115E-01
 2.7800    4.6634176E-03    4.5290151E-01   -4.5290151E-01
 2.7900    4.5503460E-03    4.4510522E-01   -4.4510522E-01
 2.8000    4.4400034E-03    4.3743067E-01   -4.3743067E-01
 2.8100    4.3323305E-03    4.2987687E-01   -4.2987687E-01
 2.8200    4.2272765E-03    4.2244361E-01   -4.2244361E-01
 2.8300    4.1247950E-03    4.1513094E-01   -4.1513094E-01
 2.8400    4.0248368E-03    4.0793862E-01   -4.0793862E-01
 2.8500    3.9273436E-03    4.0086532E-01   -4.0086532E-01
 2.8600    3.8322440E-03    3.9390825E-01   -3.9390825E-01
 2.8700    3.7394554E-03    3.8706332E-01   -3.8706332E-01
 2.8800    3.6488933E-03    3.8032599E-01   -3.8032599E-01
 2.8900    3.5604844E-03    3.7369272E-01   -3.7369272E-01
 2.9000    3.4741789E-03    3.6716226E-01   -3.6716226E-01
 2.9100    3.3899495E-03    3.6073566E-01   -3.6073566E-01
 2.9200    3.3077771E-03    3.5441476E-01   -3.5441476E-01
 2.9300    3.2276295E-03    3.4820001E-01   -3.4820001E-01
 2.9400    3.1494490E-03    3.4208900E-01   -3.4208900E-01
 2.9500    3.0731587E-03    3.3607707E-01   -3.3607707E-01
 2.9600    2.9986826E-03    3.3015949E-01   -3.3015949E-01
 2.9700    2.9259663E-03    3.2433370E-01   -3.2433370E-01
 2.9800    2.8549806E-03    3.1859984E-01   -3.1859984E-01
 2.9900    2.7857088E-03    3.1295937E-01   -3.1295937E-01
 3.0000    2.7181264E-03    3.0741286E-01   -3.0741286E-01
 3.0100    2.6521927E-03    3.0195897E-01   -3.0195897E-01
 3.0200    2.5878562E-03    2.9659504E-01   -2.9659504E-01
 3.0300    2.5250682E-03    2.9131861E-01   -2.9131861E-01
 3.0400    2.4637907E-03    2.8612831E-01   -2.8612831E-01
 3.0500    2.4039928E-03    2.8102354E-01   -2.8102354E-01
 3.0600    2.3456423E-03    2.7600344E-01   -2.7600344E-01
 3.0700    2.2886996E-03    2.7106623E-01   -2.7106623E-01
 3.0800    2.2331213E-03    2.6620954E-01   -2.6620954E-01
 3.0900    2.1788680E-03    2.6143140E-01   -2.6143140E-01
 3.1000    2.1259106E-03    2.5673097E-01   -2.5673097E-01
 3.1100    2.0742279E-03    2.5210829E-01   -2.5210829E-01
 3.1200    2.0237986E-03    2.4756334E-01   -2.4756334E-01
 3.1300    1.9745934E-03    2.4309510E-01   -2.4309510E-01
 3.1400    1.9265741E-03    2.3870135E-01   -2.3870135E-01
 3.1500    1.8796990E-03    2.3437931E-01   -2.3437931E-01
 3.1600    1.8339308E-03    2.3012669E-01   -2.3012669E-01
 3.1700    1.7892427E-03    2.2594235E-01   -2.2594235E-01
 3.1800    1.7456184E-03    2.2182650E-01   -2.2182650E-01
 3.1900    1.7030489E-03    2.1778018E-01   -2.1778018E-01
 3.2000    1.6615246E-03    2.1380438E-01   -2.1380438E-01
 3.2100    1.6210291E-03    2.0989918E-01   -2.0989918E-01
 3.2200    1.5815358E-03    2.0606330E-01   -2.0606330E-01
 3.2300    1.5430111E-03    2.0229444E-01   -2.0229444E-01
 3.2400    1.5054202E-03    1.9859012E-01   -1.9859012E-01
 3.2500    1.4687351E-03    1.9494857E-01   -1.9494857E-01
 3.2600    1.4329374E-03    1.9136930E-01   -1.9136930E-01
 3.2700    1.3980168E-03    1.8785284E-01   -1.8785284E-01
 3.2800    1.3639626E-03    1.8439962E-01   -1.8439962E-01
 3.2900    1.3307537E-03    1.8100866E-01   -1.8100866E-01
 3.3000    1.2983542E-03    1.7767689E-01   -1.7767689E-01
 3.3100    1.2667217E-03    1.7440024E-01   -1.7440024E-01
 3.3200    1.2358222E-03    1.7117567E-01   -1.7117567E-01
 3.3300    1.2056421E-03    1.6800289E-01   -1.6800289E-01
 3.3400    1.1761867E-03    1.6488420E-01   -1.6488420E-01
 3.3500    1.1474660E-03    1.6182264E-01   -1.6182264E-01
 3.3600    1.1194795E-03    1.5881977E-01   -1.5881977E-01
 3.3700    1.0922104E-03    1.5587482E-01   -1.5587482E-01
 3.3800    1.0656322E-03    1.5298561E-01   -1.5298561E-01
 3.3900    1.0397196E-03    1.5015006E-01   -1.5015006E-01
 3.4000    1.0144542E-03    1.4736696E-01   -1.4736696E-01
 3.4100    9.8981987E-04    1.4463546E-01   -1.4463546E-01
 3.4200    9.6579721E-04    1.4195413E-01   -1.4195413E-01
 3.4300    9.4236127E-04    1.3932066E-01   -1.3932066E-01
 3.4400    9.1948708E-04    1.3673270E-01   -1.3673270E-01
 3.4500    8.9715667E-04    1.3418882E-01   -1.3418882E-01
 3.4600    8.7536098E-04    1.3168892E-01   -1.3168892E-01
 3.4700    8.5409519E-04    1.2923349E-01   -1.2923349E-01
 3.4800    8.3335212E-04    1.2682267E-01   -1.2682267E-01
 3.4900    8.1311935E-04    1.2445576E-01   -1.2445576E-01
 3.5000    7.9338140E-04    1.2213158E-01   -1.2213158E-01
 3.5100    7.7412426E-04    1.1984910E-01   -1.1984910E-01
 3.5200    7.5533892E-04    1.1760805E-01   -1.1760805E-01
 3.5300    7.3702172E-04    1.1540897E-01   -1.1540897E-01
 3.5400    7.1917093E-04    1.1325269E-01   -1.1325269E-01
 3.5500    7.0178041E-04    1.1113934E-01   -1.1113934E-01
 3.5600    6.8483364E-04    1.0906740E-01   -1.0906740E-01
 3.5700    6.6830285E-04    1.0703347E-01   -1.0703347E-01
 3.5800    6.5215509E-04    1.0503325E-01   -1.0503325E-01
 3.5900    6.3636268E-04    1.0306316E-01   -1.0306316E-01
 3.6000    6.2091098E-04    1.0112166E-01   -1.0112166E-01
 3.6100    6.0579885E-04    9.9209374E-02   -9.9209374E-02
 3.6200    5.9103274E-04    9.7328166E-02   -9.7328166E-02
 3.6300    5.7661943E-04    9.5479994E-02   -9.5479994E-02
 3.6400    5.6256223E-04    9.3666264E-02   -9.3666264E-02
 3.6500    5.4886132E-04    9.1887877E-02   -9.1887877E-02
 3.6600    5.3551587E-04    9.0145568E-02   -9.0145568E-02
 3.6700    5.2252416E-04    8.8439925E-02   -8.8439925E-02
 3.6800    5.0987964E-04    8.6770715E-02   -8.6770715E-02
 3.6900    4.9756459E-04    8.5135768E-02   -8.5135768E-02
 3.7000    4.8554696E-04    8.3530397E-02   -8.3530397E-02
 3.7100    4.7378658E-04    8.1948393E-02   -8.1948393E-02
 3.7200    4.6225049E-04    8.0384649E-02   -8.0384649E-02
 3.7300    4.5092846E-04    7.8837923E-02   -7.8837923E-02
 3.7400    4.3983698E-04    7.7311626E-02   -7.7311626E-02
 3.7500    4.2900705E-04    7.5811803E-02   -7.5811803E-02
 3.7600    4.1846423E-04    7.4343653E-02   -7.4343653E-02
 3.7700    4.0821468E-04    7.2909006E-02   -7.2909006E-02
 3.7800    3.9824498E-04    7.1506213E-02   -7.1506213E-02
 3.7900    3.8853255E-04    7.0131914E-02   -7.0131914E-02
 3.8000    3.7905688E-04    6.8783051E-02   -6.8783051E-02
 3.8100    3.6980479E-04    6.7457827E-02   -6.7457827E-02
 3.8200    3.6076948E-04    6.6155565E-02   -6.6155565E-02
 3.8300    3.5194783E-04    6.4876245E-02   -6.4876245E-02
 3.8400    3.4333947E-04    6.3620348E-02   -6.3620348E-02
 3.8500    3.3494687E-04    6.2388889E-02   -6.2388889E-02
 3.8600    3.2677393E-04    6.1183157E-02   -6.1183157E-02
 3.8700    3.1882181E-04    6.0003946E-02   -6.0003946E-02
 3.8800    3.1108456E-04    5.8850718E-02   -5.8850718E-02
 3.8900    3.0354845E-04    5.7721431E-02   -5.7721431E-02
 3.9000    2.9619644E-04    5.6613357E-02   -5.6613357E-02
 3.9100    2.8901497E-04    5.5524379E-02   -5.5524379E-02
 3.9200    2.8199814E-04    5.4453807E-02   -5.4453807E-02
 3.9300    2.7514662E-04    5.3402200E-02   -5.3402200E-02
 3.9400    2.6846353E-04    5.2370607E-02   -5.2370607E-02
 3.9500    2.6195158E-04    5.1360008E-02   -5.1360008E-02
 3.9600    2.5561295E-04    5.0371291E-02   -5.0371291E-02
 3.9700    2.4944988E-04    4.9405372E-02   -4.9405372E-02
 3.9800    2.4346354E-04    4.8462961E-02   -4.8462961E-02
 3.9900    2.3765118E-04    4.7543991E-02   -4.7543991E-02
 4.0000    2.3200422E-04    4.6647216E-02   -4.6647216E-02
 4.0100    2.2650918E-04    4.5770368E-02   -4.5770368E-02
 4.0200    2.2115044E-04    4.4910695E-02   -4.4910695E-02
 4.0300    2.1591262E-04    4.4065427E-02   -4.4065427E-02
 4.0400    2.1078197E-04    4.3232072E-02   -4.3232072E-02
 4.0500    2.0574829E-04    4.2408816E-02   -4.2408816E-02
 4.0600    2.0080732E-04    4.1595033E-02   -4.1595033E-02
 4.0700    1.9596129E-04    4.0791433E-02   -4.0791433E-02
 4.0800    1.9121577E-04    3.9999438E-02   -3.9999438E-02
 4.0900    1.8657487E-04    3.9220185E-02   -3.9220185E-02
 4.1000    1.8203896E-04    3.8454036E-02   -3.8454036E-02
 4.1100    1.7760667E-04    3.7700993E-02   -3.7700993E-02
 4.1200    1.7327850E-04    3.6961448E-02   -3.6961448E-02
 4.1300    1.6905793E-04    3.6236439E-02   -3.6236439E-02
 4.1400    1.6494906E-04    3.5527152E-02   -3.5527152E-02
 4.1500    1.6095316E-04    3.4834177E-02   -3.4834177E-02
 4.1600    1.5706734E-04    3.4157211E-02   -3.4157211E-02
 4.1700    1.5328624E-04    3.3495399E-02   -3.3495399E-02
 4.1800    1.4960470E-04    3.2847903E-02   -3.2847903E-02
 4.1900    1.4601814E-04    3.2214006E-02   -3.2214006E-02
 4.2000    1.4252051E-04    3.1592633E-02   -3.1592633E-02
 4.2100    1.3910263E-04    3.0981996E-02   -3.0981996E-02
 4.2200    1.3575461E-04    3.0380110E-02   -3.0380110E-02
 4.2300    1.3247089E-04    2.9785923E-02   -2.9785923E-02
 4.2400    1.2925280E-04    2.9199912E-02   -2.9199912E-02
 4.2500    1.2610563E-04    2.8623465E-02   -2.8623465E-02
 4.2600    1.2303324E-04    2.8057664E-02   -2.8057664E-02
 4.2700    1.2003497E-04    2.7502578E-02   -2.7502578E-02
 4.2800    1.1710660E-04    2.6957448E-02   -2.6957448E-02
 4.2900    1.1424305E-04    2.6421303E-02   -2.6421303E-02
 4.3000    1.1144093E-04    2.5893543E-02   -2.5893543E-02
 4.3100    1.0870060E-04    2.5374433E-02   -2.5374433E-02
 4.3200    1.0602776E-04    2.4865487E-02   -2.4865487E-02
 4.3300    1.0343325E-04    2.4369455E-02   -2.4369455E-02
 4.3400    1.0092913E-04    2.3889433E-02   -2.3889433E-02
 4.3500    9.8521177E-05    2.3427070E-02   -2.3427070E-02
 4.3600    9.6201804E-05    2.2980849E-02   -2.2980849E-02
 4.3700    9.3950018E-05    2.2546005E-02   -2.2546005E-02
 4.3800    9.1740843E-05    2.2116725E-02   -2.2116725E-02
 4.3900    8.9558144E-05    2.1689223E-02   -2.1689223E-02
 4.4000    8.7400706E-05    2.1263275E-02   -2.1263275E-02
 4.4100    8.5277465E-05    2.0841133E-02   -2.0841133E-02
 4.4200    8.3197942E-05    2.0425231E-02   -2.0425231E-02
 4.4300    8.1166854E-05    2.0016864E-02   -2.0016864E-02
 4.4400    7.9185378E-05    1.9616467E-02   -1.9616467E-02
 4.4500    7.7254332E-05    1.9224397E-02   -1.9224397E-02
 4.4600    7.5374531E-05    1.8841011E-02   -1.8841011E-02
 4.4700    7.3544901E-05    1.8466198E-02   -1.8466198E-02
 4.4800    7.1762109E-05    1.8099271E-02   -1.8099271E-02
 4.4900    7.0023070E-05    1.7739595E-02   -1.7739595E-02
 4.5000    6.8327684E-05    1.7387278E-02   -1.7387278E-02
 4.5100    6.6678689E-05    1.7043155E-02   -1.7043155E-02
 4.5200    6.5078865E-05    1.6708086E-02   -1.6708086E-02
 4.5300    6.3528537E-05    1.6382309E-02   -1.6382309E-02
 4.5400    6.2025455E-05    1.6065399E-02   -1.6065399E-02
 4.5500    6.0566270E-05    1.5756635E-02   -1.5756635E-02
 4.5600    5.9147593E-05    1.5455271E-02   -1.5455271E-02
 4.5700    5.7765921E-05    1.5160515E-02   -1.5160515E-02
 4.5800    5.6417483E-05    1.4871491E-02   -1.4871491E-02
 4.5900    5.5099035E-05    1.4587445E-02   -1.4587445E-02
 4.6000    5.3809181E-05    1.4308098E-02   -1.4308098E-02
 4.6100    5.2548669E-05    1.4033740E-02   -1.4033740E-02
 4.6200    5.1318846E-05    1.3764825E-02   -1.3764825E-02
 4.6300    5.0119209E-05    1.3501315E-02   -1.3501315E-02
 4.6400    4.8946116E-05    1.3242319E-02   -1.3242319E-02
 4.6500    4.7793811E-05    1.2986360E-02   -1.2986360E-02
 4.6600    4.6657107E-05    1.2732084E-02   -1.2732084E-02
 4.6700    4.5533821E-05    1.2478941E-02   -1.2478941E-02
 4.6800    4.4425435E-05    1.2227376E-02   -1.2227376E-02
 4.6900    4.3335834E-05    1.1978508E-02   -1.1978508E-02
 4.7000    4.2269221E-05    1.1733561E-02   -1.1733561E-02
 4.7100    4.1228708E-05    1.1493476E-02   -1.1493476E-02
 4.7200    4.0216311E-05    1.1258903E-02   -1.1258903E-02
 4.7300    3.9233811E-05    1.1030435E-02   -1.1030435E-02
 4.7400    3.8283364E-05    1.0808779E-02   -1.0808779E-02
 4.7500    3.7367138E-05    1.0594657E-02   -1.0594657E-02
 4.7600    3.6485872E-05    1.0388396E-02   -1.0388396E-02
 4.7700    3.5636857E-05    1.0189339E-02   -1.0189339E-02
 4.7800    3.4812737E-05    9.9954840E-03   -9.9954840E-03
 4.7900    3.4003240E-05    9.8039523E-03   -9.8039523E-03
 4.8000    3.3200324E-05    9.6124625E-03   -9.6124625E-03
 4.8100    3.2403826E-05    9.4209848E-03   -9.4209848E-03
 4.8200    3.1622981E-05    9.2322328E-03   -9.2322328E-03
 4.8300    3.0872060E-05    9.0504408E-03   -9.0504408E-03
 4.8400    3.0163238E-05    8.8792964E-03   -8.8792964E-03
 4.8500    2.9501426E-05    8.7203990E-03   -8.7203990E-03
 4.8600    2.8882654E-05    8.5727369E-03   -8.5727369E-03
 4.8700    2.8294230E-05    8.4326809E-03   -8.4326809E-03
 4.8800    2.7715765E-05    8.2942358E-03   -8.2942358E-03
 4.8900    2.7123438E-05    8.1502762E-03   -8.1502762E-03
 4.9000    2.6499252E-05    7.9953163E-03   -7.9953163E-03
 4.9100    2.5840915E-05    7.8285392E-03   -7.8285392E-03
 4.9200    2.5164004E-05    7.6545527E-03   -7.6545527E-03
 4.9300    2.4493297E-05    7.4808501E-03   -7.4808501E-03
 4.9400    2.3850281E-05    7.3140387E-03   -7.3140387E-03
 4.9500    2.3247099E-05    7.1579560E-03   -7.1579560E-03
 4.9600    2.2689313E-05    7.0144653E-03   -7.0144653E-03
 4.9700    2.2180040E-05    6.8846992E-03   -6.8846992E-03
 4.9800    2.1717628E-05    6.7683209E-03   -6.7683209E-03
 4.9900    2.1288530E-05    6.6612638E-03   -6.6612638E-03
 5.0000    2.0865428E-05    6.5550675E-03   -6.5550675E-03
 5.0100    2.0417622E-05    6.4400683E-03   -6.4400683E-03
 5.0200    1.9928342E-05    6.3108590E-03   -6.3108590E-03
 5.0300    1.9405207E-05    6.1697011E-03   -6.1697011E-03
 5.0400    1.8875249E-05    6.0250913E-03   -6.0250913E-03
 5.0500    1.8369000E-05    5.8867843E-03   -5.8867843E-03
 5.0600    1.7905445E-05    5.7609754E-03   -5.7609754E-03
 5.0700    1.7485916E-05    5.6482534E-03   -5.6482534E-03
 5.0800    1.7097010E-05    5.5444371E-03   -5.5444371E-03
 5.0900    1.6718558E-05    5.4430742E-03   -5.4430742E-03
 5.1000    1.6332959E-05    5.3384488E-03   -5.3384488E-03
 5.1100    1.5933037E-05    5.2281763E-03   -5.2281763E-03
 5.1200    1.5525388E-05    5.1143712E-03   -5.1143712E-03
 5.1300    1.5126936E-05    5.0025975E-03   -5.0025975E-03
 5.1400    1.4755853E-05    4.8989208E-03   -4.8989208E-03
 5.1500    1.4421982E-05    4.8067249E-03   -4.8067249E-03
 5.1600    1.4122460E-05    4.7251936E-03   -4.7251936E-03
 5.1700    1.3844299E-05    4.6500959E-03   -4.6500959E-03
 5.1800    1.3570897E-05    4.5759148E-03   -4.5759148E-03
 5.1900    1.3288084E-05    4.4978705E-03   -4.4978705E-03
 5.2000    1.2987579E-05    4.4131101E-03   -4.4131101E-03
 5.2100    1.2668171E-05    4.3211489E-03   -4.3211489E-03
 5.2200    1.2335293E-05    4.2237708E-03   -4.2237708E-03
 5.2300    1.1998969E-05    4.1243657E-03   -4.1243657E-03
 5.2400    1.1670333E-05    4.0267596E-03   -4.0267596E-03
 5.2500    1.1358092E-05    3.9339954E-03   -3.9339954E-03
 5.2600    1.1066565E-05    3.8476380E-03   -3.8476380E-03
 5.2700    1.0795697E-05    3.7677474E-03   -3.7677474E-03
 5.2800    1.0541946E-05    3.6931632E-03   -3.6931632E-03
 5.2900    1.0299139E-05    3.6217807E-03   -3.6217807E-03
 5.3000    1.0059670E-05    3.5509565E-03   -3.5509565E-03
 5.3100    9.8168939E-06    3.4783478E-03   -3.4783478E-03
 5.3200    9.5681711E-06    3.4030009E-03   -3.4030009E-03
 5.3300    9.3163932E-06    3.3259222E-03   -3.3259222E-03
 5.3400    9.0683198E-06    3.2495199E-03   -3.2495199E-03
 5.3500    8.8306203E-06    3.1762058E-03   -3.1762058E-03
 5.3600    8.6064730E-06    3.1071674E-03   -3.1071674E-03
 5.3700    8.3948784E-06    3.0420955E-03   -3.0420955E-03
 5.3800    8.1924441E-06    2.9798054E-03   -2.9798054E-03
 5.3900    7.9958610E-06    2.9191246E-03   -2.9191246E-03
 5.4000    7.8036336E-06    2.8595273E-03   -2.8595273E-03
 5.4100    7.6166459E-06    2.8013551E-03   -2.8013551E-03
 5.4200    7.4375233E-06    2.7455969E-03   -2.7455969E-03
 5.4300    7.2688538E-06    2.6932425E-03   -2.6932425E-03
 5.4400    7.1110657E-06    2.6444926E-03   -2.6444926E-03
 5.4500    6.9615591E-06    2.5984202E-03   -2.5984202E-03
 5.4600    6.8160525E-06    2.5534542E-03   -2.5534542E-03
 5.4700    6.6711945E-06    2.5083499E-03   -2.5083499E-03
 5.4800    6.5263480E-06    2.4628684E-03   -2.4628684E-03
 5.4900    6.3833742E-06    2.4177136E-03   -2.4177136E-03
 5.5000    6.2451119E-06    2.3739713E-03   -2.3739713E-03
 5.5100    6.1140835E-06    2.3326223E-03   -2.3326223E-03
 5.5200    5.9922025E-06    2.2944284E-03   -2.2944284E-03
 5.5300    5.8810249E-06    2.2600245E-03   -2.2600245E-03
 5.5400    5.7816371E-06    2.2298735E-03   -2.2298735E-03
 5.5500    5.6938457E-06    2.2039489E-03   -2.2039489E-03
 5.5600    5.6151946E-06    2.1813445E-03   -2.1813445E-03
 5.5700    5.5407383E-06    2.1601698E-03   -2.1601698E-03
 5.5800    5.4641674E-06    2.1379732E-03   -2.1379732E-03
 5.5900    5.3800172E-06    2.1125994E-03   -2.1125994E-03
 5.6000    5.2857114E-06    2.0830004E-03   -2.0830004E-03
 5.6100    5.1818507E-06    2.0493705E-03   -2.0493705E-03
 5.6200    5.0702090E-06    2.0123724E-03   -2.0123724E-03
 5.6300    4.9510195E-06    1.9720653E-03   -1.9720653E-03
 5.6400    4.8222627E-06    1.9276090E-03   -1.9276090E-03
 5.6500    4.6820741E-06    1.8782139E-03   -1.8782139E-03
 5.6600    4.5323226E-06    1.8245826E-03   -1.8245826E-03
 5.6700    4.3801798E-06    1.7695707E-03   -1.7695707E-03
 5.6800    4.2363338E-06    1.7174999E-03   -1.7174999E-03
 5.6900    4.1112153E-06    1.6726482E-03   -1.6726482E-03
 5.7000    4.0117643E-06    1.6379287E-03   -1.6379287E-03
 5.7100    3.9406578E-06    1.6145474E-03   -1.6145474E-03
 5.7200    3.8982526E-06    1.6027725E-03   -1.6027725E-03
 5.7300    3.8851289E-06    1.6029668E-03   -1.6029668E-03
 5.7400    3.9014355E-06    1.6153182E-03   -1.6153182E-03
 5.7500    3.9410577E-06    1.6374134E-03   -1.6374134E-03
 5.7600    3.9845572E-06    1.6612496E-03   -1.6612496E-03
 5.7700    3.9997695E-06    1.6733872E-03   -1.6733872E-03
 5.7800    3.9554365E-06    1.6605806E-03   -1.6605806E-03
 5.7900    3.8411732E-06    1.6181951E-03   -1.6181951E-03
 5.8000    3.6777765E-06    1.5547164E-03   -1.5547164E-03
 5.8100    3.5073314E-06    1.4877807E-03   -1.4877807E-03
 5.8200    3.3694680E-06    1.4342246E-03   -1.4342246E-03
 5.8300    3.2815215E-06    1.4015940E-03   -1.4015940E-03
 5.8400    3.2352199E-06    1.3865622E-03   -1.3865622E-03
 5.8500    3.2079834E-06    1.3796016E-03   -1.3796016E-03
 5.8600    3.1776868E-06    1.3712485E-03   -1.3712485E-03
 5.8700    3.1314629E-06    1.3559177E-03   -1.3559177E-03
 5.8800    3.0664492E-06    1.3322947E-03   -1.3322947E-03
 5.8900    2.9862015E-06    1.3018458E-03   -1.3018458E-03
 5.9000    2.8975766E-06    1.2675025E-03   -1.2675025E-03
 5.9100    2.8095818E-06    1.2331801E-03   -1.2331801E-03
 5.9200    2.7316316E-06    1.2030271E-03   -1.2030271E-03
 5.9300    2.6688333E-06    1.1793445E-03   -1.1793445E-03
 5.9400    2.6168639E-06    1.1602829E-03   -1.1602829E-03
 5.9500    2.5623867E-06    1.1399570E-03   -1.1399570E-03
 5.9600    2.4910951E-06    1.1119690E-03   -1.1119690E-03
 5.9700    2.3976196E-06    1.0738381E-03   -1.0738381E-03
 5.9800    2.2888758E-06    1.0285714E-03   -1.0285714E-03
 5.9900    2.1785584E-06    9.8227413E-04   -9.8227413E-04
 6.0000    2.0786244E-06    9.4034755E-04   -9.4034755E-04
 6.0100    1.9950620E-06    9.0555578E-04   -9.0555578E-04
 6.0200    1.9296466E-06    8.7878094E-04   -8.7878094E-04
 6.0300    1.8838271E-06    8.6076683E-04   -8.6076683E-04
 6.0400    1.8605810E-06    8.5296717E-04   -8.5296717E-04
 6.0500    1.8635168E-06    8.5714427E-04   -8.5714427E-04
 6.0600    1.8950425E-06    8.7452871E-04   -8.7452871E-04
 6.0700    1.9549915E-06    9.0517411E-04   -9.0517411E-04
 6.0800    2.0395868E-06    9.4745636E-04   -9.4745636E-04
 6.0900    2.1406926E-06    9.9769720E-04   -9.9769720E-04
 6.1000    2.2464306E-06    1.0504189E-03   -1.0504189E-03
 6.1100    2.3438010E-06    1.0995450E-03   -1.0995450E-03
 6.1200    2.4220537E-06    1.1399780E-03   -1.1399780E-03
