# total charge: 5.000000 
# r(A)     rho (e/A^3)     4*pi*r^2*rho(e/A)  dip  
 0.0000    4.3459655E-01    0.0000000E+00    3.9894228E+01
 0.0100    4.3424847E-01    5.4569272E-04    3.9694709E+01
 0.0200    4.3380959E-01    2.1805648E-03    3.9102089E+01
 0.0300    4.3326268E-01    4.9000855E-03    3.8133881E+01
 0.0400    4.3259038E-01    8.6977457E-03    3.6818316E+01
 0.0500    4.3177484E-01    1.3564607E-02    3.5192968E+01
 0.0600    4.3079746E-01    1.9488818E-02    3.3302971E+01
 0.0700    4.2964082E-01    2.6455227E-02    3.1198938E+01
 0.0800    4.2829321E-01    3.4445384E-02    2.8934710E+01
 0.0900    4.2675320E-01    4.3438185E-02    2.6565087E+01
 0.1000    4.2503097E-01    5.3410967E-02    2.4143661E+01
 0.1100    4.2314531E-01    6.4340550E-02    2.1720877E+01
 0.1200    4.2111884E-01    7.6203870E-02    1.9342402E+01
 0.1300    4.1897404E-01    8.8978214E-02    1.7047881E+01
 0.1400    4.1673171E-01    1.0264138E-01    1.4870105E+01
 0.1500    4.1441126E-01    1.1717202E-01    1.2834588E+01
 0.1600    4.1203176E-01    1.3255024E-01    1.0959533E+01
 0.1700    4.0961271E-01    1.4875827E-01    9.2561495E+00
 0.1800    4.0717397E-01    1.6578105E-01    7.7292348E+00
 0.1900    4.0473503E-01    1.8360642E-01    6.3779751E+00
 0.2000    4.0231424E-01    2.0222519E-01    5.1968715E+00
 0.2100    3.9992858E-01    2.2163120E-01    4.1767284E+00
 0.2200    3.9759449E-01    2.4182187E-01    3.3056374E+00
 0.2300    3.9532909E-01    2.6279936E-01    2.5699044E+00
 0.2400    3.9315045E-01    2.8457131E-01    1.9548817E+00
 0.2500    3.9107602E-01    3.0715038E-01    1.4456797E+00
 0.2600    3.8911972E-01    3.3055201E-01    1.0277449E+00
 0.2700    3.8729010E-01    3.5479198E-01    6.8730151E-01
 0.2800    3.8559146E-01    3.7988604E-01    4.1165912E-01
 0.2900    3.8402761E-01    4.0585258E-01    1.8940066E-01
 0.3000    3.8260575E-01    4.3271691E-01    1.0467934E-02
 0.3100    3.8133787E-01    4.6051437E-01   -1.3383247E-01
 0.3200    3.8023906E-01    4.8929023E-01   -2.5088141E-01
 0.3300    3.7932373E-01    5.1909609E-01   -3.4683919E-01
 0.3400    3.7860157E-01    5.4998407E-01   -4.2676215E-01
 0.3500    3.7807498E-01    5.8200122E-01   -4.9473295E-01
 0.3600    3.7773924E-01    6.1518675E-01   -5.5399655E-01
 0.3700    3.7758546E-01    6.4957391E-01   -6.0709588E-01
 0.3800    3.7760492E-01    6.8519582E-01   -6.5600112E-01
 0.3900    3.7779251E-01    7.2209181E-01   -7.0222626E-01
 0.4000    3.7814670E-01    7.6030904E-01   -7.4692602E-01
 0.4100    3.7866512E-01    7.9989480E-01   -7.9096864E-01
 0.4200    3.7933774E-01    8.4088091E-01   -8.3498661E-01
 0.4300    3.8014316E-01    8.8327096E-01   -8.7941744E-01
 0.4400    3.8105318E-01    9.2704499E-01   -9.2455075E-01
 0.4500    3.8204483E-01    9.7218568E-01   -9.7058731E-01
 0.4600    3.8311105E-01    1.0187091E+00   -1.0176951E+00
 0.4700    3.8426006E-01    1.0666718E+00   -1.0660348E+00
 0.4800    3.8550154E-01    1.1161395E+00   -1.1157433E+00
 0.4900    3.8682986E-01    1.1671375E+00   -1.1668936E+00
 0.5000    3.8821891E-01    1.2196257E+00   -1.2194770E+00
 0.5100    3.8963409E-01    1.2735241E+00   -1.2734344E+00
 0.5200    3.9105155E-01    1.3287723E+00   -1.3287187E+00
 0.5300    3.9246719E-01    1.3853674E+00   -1.3853357E+00
 0.5400    3.9388564E-01    1.4433363E+00   -1.4433177E+00
 0.5500    3.9529676E-01    1.5026523E+00   -1.5026415E+00
 0.5600    3.9665907E-01    1.5631596E+00   -1.5631534E+00
 0.5700    3.9790588E-01    1.6245756E+00   -1.6245721E+00
 0.5800    3.9897231E-01    1.6865864E+00   -1.6865844E+00
 0.5900    3.9982481E-01    1.7489751E+00   -1.7489740E+00
 0.6000    4.0047219E-01    1.8116935E+00   -1.8116929E+00
 0.6100    4.0095054E-01    1.8748233E+00   -1.8748229E+00
 0.6200    4.0129353E-01    1.9384536E+00   -1.9384534E+00
 0.6300    4.0150857E-01    2.0025611E+00   -2.0025611E+00
 0.6400    4.0157335E-01    2.0669725E+00   -2.0669724E+00
 0.6500    4.0145193E-01    2.1314254E+00   -2.1314253E+00
 0.6600    4.0111640E-01    2.1956755E+00   -2.1956755E+00
 0.6700    4.0055880E-01    2.2595697E+00   -2.2595697E+00
 0.6800    3.9978838E-01    2.3230463E+00   -2.3230463E+00
 0.6900    3.9881948E-01    2.3860768E+00   -2.3860768E+00
 0.7000    3.9765863E-01    2.4485916E+00   -2.4485916E+00
 0.7100    3.9629737E-01    2.5104279E+00   -2.5104279E+00
 0.7200    3.9471475E-01    2.5713324E+00   -2.5713324E+00
 0.7300    3.9288858E-01    2.6310251E+00   -2.6310251E+00
 0.7400    3.9080679E-01    2.6892762E+00   -2.6892762E+00
 0.7500    3.8846877E-01    2.7459239E+00   -2.7459239E+00
 0.7600    3.8587567E-01    2.8008151E+00   -2.8008151E+00
 0.7700    3.8302090E-01    2.8537359E+00   -2.8537359E+00
 0.7800    3.7989283E-01    2.9044250E+00   -2.9044250E+00
 0.7900    3.7649009E-01    2.9526882E+00   -2.9526882E+00
 0.8000    3.7283673E-01    2.9985309E+00   -2.9985309E+00
 0.8100    3.6898342E-01    3.0421929E+00   -3.0421929E+00
 0.8200    3.6499074E-01    3.0840359E+00   -3.0840359E+00
 0.8300    3.6090403E-01    3.1243364E+00   -3.1243364E+00
 0.8400    3.5673424E-01    3.1631023E+00   -3.1631023E+00
 0.8500    3.5245553E-01    3.2000152E+00   -3.2000152E+00
 0.8600    3.4802129E-01    3.2345404E+00   -3.2345404E+00
 0.8700    3.4339081E-01    3.2661568E+00   -3.2661568E+00
 0.8800    3.3855219E-01    3.2945859E+00   -3.2945859E+00
 0.8900    3.3352815E-01    3.3198799E+00   -3.3198799E+00
 0.9000    3.2836290E-01    3.3423272E+00   -3.3423272E+00
 0.9100    3.2310192E-01    3.3622669E+00   -3.3622669E+00
 0.9200    3.1777978E-01    3.3799617E+00   -3.3799617E+00
 0.9300    3.1242159E-01    3.3956022E+00   -3.3956022E+00
 0.9400    3.0705037E-01    3.4093784E+00   -3.4093784E+00
 0.9500    3.0168979E-01    3.4215090E+00   -3.4215090E+00
 0.9600    2.9635965E-01    3.4321907E+00   -3.4321907E+00
 0.9700    2.9107046E-01    3.4415293E+00   -3.4415293E+00
 0.9800    2.8582249E-01    3.4495180E+00   -3.4495180E+00
 0.9900    2.8060789E-01    3.4560509E+00   -3.4560509E+00
 1.0000    2.7541264E-01    3.4609373E+00   -3.4609373E+00
 1.0100    2.7022029E-01    3.4639417E+00   -3.4639417E+00
 1.0200    2.6502050E-01    3.4648918E+00   -3.4648918E+00
 1.0300    2.5981921E-01    3.4638220E+00   -3.4638220E+00
 1.0400    2.5464159E-01    3.4610341E+00   -3.4610341E+00
 1.0500    2.4952327E-01    3.4570011E+00   -3.4570011E+00
 1.0600    2.4449528E-01    3.4521692E+00   -3.4521692E+00
 1.0700    2.3957310E-01    3.4467951E+00   -3.4467951E+00
 1.0800    2.3475594E-01    3.4409152E+00   -3.4409152E+00
 1.0900    2.3003452E-01    3.4344395E+00   -3.4344395E+00
 1.1000    2.2540007E-01    3.4272776E+00   -3.4272776E+00
 1.1100    2.2084861E-01    3.4194045E+00   -3.4194045E+00
 1.1200    2.1637917E-01    3.4108401E+00   -3.4108401E+00
 1.1300    2.1199025E-01    3.4015952E+00   -3.4015952E+00
 1.1400    2.0767879E-01    3.3916553E+00   -3.3916553E+00
 1.1500    2.0344250E-01    3.3810159E+00   -3.3810159E+00
 1.1600    1.9928203E-01    3.3697213E+00   -3.3697213E+00
 1.1700    1.9520018E-01    3.3578539E+00   -3.3578539E+00
 1.1800    1.9119898E-01    3.3454879E+00   -3.3454879E+00
 1.1900    1.8727793E-01    3.3326553E+00   -3.3326553E+00
 1.2000    1.8343474E-01    3.3193568E+00   -3.3193568E+00
 1.2100    1.7966724E-01    3.3055939E+00   -3.3055939E+00
 1.2200    1.7597431E-01    3.2913859E+00   -3.2913859E+00
 1.2300    1.7235536E-01    3.2767618E+00   -3.2767618E+00
 1.2400    1.6880955E-01    3.2617468E+00   -3.2617468E+00
 1.2500    1.6533565E-01    3.2463579E+00   -3.2463579E+00
 1.2600    1.6193219E-01    3.2306071E+00   -3.2306071E+00
 1.2700    1.5859746E-01    3.2145008E+00   -3.2145008E+00
 1.2800    1.5532898E-01    3.1980282E+00   -3.1980282E+00
 1.2900    1.5212312E-01    3.1811527E+00   -3.1811527E+00
 1.3000    1.4897563E-01    3.1638201E+00   -3.1638201E+00
 1.3100    1.4588323E-01    3.1459935E+00   -3.1459935E+00
 1.3200    1.4284562E-01    3.1276969E+00   -3.1276969E+00
 1.3300    1.3986584E-01    3.1090293E+00   -3.1090293E+00
 1.3400    1.3694815E-01    3.0901221E+00   -3.0901221E+00
 1.3500    1.3409443E-01    3.0710588E+00   -3.0710588E+00
 1.3600    1.3130197E-01    3.0518201E+00   -3.0518201E+00
 1.3700    1.2856449E-01    3.0322990E+00   -3.0322990E+00
 1.3800    1.2587549E-01    3.0123763E+00   -3.0123763E+00
 1.3900    1.2323156E-01    2.9919987E+00   -2.9919987E+00
 1.4000    1.2063308E-01    2.9712032E+00   -2.9712032E+00
 1.4100    1.1808238E-01    2.9500758E+00   -2.9500758E+00
 1.4200    1.1558059E-01    2.9286769E+00   -2.9286769E+00
 1.4300    1.1312584E-01    2.9069914E+00   -2.9069914E+00
 1.4400    1.1071385E-01    2.8849401E+00   -2.8849401E+00
 1.4500    1.0834040E-01    2.8624393E+00   -2.8624393E+00
 1.4600    1.0600343E-01    2.8394583E+00   -2.8394583E+00
 1.4700    1.0370342E-01    2.8160323E+00   -2.8160323E+00
 1.4800    1.0144198E-01    2.7922288E+00   -2.7922288E+00
 1.4900    9.9220039E-02    2.7681001E+00   -2.7681001E+00
 1.5000    9.7037112E-02    2.7436597E+00   -2.7436597E+00
 1.5100    9.4891895E-02    2.7188978E+00   -2.7188978E+00
 1.5200    9.2783681E-02    2.6938204E+00   -2.6938204E+00
 1.5300    9.0713338E-02    2.6684795E+00   -2.6684795E+00
 1.5400    8.8683049E-02    2.6429681E+00   -2.6429681E+00
 1.5500    8.6694987E-02    2.6173828E+00   -2.6173828E+00
 1.5600    8.4749873E-02    2.5917799E+00   -2.5917799E+00
 1.5700    8.2846458E-02    2.5661564E+00   -2.5661564E+00
 1.5800    8.0982258E-02    2.5404691E+00   -2.5404691E+00
 1.5900    7.9154933E-02    2.5146763E+00   -2.5146763E+00
 1.6000    7.7363258E-02    2.4887690E+00   -2.4887690E+00
 1.6100    7.5607076E-02    2.4627711E+00   -2.4627711E+00
 1.6200    7.3886549E-02    2.4367180E+00   -2.4367180E+00
 1.6300    7.2201450E-02    2.4106324E+00   -2.4106324E+00
 1.6400    7.0550925E-02    2.3845162E+00   -2.3845162E+00
 1.6500    6.8933696E-02    2.3583558E+00   -2.3583558E+00
 1.6600    6.7348504E-02    2.3321366E+00   -2.3321366E+00
 1.6700    6.5794581E-02    2.3058600E+00   -2.3058600E+00
 1.6800    6.4271858E-02    2.2795509E+00   -2.2795509E+00
 1.6900    6.2780673E-02    2.2532493E+00   -2.2532493E+00
 1.7000    6.1321109E-02    2.2269871E+00   -2.2269871E+00
 1.7100    5.9892467E-02    2.2007681E+00   -2.2007681E+00
 1.7200    5.8493335E-02    2.1745687E+00   -2.1745687E+00
 1.7300    5.7122245E-02    2.1483614E+00   -2.1483614E+00
 1.7400    5.5778452E-02    2.1221439E+00   -2.1221439E+00
 1.7500    5.4462253E-02    2.0959531E+00   -2.0959531E+00
 1.7600    5.3174583E-02    2.0698520E+00   -2.0698520E+00
 1.7700    5.1916140E-02    2.0438960E+00   -2.0438960E+00
 1.7800    5.0686633E-02    2.0181029E+00   -2.0181029E+00
 1.7900    4.9484725E-02    1.9924484E+00   -1.9924484E+00
 1.8000    4.8308778E-02    1.9668939E+00   -1.9668939E+00
 1.8100    4.7157841E-02    1.9414264E+00   -1.9414264E+00
 1.8200    4.6032064E-02    1.9160776E+00   -1.9160776E+00
 1.8300    4.4932109E-02    1.8909012E+00   -1.8909012E+00
 1.8400    4.3857973E-02    1.8659245E+00   -1.8659245E+00
 1.8500    4.2808264E-02    1.8411151E+00   -1.8411151E+00
 1.8600    4.1780642E-02    1.8163973E+00   -1.8163973E+00
 1.8700    4.0773142E-02    1.7917081E+00   -1.7917081E+00
 1.8800    3.9785270E-02    1.7670461E+00   -1.7670461E+00
 1.8900    3.8817952E-02    1.7424732E+00   -1.7424732E+00
 1.9000    3.7872506E-02    1.7180710E+00   -1.7180710E+00
 1.9100    3.6949581E-02    1.6938936E+00   -1.6938936E+00
 1.9200    3.6048877E-02    1.6699523E+00   -1.6699523E+00
 1.9300    3.5169605E-02    1.6462355E+00   -1.6462355E+00
 1.9400    3.4311115E-02    1.6227371E+00   -1.6227371E+00
 1.9500    3.3473195E-02    1.5994706E+00   -1.5994706E+00
 1.9600    3.2655934E-02    1.5764642E+00   -1.5764642E+00
 1.9700    3.1859362E-02    1.5537437E+00   -1.5537437E+00
 1.9800    3.1083079E-02    1.5313141E+00   -1.5313141E+00
 1.9900    3.0326051E-02    1.5091482E+00   -1.5091482E+00
 2.0000    2.9586723E-02    1.4871909E+00   -1.4871909E+00
 2.0100    2.8863431E-02    1.4653789E+00   -1.4653789E+00
 2.0200    2.8154911E-02    1.4436661E+00   -1.4436661E+00
 2.0300    2.7460619E-02    1.4220415E+00   -1.4220415E+00
 2.0400    2.6780683E-02    1.4005282E+00   -1.4005282E+00
 2.0500    2.6115571E-02    1.3791678E+00   -1.3791678E+00
 2.0600    2.5465662E-02    1.3579985E+00   -1.3579985E+00
 2.0700    2.4830977E-02    1.3370399E+00   -1.3370399E+00
 2.0800    2.4211184E-02    1.3162930E+00   -1.3162930E+00
 2.0900    2.3605851E-02    1.2957526E+00   -1.2957526E+00
 2.1000    2.3014717E-02    1.2754226E+00   -1.2754226E+00
 2.1100    2.2437790E-02    1.2553212E+00   -1.2553212E+00
 2.1200    2.1875201E-02    1.2354741E+00   -1.2354741E+00
 2.1300    2.1327000E-02    1.2159027E+00   -1.2159027E+00
 2.1400    2.0793007E-02    1.1966157E+00   -1.1966157E+00
 2.1500    2.0272784E-02    1.1776065E+00   -1.1776065E+00
 2.1600    1.9765655E-02    1.1588536E+00   -1.1588536E+00
 2.1700    1.9270744E-02    1.1403228E+00   -1.1403228E+00
 2.1800    1.8787099E-02    1.1219734E+00   -1.1219734E+00
 2.1900    1.8313904E-02    1.1037711E+00   -1.1037711E+00
 2.2000    1.7850732E-02    1.0857035E+00   -1.0857035E+00
 2.2100    1.7397641E-02    1.0677873E+00   -1.0677873E+00
 2.2200    1.6955047E-02    1.0500617E+00   -1.0500617E+00
 2.2300    1.6523435E-02    1.0325710E+00   -1.0325710E+00
 2.2400    1.6103089E-02    1.0153484E+00   -1.0153484E+00
 2.2500    1.5693985E-02    9.9840817E-01   -9.9840817E-01
 2.2600    1.5295849E-02    9.8174869E-01   -9.8174869E-01
 2.2700    1.4908303E-02    9.6536110E-01   -9.6536110E-01
 2.2800    1.4530963E-02    9.4923548E-01   -9.4923548E-01
 2.2900    1.4163455E-02    9.3336180E-01   -9.3336180E-01
 2.3000    1.3805379E-02    9.1772780E-01   -9.1772780E-01
 2.3100    1.3456309E-02    9.0231832E-01   -9.0231832E-01
 2.3200    1.3115813E-02    8.8711729E-01   -8.8711729E-01
 2.3300    1.2783499E-02    8.7211037E-01   -8.7211037E-01
 2.3400    1.2459047E-02    8.5728732E-01   -8.5728732E-01
 2.3500    1.2142242E-02    8.4264467E-01   -8.4264467E-01
 2.3600    1.1833014E-02    8.2818860E-01   -8.2818860E-01
 2.3700    1.1531426E-02    8.1393474E-01   -8.1393474E-01
 2.3800    1.1237589E-02    7.9990223E-01   -7.9990223E-01
 2.3900    1.0951515E-02    7.8610378E-01   -7.8610378E-01
 2.4000    1.0673027E-02    7.7253822E-01   -7.7253822E-01
 2.4100    1.0401767E-02    7.5919105E-01   -7.5919105E-01
 2.4200    1.0137314E-02    7.4604236E-01   -7.4604236E-01
 2.4300    9.8793100E-03    7.3307604E-01   -7.3307604E-01
 2.4400    9.6275249E-03    7.2028466E-01   -7.2028466E-01
 2.4500    9.3818387E-03    7.0766871E-01   -7.0766871E-01
 2.4600    9.1421932E-03    6.9523315E-01   -6.9523315E-01
 2.4700    8.9085487E-03    6.8298431E-01   -6.8298431E-01
 2.4800    8.6808565E-03    6.7092783E-01   -6.7092783E-01
 2.4900    8.4590318E-03    6.5906647E-01   -6.5906647E-01
 2.5000    8.2429255E-03    6.4739785E-01   -6.4739785E-01
 2.5100    8.0323169E-03    6.3591364E-01   -6.3591364E-01
 2.5200    7.8269457E-03    6.2460185E-01   -6.2460185E-01
 2.5300    7.6265736E-03    6.1345170E-01   -6.1345170E-01
 2.5400    7.4310411E-03    6.0245826E-01   -6.0245826E-01
 2.5500    7.2402862E-03    5.9162424E-01   -5.9162424E-01
 2.5600    7.0543107E-03    5.8095752E-01   -5.8095752E-01
 2.5700    6.8731094E-03    5.7046548E-01   -5.7046548E-01
 2.5800    6.6966054E-03    5.6014954E-01   -5.6014954E-01
 2.5900    6.5246354E-03    5.5000374E-01   -5.5000374E-01
 2.6000    6.3569964E-03    5.4001836E-01   -5.4001836E-01
 2.6100    6.1935171E-03    5.3018596E-01   -5.3018596E-01
 2.6200    6.0340928E-03    5.2050443E-01   -5.2050443E-01
 2.6300    5.8786559E-03    5.1097470E-01   -5.1097470E-01
 2.6400    5.7271128E-03    5.0159530E-01   -5.0159530E-01
 2.6500    5.5793165E-03    4.9235983E-01   -4.9235983E-01
 2.6600    5.4351109E-03    4.8326077E-01   -4.8326077E-01
 2.6700    5.2944121E-03    4.7429673E-01   -4.7429673E-01
 2.6800    5.1572489E-03    4.6547627E-01   -4.6547627E-01
 2.6900    5.0237178E-03    4.5681427E-01   -4.5681427E-01
 2.7000    4.8938865E-03    4.4832328E-01   -4.4832328E-01
 2.7100    4.7677195E-03    4.4000655E-01   -4.4000655E-01
 2.7200    4.6450725E-03    4.3185721E-01   -4.3185721E-01
 2.7300    4.5257498E-03    4.2386318E-01   -4.2386318E-01
 2.7400    4.4095732E-03    4.1601362E-01   -4.1601362E-01
 2.7500    4.2964172E-03    4.0830218E-01   -4.0830218E-01
 2.7600    4.1861940E-03    4.0072587E-01   -4.0072587E-01
 2.7700    4.0788192E-03    3.9328180E-01   -3.9328180E-01
 2.7800    3.9741945E-03    3.8596558E-01   -3.8596558E-01
 2.7900    3.8722227E-03    3.7877264E-01   -3.7877264E-01
 2.8000    3.7728335E-03    3.7170086E-01   -3.7170086E-01
 2.8100    3.6759952E-03    3.6475180E-01   -3.6475180E-01
 2.8200    3.5817042E-03    3.5792975E-01   -3.5792975E-01
 2.8300    3.4899589E-03    3.5123925E-01   -3.5123925E-01
 2.8400    3.4007324E-03    3.4468232E-01   -3.4468232E-01
 2.8500    3.3139528E-03    3.3825631E-01   -3.3825631E-01
 2.8600    3.2294954E-03    3.3195300E-01   -3.3195300E-01
 2.8700    3.1471952E-03    3.2575969E-01   -3.2575969E-01
 2.8800    3.0668825E-03    3.1966271E-01   -3.1966271E-01
 2.8900    2.9884339E-03    3.1365283E-01   -3.1365283E-01
 2.9000    2.9118111E-03    3.0772944E-01   -3.0772944E-01
 2.9100    2.8370547E-03    3.0190031E-01   -3.0190031E-01
 2.9200    2.7642289E-03    2.9617580E-01   -2.9617580E-01
 2.9300    2.6933471E-03    2.9056107E-01   -2.9056107E-01
 2.9400    2.6243341E-03    2.8505171E-01   -2.8505171E-01
 2.9500    2.5570507E-03    2.7963610E-01   -2.7963610E-01
 2.9600    2.4913642E-03    2.7430297E-01   -2.7430297E-01
 2.9700    2.4272126E-03    2.6904850E-01   -2.6904850E-01
 2.9800    2.3646145E-03    2.6387773E-01   -2.6387773E-01
 2.9900    2.3036227E-03    2.5879960E-01   -2.5879960E-01
 3.0000    2.2442611E-03    2.5381995E-01   -2.5381995E-01
 3.0100    2.1864946E-03    2.4893804E-01   -2.4893804E-01
 3.0200    2.1302484E-03    2.4414847E-01   -2.4414847E-01
 3.0300    2.0754493E-03    2.3944582E-01   -2.3944582E-01
 3.0400    2.0220515E-03    2.3482766E-01   -2.3482766E-01
 3.0500    1.9700310E-03    2.3029399E-01   -2.3029399E-01
 3.0600    1.9193621E-03    2.2584456E-01   -2.2584456E-01
 3.0700    1.8700025E-03    2.2147709E-01   -2.2147709E-01
 3.0800    1.8218995E-03    2.1718794E-01   -2.1718794E-01
 3.0900    1.7750093E-03    2.1297442E-01   -2.1297442E-01
 3.1000    1.7293098E-03    2.0883633E-01   -2.0883633E-01
 3.1100    1.6847952E-03    2.0477539E-01   -2.0477539E-01
 3.1200    1.6414571E-03    2.0079301E-01   -2.0079301E-01
 3.1300    1.5992672E-03    1.9688815E-01   -1.9688815E-01
 3.1400    1.5581756E-03    1.9305700E-01   -1.9305700E-01
 3.1500    1.5181236E-03    1.8929455E-01   -1.8929455E-01
 3.1600    1.4790619E-03    1.8559675E-01   -1.8559675E-01
 3.1700    1.4409617E-03    1.8196205E-01   -1.8196205E-01
 3.1800    1.4038158E-03    1.7839153E-01   -1.7839153E-01
 3.1900    1.3676302E-03    1.7488796E-01   -1.7488796E-01
 3.2000    1.3324101E-03    1.7145405E-01   -1.7145405E-01
 3.2100    1.2981470E-03    1.6809074E-01   -1.6809074E-01
 3.2200    1.2648128E-03    1.6479645E-01   -1.6479645E-01
 3.2300    1.2323650E-03    1.6156759E-01   -1.6156759E-01
 3.2400    1.2007583E-03    1.5840011E-01   -1.5840011E-01
 3.2500    1.1699575E-03    1.5529113E-01   -1.5529113E-01
 3.2600    1.1399439E-03    1.5223991E-01   -1.5223991E-01
 3.2700    1.1107115E-03    1.4924736E-01   -1.4924736E-01
 3.2800    1.0822546E-03    1.4631437E-01   -1.4631437E-01
 3.2900    1.0545524E-03    1.4343984E-01   -1.4343984E-01
 3.3000    1.0275638E-03    1.4061982E-01   -1.4061982E-01
 3.3100    1.0012382E-03    1.3784889E-01   -1.3784889E-01
 3.3200    9.7553659E-04    1.3512310E-01   -1.3512310E-01
 3.3300    9.5044756E-04    1.3244223E-01   -1.3244223E-01
 3.3400    9.2598470E-04    1.2980954E-01   -1.2980954E-01
 3.3500    9.0216735E-04    1.2722914E-01   -1.2722914E-01
 3.3600    8.7899959E-04    1.2470305E-01   -1.2470305E-01
 3.3700    8.5646330E-04    1.2223017E-01   -1.2223017E-01
 3.3800    8.3452792E-04    1.1980754E-01   -1.1980754E-01
 3.3900    8.1316584E-04    1.1743252E-01   -1.1743252E-01
 3.4000    7.9235932E-04    1.1510385E-01   -1.1510385E-01
 3.4100    7.7209514E-04    1.1282087E-01   -1.1282087E-01
 3.4200    7.5235519E-04    1.1058214E-01   -1.1058214E-01
 3.4300    7.3311386E-04    1.0838509E-01   -1.0838509E-01
 3.4400    7.1434508E-04    1.0622697E-01   -1.0622697E-01
 3.4500    6.9603177E-04    1.0410633E-01   -1.0410633E-01
 3.4600    6.7816856E-04    1.0202338E-01   -1.0202338E-01
 3.4700    6.6075562E-04    9.9979206E-02   -9.9979206E-02
 3.4800    6.4378998E-04    9.7974390E-02   -9.7974390E-02
 3.4900    6.2726152E-04    9.6008429E-02   -9.6008429E-02
 3.5000    6.1115560E-04    9.4080095E-02   -9.4080095E-02
 3.5100    5.9545874E-04    9.2188292E-02   -9.2188292E-02
 3.5200    5.8016288E-04    9.0332729E-02   -9.0332729E-02
 3.5300    5.6526603E-04    8.8514040E-02   -8.8514040E-02
 3.5400    5.5076854E-04    8.6733229E-02   -8.6733229E-02
 3.5500    5.3666645E-04    8.4990624E-02   -8.4990624E-02
 3.5600    5.2294522E-04    8.3284860E-02   -8.3284860E-02
 3.5700    5.0957886E-04    8.1612692E-02   -8.1612692E-02
 3.5800    4.9653649E-04    7.9969998E-02   -7.9969998E-02
 3.5900    4.8379303E-04    7.8353495E-02   -7.8353495E-02
 3.6000    4.7133695E-04    7.6762012E-02   -7.6762012E-02
 3.6100    4.5916992E-04    7.5196512E-02   -7.5196512E-02
 3.6200    4.4730014E-04    7.3659037E-02   -7.3659037E-02
 3.6300    4.3573482E-04    7.2151502E-02   -7.2151502E-02
 3.6400    4.2447668E-04    7.0675105E-02   -7.0675105E-02
 3.6500    4.1352475E-04    6.9230442E-02   -6.9230442E-02
 3.6600    4.0287677E-04    6.7817889E-02   -6.7817889E-02
 3.6700    3.9252983E-04    6.6437710E-02   -6.6437710E-02
 3.6800    3.8247763E-04    6.5089591E-02   -6.5089591E-02
 3.6900    3.7270569E-04    6.3771792E-02   -6.3771792E-02
 3.7000    3.6318881E-04    6.2480684E-02   -6.2480684E-02
 3.7100    3.5389548E-04    6.1211454E-02   -6.1211454E-02
 3.7200    3.4479932E-04    5.9960072E-02   -5.9960072E-02
 3.7300    3.3589098E-04    5.8725385E-02   -5.8725385E-02
 3.7400    3.2718134E-04    5.7509765E-02   -5.7509765E-02
 3.7500    3.1869246E-04    5.6317607E-02   -5.6317607E-02
 3.7600    3.1044262E-04    5.5152714E-02   -5.5152714E-02
 3.7700    3.0243561E-04    5.4016382E-02   -5.4016382E-02
 3.7800    2.9466056E-04    5.2907284E-02   -5.2907284E-02
 3.7900    2.8709949E-04    5.1822779E-02   -5.1822779E-02
 3.8000    2.7973570E-04    5.0760390E-02   -5.0760390E-02
 3.8100    2.7255761E-04    4.9718513E-02   -4.9718513E-02
 3.8200    2.6555817E-04    4.8696334E-02   -4.8696334E-02
 3.8300    2.5873305E-04    4.7693514E-02   -4.7693514E-02
 3.8400    2.5208014E-04    4.6710116E-02   -4.6710116E-02
 3.8500    2.4559979E-04    4.5746652E-02   -4.5746652E-02
 3.8600    2.3929382E-04    4.4803915E-02   -4.4803915E-02
 3.8700    2.3316254E-04    4.3882420E-02   -4.3882420E-02
 3.8800    2.2720157E-04    4.2981804E-02   -4.2981804E-02
 3.8900    2.2140123E-04    4.2100679E-02   -4.2100679E-02
 3.9000    2.1574942E-04    4.1237157E-02   -4.1237157E-02
 3.9100    2.1023615E-04    4.0389714E-02   -4.0389714E-02
 3.9200    2.0485624E-04    3.9557715E-02   -3.9557715E-02
 3.9300    1.9960857E-04    3.8741297E-02   -3.8741297E-02
 3.9400    1.9449343E-04    3.7940866E-02   -3.7940866E-02
 3.9500    1.8951091E-04    3.7156797E-02   -3.7156797E-02
 3.9600    1.8466131E-04    3.6389505E-02   -3.6389505E-02
 3.9700    1.7994589E-04    3.5639599E-02   -3.5639599E-02
 3.9800    1.7536599E-04    3.4907711E-02   -3.4907711E-02
 3.9900    1.7092068E-04    3.4194028E-02   -3.4194028E-02
 4.0000    1.6660481E-04    3.3497884E-02   -3.3497884E-02
 4.0100    1.6240914E-04    3.2817772E-02   -3.2817772E-02
 4.0200    1.5832222E-04    3.2151693E-02   -3.2151693E-02
 4.0300    1.5433230E-04    3.1497551E-02   -3.1497551E-02
 4.0400    1.5042890E-04    3.0853460E-02   -3.0853460E-02
 4.0500    1.4660431E-04    3.0218066E-02   -3.0218066E-02
 4.0600    1.4285527E-04    2.9590901E-02   -2.9590901E-02
 4.0700    1.3918317E-04    2.8972462E-02   -2.8972462E-02
 4.0800    1.3559195E-04    2.8363780E-02   -2.8363780E-02
 4.0900    1.3208473E-04    2.7765729E-02   -2.7765729E-02
 4.1000    1.2866205E-04    2.7178660E-02   -2.7178660E-02
 4.1100    1.2532304E-04    2.6602621E-02   -2.6602621E-02
 4.1200    1.2206773E-04    2.6037853E-02   -2.6037853E-02
 4.1300    1.1889806E-04    2.5485007E-02   -2.5485007E-02
 4.1400    1.1581662E-04    2.4944881E-02   -2.4944881E-02
 4.1500    1.1282448E-04    2.4417961E-02   -2.4417961E-02
 4.1600    1.0992009E-04    2.3904166E-02   -2.3904166E-02
 4.1700    1.0709999E-04    2.3402993E-02   -2.3402993E-02
 4.1800    1.0436028E-04    2.2913829E-02   -2.2913829E-02
 4.1900    1.0169702E-04    2.2436037E-02   -2.2436037E-02
 4.2000    9.9105161E-05    2.1968718E-02   -2.1968718E-02
 4.2100    9.6577851E-05    2.1510554E-02   -2.1510554E-02
 4.2200    9.4108128E-05    2.1060171E-02   -2.1060171E-02
 4.2300    9.1692092E-05    2.0616858E-02   -2.0616858E-02
 4.2400    8.9330401E-05    2.0180915E-02   -2.0180915E-02
 4.2500    8.7026346E-05    1.9753246E-02   -1.9753246E-02
 4.2600    8.4782332E-05    1.9334566E-02   -1.9334566E-02
 4.2700    8.2597871E-05    1.8924938E-02   -1.8924938E-02
 4.2800    8.0470031E-05    1.8523864E-02   -1.8523864E-02
 4.2900    7.8395049E-05    1.8130638E-02   -1.8130638E-02
 4.3000    7.6369845E-05    1.7744701E-02   -1.7744701E-02
 4.3100    7.4393370E-05    1.7365954E-02   -1.7365954E-02
 4.3200    7.2467815E-05    1.6995053E-02   -1.6995053E-02
 4.3300    7.0598818E-05    1.6633479E-02   -1.6633479E-02
 4.3400    6.8793308E-05    1.6283041E-02   -1.6283041E-02
 4.3500    6.7054959E-05    1.5944807E-02   -1.5944807E-02
 4.3600    6.5379787E-05    1.5618033E-02   -1.5618033E-02
 4.3700    6.3755831E-05    1.5300043E-02   -1.5300043E-02
 4.3800    6.2168407E-05    1.4987453E-02   -1.4987453E-02
 4.3900    6.0607399E-05    1.4677921E-02   -1.4677921E-02
 4.4000    5.9070780E-05    1.4371031E-02   -1.4371031E-02
 4.4100    5.7562120E-05    1.4067724E-02   -1.4067724E-02
 4.4200    5.6085558E-05    1.3769097E-02   -1.3769097E-02
 4.4300    5.4643116E-05    1.3475745E-02   -1.3475745E-02
 4.4400    5.3235485E-05    1.3187942E-02   -1.3187942E-02
 4.4500    5.1863484E-05    1.2905997E-02   -1.2905997E-02
 4.4600    5.0527782E-05    1.2630188E-02   -1.2630188E-02
 4.4700    4.9227599E-05    1.2360430E-02   -1.2360430E-02
 4.4800    4.7960647E-05    1.2096255E-02   -1.2096255E-02
 4.4900    4.6724893E-05    1.1837251E-02   -1.1837251E-02
 4.5000    4.5520283E-05    1.1583501E-02   -1.1583501E-02
 4.5100    4.4348543E-05    1.1335542E-02   -1.1335542E-02
 4.5200    4.3211336E-05    1.1093905E-02   -1.1093905E-02
 4.5300    4.2108727E-05    1.0858714E-02   -1.0858714E-02
 4.5400    4.1039215E-05    1.0629690E-02   -1.0629690E-02
 4.5500    4.0000746E-05    1.0406406E-02   -1.0406406E-02
 4.5600    3.8991385E-05    1.0188452E-02   -1.0188452E-02
 4.5700    3.8009165E-05    9.9754063E-03   -9.9754063E-03
 4.5800    3.7051853E-05    9.7667653E-03   -9.7667653E-03
 4.5900    3.6117369E-05    9.5620574E-03   -9.5620574E-03
 4.6000    3.5204666E-05    9.3610757E-03   -9.3610757E-03
 4.6100    3.4314071E-05    9.1639763E-03   -9.1639763E-03
 4.6200    3.3446441E-05    8.9710594E-03   -8.9710594E-03
 4.6300    3.2601623E-05    8.7823567E-03   -8.7823567E-03
 4.6400    3.1777503E-05    8.5973695E-03   -8.5973695E-03
 4.6500    3.0970559E-05    8.4152073E-03   -8.4152073E-03
 4.6600    3.0177576E-05    8.2350464E-03   -8.2350464E-03
 4.6700    2.9397261E-05    8.0565757E-03   -8.0565757E-03
 4.6800    2.8630653E-05    7.8801200E-03   -7.8801200E-03
 4.6900    2.7880172E-05    7.7063904E-03   -7.7063904E-03
 4.7000    2.7148128E-05    7.5360795E-03   -7.5360795E-03
 4.7100    2.6435822E-05    7.3696099E-03   -7.3696099E-03
 4.7200    2.5743754E-05    7.2071861E-03   -7.2071861E-03
 4.7300    2.5072495E-05    7.0490355E-03   -7.0490355E-03
 4.7400    2.4423346E-05    6.8955944E-03   -6.8955944E-03
 4.7500    2.3798140E-05    6.7474565E-03   -6.7474565E-03
 4.7600    2.3198071E-05    6.6050428E-03   -6.6050428E-03
 4.7700    2.2621969E-05    6.4681043E-03   -6.4681043E-03
 4.7800    2.2065210E-05    6.3353953E-03   -6.3353953E-03
 4.7900    2.1520826E-05    6.2049719E-03   -6.2049719E-03
 4.8000    2.0983109E-05    6.0752223E-03   -6.0752223E-03
 4.8100    2.0451554E-05    5.9460194E-03   -5.9460194E-03
 4.8200    1.9931900E-05    5.8190574E-03   -5.8190574E-03
 4.8300    1.9433139E-05    5.6970113E-03   -5.6970113E-03
 4.8400    1.8962697E-05    5.5821395E-03   -5.5821395E-03
 4.8500    1.8523091E-05    5.4752860E-03   -5.4752860E-03
 4.8600    1.8111200E-05    5.3756333E-03   -5.3756333E-03
 4.8700    1.7718829E-05    5.2808375E-03   -5.2808375E-03
 4.8800    1.7333643E-05    5.1872761E-03   -5.1872761E-03
 4.8900    1.6941677E-05    5.0907760E-03   -5.0907760E-03
 4.9000    1.6532541E-05    4.9881744E-03   -4.9881744E-03
 4.9100    1.6104983E-05    4.8790258E-03   -4.8790258E-03
 4.9200    1.5668030E-05    4.7660047E-03   -4.7660047E-03
 4.9300    1.5235903E-05    4.6534163E-03   -4.6534163E-03
 4.9400    1.4820822E-05    4.5450227E-03   -4.5450227E-03
 4.9500    1.4429634E-05    4.4429925E-03   -4.4429925E-03
 4.9600    1.4065547E-05    4.3484036E-03   -4.3484036E-03
 4.9700    1.3730520E-05    4.2619626E-03   -4.2619626E-03
 4.9800    1.3423771E-05    4.1835320E-03   -4.1835320E-03
 4.9900    1.3137484E-05    4.1107698E-03   -4.1107698E-03
 5.0000    1.2855688E-05    4.0387334E-03   -4.0387334E-03
 5.0100    1.2560385E-05    3.9617609E-03   -3.9617609E-03
 5.0200    1.2241722E-05    3.8766788E-03   -3.8766788E-03
 5.0300    1.1904117E-05    3.7848008E-03   -3.7848008E-03
 5.0400    1.1563345E-05    3.6910882E-03   -3.6910882E-03
 5.0500    1.1237244E-05    3.6012431E-03   -3.6012431E-03
 5.0600    1.0936937E-05    3.5188974E-03   -3.5188974E-03
 5.0700    1.0663223E-05    3.4444056E-03   -3.4444056E-03
 5.0800    1.0408185E-05    3.3752994E-03   -3.3752994E-03
 5.0900    1.0159725E-05    3.3077096E-03   -3.3077096E-03
 5.1000    9.9070450E-06    3.2381305E-03   -3.2381305E-03
 5.1100    9.6455356E-06    3.1650313E-03   -3.1650313E-03
 5.1200    9.3791697E-06    3.0896848E-03   -3.0896848E-03
 5.1300    9.1187295E-06    3.0156361E-03   -3.0156361E-03
 5.1400    8.8762223E-06    2.9468924E-03   -2.9468924E-03
 5.1500    8.6585793E-06    2.8858314E-03   -2.8858314E-03
 5.1600    8.4644646E-06    2.8321011E-03   -2.8321011E-03
 5.1700    8.2856901E-06    2.7830412E-03   -2.7830412E-03
 5.1800    8.1114764E-06    2.7350753E-03   -2.7350753E-03
 5.1900    7.9326020E-06    2.6850986E-03   -2.6850986E-03
 5.2000    7.7437842E-06    2.6312965E-03   -2.6312965E-03
 5.2100    7.5443485E-06    2.5733986E-03   -2.5733986E-03
 5.2200    7.3377085E-06    2.5125304E-03   -2.5125304E-03
 5.2300    7.1298540E-06    2.4507210E-03   -2.4507210E-03
 5.2400    6.9271503E-06    2.3901604E-03   -2.3901604E-03
 5.2500    6.7343282E-06    2.3325059E-03   -2.3325059E-03
 5.2600    6.5536063E-06    2.2785665E-03   -2.2785665E-03
 5.2700    6.3850127E-06    2.2283985E-03   -2.2283985E-03
 5.2800    6.2270566E-06    2.1815267E-03   -2.1815267E-03
 5.2900    6.0770311E-06    2.1370401E-03   -2.1370401E-03
 5.3000    5.9312144E-06    2.0936555E-03   -2.0936555E-03
 5.3100    5.7857623E-06    2.0500266E-03   -2.0500266E-03
 5.3200    5.6383567E-06    2.0053292E-03   -2.0053292E-03
 5.3300    5.4895042E-06    1.9597353E-03   -1.9597353E-03
 5.3400    5.3422481E-06    1.9143283E-03   -1.9143283E-03
 5.3500    5.2003105E-06    1.8704526E-03   -1.8704526E-03
 5.3600    5.0660211E-06    1.8289694E-03   -1.8289694E-03
 5.3700    4.9394519E-06    1.7899347E-03   -1.7899347E-03
 5.3800    4.8190507E-06    1.7528143E-03   -1.7528143E-03
 5.3900    4.7029857E-06    1.7169635E-03   -1.7169635E-03
 5.4000    4.5902691E-06    1.6820369E-03   -1.6820369E-03
 5.4100    4.4812227E-06    1.6481659E-03   -1.6481659E-03
 5.4200    4.3772138E-06    1.6158692E-03   -1.6158692E-03
 5.4300    4.2797014E-06    1.5857072E-03   -1.5857072E-03
 5.4400    4.1889852E-06    1.5578172E-03   -1.5578172E-03
 5.4500    4.1035521E-06    1.5316616E-03   -1.5316616E-03
 5.4600    4.0207204E-06    1.5062568E-03   -1.5062568E-03
 5.4700    3.9381951E-06    1.4807500E-03   -1.4807500E-03
 5.4800    3.8552692E-06    1.4548750E-03   -1.4548750E-03
 5.4900    3.7727919E-06    1.4289512E-03   -1.4289512E-03
 5.5000    3.6922482E-06    1.4035443E-03   -1.4035443E-03
 5.5100    3.6149819E-06    1.3791744E-03   -1.3791744E-03
 5.5200    3.5421289E-06    1.3562894E-03   -1.3562894E-03
 5.5300    3.4748938E-06    1.3353702E-03   -1.3353702E-03
 5.5400    3.4144535E-06    1.3168933E-03   -1.3168933E-03
 5.5500    3.3612586E-06    1.3010613E-03   -1.3010613E-03
 5.5600    3.3142114E-06    1.2874775E-03   -1.2874775E-03
 5.5700    3.2704403E-06    1.2750478E-03   -1.2750478E-03
 5.5800    3.2260444E-06    1.2622594E-03   -1.2622594E-03
 5.5900    3.1775241E-06    1.2477349E-03   -1.2477349E-03
 5.6000    3.1230670E-06    1.2307426E-03   -1.2307426E-03
 5.6100    3.0627663E-06    1.2112937E-03   -1.2112937E-03
 5.6200    2.9975324E-06    1.1897244E-03   -1.1897244E-03
 5.6300    2.9276321E-06    1.1661198E-03   -1.1661198E-03
 5.6400    2.8523339E-06    1.1401669E-03   -1.1401669E-03
 5.6500    2.7711759E-06    1.1116571E-03   -1.1116571E-03
 5.6600    2.6857205E-06    1.0811938E-03   -1.0811938E-03
 5.6700    2.6001482E-06    1.0504469E-03   -1.0504469E-03
 5.6800    2.5201735E-06    1.0217320E-03   -1.0217320E-03
 5.6900    2.4511440E-06    9.9724810E-04   -9.9724810E-04
 5.7000    2.3965536E-06    9.7846821E-04   -9.7846821E-04
 5.7100    2.3577623E-06    9.6601105E-04   -9.6601105E-04
 5.7200    2.3349769E-06    9.6002936E-04   -9.6002936E-04
 5.7300    2.3284749E-06    9.6070639E-04   -9.6070639E-04
 5.7400    2.3381526E-06    9.6806941E-04   -9.6806941E-04
 5.7500    2.3603625E-06    9.8067308E-04   -9.8067308E-04
 5.7600    2.3841896E-06    9.9402115E-04   -9.9402115E-04
 5.7700    2.3920063E-06    1.0007459E-03   -1.0007459E-03
 5.7800    2.3671527E-06    9.9378356E-04   -9.9378356E-04
 5.7900    2.3048730E-06    9.7098830E-04   -9.7098830E-04
 5.8000    2.2175969E-06    9.3745073E-04   -9.3745073E-04
 5.8100    2.1288980E-06    9.0306080E-04   -9.0306080E-04
 5.8200    2.0600060E-06    8.7684803E-04   -8.7684803E-04
 5.8300    2.0190016E-06    8.6235012E-04   -8.6235012E-04
 5.8400    1.9996658E-06    8.5702397E-04   -8.5702397E-04
 5.8500    1.9885197E-06    8.5516809E-04   -8.5516809E-04
 5.8600    1.9733771E-06    8.5155985E-04   -8.5155985E-04
 5.8700    1.9479983E-06    8.4347969E-04   -8.4347969E-04
 5.8800    1.9119292E-06    8.3068490E-04   -8.3068490E-04
 5.8900    1.8680105E-06    8.1436623E-04   -8.1436623E-04
 5.9000    1.8204574E-06    7.9633244E-04   -7.9633244E-04
 5.9100    1.7742981E-06    7.7877397E-04   -7.7877397E-04
 5.9200    1.7345703E-06    7.6391524E-04   -7.6391524E-04
 5.9300    1.7038199E-06    7.5290977E-04   -7.5290977E-04
 5.9400    1.6792941E-06    7.4457682E-04   -7.4457682E-04
 5.9500    1.6531791E-06    7.3546785E-04   -7.3546785E-04
 5.9600    1.6171034E-06    7.2183874E-04   -7.2183874E-04
 5.9700    1.5677200E-06    7.0214536E-04   -7.0214536E-04
 5.9800    1.5086532E-06    6.7795624E-04   -6.7795624E-04
 5.9900    1.4474967E-06    6.5265112E-04   -6.5265112E-04
 6.0000    1.3910989E-06    6.2931831E-04   -6.2931831E-04
 6.0100    1.3431985E-06    6.0967588E-04   -6.0967588E-04
 6.0200    1.3053498E-06    5.9446976E-04   -5.9446976E-04
 6.0300    1.2789801E-06    5.8439739E-04   -5.8439739E-04
 6.0400    1.2662751E-06    5.8051282E-04   -5.8051282E-04
 6.0500    1.2695207E-06    5.8392948E-04   -5.8392948E-04
 6.0600    1.2899022E-06    5.9526712E-04   -5.9526712E-04
 6.0700    1.3263719E-06    6.1411901E-04   -6.1411901E-04
 6.0800    1.3742208E-06    6.3837156E-04   -6.3837156E-04
 6.0900    1.4234563E-06    6.6342002E-04   -6.6342002E-04
 6.1000    1.4589923E-06    6.8221700E-04   -6.8221700E-04
 6.1100    1.4650384E-06    6.8729201E-04   -6.8729201E-04
 6.1200    1.4326566E-06    6.7430256E-04   -6.7430256E-04
 6.1300    1.3651515E-06    6.4463170E-04   -6.4463170E-04
 6.1400    1.2764026E-06    6.0469209E-04   -6.0469209E-04
 6.1500    1.1831314E-06    5.6233237E-04   -5.6233237E-04
 6.1600    1.0972693E-06    5.2322021E-04   -5.2322021E-04
 6.1700    1.0235669E-06    4.8966204E-04   -4.8966204E-04
 6.1800    9.6213241E-07    4.6176569E-04   -4.6176569E-04
 6.1900    9.1189540E-07    4.3907245E-04   -4.3907245E-04
 6.2000    8.7210633E-07    4.2127208E-04   -4.2127208E-04
 6.2100    8.4219971E-07    4.0813905E-04   -4.0813905E-04
 6.2200    8.2163954E-07    3.9945878E-04   -3.9945878E-04
 6.2300    8.1012367E-07    3.9512752E-04   -3.9512752E-04
 6.2400    8.0726308E-07    3.9499731E-04   -3.9499731E-04
 6.2500    8.1138578E-07    3.9828806E-04   -3.9828806E-04
 6.2600    8.1854369E-07    4.0308849E-04   -4.0308849E-04
 6.2700    8.2312403E-07    4.0664012E-04   -4.0664012E-04
 6.2800    8.2011594E-07    4.0644745E-04   -4.0644745E-04
 6.2900    8.0744244E-07    4.0144193E-04   -4.0144193E-04
 6.3000    7.8657680E-07    3.9231246E-04   -3.9231246E-04
 6.3100    7.6118907E-07    3.8085629E-04   -3.8085629E-04
 6.3200    7.3525360E-07    3.6904658E-04   -3.6904658E-04
 6.3300    7.1212711E-07    3.5857070E-04   -3.5857070E-04
 6.3400    6.9464882E-07    3.5087602E-04   -3.5087602E-04
 6.3500    6.8515503E-07    3.4717318E-04   -3.4717318E-04
 6.3600    6.8468692E-07    3.4802956E-04   -3.4802956E-04
 6.3700    6.9183680E-07    3.5277060E-04   -3.5277060E-04
 6.3800    7.0222956E-07    3.5919504E-04   -3.5919504E-04
 6.3900    7.0930911E-07    3.6395452E-04   -3.6395452E-04
 6.4000    7.0642328E-07    3.6360916E-04   -3.6360916E-04
 6.4100    6.8944290E-07    3.5597888E-04   -3.5597888E-04
 6.4200    6.5854890E-07    3.4108918E-04   -3.4108918E-04
 6.4300    6.1804960E-07    3.2111097E-04   -3.2111097E-04
 6.4400    5.7438066E-07    2.9935148E-04   -2.9935148E-04
 6.4500    5.3372034E-07    2.7902495E-04   -2.7902495E-04
 6.4600    5.0060677E-07    2.6252558E-04   -2.6252558E-04
 6.4700    4.7771150E-07    2.5129516E-04   -2.5129516E-04
 6.4800    4.6593229E-07    2.4585706E-04   -2.4585706E-04
 6.4900    4.6416943E-07    2.4568339E-04   -2.4568339E-04
 6.5000    4.6905736E-07    2.4903623E-04   -2.4903623E-04
 6.5100    4.7539101E-07    2.5317616E-04   -2.5317616E-04
 6.5200    4.7752173E-07    2.5509279E-04   -2.5509279E-04
 6.5300    4.7118147E-07    2.5247852E-04   -2.5247852E-04
 6.5400    4.5488862E-07    2.4449525E-04   -2.4449525E-04
 6.5500    4.3042166E-07    2.3205268E-04   -2.3205268E-04
 6.5600    4.0225419E-07    2.1752948E-04   -2.1752948E-04
 6.5700    3.7602910E-07    2.0396801E-04   -2.0396801E-04
 6.5800    3.5644393E-07    1.9393352E-04   -1.9393352E-04
 6.5900    3.4545207E-07    1.8852480E-04   -1.8852480E-04
 6.6000    3.4182249E-07    1.8711059E-04   -1.8711059E-04
 6.6100    3.4230816E-07    1.8794468E-04   -1.8794468E-04
 6.6200    3.4353911E-07    1.8919168E-04   -1.8919168E-04
 6.6300    3.4341694E-07    1.8969620E-04   -1.8969620E-04
 6.6400    3.4147182E-07    1.8919118E-04   -1.8919118E-04
 6.6500    3.3847993E-07    1.8809882E-04   -1.8809882E-04
 6.6600    3.3586052E-07    1.8720493E-04   -1.8720493E-04
 6.6700    3.3509484E-07    1.8733946E-04   -1.8733946E-04
 6.6800    3.3716053E-07    1.8905994E-04   -1.8905994E-04
 6.6900    3.4200475E-07    1.9235091E-04   -1.9235091E-04
 6.7000    3.4827115E-07    1.9646128E-04   -1.9646128E-04
 6.7100    3.5358567E-07    2.0005507E-04   -2.0005507E-04
 6.7200    3.5547872E-07    2.0172607E-04   -2.0172607E-04
 6.7300    3.5254981E-07    2.0065985E-04   -2.0065985E-04
 6.7400    3.4517585E-07    1.9704711E-04   -1.9704711E-04
 6.7500    3.3528525E-07    1.9196934E-04   -1.9196934E-04
 6.7600    3.2533411E-07    1.8682408E-04   -1.8682408E-04
 6.7700    3.1712538E-07    1.8264938E-04   -1.8264938E-04
 6.7800    3.1113986E-07    1.7973179E-04   -1.7973179E-04
 6.7900    3.0665633E-07    1.7766478E-04   -1.7766478E-04
 6.8000    3.0245894E-07    1.7574951E-04   -1.7574951E-04
 6.8100    2.9765712E-07    1.7346840E-04   -1.7346840E-04
 6.8200    2.9216540E-07    1.7076836E-04   -1.7076836E-04
 6.8300    2.8663580E-07    1.6802802E-04   -1.6802802E-04
 6.8400    2.8197518E-07    1.6578031E-04   -1.6578031E-04
 6.8500    2.7882193E-07    1.6440611E-04   -1.6440611E-04
 6.8600    2.7730680E-07    1.6399047E-04   -1.6399047E-04
 6.8700    2.7713982E-07    1.6436989E-04   -1.6436989E-04
