# total charge: 6.000000 
# r(A)     rho (e/A^3)     4*pi*r^2*rho(e/A)  dip  
 0.0000    1.0892185E+00    0.0000000E+00    4.7873074E+01
 0.0100    1.0882062E+00    1.3674802E-03    4.7632938E+01
 0.0200    1.0869287E+00    5.4634994E-03    4.6919660E+01
 0.0300    1.0853345E+00    1.2274844E-02    4.5754263E+01
 0.0400    1.0833704E+00    2.1782455E-02    4.4170634E+01
 0.0500    1.0809801E+00    3.3959992E-02    4.2213879E+01
 0.0600    1.0781029E+00    4.8772225E-02    3.9938180E+01
 0.0700    1.0746794E+00    6.6173615E-02    3.7404298E+01
 0.0800    1.0706648E+00    8.6107970E-02    3.4676878E+01
 0.0900    1.0660421E+00    1.0850987E-01    3.1821720E+01
 0.1000    1.0608261E+00    1.3330734E-01    2.8903180E+01
 0.1100    1.0550558E+00    1.6042448E-01    2.5981837E+01
 0.1200    1.0487810E+00    1.8978294E-01    2.3112544E+01
 0.1300    1.0420524E+00    2.2130240E-01    2.0342929E+01
 0.1400    1.0349160E+00    2.5490071E-01    1.7712395E+01
 0.1500    1.0274138E+00    2.9049440E-01    1.5251617E+01
 0.1600    1.0195848E+00    3.2799950E-01    1.2982501E+01
 0.1700    1.0114678E+00    3.6733283E-01    1.0918556E+01
 0.1800    1.0031012E+00    4.0841305E-01    9.0656059E+00
 0.1900    9.9452315E-01    4.5116143E-01    7.4227363E+00
 0.2000    9.8577010E-01    4.9550209E-01    5.9834139E+00
 0.2100    9.7687621E-01    5.4136227E-01    4.7366692E+00
 0.2200    9.6787394E-01    5.8867287E-01    3.6682783E+00
 0.2300    9.5879508E-01    6.3736958E-01    2.7618749E+00
 0.2400    9.4967155E-01    6.8739406E-01    1.9999496E+00
 0.2500    9.4053540E-01    7.3869478E-01    1.3647013E+00
 0.2600    9.3141812E-01    7.9122726E-01    8.3872905E-01
 0.2700    9.2234975E-01    8.4495392E-01    4.0555826E-01
 0.2800    9.1335834E-01    8.9984380E-01    5.0010392E-02
 0.2900    9.0446974E-01    9.5587235E-01   -2.4156846E-01
 0.3000    8.9570738E-01    1.0130212E+00   -4.8119937E-01
 0.3100    8.8709218E-01    1.0712775E+00   -6.7925926E-01
 0.3200    8.7864226E-01    1.1306337E+00   -8.4454307E-01
 0.3300    8.7037301E-01    1.1910861E+00   -9.8437783E-01
 0.3400    8.6229743E-01    1.2526357E+00   -1.1047694E+00
 0.3500    8.5442655E-01    1.3152875E+00   -1.2105656E+00
 0.3600    8.4676953E-01    1.3790502E+00   -1.3056220E+00
 0.3700    8.3933332E-01    1.4439354E+00   -1.3929618E+00
 0.3800    8.3212221E-01    1.5099556E+00   -1.4749219E+00
 0.3900    8.2513764E-01    1.5771227E+00   -1.5532840E+00
 0.4000    8.1837842E-01    1.6454474E+00   -1.6293878E+00
 0.4100    8.1184112E-01    1.7149388E+00   -1.7042274E+00
 0.4200    8.0552038E-01    1.7856033E+00   -1.7785301E+00
 0.4300    7.9940893E-01    1.8574442E+00   -1.8528200E+00
 0.4400    7.9349738E-01    1.9304596E+00   -1.9274665E+00
 0.4500    7.8777404E-01    2.0046408E+00   -2.0027227E+00
 0.4600    7.8222491E-01    2.0799705E+00   -2.0787536E+00
 0.4700    7.7683410E-01    2.1564225E+00   -2.1556582E+00
 0.4800    7.7158446E-01    2.2339621E+00   -2.2334868E+00
 0.4900    7.6645815E-01    2.3125465E+00   -2.3122538E+00
 0.5000    7.6143695E-01    2.3921247E+00   -2.3919463E+00
 0.5100    7.5650203E-01    2.4726367E+00   -2.4725290E+00
 0.5200    7.5163352E-01    2.5540106E+00   -2.5539463E+00
 0.5300    7.4681049E-01    2.6361615E+00   -2.6361234E+00
 0.5400    7.4201125E-01    2.7189916E+00   -2.7189694E+00
 0.5500    7.3721415E-01    2.8023921E+00   -2.8023792E+00
 0.5600    7.3239808E-01    2.8862445E+00   -2.8862371E+00
 0.5700    7.2754255E-01    2.9704208E+00   -2.9704165E+00
 0.5800    7.2262752E-01    3.0547829E+00   -3.0547805E+00
 0.5900    7.1763324E-01    3.1391816E+00   -3.1391802E+00
 0.6000    7.1254028E-01    3.2234563E+00   -3.2234556E+00
 0.6100    7.0732991E-01    3.3074368E+00   -3.3074364E+00
 0.6200    7.0198445E-01    3.3909449E+00   -3.3909447E+00
 0.6300    6.9648767E-01    3.4737967E+00   -3.4737965E+00
 0.6400    6.9082495E-01    3.5558041E+00   -3.5558041E+00
 0.6500    6.8498342E-01    3.6367767E+00   -3.6367767E+00
 0.6600    6.7895177E-01    3.7165216E+00   -3.7165216E+00
 0.6700    6.7272018E-01    3.7948440E+00   -3.7948440E+00
 0.6800    6.6628010E-01    3.8715470E+00   -3.8715470E+00
 0.6900    6.5962440E-01    3.9464332E+00   -3.9464332E+00
 0.7000    6.5274767E-01    4.0193079E+00   -4.0193079E+00
 0.7100    6.4564653E-01    4.0899819E+00   -4.0899819E+00
 0.7200    6.3831973E-01    4.1582742E+00   -4.1582742E+00
 0.7300    6.3076793E-01    4.2240124E+00   -4.2240124E+00
 0.7400    6.2299346E-01    4.2870327E+00   -4.2870327E+00
 0.7500    6.1500025E-01    4.3471806E+00   -4.3471806E+00
 0.7600    6.0679395E-01    4.4043141E+00   -4.4043141E+00
 0.7700    5.9838199E-01    4.4583056E+00   -4.4583056E+00
 0.7800    5.8977334E-01    4.5090413E+00   -4.5090413E+00
 0.7900    5.8097799E-01    4.5564197E+00   -4.5564197E+00
 0.8000    5.7200660E-01    4.6003501E+00   -4.6003501E+00
 0.8100    5.6287056E-01    4.6407528E+00   -4.6407528E+00
 0.8200    5.5358221E-01    4.6775635E+00   -4.6775635E+00
 0.8300    5.4415522E-01    4.7107369E+00   -4.7107369E+00
 0.8400    5.3460466E-01    4.7402493E+00   -4.7402493E+00
 0.8500    5.2494687E-01    4.7660991E+00   -4.7660991E+00
 0.8600    5.1519899E-01    4.7883046E+00   -4.7883046E+00
 0.8700    5.0537847E-01    4.8069002E+00   -4.8069002E+00
 0.8800    4.9550264E-01    4.8219331E+00   -4.8219331E+00
 0.8900    4.8558849E-01    4.8334615E+00   -4.8334615E+00
 0.9000    4.7565273E-01    4.8415551E+00   -4.8415551E+00
 0.9100    4.6571192E-01    4.8462968E+00   -4.8462968E+00
 0.9200    4.5578254E-01    4.8477834E+00   -4.8477834E+00
 0.9300    4.4588082E-01    4.8461243E+00   -4.8461243E+00
 0.9400    4.3602251E-01    4.8414392E+00   -4.8414392E+00
 0.9500    4.2622277E-01    4.8338562E+00   -4.8338562E+00
 0.9600    4.1649605E-01    4.8235104E+00   -4.8235104E+00
 0.9700    4.0685611E-01    4.8105438E+00   -4.8105438E+00
 0.9800    3.9731595E-01    4.7951038E+00   -4.7951038E+00
 0.9900    3.8788774E-01    4.7773417E+00   -4.7773417E+00
 1.0000    3.7858275E-01    4.7574111E+00   -4.7574111E+00
 1.0100    3.6941127E-01    4.7354664E+00   -4.7354664E+00
 1.0200    3.6038247E-01    4.7116592E+00   -4.7116592E+00
 1.0300    3.5150418E-01    4.6861351E+00   -4.6861351E+00
 1.0400    3.4278283E-01    4.6590311E+00   -4.6590311E+00
 1.0500    3.3422355E-01    4.6304746E+00   -4.6304746E+00
 1.0600    3.2583031E-01    4.6005852E+00   -4.6005852E+00
 1.0700    3.1760619E-01    4.5694757E+00   -4.5694757E+00
 1.0800    3.0955338E-01    4.5372522E+00   -4.5372522E+00
 1.0900    3.0167316E-01    4.5040119E+00   -4.5040119E+00
 1.1000    2.9396579E-01    4.4698406E+00   -4.4698406E+00
 1.1100    2.8643046E-01    4.4348101E+00   -4.4348101E+00
 1.1200    2.7906534E-01    4.3989782E+00   -4.3989782E+00
 1.1300    2.7186771E-01    4.3623888E+00   -4.3623888E+00
 1.1400    2.6483411E-01    4.3250734E+00   -4.3250734E+00
 1.1500    2.5796054E-01    4.2870526E+00   -4.2870526E+00
 1.1600    2.5124266E-01    4.2483396E+00   -4.2483396E+00
 1.1700    2.4467616E-01    4.2089450E+00   -4.2089450E+00
 1.1800    2.3825713E-01    4.1688838E+00   -4.1688838E+00
 1.1900    2.3198235E-01    4.1281810E+00   -4.1281810E+00
 1.2000    2.2584943E-01    4.0868750E+00   -4.0868750E+00
 1.2100    2.1985679E-01    4.0450182E+00   -4.0450182E+00
 1.2200    2.1400340E-01    4.0026738E+00   -4.0026738E+00
 1.2300    2.0828857E-01    3.9599120E+00   -3.9599120E+00
 1.2400    2.0271163E-01    3.9168045E+00   -3.9168045E+00
 1.2500    1.9727172E-01    3.8734211E+00   -3.8734211E+00
 1.2600    1.9196771E-01    3.8298268E+00   -3.8298268E+00
 1.2700    1.8679817E-01    3.7860813E+00   -3.7860813E+00
 1.2800    1.8176143E-01    3.7422392E+00   -3.7422392E+00
 1.2900    1.7685559E-01    3.6983506E+00   -3.6983506E+00
 1.3000    1.7207853E-01    3.6544605E+00   -3.6544605E+00
 1.3100    1.6742794E-01    3.6106084E+00   -3.6106084E+00
 1.3200    1.6290126E-01    3.5668281E+00   -3.5668281E+00
 1.3300    1.5849574E-01    3.5231469E+00   -3.5231469E+00
 1.3400    1.5420850E-01    3.4795875E+00   -3.4795875E+00
 1.3500    1.5003657E-01    3.4361691E+00   -3.4361691E+00
 1.3600    1.4597699E-01    3.3929081E+00   -3.3929081E+00
 1.3700    1.4202683E-01    3.3498194E+00   -3.3498194E+00
 1.3800    1.3818316E-01    3.3069159E+00   -3.3069159E+00
 1.3900    1.3444308E-01    3.2642087E+00   -3.2642087E+00
 1.4000    1.3080373E-01    3.2217071E+00   -3.2217071E+00
 1.4100    1.2726224E-01    3.1794182E+00   -3.1794182E+00
 1.4200    1.2381581E-01    3.1373477E+00   -3.1373477E+00
 1.4300    1.2046166E-01    3.0954998E+00   -3.0954998E+00
 1.4400    1.1719711E-01    3.0538786E+00   -3.0538786E+00
 1.4500    1.1401958E-01    3.0124879E+00   -3.0124879E+00
 1.4600    1.1092658E-01    2.9713320E+00   -2.9713320E+00
 1.4700    1.0791571E-01    2.9304155E+00   -2.9304155E+00
 1.4800    1.0498468E-01    2.8897429E+00   -2.8897429E+00
 1.4900    1.0213124E-01    2.8493186E+00   -2.8493186E+00
 1.5000    9.9353239E-02    2.8091467E+00   -2.8091467E+00
 1.5100    9.6648561E-02    2.7692308E+00   -2.7692308E+00
 1.5200    9.4015181E-02    2.7295750E+00   -2.7295750E+00
 1.5300    9.1451148E-02    2.6901834E+00   -2.6901834E+00
 1.5400    8.8954595E-02    2.6510608E+00   -2.6510608E+00
 1.5500    8.6523743E-02    2.6122128E+00   -2.6122128E+00
 1.5600    8.4156903E-02    2.5736460E+00   -2.5736460E+00
 1.5700    8.1852464E-02    2.5353675E+00   -2.5353675E+00
 1.5800    7.9608876E-02    2.4973852E+00   -2.4973852E+00
 1.5900    7.7424632E-02    2.4597064E+00   -2.4597064E+00
 1.6000    7.5298268E-02    2.4223384E+00   -2.4223384E+00
 1.6100    7.3228372E-02    2.3852889E+00   -2.3852889E+00
 1.6200    7.1213590E-02    2.3485660E+00   -2.3485660E+00
 1.6300    6.9252620E-02    2.3121781E+00   -2.3121781E+00
 1.6400    6.7344188E-02    2.2761332E+00   -2.2761332E+00
 1.6500    6.5487038E-02    2.2404389E+00   -2.2404389E+00
 1.6600    6.3679917E-02    2.2051012E+00   -2.2051012E+00
 1.6700    6.1921582E-02    2.1701255E+00   -2.1701255E+00
 1.6800    6.0210809E-02    2.1355163E+00   -2.1355163E+00
 1.6900    5.8546408E-02    2.1012781E+00   -2.1012781E+00
 1.7000    5.6927233E-02    2.0674156E+00   -2.0674156E+00
 1.7100    5.5352180E-02    2.0339338E+00   -2.0339338E+00
 1.7200    5.3820171E-02    2.0008376E+00   -2.0008376E+00
 1.7300    5.2330140E-02    1.9681308E+00   -1.9681308E+00
 1.7400    5.0881024E-02    1.9358166E+00   -1.9358166E+00
 1.7500    4.9471762E-02    1.9038965E+00   -1.9038965E+00
 1.7600    4.8101307E-02    1.8723717E+00   -1.8723717E+00
 1.7700    4.6768630E-02    1.8412427E+00   -1.8412427E+00
 1.7800    4.5472728E-02    1.8105098E+00   -1.8105098E+00
 1.7900    4.4212623E-02    1.7801730E+00   -1.7801730E+00
 1.8000    4.2987357E-02    1.7502320E+00   -1.7502320E+00
 1.8100    4.1795987E-02    1.7206859E+00   -1.7206859E+00
 1.8200    4.0637581E-02    1.6915331E+00   -1.6915331E+00
 1.8300    3.9511225E-02    1.6627714E+00   -1.6627714E+00
 1.8400    3.8416019E-02    1.6343982E+00   -1.6343982E+00
 1.8500    3.7351085E-02    1.6064105E+00   -1.6064105E+00
 1.8600    3.6315571E-02    1.5788055E+00   -1.5788055E+00
 1.8700    3.5308652E-02    1.5515801E+00   -1.5515801E+00
 1.8800    3.4329525E-02    1.5247315E+00   -1.5247315E+00
 1.8900    3.3377415E-02    1.4982565E+00   -1.4982565E+00
 1.9000    3.2451565E-02    1.4721522E+00   -1.4721522E+00
 1.9100    3.1551241E-02    1.4464154E+00   -1.4464154E+00
 1.9200    3.0675734E-02    1.4210432E+00   -1.4210432E+00
 1.9300    2.9824350E-02    1.3960323E+00   -1.3960323E+00
 1.9400    2.8996421E-02    1.3713797E+00   -1.3713797E+00
 1.9500    2.8191292E-02    1.3470821E+00   -1.3470821E+00
 1.9600    2.7408330E-02    1.3231363E+00   -1.3231363E+00
 1.9700    2.6646920E-02    1.2995390E+00   -1.2995390E+00
 1.9800    2.5906467E-02    1.2762873E+00   -1.2762873E+00
 1.9900    2.5186395E-02    1.2533779E+00   -1.2533779E+00
 2.0000    2.4486145E-02    1.2308079E+00   -1.2308079E+00
 2.0100    2.3805177E-02    1.2085744E+00   -1.2085744E+00
 2.0200    2.3142969E-02    1.1866747E+00   -1.1866747E+00
 2.0300    2.2499020E-02    1.1651063E+00   -1.1651063E+00
 2.0400    2.1872843E-02    1.1438668E+00   -1.1438668E+00
 2.0500    2.1263971E-02    1.1229540E+00   -1.1229540E+00
 2.0600    2.0671947E-02    1.1023657E+00   -1.1023657E+00
 2.0700    2.0096327E-02    1.0820996E+00   -1.0820996E+00
 2.0800    1.9536678E-02    1.0621534E+00   -1.0621534E+00
 2.0900    1.8992581E-02    1.0425248E+00   -1.0425248E+00
 2.1000    1.8463626E-02    1.0232116E+00   -1.0232116E+00
 2.1100    1.7949419E-02    1.0042114E+00   -1.0042114E+00
 2.1200    1.7449574E-02    9.8552222E-01   -9.8552222E-01
 2.1300    1.6963714E-02    9.6714150E-01   -9.6714150E-01
 2.1400    1.6491468E-02    9.4906666E-01   -9.4906666E-01
 2.1500    1.6032469E-02    9.3129481E-01   -9.3129481E-01
 2.1600    1.5586358E-02    9.1382283E-01   -9.1382283E-01
 2.1700    1.5152780E-02    8.9664730E-01   -8.9664730E-01
 2.1800    1.4731387E-02    8.7976459E-01   -8.7976459E-01
 2.1900    1.4321837E-02    8.6317097E-01   -8.6317097E-01
 2.2000    1.3923803E-02    8.4686285E-01   -8.4686285E-01
 2.2100    1.3536966E-02    8.3083687E-01   -8.3083687E-01
 2.2200    1.3161025E-02    8.1508990E-01   -8.1508990E-01
 2.2300    1.2795683E-02    7.9961891E-01   -7.9961891E-01
 2.2400    1.2440653E-02    7.8442075E-01   -7.8442075E-01
 2.2500    1.2095650E-02    7.6949198E-01   -7.6949198E-01
 2.2600    1.1760392E-02    7.5482893E-01   -7.5482893E-01
 2.2700    1.1434602E-02    7.4042763E-01   -7.4042763E-01
 2.2800    1.1118006E-02    7.2628397E-01   -7.2628397E-01
 2.2900    1.0810337E-02    7.1239367E-01   -7.1239367E-01
 2.3000    1.0511332E-02    6.9875236E-01   -6.9875236E-01
 2.3100    1.0220734E-02    6.8535552E-01   -6.8535552E-01
 2.3200    9.9382926E-03    6.7219861E-01   -6.7219861E-01
 2.3300    9.6637637E-03    6.5927713E-01   -6.5927713E-01
 2.3400    9.3969134E-03    6.4658675E-01   -6.4658675E-01
 2.3500    9.1375186E-03    6.3412352E-01   -6.3412352E-01
 2.3600    8.8853683E-03    6.2188388E-01   -6.2188388E-01
 2.3700    8.6402623E-03    6.0986468E-01   -6.0986468E-01
 2.3800    8.4020076E-03    5.9806288E-01   -5.9806288E-01
 2.3900    8.1704127E-03    5.8647521E-01   -5.8647521E-01
 2.4000    7.9452854E-03    5.7509799E-01   -5.7509799E-01
 2.4100    7.7264329E-03    5.6392713E-01   -5.6392713E-01
 2.4200    7.5136670E-03    5.5295850E-01   -5.5295850E-01
 2.4300    7.3068085E-03    5.4218829E-01   -5.4218829E-01
 2.4400    7.1056888E-03    5.3161313E-01   -5.3161313E-01
 2.4500    6.9101485E-03    5.2123001E-01   -5.2123001E-01
 2.4600    6.7200343E-03    5.1103608E-01   -5.1103608E-01
 2.4700    6.5351975E-03    5.0102856E-01   -5.0102856E-01
 2.4800    6.3554937E-03    4.9120470E-01   -4.9120470E-01
 2.4900    6.1807826E-03    4.8156180E-01   -4.8156180E-01
 2.5000    6.0109273E-03    4.7209712E-01   -4.7209712E-01
 2.5100    5.8457918E-03    4.6280778E-01   -4.6280778E-01
 2.5200    5.6852414E-03    4.5369067E-01   -4.5369067E-01
 2.5300    5.5291444E-03    4.4474271E-01   -4.4474271E-01
 2.5400    5.3773758E-03    4.3596105E-01   -4.3596105E-01
 2.5500    5.2298191E-03    4.2734329E-01   -4.2734329E-01
 2.5600    5.0863657E-03    4.1888748E-01   -4.1888748E-01
 2.5700    4.9469110E-03    4.1059174E-01   -4.1059174E-01
 2.5800    4.8113495E-03    4.0245394E-01   -4.0245394E-01
 2.5900    4.6795732E-03    3.9447151E-01   -3.9447151E-01
 2.6000    4.5514733E-03    3.8664158E-01   -3.8664158E-01
 2.6100    4.4269444E-03    3.7896138E-01   -3.7896138E-01
 2.6200    4.3058872E-03    3.7142839E-01   -3.7142839E-01
 2.6300    4.1882068E-03    3.6404031E-01   -3.6404031E-01
 2.6400    4.0738090E-03    3.5679469E-01   -3.5679469E-01
 2.6500    3.9625983E-03    3.4968875E-01   -3.4968875E-01
 2.6600    3.8544799E-03    3.4271958E-01   -3.4271958E-01
 2.6700    3.7493653E-03    3.3588464E-01   -3.3588464E-01
 2.6800    3.6471755E-03    3.2918202E-01   -3.2918202E-01
 2.6900    3.5478389E-03    3.2261036E-01   -3.2261036E-01
 2.7000    3.4512855E-03    3.1616827E-01   -3.1616827E-01
 2.7100    3.3574411E-03    3.0985381E-01   -3.0985381E-01
 2.7200    3.2662261E-03    3.0366442E-01   -3.0366442E-01
 2.7300    3.1775586E-03    2.9759712E-01   -2.9759712E-01
 2.7400    3.0913593E-03    2.9164899E-01   -2.9164899E-01
 2.7500    3.0075536E-03    2.8581738E-01   -2.8581738E-01
 2.7600    2.9260712E-03    2.8009988E-01   -2.8009988E-01
 2.7700    2.8468430E-03    2.7449404E-01   -2.7449404E-01
 2.7800    2.7698006E-03    2.6899733E-01   -2.6899733E-01
 2.7900    2.6948777E-03    2.6360724E-01   -2.6360724E-01
 2.8000    2.6220127E-03    2.5832159E-01   -2.5832159E-01
 2.8100    2.5511501E-03    2.5313868E-01   -2.5313868E-01
 2.8200    2.4822396E-03    2.4805717E-01   -2.4805717E-01
 2.8300    2.4152326E-03    2.4307578E-01   -2.4307578E-01
 2.8400    2.3500789E-03    2.3819299E-01   -2.3819299E-01
 2.8500    2.2867241E-03    2.3340672E-01   -2.3340672E-01
 2.8600    2.2251090E-03    2.2871425E-01   -2.2871425E-01
 2.8700    2.1651713E-03    2.2411241E-01   -2.2411241E-01
 2.8800    2.1068500E-03    2.1959804E-01   -2.1959804E-01
 2.8900    2.0500919E-03    2.1516860E-01   -2.1516860E-01
 2.9000    1.9948554E-03    2.1082266E-01   -2.1082266E-01
 2.9100    1.9411092E-03    2.0655981E-01   -2.0655981E-01
 2.9200    1.8888255E-03    2.0237991E-01   -2.0237991E-01
 2.9300    1.8379706E-03    1.9828217E-01   -1.9828217E-01
 2.9400    1.7885013E-03    1.9426465E-01   -1.9426465E-01
 2.9500    1.7403678E-03    1.9032460E-01   -1.9032460E-01
 2.9600    1.6935231E-03    1.8645945E-01   -1.8645945E-01
 2.9700    1.6479310E-03    1.8266771E-01   -1.8266771E-01
 2.9800    1.6035667E-03    1.7894906E-01   -1.7894906E-01
 2.9900    1.5604103E-03    1.7530369E-01   -1.7530369E-01
 3.0000    1.5184378E-03    1.7173127E-01   -1.7173127E-01
 3.0100    1.4776174E-03    1.6823055E-01   -1.6823055E-01
 3.0200    1.4379128E-03    1.6479966E-01   -1.6479966E-01
 3.0300    1.3992891E-03    1.6143681E-01   -1.6143681E-01
 3.0400    1.3617170E-03    1.5814078E-01   -1.5814078E-01
 3.0500    1.3251712E-03    1.5491074E-01   -1.5491074E-01
 3.0600    1.2896265E-03    1.5174580E-01   -1.5174580E-01
 3.0700    1.2550549E-03    1.4864466E-01   -1.4864466E-01
 3.0800    1.2214258E-03    1.4560571E-01   -1.4560571E-01
 3.0900    1.1887104E-03    1.4262737E-01   -1.4262737E-01
 3.1000    1.1568837E-03    1.3970854E-01   -1.3970854E-01
 3.1100    1.1259253E-03    1.3684855E-01   -1.3684855E-01
 3.1200    1.0958159E-03    1.3404686E-01   -1.3404686E-01
 3.1300    1.0665343E-03    1.3130262E-01   -1.3130262E-01
 3.1400    1.0380557E-03    1.2861447E-01   -1.2861447E-01
 3.1500    1.0103529E-03    1.2598072E-01   -1.2598072E-01
 3.1600    9.8339926E-04    1.2339964E-01   -1.2339964E-01
 3.1700    9.5717135E-04    1.2086988E-01   -1.2086988E-01
 3.1800    9.3165034E-04    1.1839055E-01   -1.1839055E-01
 3.1900    9.0682095E-04    1.1596122E-01   -1.1596122E-01
 3.2000    8.8266891E-04    1.1358151E-01   -1.1358151E-01
 3.2100    8.5917815E-04    1.1125080E-01   -1.1125080E-01
 3.2200    8.3632940E-04    1.0896800E-01   -1.0896800E-01
 3.2300    8.1410090E-04    1.0673163E-01   -1.0673163E-01
 3.2400    7.9247066E-04    1.0454014E-01   -1.0454014E-01
 3.2500    7.7141885E-04    1.0239219E-01   -1.0239219E-01
 3.2600    7.5092931E-04    1.0028688E-01   -1.0028688E-01
 3.2700    7.3098916E-04    9.8223703E-02   -9.8223703E-02
 3.2800    7.1158622E-04    9.6202217E-02   -9.6202217E-02
 3.2900    6.9270553E-04    9.4221566E-02   -9.4221566E-02
 3.3000    6.7432762E-04    9.2280235E-02   -9.2280235E-02
 3.3100    6.5643066E-04    9.0376331E-02   -9.0376331E-02
 3.3200    6.3899563E-04    8.8508283E-02   -8.8508283E-02
 3.3300    6.2201052E-04    8.6675441E-02   -8.6675441E-02
 3.3400    6.0547015E-04    8.4878078E-02   -8.4878078E-02
 3.3500    5.8937165E-04    8.3116782E-02   -8.3116782E-02
 3.3600    5.7370900E-04    8.1391694E-02   -8.1391694E-02
 3.3700    5.5847101E-04    7.9702199E-02   -7.9702199E-02
 3.3800    5.4364356E-04    7.8047233E-02   -7.8047233E-02
 3.3900    5.2921348E-04    7.6425829E-02   -7.6425829E-02
 3.4000    5.1517030E-04    7.4837370E-02   -7.4837370E-02
 3.4100    5.0150461E-04    7.3281365E-02   -7.3281365E-02
 3.4200    4.8820525E-04    7.1757041E-02   -7.1757041E-02
 3.4300    4.7525850E-04    7.0263212E-02   -7.0263212E-02
 3.4400    4.6265018E-04    6.8798582E-02   -6.8798582E-02
 3.4500    4.5036880E-04    6.7362213E-02   -6.7362213E-02
 3.4600    4.3840687E-04    6.5953738E-02   -6.5953738E-02
 3.4700    4.2675962E-04    6.4573173E-02   -6.4573173E-02
 3.4800    4.1542238E-04    6.3220546E-02   -6.3220546E-02
 3.4900    4.0438900E-04    6.1895640E-02   -6.1895640E-02
 3.5000    3.9365197E-04    6.0598013E-02   -6.0598013E-02
 3.5100    3.8320362E-04    5.9327180E-02   -5.9327180E-02
 3.5200    3.7303748E-04    5.8082816E-02   -5.8082816E-02
 3.5300    3.6314874E-04    5.6864840E-02   -5.6864840E-02
 3.5400    3.5353341E-04    5.5673285E-02   -5.5673285E-02
 3.5500    3.4418617E-04    5.4507968E-02   -5.4507968E-02
 3.5600    3.3509823E-04    5.3368131E-02   -5.3368131E-02
 3.5700    3.2625675E-04    5.2252347E-02   -5.2252347E-02
 3.5800    3.1764706E-04    5.1158848E-02   -5.1158848E-02
 3.5900    3.0925629E-04    5.0086110E-02   -5.0086110E-02
 3.6000    3.0107635E-04    4.9033344E-02   -4.9033344E-02
 3.6100    2.9310418E-04    4.8000558E-02   -4.8000558E-02
 3.6200    2.8533968E-04    4.6988239E-02   -4.6988239E-02
 3.6300    2.7778303E-04    4.5996928E-02   -4.5996928E-02
 3.6400    2.7043309E-04    4.5026943E-02   -4.5026943E-02
 3.6500    2.6328722E-04    4.4078355E-02   -4.4078355E-02
 3.6600    2.5634201E-04    4.3151095E-02   -4.3151095E-02
 3.6700    2.4959350E-04    4.2244995E-02   -4.2244995E-02
 3.6800    2.4303627E-04    4.1359625E-02   -4.1359625E-02
 3.6900    2.3666154E-04    4.0493963E-02   -4.0493963E-02
 3.7000    2.3045626E-04    3.9646223E-02   -3.9646223E-02
 3.7100    2.2440503E-04    3.8814168E-02   -3.8814168E-02
 3.7200    2.1849505E-04    3.7995953E-02   -3.7995953E-02
 3.7300    2.1272091E-04    3.7190988E-02   -3.7190988E-02
 3.7400    2.0708582E-04    3.6400172E-02   -3.6400172E-02
 3.7500    2.0159756E-04    3.5625230E-02   -3.5625230E-02
 3.7600    1.9626214E-04    3.4867602E-02   -3.4867602E-02
 3.7700    1.9107937E-04    3.4127648E-02   -3.4127648E-02
 3.7800    1.8604287E-04    3.3404616E-02   -3.3404616E-02
 3.7900    1.8114336E-04    3.2697210E-02   -3.2697210E-02
 3.8000    1.7637230E-04    3.2004234E-02   -3.2004234E-02
 3.8100    1.7172357E-04    3.1324903E-02   -3.1324903E-02
 3.8200    1.6719317E-04    3.0658798E-02   -3.0658798E-02
 3.8300    1.6277833E-04    3.0005716E-02   -3.0005716E-02
 3.8400    1.5847722E-04    2.9365619E-02   -2.9365619E-02
 3.8500    1.5428912E-04    2.8738668E-02   -2.8738668E-02
 3.8600    1.5021407E-04    2.8125165E-02   -2.8125165E-02
 3.8700    1.4625158E-04    2.7525319E-02   -2.7525319E-02
 3.8800    1.4239908E-04    2.6938940E-02   -2.6938940E-02
 3.8900    1.3865140E-04    2.6365336E-02   -2.6365336E-02
 3.9000    1.3500196E-04    2.5803532E-02   -2.5803532E-02
 3.9100    1.3144501E-04    2.5252681E-02   -2.5252681E-02
 3.9200    1.2797712E-04    2.4712367E-02   -2.4712367E-02
 3.9300    1.2459714E-04    2.4182603E-02   -2.4182603E-02
 3.9400    1.2130504E-04    2.3663619E-02   -2.3663619E-02
 3.9500    1.1810105E-04    2.3155696E-02   -2.3155696E-02
 3.9600    1.1498545E-04    2.2659125E-02   -2.2659125E-02
 3.9700    1.1195863E-04    2.2174226E-02   -2.2174226E-02
 3.9800    1.0902062E-04    2.1701245E-02   -2.1701245E-02
 3.9900    1.0617008E-04    2.1240161E-02   -2.1240161E-02
 4.0000    1.0340359E-04    2.0790525E-02   -2.0790525E-02
 4.0100    1.0071585E-04    2.0351500E-02   -2.0351500E-02
 4.0200    9.8100579E-05    1.9922028E-02   -1.9922028E-02
 4.0300    9.5551429E-05    1.9501012E-02   -1.9501012E-02
 4.0400    9.3062735E-05    1.9087472E-02   -1.9087472E-02
 4.0500    9.0630362E-05    1.8680721E-02   -1.8680721E-02
 4.0600    8.8252510E-05    1.8280539E-02   -1.8280539E-02
 4.0700    8.5929693E-05    1.7887183E-02   -1.7887183E-02
 4.0800    8.3663442E-05    1.7501123E-02   -1.7501123E-02
 4.0900    8.1454600E-05    1.7122694E-02   -1.7122694E-02
 4.1000    7.9302645E-05    1.6751946E-02   -1.6751946E-02
 4.1100    7.7206507E-05    1.6388810E-02   -1.6388810E-02
 4.1200    7.5165787E-05    1.6033359E-02   -1.6033359E-02
 4.1300    7.3181058E-05    1.5685871E-02   -1.5685871E-02
 4.1400    7.1252998E-05    1.5346654E-02   -1.5346654E-02
 4.1500    6.9381265E-05    1.5015793E-02   -1.5015793E-02
 4.1600    6.7564119E-05    1.4693073E-02   -1.4693073E-02
 4.1700    6.5799040E-05    1.4378101E-02   -1.4378101E-02
 4.1800    6.4083621E-05    1.4070498E-02   -1.4070498E-02
 4.1900    6.2415772E-05    1.3769947E-02   -1.3769947E-02
 4.2000    6.0793049E-05    1.3476042E-02   -1.3476042E-02
 4.2100    5.9212121E-05    1.3188174E-02   -1.3188174E-02
 4.2200    5.7669437E-05    1.2905668E-02   -1.2905668E-02
 4.2300    5.6162716E-05    1.2628120E-02   -1.2628120E-02
 4.2400    5.4691724E-05    1.2355582E-02   -1.2355582E-02
 4.2500    5.3257430E-05    1.2088375E-02   -1.2088375E-02
 4.2600    5.1860404E-05    1.1826738E-02   -1.1826738E-02
 4.2700    5.0499912E-05    1.1570610E-02   -1.1570610E-02
 4.2800    4.9174160E-05    1.1319685E-02   -1.1319685E-02
 4.2900    4.7881089E-05    1.1073591E-02   -1.1073591E-02
 4.3000    4.6619137E-05    1.0832059E-02   -1.0832059E-02
 4.3100    4.5387928E-05    1.0595093E-02   -1.0595093E-02
 4.3200    4.4188805E-05    1.0363098E-02   -1.0363098E-02
 4.3300    4.3024779E-05    1.0136880E-02   -1.0136880E-02
 4.3400    4.1899278E-05    9.9173551E-03   -9.9173551E-03
 4.3500    4.0813761E-05    9.7049878E-03   -9.7049878E-03
 4.3600    3.9765528E-05    9.4992562E-03   -9.4992562E-03
 4.3700    3.8747730E-05    9.2986308E-03   -9.2986308E-03
 4.3800    3.7752297E-05    9.1012588E-03   -9.1012588E-03
 4.3900    3.6773929E-05    8.9059230E-03   -8.9059230E-03
 4.4000    3.5811996E-05    8.7125192E-03   -8.7125192E-03
 4.4100    3.4869074E-05    8.5217238E-03   -8.5217238E-03
 4.4200    3.3947956E-05    8.3342789E-03   -8.3342789E-03
 4.4300    3.3049939E-05    8.1505701E-03   -8.1505701E-03
 4.4400    3.2175187E-05    7.9707078E-03   -7.9707078E-03
 4.4500    3.1323730E-05    7.7947710E-03   -7.7947710E-03
 4.4600    3.0495625E-05    7.6228455E-03   -7.6228455E-03
 4.4700    2.9690388E-05    7.4548821E-03   -7.4548821E-03
 4.4800    2.8906861E-05    7.2906597E-03   -7.2906597E-03
 4.4900    2.8143948E-05    7.1299678E-03   -7.1299678E-03
 4.5000    2.7401449E-05    6.9728195E-03   -6.9728195E-03
 4.5100    2.6680036E-05    6.8194503E-03   -6.8194503E-03
 4.5200    2.5980422E-05    6.6701091E-03   -6.6701091E-03
 4.5300    2.5302588E-05    6.5248603E-03   -6.5248603E-03
 4.5400    2.4645714E-05    6.3835605E-03   -6.3835605E-03
 4.5500    2.4008593E-05    6.2459625E-03   -6.2459625E-03
 4.5600    2.3389950E-05    6.1117960E-03   -6.1117960E-03
 4.5700    2.2788459E-05    5.9807718E-03   -5.9807718E-03
 4.5800    2.2202748E-05    5.8525826E-03   -5.8525826E-03
 4.5900    2.1631676E-05    5.7269765E-03   -5.7269765E-03
 4.6000    2.1074724E-05    5.6038619E-03   -5.6038619E-03
 4.6100    2.0532053E-05    5.4833263E-03   -5.4833263E-03
 4.6200    2.0003993E-05    5.3655039E-03   -5.3655039E-03
 4.6300    1.9490296E-05    5.2503746E-03   -5.2503746E-03
 4.6400    1.8989758E-05    5.1376588E-03   -5.1376588E-03
 4.6500    1.8500549E-05    5.0269016E-03   -5.0269016E-03
 4.6600    1.8021009E-05    4.9176860E-03   -4.9176860E-03
 4.6700    1.7550347E-05    4.8098255E-03   -4.8098255E-03
 4.6800    1.7088822E-05    4.7034193E-03   -4.7034193E-03
 4.6900    1.6637393E-05    4.5987609E-03   -4.5987609E-03
 4.7000    1.6197140E-05    4.4961824E-03   -4.4961824E-03
 4.7100    1.5768868E-05    4.3959445E-03   -4.3959445E-03
 4.7200    1.5353082E-05    4.2982278E-03   -4.2982278E-03
 4.7300    1.4950190E-05    4.2031884E-03   -4.2031884E-03
 4.7400    1.4560641E-05    4.1109958E-03   -4.1109958E-03
 4.7500    1.4184820E-05    4.0218040E-03   -4.0218040E-03
 4.7600    1.3822697E-05    3.9356508E-03   -3.9356508E-03
 4.7700    1.3473336E-05    3.8523148E-03   -3.8523148E-03
 4.7800    1.3134598E-05    3.7712250E-03   -3.7712250E-03
 4.7900    1.2803567E-05    3.6915765E-03   -3.6915765E-03
 4.8000    1.2477894E-05    3.6127145E-03   -3.6127145E-03
 4.8100    1.2157336E-05    3.5345849E-03   -3.5345849E-03
 4.8200    1.1844247E-05    3.4578918E-03   -3.4578918E-03
 4.8300    1.1542482E-05    3.3837893E-03   -3.3837893E-03
 4.8400    1.1255460E-05    3.3133235E-03   -3.3133235E-03
 4.8500    1.0984675E-05    3.2469871E-03   -3.2469871E-03
 4.8600    1.0729071E-05    3.1845239E-03   -3.1845239E-03
 4.8700    1.0484846E-05    3.1248547E-03   -3.1248547E-03
 4.8800    1.0245581E-05    3.0660986E-03   -3.0660986E-03
 4.8900    1.0003561E-05    3.0059531E-03   -3.0059531E-03
 4.9000    9.7528104E-06    2.9426039E-03   -2.9426039E-03
 4.9100    9.4923933E-06    2.8757331E-03   -2.8757331E-03
 4.9200    9.2272044E-06    2.8067919E-03   -2.8067919E-03
 4.9300    8.9652302E-06    2.7381999E-03   -2.7381999E-03
 4.9400    8.7135126E-06    2.6721266E-03   -2.6721266E-03
 4.9500    8.4761119E-06    2.6098584E-03   -2.6098584E-03
 4.9600    8.2548811E-06    2.5520198E-03   -2.5520198E-03
 4.9700    8.0507310E-06    2.4989523E-03   -2.4989523E-03
 4.9800    7.8629245E-06    2.4504884E-03   -2.4504884E-03
 4.9900    7.6869066E-06    2.4052629E-03   -2.4052629E-03
 5.0000    7.5138168E-06    2.3605352E-03   -2.3605352E-03
 5.0100    7.3338535E-06    2.3132232E-03   -2.3132232E-03
 5.0200    7.1417557E-06    2.2616338E-03   -2.2616338E-03
 5.0300    6.9400495E-06    2.2065227E-03   -2.2065227E-03
 5.0400    6.7373811E-06    2.1506119E-03   -2.1506119E-03
 5.0500    6.5434231E-06    2.0969961E-03   -2.0969961E-03
 5.0600    6.3641336E-06    2.0476239E-03   -2.0476239E-03
 5.0700    6.1999024E-06    2.0026757E-03   -2.0026757E-03
 5.0800    6.0465587E-06    1.9608554E-03   -1.9608554E-03
 5.0900    5.8979115E-06    1.9201877E-03   -1.9201877E-03
 5.1000    5.7486305E-06    1.8789474E-03   -1.8789474E-03
 5.1100    5.5965885E-06    1.8364328E-03   -1.8364328E-03
 5.1200    5.4437776E-06    1.7932885E-03   -1.7932885E-03
 5.1300    5.2951824E-06    1.7511588E-03   -1.7511588E-03
 5.1400    5.1560243E-06    1.7117922E-03   -1.7117922E-03
 5.1500    5.0289549E-06    1.6761082E-03   -1.6761082E-03
 5.1600    4.9128774E-06    1.6437857E-03   -1.6437857E-03
 5.1700    4.8038413E-06    1.6135395E-03   -1.6135395E-03
 5.1800    4.6970214E-06    1.5837693E-03   -1.5837693E-03
 5.1900    4.5884432E-06    1.5531376E-03   -1.5531376E-03
 5.2000    4.4758638E-06    1.5208746E-03   -1.5208746E-03
 5.2100    4.3589994E-06    1.4868670E-03   -1.4868670E-03
 5.2200    4.2393685E-06    1.4516170E-03   -1.4516170E-03
 5.2300    4.1197459E-06    1.4160666E-03   -1.4160666E-03
 5.2400    4.0032335E-06    1.3812852E-03   -1.3812852E-03
 5.2500    3.8922845E-06    1.3481340E-03   -1.3481340E-03
 5.2600    3.7881374E-06    1.3170646E-03   -1.3170646E-03
 5.2700    3.6907768E-06    1.2880979E-03   -1.2880979E-03
 5.2800    3.5991435E-06    1.2608890E-03   -1.2608890E-03
 5.2900    3.5113591E-06    1.2347995E-03   -1.2347995E-03
 5.3000    3.4250978E-06    1.2090231E-03   -1.2090231E-03
 5.3100    3.3383306E-06    1.1828461E-03   -1.1828461E-03
 5.3200    3.2502469E-06    1.1559778E-03   -1.1559778E-03
 5.3300    3.1616992E-06    1.1287164E-03   -1.1287164E-03
 5.3400    3.0746905E-06    1.1017772E-03   -1.1017772E-03
 5.3500    2.9911918E-06    1.0758747E-03   -1.0758747E-03
 5.3600    2.9121352E-06    1.0513589E-03   -1.0513589E-03
 5.3700    2.8372106E-06    1.0281347E-03   -1.0281347E-03
 5.3800    2.7653845E-06    1.0058424E-03   -1.0058424E-03
 5.3900    2.6956235E-06    9.8411677E-04   -9.8411677E-04
 5.4000    2.6274100E-06    9.6277594E-04   -9.6277594E-04
 5.4100    2.5609298E-06    9.4189407E-04   -9.4189407E-04
 5.4200    2.4969072E-06    9.2174510E-04   -9.2174510E-04
 5.4300    2.4360944E-06    9.0261727E-04   -9.0261727E-04
 5.4400    2.3786489E-06    8.8458180E-04   -8.8458180E-04
 5.4500    2.3238732E-06    8.6739176E-04   -8.6739176E-04
 5.4600    2.2705999E-06    8.5062036E-04   -8.5062036E-04
 5.4700    2.2179374E-06    8.3393807E-04   -8.3393807E-04
 5.4800    2.1657614E-06    8.1730019E-04   -8.1730019E-04
 5.4900    2.1146225E-06    8.0091681E-04   -8.0091681E-04
 5.5000    2.0652923E-06    7.8508515E-04   -7.8508515E-04
 5.5100    2.0184112E-06    7.7005670E-04   -7.7005670E-04
 5.5200    1.9744562E-06    7.5602389E-04   -7.5602389E-04
 5.5300    1.9338589E-06    7.4316444E-04   -7.4316444E-04
 5.5400    1.8969762E-06    7.3162961E-04   -7.3162961E-04
 5.5500    1.8638103E-06    7.2143553E-04   -7.2143553E-04
 5.5600    1.8336690E-06    7.1232863E-04   -7.1232863E-04
 5.5700    1.8050795E-06    7.0374707E-04   -7.0374707E-04
 5.5800    1.7761434E-06    6.9495439E-04   -6.9495439E-04
 5.5900    1.7452297E-06    6.8530842E-04   -6.8530842E-04
 5.6000    1.7115998E-06    6.7450962E-04   -6.7450962E-04
 5.6100    1.6754805E-06    6.6263589E-04   -6.6263589E-04
 5.6200    1.6374382E-06    6.4990131E-04   -6.4990131E-04
 5.6300    1.5975483E-06    6.3632745E-04   -6.3632745E-04
 5.6400    1.5551760E-06    6.2165240E-04   -6.2165240E-04
 5.6500    1.5097002E-06    6.0561619E-04   -6.0561619E-04
 5.6600    1.4615991E-06    5.8839773E-04   -5.8839773E-04
 5.6700    1.4129437E-06    5.7082218E-04   -5.7082218E-04
 5.6800    1.3668894E-06    5.5416606E-04   -5.5416606E-04
 5.6900    1.3265618E-06    5.3971176E-04   -5.3971176E-04
 5.7000    1.2940854E-06    5.2835098E-04   -5.2835098E-04
 5.7100    1.2703262E-06    5.2047197E-04   -5.2047197E-04
 5.7200    1.2554235E-06    5.1616932E-04   -5.1616932E-04
 5.7300    1.2495036E-06    5.1553319E-04   -5.1553319E-04
 5.7400    1.2524879E-06    5.1856977E-04   -5.1856977E-04
 5.7500    1.2624278E-06    5.2450800E-04   -5.2450800E-04
 5.7600    1.2734932E-06    5.3094737E-04   -5.3094737E-04
 5.7700    1.2761661E-06    5.3391079E-04   -5.3391079E-04
 5.7800    1.2612008E-06    5.2948026E-04   -5.2948026E-04
 5.7900    1.2254361E-06    5.1624715E-04   -5.1624715E-04
 5.8000    1.1748423E-06    4.9664427E-04   -4.9664427E-04
 5.8100    1.1217285E-06    4.7582787E-04   -4.7582787E-04
 5.8200    1.0779035E-06    4.5881300E-04   -4.5881300E-04
 5.8300    1.0488787E-06    4.4799406E-04   -4.4799406E-04
 5.8400    1.0327526E-06    4.4262084E-04   -4.4262084E-04
 5.8500    1.0232784E-06    4.4006355E-04   -4.4006355E-04
 5.8600    1.0139996E-06    4.3756529E-04   -4.3756529E-04
 5.8700    1.0008131E-06    4.3335023E-04   -4.3335023E-04
 5.8800    9.8234371E-07    4.2680351E-04   -4.2680351E-04
 5.8900    9.5911021E-07    4.1812773E-04   -4.1812773E-04
 5.9000    9.3276819E-07    4.0802579E-04   -4.0802579E-04
 5.9100    9.0582536E-07    3.9758437E-04   -3.9758437E-04
 5.9200    8.8111504E-07    3.8804839E-04   -3.8804839E-04
 5.9300    8.6038058E-07    3.8019802E-04   -3.8019802E-04
 5.9400    8.4272114E-07    3.7365142E-04   -3.7365142E-04
 5.9500    8.2461487E-07    3.6685543E-04   -3.6685543E-04
 5.9600    8.0214518E-07    3.5805963E-04   -3.5805963E-04
 5.9700    7.7381454E-07    3.4657355E-04   -3.4657355E-04
 5.9800    7.4153926E-07    3.3323175E-04   -3.3323175E-04
 5.9900    7.0912981E-07    3.1973432E-04   -3.1973432E-04
 6.0000    6.7988581E-07    3.0757310E-04   -3.0757310E-04
 6.0100    6.5538841E-07    2.9747986E-04   -2.9747986E-04
 6.0200    6.3600768E-07    2.8964445E-04   -2.8964445E-04
 6.0300    6.2204501E-07    2.8422763E-04   -2.8422763E-04
 6.0400    6.1431360E-07    2.8162673E-04   -2.8162673E-04
 6.0500    6.1391249E-07    2.8237554E-04   -2.8237554E-04
 6.0600    6.2163268E-07    2.8687252E-04   -2.8687252E-04
 6.0700    6.3724995E-07    2.9505098E-04   -2.9505098E-04
 6.0800    6.5856111E-07    3.0592369E-04   -3.0592369E-04
 6.0900    6.8040548E-07    3.1711169E-04   -3.1711169E-04
 6.1000    6.9489132E-07    3.2492746E-04   -3.2492746E-04
 6.1100    6.9398454E-07    3.2556828E-04   -3.2556828E-04
 6.1200    6.7358747E-07    3.1703464E-04   -3.1703464E-04
 6.1300    6.3610643E-07    3.0037280E-04   -3.0037280E-04
 6.1400    5.8915063E-07    2.7910843E-04   -2.7910843E-04
 6.1500    5.4129216E-07    2.5727159E-04   -2.5727159E-04
 6.1600    4.9826742E-07    2.3759308E-04   -2.3759308E-04
 6.1700    4.6206966E-07    2.2104854E-04   -2.2104854E-04
 6.1800    4.3245541E-07    2.0755259E-04   -2.0755259E-04
 6.1900    4.0870518E-07    1.9678922E-04   -1.9678922E-04
 6.2000    3.9027001E-07    1.8852043E-04   -1.8852043E-04
 6.2100    3.7660537E-07    1.8250702E-04   -1.8250702E-04
 6.2200    3.6707076E-07    1.7845981E-04   -1.7845981E-04
 6.2300    3.6110342E-07    1.7612360E-04   -1.7612360E-04
 6.2400    3.5822384E-07    1.7528047E-04   -1.7528047E-04
 6.2500    3.5763903E-07    1.7555565E-04   -1.7555565E-04
 6.2600    3.5784382E-07    1.7621872E-04   -1.7621872E-04
 6.2700    3.5679633E-07    1.7626469E-04   -1.7626469E-04
 6.2800    3.5272372E-07    1.7480901E-04   -1.7480901E-04
 6.2900    3.4496725E-07    1.7150983E-04   -1.7150983E-04
 6.3000    3.3418872E-07    1.6667972E-04   -1.6667972E-04
 6.3100    3.2183579E-07    1.6102856E-04   -1.6102856E-04
 6.3200    3.0940963E-07    1.5530228E-04   -1.5530228E-04
 6.3300    2.9811868E-07    1.5010891E-04   -1.5010891E-04
 6.3400    2.8895026E-07    1.4595248E-04   -1.4595248E-04
 6.3500    2.8273434E-07    1.4326361E-04   -1.4326361E-04
 6.3600    2.7989145E-07    1.4227013E-04   -1.4227013E-04
 6.3700    2.7998810E-07    1.4276715E-04   -1.4276715E-04
 6.3800    2.8146560E-07    1.4397151E-04   -1.4397151E-04
 6.3900    2.8184793E-07    1.4461936E-04   -1.4461936E-04
 6.4000    2.7851482E-07    1.4335674E-04   -1.4335674E-04
 6.4100    2.6979433E-07    1.3930245E-04   -1.3930245E-04
 6.4200    2.5579397E-07    1.3248607E-04   -1.3248607E-04
 6.4300    2.3840396E-07    1.2386405E-04   -1.2386405E-04
 6.4400    2.2043987E-07    1.1488723E-04   -1.1488723E-04
 6.4500    2.0451054E-07    1.0691656E-04   -1.0691656E-04
 6.4600    1.9228419E-07    1.0083667E-04   -1.0083667E-04
 6.4700    1.8435356E-07    9.6977271E-05   -9.6977271E-05
 6.4800    1.8042799E-07    9.5205883E-05   -9.5205883E-05
 6.4900    1.7953958E-07    9.5029724E-05   -9.5029724E-05
 6.5000    1.8021849E-07    9.5683253E-05   -9.5683253E-05
 6.5100    1.8077228E-07    9.6272814E-05   -9.6272814E-05
 6.5200    1.7971239E-07    9.6002616E-05   -9.6002616E-05
 6.5300    1.7617103E-07    9.4399720E-05   -9.4399720E-05
 6.5400    1.7009883E-07    9.1425363E-05   -9.1425363E-05
 6.5500    1.6217292E-07    8.7432079E-05   -8.7432079E-05
 6.5600    1.5350278E-07    8.3010644E-05   -8.3010644E-05
 6.5700    1.4526093E-07    7.8793323E-05   -7.8793323E-05
 6.5800    1.3833539E-07    7.5265326E-05   -7.5265326E-05
 6.5900    1.3310029E-07    7.2637298E-05   -7.2637298E-05
 6.6000    1.2939945E-07    7.0832110E-05   -7.0832110E-05
 6.6100    1.2674816E-07    6.9591219E-05   -6.9591219E-05
 6.6200    1.2462199E-07    6.8631033E-05   -6.8631033E-05
 6.6300    1.2266334E-07    6.7756616E-05   -6.7756616E-05
 6.6400    1.2073517E-07    6.6892868E-05   -6.6892868E-05
 6.6500    1.1887173E-07    6.6058961E-05   -6.6058961E-05
 6.6600    1.1720361E-07    6.5327992E-05   -6.5327992E-05
 6.6700    1.1588574E-07    6.4787547E-05   -6.4787547E-05
 6.6800    1.1501489E-07    6.4493634E-05   -6.4493634E-05
 6.6900    1.1453494E-07    6.4416943E-05   -6.4416943E-05
 6.7000    1.1417568E-07    6.4407001E-05   -6.4407001E-05
 6.7100    1.1349368E-07    6.4213538E-05   -6.4213538E-05
 6.7200    1.1203623E-07    6.3578004E-05   -6.3578004E-05
 6.7300    1.0955388E-07    6.2354492E-05   -6.2354492E-05
 6.7400    1.0613340E-07    6.0587321E-05   -6.0587321E-05
 6.7500    1.0216615E-07    5.8495767E-05   -5.8495767E-05
 6.7600    9.8172574E-08    5.6375893E-05   -5.6375893E-05
 6.7700    9.4589119E-08    5.4478906E-05   -5.4478906E-05
 6.7800    9.1634635E-08    5.2933292E-05   -5.2933292E-05
 6.7900    8.9310076E-08    5.1742794E-05   -5.1742794E-05
 6.8000    8.7493989E-08    5.0840043E-05   -5.0840043E-05
 6.8100    8.6047098E-08    5.0146464E-05   -5.0146464E-05
 6.8200    8.4866265E-08    4.9603658E-05   -4.9603658E-05
 6.8300    8.3888127E-08    4.9175838E-05   -4.9175838E-05
