# total charge: 7.000000 
# r(A)     rho (e/A^3)     4*pi*r^2*rho(e/A)  dip  
 0.0000    1.3590619E+00    0.0000000E+00    5.5851919E+01
 0.0100    1.3578789E+00    1.7063609E-03    5.5571650E+01
 0.0200    1.3563859E+00    6.8179392E-03    5.4739159E+01
 0.0300    1.3545224E+00    1.5319288E-02    5.3378975E+01
 0.0400    1.3522259E+00    2.7188115E-02    5.1530632E+01
 0.0500    1.3494299E+00    4.2393589E-02    4.9246752E+01
 0.0600    1.3460629E+00    6.0894449E-02    4.6590550E+01
 0.0700    1.3420552E+00    8.2637339E-02    4.3632913E+01
 0.0800    1.3373547E+00    1.0755645E-01    4.0449261E+01
 0.0900    1.3319428E+00    1.3557527E-01    3.7116360E+01
 0.1000    1.3258389E+00    1.6660983E-01    3.3709292E+01
 0.1100    1.3190909E+00    2.0057184E-01    3.0298733E+01
 0.1200    1.3117597E+00    2.3737043E-01    2.6948677E+01
 0.1300    1.3039059E+00    2.7691267E-01    2.3714690E+01
 0.1400    1.2955844E+00    3.1910355E-01    2.0642742E+01
 0.1500    1.2868438E+00    3.6384651E-01    1.7768617E+01
 0.1600    1.2777297E+00    4.1104447E-01    1.5117872E+01
 0.1700    1.2682867E+00    4.6060128E-01    1.2706270E+01
 0.1800    1.2585596E+00    5.1242305E-01    1.0540599E+01
 0.1900    1.2485926E+00    5.6641902E-01    8.6197950E+00
 0.2000    1.2384284E+00    6.2250200E-01    6.9362333E+00
 0.2100    1.2281074E+00    6.8058881E-01    5.4771146E+00
 0.2200    1.2176687E+00    7.4060115E-01    4.2258419E+00
 0.2300    1.2071506E+00    8.0246667E-01    3.1633186E+00
 0.2400    1.1965909E+00    8.6611995E-01    2.2691143E+00
 0.2500    1.1860263E+00    9.3150288E-01    1.5224592E+00
 0.2600    1.1754919E+00    9.9856466E-01    9.0305104E-01
 0.2700    1.1650205E+00    1.0672618E+00    3.9166907E-01
 0.2800    1.1546431E+00    1.1375583E+00   -2.9395113E-02
 0.2900    1.1443883E+00    1.2094259E+00   -3.7607136E-01
 0.3000    1.1342827E+00    1.2828435E+00   -6.6238476E-01
 0.3100    1.1243501E+00    1.3577969E+00   -9.0044220E-01
 0.3200    1.1146106E+00    1.4342769E+00   -1.1005046E+00
 0.3300    1.1050811E+00    1.5122789E+00   -1.2711193E+00
 0.3400    1.0957748E+00    1.5918018E+00   -1.4192911E+00
 0.3500    1.0867019E+00    1.6728476E+00   -1.5506720E+00
 0.3600    1.0778702E+00    1.7554211E+00   -1.6697548E+00
 0.3700    1.0692844E+00    1.8395285E+00   -1.7800593E+00
 0.3800    1.0609463E+00    1.9251761E+00   -1.8843035E+00
 0.3900    1.0528547E+00    2.0123686E+00   -1.9845569E+00
 0.4000    1.0450057E+00    2.1011086E+00   -2.0823723E+00
 0.4100    1.0373924E+00    2.1913948E+00   -2.1788982E+00
 0.4200    1.0300057E+00    2.2832217E+00   -2.2749697E+00
 0.4300    1.0228340E+00    2.3765772E+00   -2.3711823E+00
 0.4400    1.0158629E+00    2.4714414E+00   -2.4679494E+00
 0.4500    1.0090758E+00    2.5677853E+00   -2.5655475E+00
 0.4600    1.0024541E+00    2.6655695E+00   -2.6641498E+00
 0.4700    9.9597696E-01    2.7647437E+00   -2.7638519E+00
 0.4800    9.8962222E-01    2.8652451E+00   -2.8646905E+00
 0.4900    9.8336616E-01    2.9669982E+00   -2.9666568E+00
 0.5000    9.7718389E-01    3.0699137E+00   -3.0697056E+00
 0.5100    9.7104952E-01    3.1738880E+00   -3.1737624E+00
 0.5200    9.6493648E-01    3.2788026E+00   -3.2787276E+00
 0.5300    9.5881778E-01    3.3845246E+00   -3.3844803E+00
 0.5400    9.5266631E-01    3.4909063E+00   -3.4908803E+00
 0.5500    9.4645511E-01    3.5977855E+00   -3.5977704E+00
 0.5600    9.4015756E-01    3.7049859E+00   -3.7049773E+00
 0.5700    9.3374755E-01    3.8123174E+00   -3.8123125E+00
 0.5800    9.2719963E-01    3.9195761E+00   -3.9195733E+00
 0.5900    9.2048933E-01    4.0265458E+00   -4.0265443E+00
 0.6000    9.1359335E-01    4.1329989E+00   -4.1329981E+00
 0.6100    9.0648966E-01    4.2386972E+00   -4.2386967E+00
 0.6200    8.9915753E-01    4.3433920E+00   -4.3433917E+00
 0.6300    8.9157758E-01    4.4468257E+00   -4.4468255E+00
 0.6400    8.8373214E-01    4.5487332E+00   -4.5487331E+00
 0.6500    8.7560560E-01    4.6488454E+00   -4.6488454E+00
 0.6600    8.6718485E-01    4.7468927E+00   -4.7468927E+00
 0.6700    8.5845944E-01    4.8426073E+00   -4.8426073E+00
 0.6800    8.4942157E-01    4.9357252E+00   -4.9357252E+00
 0.6900    8.4006585E-01    5.0259872E+00   -5.0259872E+00
 0.7000    8.3038906E-01    5.1131386E+00   -5.1131386E+00
 0.7100    8.2039002E-01    5.1969308E+00   -5.1969308E+00
 0.7200    8.1006964E-01    5.2771230E+00   -5.2771230E+00
 0.7300    7.9943105E-01    5.3534851E+00   -5.3534851E+00
 0.7400    7.8847972E-01    5.4258006E+00   -5.4258006E+00
 0.7500    7.7722348E-01    5.4938690E+00   -5.4938690E+00
 0.7600    7.6567240E-01    5.5575073E+00   -5.5575073E+00
 0.7700    7.5383878E-01    5.6165520E+00   -5.6165520E+00
 0.7800    7.4173694E-01    5.6708607E+00   -5.6708607E+00
 0.7900    7.2938324E-01    5.7203135E+00   -5.7203135E+00
 0.8000    7.1679581E-01    5.7648140E+00   -5.7648140E+00
 0.8100    7.0399437E-01    5.8042898E+00   -5.8042898E+00
 0.8200    6.9099998E-01    5.8386925E+00   -5.8386925E+00
 0.8300    6.7783477E-01    5.8679971E+00   -5.8679971E+00
 0.8400    6.6452175E-01    5.8922021E+00   -5.8922021E+00
 0.8500    6.5108461E-01    5.9113292E+00   -5.9113292E+00
 0.8600    6.3754764E-01    5.9254237E+00   -5.9254237E+00
 0.8700    6.2393564E-01    5.9345551E+00   -5.9345551E+00
 0.8800    6.1027376E-01    5.9388165E+00   -5.9388165E+00
 0.8900    5.9658732E-01    5.9383241E+00   -5.9383241E+00
 0.9000    5.8290155E-01    5.9332151E+00   -5.9332151E+00
 0.9100    5.6924145E-01    5.9236470E+00   -5.9236470E+00
 0.9200    5.5563159E-01    5.9097954E+00   -5.9097954E+00
 0.9300    5.4209589E-01    5.8918526E+00   -5.8918526E+00
 0.9400    5.2865740E-01    5.8700242E+00   -5.8700242E+00
 0.9500    5.1533807E-01    5.8445260E+00   -5.8445260E+00
 0.9600    5.0215857E-01    5.8155823E+00   -5.8155823E+00
 0.9700    4.8913828E-01    5.7834233E+00   -5.7834233E+00
 0.9800    4.7629524E-01    5.7482846E+00   -5.7482846E+00
 0.9900    4.6364616E-01    5.7104051E+00   -5.7104051E+00
 1.0000    4.5120627E-01    5.6700252E+00   -5.6700252E+00
 1.0100    4.3898929E-01    5.6273838E+00   -5.6273838E+00
 1.0200    4.2700729E-01    5.5827155E+00   -5.5827155E+00
 1.0300    4.1527059E-01    5.5362473E+00   -5.5362473E+00
 1.0400    4.0378776E-01    5.4881970E+00   -5.4881970E+00
 1.0500    3.9256566E-01    5.4387710E+00   -5.4387710E+00
 1.0600    3.8160949E-01    5.3881634E+00   -5.3881634E+00
 1.0700    3.7092283E-01    5.3365550E+00   -5.3365550E+00
 1.0800    3.6050778E-01    5.2841120E+00   -5.2841120E+00
 1.0900    3.5036489E-01    5.2309846E+00   -5.2309846E+00
 1.1000    3.4049328E-01    5.1773053E+00   -5.1773053E+00
 1.1100    3.3089055E-01    5.1231868E+00   -5.1231868E+00
 1.1200    3.2155297E-01    5.0687215E+00   -5.0687215E+00
 1.1300    3.1247548E-01    5.0139811E+00   -5.0139811E+00
 1.1400    3.0365195E-01    4.9590175E+00   -4.9590175E+00
 1.1500    2.9507537E-01    4.9038650E+00   -4.9038650E+00
 1.1600    2.8673815E-01    4.8485437E+00   -4.8485437E+00
 1.1700    2.7863249E-01    4.7930652E+00   -4.7930652E+00
 1.1800    2.7075076E-01    4.7374383E+00   -4.7374383E+00
 1.1900    2.6308593E-01    4.6816767E+00   -4.6816767E+00
 1.2000    2.5563182E-01    4.6258044E+00   -4.6258044E+00
 1.2100    2.4838318E-01    4.5698589E+00   -4.5698589E+00
 1.2200    2.4133566E-01    4.5138906E+00   -4.5138906E+00
 1.2300    2.3448550E-01    4.4579590E+00   -4.4579590E+00
 1.2400    2.2782919E-01    4.4021274E+00   -4.4021274E+00
 1.2500    2.2136329E-01    4.3464580E+00   -4.3464580E+00
 1.2600    2.1508413E-01    4.2910080E+00   -4.2910080E+00
 1.2700    2.0898786E-01    4.2358284E+00   -4.2358284E+00
 1.2800    2.0307034E-01    4.1809627E+00   -4.1809627E+00
 1.2900    1.9732723E-01    4.1264472E+00   -4.1264472E+00
 1.3000    1.9175398E-01    4.0723113E+00   -4.0723113E+00
 1.3100    1.8634592E-01    4.0185775E+00   -4.0185775E+00
 1.3200    1.8109825E-01    3.9652628E+00   -3.9652628E+00
 1.3300    1.7600610E-01    3.9123786E+00   -3.9123786E+00
 1.3400    1.7106459E-01    3.8599315E+00   -3.8599315E+00
 1.3500    1.6626881E-01    3.8079234E+00   -3.8079234E+00
 1.3600    1.6161389E-01    3.7563527E+00   -3.7563527E+00
 1.3700    1.5709504E-01    3.7052156E+00   -3.7052156E+00
 1.3800    1.5270764E-01    3.6545071E+00   -3.6545071E+00
 1.3900    1.4844723E-01    3.6042222E+00   -3.6042222E+00
 1.4000    1.4430949E-01    3.5543553E+00   -3.5543553E+00
 1.4100    1.4029027E-01    3.5049002E+00   -3.5049002E+00
 1.4200    1.3638553E-01    3.4558498E+00   -3.4558498E+00
 1.4300    1.3259136E-01    3.4071963E+00   -3.4071963E+00
 1.4400    1.2890397E-01    3.3589314E+00   -3.3589314E+00
 1.4500    1.2531974E-01    3.3110472E+00   -3.3110472E+00
 1.4600    1.2183525E-01    3.2635371E+00   -3.2635371E+00
 1.4700    1.1844725E-01    3.2163960E+00   -3.2163960E+00
 1.4800    1.1515267E-01    3.1696208E+00   -3.1696208E+00
 1.4900    1.1194861E-01    3.1232095E+00   -3.1232095E+00
 1.5000    1.0883231E-01    3.0771609E+00   -3.0771609E+00
 1.5100    1.0580110E-01    3.0314746E+00   -3.0314746E+00
 1.5200    1.0285247E-01    2.9861509E+00   -2.9861509E+00
 1.5300    9.9984010E-02    2.9411913E+00   -2.9411913E+00
 1.5400    9.7193475E-02    2.8965992E+00   -2.8965992E+00
 1.5500    9.4478727E-02    2.8523794E+00   -2.8523794E+00
 1.5600    9.1837730E-02    2.8085373E+00   -2.8085373E+00
 1.5700    8.9268521E-02    2.7650788E+00   -2.7650788E+00
 1.5800    8.6769209E-02    2.7220098E+00   -2.7220098E+00
 1.5900    8.4337984E-02    2.6793369E+00   -2.6793369E+00
 1.6000    8.1973121E-02    2.6370678E+00   -2.6370678E+00
 1.6100    7.9672969E-02    2.5952107E+00   -2.5952107E+00
 1.6200    7.7435924E-02    2.5537735E+00   -2.5537735E+00
 1.6300    7.5260409E-02    2.5127637E+00   -2.5127637E+00
 1.6400    7.3144869E-02    2.4721876E+00   -2.4721876E+00
 1.6500    7.1087784E-02    2.4320513E+00   -2.4320513E+00
 1.6600    6.9087688E-02    2.3923609E+00   -2.3923609E+00
 1.6700    6.7143162E-02    2.3531228E+00   -2.3531228E+00
 1.6800    6.5252828E-02    2.3143432E+00   -2.3143432E+00
 1.6900    6.3415334E-02    2.2760278E+00   -2.2760278E+00
 1.7000    6.1629347E-02    2.2381814E+00   -2.2381814E+00
 1.7100    5.9893551E-02    2.2008080E+00   -2.2008080E+00
 1.7200    5.8206644E-02    2.1639106E+00   -2.1639106E+00
 1.7300    5.6567340E-02    2.1274915E+00   -2.1274915E+00
 1.7400    5.4974372E-02    2.0915519E+00   -2.0915519E+00
 1.7500    5.3426494E-02    2.0560924E+00   -2.0560924E+00
 1.7600    5.1922477E-02    2.0211130E+00   -2.0211130E+00
 1.7700    5.0461111E-02    1.9866127E+00   -1.9866127E+00
 1.7800    4.9041205E-02    1.9525897E+00   -1.9525897E+00
 1.7900    4.7661586E-02    1.9190417E+00   -1.9190417E+00
 1.8000    4.6321111E-02    1.8859659E+00   -1.8859659E+00
 1.8100    4.5018662E-02    1.8533592E+00   -1.8533592E+00
 1.8200    4.3753152E-02    1.8212182E+00   -1.8212182E+00
 1.8300    4.2523512E-02    1.7895390E+00   -1.7895390E+00
 1.8400    4.1328688E-02    1.7583168E+00   -1.7583168E+00
 1.8500    4.0167646E-02    1.7275463E+00   -1.7275463E+00
 1.8600    3.9039375E-02    1.6972218E+00   -1.6972218E+00
 1.8700    3.7942902E-02    1.6673379E+00   -1.6673379E+00
 1.8800    3.6877293E-02    1.6378895E+00   -1.6378895E+00
 1.8900    3.5841647E-02    1.6088718E+00   -1.6088718E+00
 1.9000    3.4835093E-02    1.5802800E+00   -1.5802800E+00
 1.9100    3.3856781E-02    1.5521092E+00   -1.5521092E+00
 1.9200    3.2905886E-02    1.5243542E+00   -1.5243542E+00
 1.9300    3.1981609E-02    1.4970103E+00   -1.4970103E+00
 1.9400    3.1083181E-02    1.4700726E+00   -1.4700726E+00
 1.9500    3.0209863E-02    1.4435367E+00   -1.4435367E+00
 1.9600    2.9360939E-02    1.4173984E+00   -1.4173984E+00
 1.9700    2.8535715E-02    1.3916533E+00   -1.3916533E+00
 1.9800    2.7733518E-02    1.3662973E+00   -1.3662973E+00
 1.9900    2.6953700E-02    1.3413262E+00   -1.3413262E+00
 2.0000    2.6195632E-02    1.3167361E+00   -1.3167361E+00
 2.0100    2.5458713E-02    1.2925235E+00   -1.2925235E+00
 2.0200    2.4742363E-02    1.2686849E+00   -1.2686849E+00
 2.0300    2.4046020E-02    1.2452173E+00   -1.2452173E+00
 2.0400    2.3369141E-02    1.2221175E+00   -1.2221175E+00
 2.0500    2.2711201E-02    1.1993824E+00   -1.1993824E+00
 2.0600    2.2071690E-02    1.1770093E+00   -1.1770093E+00
 2.0700    2.1450113E-02    1.1549951E+00   -1.1549951E+00
 2.0800    2.0845993E-02    1.1333372E+00   -1.1333372E+00
 2.0900    2.0258865E-02    1.1120327E+00   -1.1120327E+00
 2.1000    1.9688279E-02    1.0910790E+00   -1.0910790E+00
 2.1100    1.9133795E-02    1.0704734E+00   -1.0704734E+00
 2.1200    1.8594989E-02    1.0502133E+00   -1.0502133E+00
 2.1300    1.8071444E-02    1.0302958E+00   -1.0302958E+00
 2.1400    1.7562752E-02    1.0107179E+00   -1.0107179E+00
 2.1500    1.7068510E-02    9.9147644E-01   -9.9147644E-01
 2.1600    1.6588321E-02    9.7256758E-01   -9.7256758E-01
 2.1700    1.6121792E-02    9.5398741E-01   -9.5398741E-01
 2.1800    1.5668541E-02    9.3573187E-01   -9.3573187E-01
 2.1900    1.5228198E-02    9.1779697E-01   -9.1779697E-01
 2.2000    1.4800403E-02    9.0017880E-01   -9.0017880E-01
 2.2100    1.4384809E-02    8.8287355E-01   -8.8287355E-01
 2.2200    1.3981075E-02    8.6587734E-01   -8.6587734E-01
 2.2300    1.3588868E-02    8.4918606E-01   -8.4918606E-01
 2.2400    1.3207858E-02    8.3279534E-01   -8.3279534E-01
 2.2500    1.2837723E-02    8.1670062E-01   -8.1670062E-01
 2.2600    1.2478147E-02    8.0089730E-01   -8.0089730E-01
 2.2700    1.2128824E-02    7.8538081E-01   -7.8538081E-01
 2.2800    1.1789457E-02    7.7014653E-01   -7.7014653E-01
 2.2900    1.1459752E-02    7.5518970E-01   -7.5518970E-01
 2.3000    1.1139423E-02    7.4050542E-01   -7.4050542E-01
 2.3100    1.0828190E-02    7.2608874E-01   -7.2608874E-01
 2.3200    1.0525782E-02    7.1193479E-01   -7.1193479E-01
 2.3300    1.0231938E-02    6.9803884E-01   -6.9803884E-01
 2.3400    9.9464028E-03    6.8439625E-01   -6.8439625E-01
 2.3500    9.6689324E-03    6.7100246E-01   -6.7100246E-01
 2.3600    9.3992885E-03    6.5785299E-01   -6.5785299E-01
 2.3700    9.1372424E-03    6.4494355E-01   -6.4494355E-01
 2.3800    8.8825738E-03    6.3227004E-01   -6.3227004E-01
 2.3900    8.6350696E-03    6.1982845E-01   -6.1982845E-01
 2.4000    8.3945216E-03    6.0761474E-01   -6.0761474E-01
 2.4100    8.1607254E-03    5.9562472E-01   -5.9562472E-01
 2.4200    7.9334816E-03    5.8385421E-01   -5.8385421E-01
 2.4300    7.7125984E-03    5.7229919E-01   -5.7229919E-01
 2.4400    7.4978931E-03    5.6095595E-01   -5.6095595E-01
 2.4500    7.2891920E-03    5.4982113E-01   -5.4982113E-01
 2.4600    7.0863288E-03    5.3889155E-01   -5.3889155E-01
 2.4700    6.8891420E-03    5.2816413E-01   -5.2816413E-01
 2.4800    6.6974743E-03    5.1763577E-01   -5.1763577E-01
 2.4900    6.5111725E-03    5.0730338E-01   -5.0730338E-01
 2.5000    6.3300874E-03    4.9716390E-01   -4.9716390E-01
 2.5100    6.1540739E-03    4.8721429E-01   -4.8721429E-01
 2.5200    5.9829906E-03    4.7745151E-01   -4.7745151E-01
 2.5300    5.8167000E-03    4.6787255E-01   -4.6787255E-01
 2.5400    5.6550693E-03    4.5847455E-01   -4.5847455E-01
 2.5500    5.4979712E-03    4.4925475E-01   -4.4925475E-01
 2.5600    5.3452831E-03    4.4021061E-01   -4.4021061E-01
 2.5700    5.1968864E-03    4.3133960E-01   -4.3133960E-01
 2.5800    5.0526646E-03    4.2263917E-01   -4.2263917E-01
 2.5900    4.9125032E-03    4.1410668E-01   -4.1410668E-01
 2.6000    4.7762900E-03    4.0573946E-01   -4.0573946E-01
 2.6100    4.6439158E-03    3.9753486E-01   -3.9753486E-01
 2.6200    4.5152746E-03    3.8949027E-01   -3.8949027E-01
 2.6300    4.3902616E-03    3.8160298E-01   -3.8160298E-01
 2.6400    4.2687726E-03    3.7387010E-01   -3.7387010E-01
 2.6500    4.1507036E-03    3.6628854E-01   -3.6628854E-01
 2.6600    4.0359538E-03    3.5885527E-01   -3.5885527E-01
 2.6700    3.9244287E-03    3.5156759E-01   -3.5156759E-01
 2.6800    3.8160414E-03    3.4442331E-01   -3.4442331E-01
 2.6900    3.7107104E-03    3.3742052E-01   -3.3742052E-01
 2.7000    3.6083549E-03    3.3055721E-01   -3.3055721E-01
 2.7100    3.5088914E-03    3.2383097E-01   -3.2383097E-01
 2.7200    3.4122337E-03    3.1723891E-01   -3.1723891E-01
 2.7300    3.3182956E-03    3.1077797E-01   -3.1077797E-01
 2.7400    3.2269941E-03    3.0444522E-01   -3.0444522E-01
 2.7500    3.1382510E-03    2.9823797E-01   -2.9823797E-01
 2.7600    3.0519921E-03    2.9215373E-01   -2.9215373E-01
 2.7700    2.9681450E-03    2.8619004E-01   -2.8619004E-01
 2.7800    2.8866382E-03    2.8034435E-01   -2.8034435E-01
 2.7900    2.8074019E-03    2.7461412E-01   -2.7461412E-01
 2.8000    2.7303688E-03    2.6899687E-01   -2.6899687E-01
 2.8100    2.6554750E-03    2.6349036E-01   -2.6349036E-01
 2.8200    2.5826602E-03    2.5809248E-01   -2.5809248E-01
 2.8300    2.5118662E-03    2.5280126E-01   -2.5280126E-01
 2.8400    2.4430361E-03    2.4761471E-01   -2.4761471E-01
 2.8500    2.3761133E-03    2.4253070E-01   -2.4253070E-01
 2.8600    2.3110403E-03    2.3754695E-01   -2.3754695E-01
 2.8700    2.2477598E-03    2.3266098E-01   -2.3266098E-01
 2.8800    2.1862159E-03    2.2787038E-01   -2.2787038E-01
 2.8900    2.1263566E-03    2.2317300E-01   -2.2317300E-01
 2.9000    2.0681357E-03    2.1856715E-01   -2.1856715E-01
 2.9100    2.0115121E-03    2.1405161E-01   -2.1405161E-01
 2.9200    1.9564470E-03    2.0962528E-01   -2.0962528E-01
 2.9300    1.9028999E-03    2.0528681E-01   -2.0528681E-01
 2.9400    1.8508269E-03    2.0103437E-01   -2.0103437E-01
 2.9500    1.8001823E-03    1.9686585E-01   -1.9686585E-01
 2.9600    1.7509227E-03    1.9277924E-01   -1.9277924E-01
 2.9700    1.7030104E-03    1.8877308E-01   -1.8877308E-01
 2.9800    1.6564135E-03    1.8484646E-01   -1.8484646E-01
 2.9900    1.6111029E-03    1.8099872E-01   -1.8099872E-01
 3.0000    1.5670475E-03    1.7722890E-01   -1.7722890E-01
 3.0100    1.5242130E-03    1.7353557E-01   -1.7353557E-01
 3.0200    1.4825629E-03    1.6991702E-01   -1.6991702E-01
 3.0300    1.4420626E-03    1.6637162E-01   -1.6637162E-01
 3.0400    1.4026808E-03    1.6289804E-01   -1.6289804E-01
 3.0500    1.3643888E-03    1.5949522E-01   -1.5949522E-01
 3.0600    1.3271585E-03    1.5616205E-01   -1.5616205E-01
 3.0700    1.2909605E-03    1.5289722E-01   -1.5289722E-01
 3.0800    1.2557650E-03    1.4969926E-01   -1.4969926E-01
 3.0900    1.2215428E-03    1.4656677E-01   -1.4656677E-01
 3.1000    1.1882678E-03    1.4349857E-01   -1.4349857E-01
 3.1100    1.1559154E-03    1.4049365E-01   -1.4049365E-01
 3.1200    1.1244619E-03    1.3755101E-01   -1.3755101E-01
 3.1300    1.0938821E-03    1.3466944E-01   -1.3466944E-01
 3.1400    1.0641493E-03    1.3184745E-01   -1.3184745E-01
 3.1500    1.0352362E-03    1.2908341E-01   -1.2908341E-01
 3.1600    1.0071170E-03    1.2637581E-01   -1.2637581E-01
 3.1700    9.7976875E-04    1.2372344E-01   -1.2372344E-01
 3.1800    9.5317130E-04    1.2112535E-01   -1.2112535E-01
 3.1900    9.2730632E-04    1.1858082E-01   -1.1858082E-01
 3.2000    9.0215574E-04    1.1608907E-01   -1.1608907E-01
 3.2100    8.7770037E-04    1.1364915E-01   -1.1364915E-01
 3.2200    8.5391961E-04    1.1125988E-01   -1.1125988E-01
 3.2300    8.3079207E-04    1.0891990E-01   -1.0891990E-01
 3.2400    8.0829696E-04    1.0662789E-01   -1.0662789E-01
 3.2500    7.8641526E-04    1.0438270E-01   -1.0438270E-01
 3.2600    7.6513024E-04    1.0218342E-01   -1.0218342E-01
 3.2700    7.4442684E-04    1.0002934E-01   -1.0002934E-01
 3.2800    7.2429011E-04    9.7919707E-02   -9.7919707E-02
 3.2900    7.0470349E-04    9.5853523E-02   -9.5853523E-02
 3.3000    6.8564822E-04    9.3829433E-02   -9.3829433E-02
 3.3100    6.6710475E-04    9.1845924E-02   -9.1845924E-02
 3.3200    6.4905556E-04    8.9901700E-02   -8.9901700E-02
 3.3300    6.3148727E-04    8.7995999E-02   -8.7995999E-02
 3.3400    6.1439046E-04    8.6128575E-02   -8.6128575E-02
 3.3500    5.9775719E-04    8.4299362E-02   -8.4299362E-02
 3.3600    5.8157804E-04    8.2508068E-02   -8.2508068E-02
 3.3700    5.6584102E-04    8.0754009E-02   -8.0754009E-02
 3.3800    5.5053292E-04    7.9036292E-02   -7.9036292E-02
 3.3900    5.3564140E-04    7.7354111E-02   -7.7354111E-02
 3.4000    5.2115577E-04    7.5706863E-02   -7.5706863E-02
 3.4100    5.0706581E-04    7.4093985E-02   -7.4093985E-02
 3.4200    4.9336009E-04    7.2514707E-02   -7.2514707E-02
 3.4300    4.8002567E-04    7.0968000E-02   -7.0968000E-02
 3.4400    4.6704967E-04    6.9452810E-02   -6.9452810E-02
 3.4500    4.5442129E-04    6.7968350E-02   -6.7968350E-02
 3.4600    4.4213243E-04    6.6514209E-02   -6.6514209E-02
 3.4700    4.3017650E-04    6.5090184E-02   -6.5090184E-02
 3.4800    4.1854667E-04    6.3696013E-02   -6.3696013E-02
 3.4900    4.0723490E-04    6.2331232E-02   -6.2331232E-02
 3.5000    3.9623235E-04    6.0995232E-02   -6.0995232E-02
 3.5100    3.8553050E-04    5.9687424E-02   -5.9687424E-02
 3.5200    3.7512201E-04    5.8407381E-02   -5.8407381E-02
 3.5300    3.6500092E-04    5.7154868E-02   -5.7154868E-02
 3.5400    3.5516186E-04    5.5929728E-02   -5.5929728E-02
 3.5500    3.4559857E-04    5.4731645E-02   -5.4731645E-02
 3.5600    3.3630247E-04    5.3559920E-02   -5.3559920E-02
 3.5700    3.2726240E-04    5.2413409E-02   -5.2413409E-02
 3.5800    3.1846606E-04    5.1290753E-02   -5.1290753E-02
 3.5900    3.0990252E-04    5.0190771E-02   -5.0190771E-02
 3.6000    3.0156409E-04    4.9112777E-02   -4.9112777E-02
 3.6100    2.9344635E-04    4.8056593E-02   -4.8056593E-02
 3.6200    2.8554662E-04    4.7022318E-02   -4.7022318E-02
 3.6300    2.7786218E-04    4.6010034E-02   -4.6010034E-02
 3.6400    2.7038940E-04    4.5019668E-02   -4.5019668E-02
 3.6500    2.6312398E-04    4.4051026E-02   -4.4051026E-02
 3.6600    2.5606152E-04    4.3103878E-02   -4.3103878E-02
 3.6700    2.4919750E-04    4.2177971E-02   -4.2177971E-02
 3.6800    2.4252656E-04    4.1272882E-02   -4.1272882E-02
 3.6900    2.3604115E-04    4.0387811E-02   -4.0387811E-02
 3.7000    2.2973114E-04    3.9521479E-02   -3.9521479E-02
 3.7100    2.2358509E-04    3.8672347E-02   -3.8672347E-02
 3.7200    2.1759322E-04    3.7839126E-02   -3.7839126E-02
 3.7300    2.1175033E-04    3.7021296E-02   -3.7021296E-02
 3.7400    2.0605649E-04    3.6219244E-02   -3.6219244E-02
 3.7500    2.0051463E-04    3.5433861E-02   -3.5433861E-02
 3.7600    1.9512664E-04    3.4665871E-02   -3.4665871E-02
 3.7700    1.8989066E-04    3.3915340E-02   -3.3915340E-02
 3.7800    1.8480113E-04    3.3181658E-02   -3.3181658E-02
 3.7900    1.7985072E-04    3.2463883E-02   -3.2463883E-02
 3.8000    1.7503262E-04    3.1761138E-02   -3.1761138E-02
 3.8100    1.7034152E-04    3.1072796E-02   -3.1072796E-02
 3.8200    1.6577345E-04    3.0398459E-02   -3.0398459E-02
 3.8300    1.6132532E-04    2.9737875E-02   -2.9737875E-02
 3.8400    1.5699482E-04    2.9090932E-02   -2.9090932E-02
 3.8500    1.5278049E-04    2.8457662E-02   -2.8457662E-02
 3.8600    1.4868133E-04    2.7838184E-02   -2.7838184E-02
 3.8700    1.4469584E-04    2.7232520E-02   -2.7232520E-02
 3.8800    1.4082106E-04    2.6640411E-02   -2.6640411E-02
 3.8900    1.3705245E-04    2.6061287E-02   -2.6061287E-02
 3.9000    1.3338484E-04    2.5494445E-02   -2.5494445E-02
 3.9100    1.2981390E-04    2.4939319E-02   -2.4939319E-02
 3.9200    1.2633688E-04    2.4395637E-02   -2.4395637E-02
 3.9300    1.2295235E-04    2.3863371E-02   -2.3863371E-02
 3.9400    1.1965927E-04    2.3342569E-02   -2.3342569E-02
 3.9500    1.1645648E-04    2.2833249E-02   -2.2833249E-02
 3.9600    1.1334280E-04    2.2335422E-02   -2.2335422E-02
 3.9700    1.1031730E-04    2.1849147E-02   -2.1849147E-02
 3.9800    1.0737907E-04    2.1374485E-02   -2.1374485E-02
 3.9900    1.0452655E-04    2.0911359E-02   -2.0911359E-02
 4.0000    1.0175685E-04    2.0459429E-02   -2.0459429E-02
 4.0100    9.9065872E-05    2.0018092E-02   -2.0018092E-02
 4.0200    9.6448795E-05    1.9586587E-02   -1.9586587E-02
 4.0300    9.3900718E-05    1.9164119E-02   -1.9164119E-02
 4.0400    9.1417107E-05    1.8749948E-02   -1.8749948E-02
 4.0500    8.8994329E-05    1.8343502E-02   -1.8343502E-02
 4.0600    8.6630210E-05    1.7944497E-02   -1.7944497E-02
 4.0700    8.4324154E-05    1.7552973E-02   -1.7552973E-02
 4.0800    8.2076425E-05    1.7169143E-02   -1.7169143E-02
 4.0900    7.9887063E-05    1.6793180E-02   -1.6793180E-02
 4.1000    7.7755327E-05    1.6425089E-02   -1.6425089E-02
 4.1100    7.5680069E-05    1.6064789E-02   -1.6064789E-02
 4.1200    7.3660476E-05    1.5712266E-02   -1.5712266E-02
 4.1300    7.1696340E-05    1.5367632E-02   -1.5367632E-02
 4.1400    6.9787604E-05    1.5031033E-02   -1.5031033E-02
 4.1500    6.7933656E-05    1.4702495E-02   -1.4702495E-02
 4.1600    6.6133016E-05    1.4381853E-02   -1.4381853E-02
 4.1700    6.4383666E-05    1.4068820E-02   -1.4068820E-02
 4.1800    6.2683573E-05    1.3763097E-02   -1.3763097E-02
 4.1900    6.1030770E-05    1.3464392E-02   -1.3464392E-02
 4.2000    5.9422858E-05    1.3172311E-02   -1.3172311E-02
 4.2100    5.7856710E-05    1.2886287E-02   -1.2886287E-02
 4.2200    5.6329119E-05    1.2605722E-02   -1.2605722E-02
 4.2300    5.4838039E-05    1.2330268E-02   -1.2330268E-02
 4.2400    5.3383194E-05    1.2059967E-02   -1.2059967E-02
 4.2500    5.1965349E-05    1.1795099E-02   -1.1795099E-02
 4.2600    5.0584968E-05    1.1535875E-02   -1.1535875E-02
 4.2700    4.9241432E-05    1.1282265E-02   -1.1282265E-02
 4.2800    4.7933198E-05    1.1034021E-02   -1.1034021E-02
 4.2900    4.6658420E-05    1.0790821E-02   -1.0790821E-02
 4.3000    4.5415545E-05    1.0552401E-02   -1.0552401E-02
 4.3100    4.4203857E-05    1.0318690E-02   -1.0318690E-02
 4.3200    4.3023991E-05    1.0089928E-02   -1.0089928E-02
 4.3300    4.1878021E-05    9.8666974E-03   -9.8666974E-03
 4.3400    4.0768562E-05    9.6497202E-03   -9.6497202E-03
 4.3500    3.9696873E-05    9.4394062E-03   -9.4394062E-03
 4.3600    3.8661027E-05    9.2354111E-03   -9.2354111E-03
 4.3700    3.7655812E-05    9.0365936E-03   -9.0365936E-03
 4.3800    3.6674957E-05    8.8415355E-03   -8.8415355E-03
 4.3900    3.5714189E-05    8.6492749E-03   -8.6492749E-03
 4.4000    3.4772655E-05    8.4596630E-03   -8.4596630E-03
 4.4100    3.3851780E-05    8.2731054E-03   -8.2731054E-03
 4.4200    3.2953088E-05    8.0900373E-03   -8.0900373E-03
 4.4300    3.2077069E-05    7.9106469E-03   -7.9106469E-03
 4.4400    3.1223606E-05    7.7349741E-03   -7.7349741E-03
 4.4500    3.0392720E-05    7.5630932E-03   -7.5630932E-03
 4.4600    2.9584536E-05    7.3951049E-03   -7.3951049E-03
 4.4700    2.8798710E-05    7.2309930E-03   -7.2309930E-03
 4.4800    2.8034294E-05    7.0705877E-03   -7.0705877E-03
 4.4900    2.7290363E-05    6.9137211E-03   -6.9137211E-03
 4.5000    2.6566695E-05    6.7604005E-03   -6.7604005E-03
 4.5100    2.5863724E-05    6.6107999E-03   -6.6107999E-03
 4.5200    2.5181841E-05    6.4650846E-03   -6.4650846E-03
 4.5300    2.4520798E-05    6.3232575E-03   -6.3232575E-03
 4.5400    2.3879742E-05    6.1851636E-03   -6.1851636E-03
 4.5500    2.3257635E-05    6.0505968E-03   -6.0505968E-03
 4.5600    2.2653530E-05    5.9193692E-03   -5.9193692E-03
 4.5700    2.2066484E-05    5.7912911E-03   -5.7912911E-03
 4.5800    2.1495432E-05    5.6661362E-03   -5.6661362E-03
 4.5900    2.0939328E-05    5.5436777E-03   -5.5436777E-03
 4.6000    2.0397492E-05    5.4237829E-03   -5.4237829E-03
 4.6100    1.9869775E-05    5.3064573E-03   -5.3064573E-03
 4.6200    1.9356243E-05    5.1917633E-03   -5.1917633E-03
 4.6300    1.8856566E-05    5.0796577E-03   -5.0796577E-03
 4.6400    1.8369644E-05    4.9698877E-03   -4.9698877E-03
 4.6500    1.7893840E-05    4.8620488E-03   -4.8620488E-03
 4.6600    1.7427680E-05    4.7557747E-03   -4.7557747E-03
 4.6700    1.6970525E-05    4.6509203E-03   -4.6509203E-03
 4.6800    1.6522719E-05    4.5476087E-03   -4.5476087E-03
 4.6900    1.6085176E-05    4.4461220E-03   -4.4461220E-03
 4.7000    1.5658743E-05    4.3467281E-03   -4.3467281E-03
 4.7100    1.5243823E-05    4.2495757E-03   -4.2495757E-03
 4.7200    1.4840478E-05    4.1547199E-03   -4.1547199E-03
 4.7300    1.4448817E-05    4.0622294E-03   -4.0622294E-03
 4.7400    1.4069284E-05    3.9722680E-03   -3.9722680E-03
 4.7500    1.3702576E-05    3.8850739E-03   -3.8850739E-03
 4.7600    1.3349131E-05    3.8008152E-03   -3.8008152E-03
 4.7700    1.3008374E-05    3.7193722E-03   -3.7193722E-03
 4.7800    1.2678235E-05    3.6401934E-03   -3.6401934E-03
 4.7900    1.2355624E-05    3.5624236E-03   -3.5624236E-03
 4.8000    1.2037989E-05    3.4853490E-03   -3.4853490E-03
 4.8100    1.1725028E-05    3.4088973E-03   -3.4088973E-03
 4.8200    1.1419157E-05    3.3337880E-03   -3.3337880E-03
 4.8300    1.1124235E-05    3.2611764E-03   -3.2611764E-03
 4.8400    1.0843501E-05    3.1920532E-03   -3.1920532E-03
 4.8500    1.0578111E-05    3.1268096E-03   -3.1268096E-03
 4.8600    1.0326773E-05    3.0651168E-03   -3.0651168E-03
 4.8700    1.0085957E-05    3.0059718E-03   -3.0059718E-03
 4.8800    9.8502827E-06    2.9478013E-03   -2.9478013E-03
 4.8900    9.6136318E-06    2.8887840E-03   -2.8887840E-03
 4.9000    9.3714338E-06    2.8275355E-03   -2.8275355E-03
 4.9100    9.1230875E-06    2.7638514E-03   -2.7638514E-03
 4.9200    8.8724577E-06    2.6988827E-03   -2.6988827E-03
 4.9300    8.6256791E-06    2.6344927E-03   -2.6344927E-03
 4.9400    8.3880406E-06    2.5723158E-03   -2.5723158E-03
 4.9500    8.1625035E-06    2.5132960E-03   -2.5132960E-03
 4.9600    7.9504156E-06    2.4578934E-03   -2.4578934E-03
 4.9700    7.7525367E-06    2.4063925E-03   -2.4063925E-03
 4.9800    7.5684335E-06    2.3587100E-03   -2.3587100E-03
 4.9900    7.3946918E-06    2.3138278E-03   -2.3138278E-03
 5.0000    7.2244715E-06    2.2696347E-03   -2.2696347E-03
 5.0100    7.0501250E-06    2.2237304E-03   -2.2237304E-03
 5.0200    6.8675000E-06    2.1747832E-03   -2.1747832E-03
 5.0300    6.6784939E-06    2.1233636E-03   -2.1233636E-03
 5.0400    6.4897635E-06    2.0715709E-03   -2.0715709E-03
 5.0500    6.3087575E-06    2.0217919E-03   -2.0217919E-03
 5.0600    6.1400170E-06    1.9755156E-03   -1.9755156E-03
 5.0700    5.9837046E-06    1.9328401E-03   -1.9328401E-03
 5.0800    5.8363357E-06    1.8926816E-03   -1.8926816E-03
 5.0900    5.6927254E-06    1.8533851E-03   -1.8533851E-03
 5.1000    5.5483082E-06    1.8134717E-03   -1.8134717E-03
 5.1100    5.4011950E-06    1.7723175E-03   -1.7723175E-03
 5.1200    5.2531682E-06    1.7304979E-03   -1.7304979E-03
 5.1300    5.1088926E-06    1.6895513E-03   -1.6895513E-03
 5.1400    4.9734963E-06    1.6511933E-03   -1.6511933E-03
 5.1500    4.8498580E-06    1.6164167E-03   -1.6164167E-03
 5.1600    4.7372564E-06    1.5850252E-03   -1.5850252E-03
 5.1700    4.6320186E-06    1.5558268E-03   -1.5558268E-03
 5.1800    4.5293869E-06    1.5272453E-03   -1.5272453E-03
 5.1900    4.4253171E-06    1.4979212E-03   -1.4979212E-03
 5.2000    4.3174991E-06    1.4670632E-03   -1.4670632E-03
 5.2100    4.2056397E-06    1.4345556E-03   -1.4345556E-03
 5.2200    4.0912350E-06    1.4008941E-03   -1.4008941E-03
 5.2300    3.9769082E-06    1.3669694E-03   -1.3669694E-03
 5.2400    3.8654374E-06    1.3337397E-03   -1.3337397E-03
 5.2500    3.7588654E-06    1.3019228E-03   -1.3019228E-03
 5.2600    3.6581076E-06    1.2718556E-03   -1.2718556E-03
 5.2700    3.5630920E-06    1.2435353E-03   -1.2435353E-03
 5.2800    3.4730656E-06    1.2167201E-03   -1.2167201E-03
 5.2900    3.3867606E-06    1.1909834E-03   -1.1909834E-03
 5.3000    3.3025283E-06    1.1657573E-03   -1.1657573E-03
 5.3100    3.2187544E-06    1.1404776E-03   -1.1404776E-03
 5.3200    3.1345579E-06    1.1148320E-03   -1.1148320E-03
 5.3300    3.0502939E-06    1.0889451E-03   -1.0889451E-03
 5.3400    2.9673655E-06    1.0633186E-03   -1.0633186E-03
 5.3500    2.8873886E-06    1.0385387E-03   -1.0385387E-03
 5.3600    2.8113131E-06    1.0149594E-03   -1.0149594E-03
 5.3700    2.7390911E-06    9.9257861E-04   -9.9257861E-04
 5.3800    2.6699836E-06    9.7114260E-04   -9.7114260E-04
 5.3900    2.6031498E-06    9.5035652E-04   -9.5035652E-04
 5.4000    2.5381277E-06    9.3005974E-04   -9.3005974E-04
 5.4100    2.4750366E-06    9.1030310E-04   -9.1030310E-04
 5.4200    2.4144721E-06    8.9131381E-04   -8.9131381E-04
 5.4300    2.3570925E-06    8.7334561E-04   -8.7334561E-04
 5.4400    2.3030616E-06    8.5647208E-04   -8.5647208E-04
 5.4500    2.2517485E-06    8.4047103E-04   -8.4047103E-04
 5.4600    2.2020034E-06    8.2492246E-04   -8.2492246E-04
 5.4700    2.1528408E-06    8.0946192E-04   -8.0946192E-04
 5.4800    2.1039668E-06    7.9398056E-04   -7.9398056E-04
 5.4900    2.0557590E-06    7.7862213E-04   -7.7862213E-04
 5.5000    2.0088524E-06    7.6363050E-04   -7.6363050E-04
 5.5100    1.9637984E-06    7.4922105E-04   -7.4922105E-04
 5.5200    1.9210473E-06    7.3557350E-04   -7.3557350E-04
 5.5300    1.8810850E-06    7.2288391E-04   -7.2288391E-04
 5.5400    1.8443988E-06    7.1135146E-04   -7.1135146E-04
 5.5500    1.8111680E-06    7.0105901E-04   -7.0105901E-04
 5.5600    1.7809036E-06    6.9183073E-04   -6.9183073E-04
 5.5700    1.7523573E-06    6.8319223E-04   -6.8319223E-04
 5.5800    1.7238525E-06    6.7449443E-04   -6.7449443E-04
 5.5900    1.6938971E-06    6.6515141E-04   -6.6515141E-04
 5.6000    1.6617184E-06    6.5485229E-04   -6.5485229E-04
 5.6100    1.6273359E-06    6.4359521E-04   -6.4359521E-04
 5.6200    1.5910833E-06    6.3150300E-04   -6.3150300E-04
 5.6300    1.5529833E-06    6.1857654E-04   -6.1857654E-04
 5.6400    1.5126118E-06    6.0463817E-04   -6.0463817E-04
 5.6500    1.4696760E-06    5.8956050E-04   -5.8956050E-04
 5.6600    1.4248158E-06    5.7358985E-04   -5.7358985E-04
 5.6700    1.3798976E-06    5.5747172E-04   -5.5747172E-04
 5.6800    1.3375468E-06    5.4226991E-04   -5.4226991E-04
 5.6900    1.3002749E-06    5.2901695E-04   -5.2901695E-04
 5.7000    1.2697588E-06    5.1841887E-04   -5.1841887E-04
 5.7100    1.2466613E-06    5.1077610E-04   -5.1077610E-04
 5.7200    1.2310526E-06    5.0614919E-04   -5.0614919E-04
 5.7300    1.2229770E-06    5.0458857E-04   -5.0458857E-04
 5.7400    1.2222926E-06    5.0606796E-04   -5.0606796E-04
 5.7500    1.2272989E-06    5.0991280E-04   -5.0991280E-04
 5.7600    1.2330859E-06    5.1410067E-04   -5.1410067E-04
 5.7700    1.2317512E-06    5.1532890E-04   -5.1532890E-04
 5.7800    1.2157751E-06    5.1040955E-04   -5.1040955E-04
 5.7900    1.1828782E-06    4.9831849E-04   -4.9831849E-04
 5.8000    1.1384333E-06    4.8125300E-04   -4.8125300E-04
 5.8100    1.0928956E-06    4.6359721E-04   -4.6359721E-04
 5.8200    1.0559033E-06    4.4944856E-04   -4.4944856E-04
 5.8300    1.0314709E-06    4.4055886E-04   -4.4055886E-04
 5.8400    1.0173315E-06    4.3601161E-04   -4.3601161E-04
 5.8500    1.0078379E-06    4.3342332E-04   -4.3342332E-04
 5.8600    9.9758862E-07    4.3048357E-04   -4.3048357E-04
 5.8700    9.8349221E-07    4.2585033E-04   -4.2585033E-04
 5.8800    9.6485927E-07    4.1920697E-04   -4.1920697E-04
 5.8900    9.4251169E-07    4.1089154E-04   -4.1089154E-04
 5.9000    9.1807150E-07    4.0159694E-04   -4.0159694E-04
 5.9100    8.9373409E-07    3.9227727E-04   -3.9227727E-04
 5.9200    8.7185234E-07    3.8396904E-04   -3.8396904E-04
 5.9300    8.5374202E-07    3.7726447E-04   -3.7726447E-04
 5.9400    8.3836052E-07    3.7171798E-04   -3.7171798E-04
 5.9500    8.2236641E-07    3.6585514E-04   -3.6585514E-04
 5.9600    8.0211812E-07    3.5804755E-04   -3.5804755E-04
 5.9700    7.7619226E-07    3.4763847E-04   -3.4763847E-04
 5.9800    7.4628699E-07    3.3536528E-04   -3.3536528E-04
 5.9900    7.1587850E-07    3.2277718E-04   -3.2277718E-04
 6.0000    6.8806823E-07    3.1127473E-04   -3.1127473E-04
 6.0100    6.6447789E-07    3.0160556E-04   -3.0160556E-04
 6.0200    6.4566236E-07    2.9404129E-04   -2.9404129E-04
 6.0300    6.3208329E-07    2.8881437E-04   -2.8881437E-04
 6.0400    6.2457998E-07    2.8633326E-04   -2.8633326E-04
 6.0500    6.2413275E-07    2.8707646E-04   -2.8707646E-04
 6.0600    6.3134077E-07    2.9135263E-04   -2.9135263E-04
 6.0700    6.4586491E-07    2.9903976E-04   -2.9903976E-04
 6.0800    6.6567298E-07    3.0922739E-04   -3.0922739E-04
 6.0900    6.8619783E-07    3.1981129E-04   -3.1981129E-04
 6.1000    7.0042217E-07    3.2751366E-04   -3.2751366E-04
 6.1100    7.0100765E-07    3.2886302E-04   -3.2886302E-04
 6.1200    6.8389752E-07    3.2188722E-04   -3.2188722E-04
 6.1300    6.5081135E-07    3.0731654E-04   -3.0731654E-04
 6.1400    6.0836035E-07    2.8820898E-04   -2.8820898E-04
 6.1500    5.6434269E-07    2.6822731E-04   -2.6822731E-04
 6.1600    5.2417203E-07    2.4994539E-04   -2.4994539E-04
 6.1700    4.8983457E-07    2.3433093E-04   -2.3433093E-04
 6.1800    4.6117763E-07    2.2133752E-04   -2.2133752E-04
 6.1900    4.3760475E-07    2.1070420E-04   -2.1070420E-04
 6.2000    4.1877656E-07    2.0229056E-04   -2.0229056E-04
 6.2100    4.0445499E-07    1.9600324E-04   -1.9600324E-04
 6.2200    3.9431198E-07    1.9170375E-04   -1.9170375E-04
 6.2300    3.8799928E-07    1.8924172E-04   -1.8924172E-04
 6.2400    3.8512490E-07    1.8844328E-04   -1.8844328E-04
 6.2500    3.8488618E-07    1.8893056E-04   -1.8893056E-04
 6.2600    3.8569757E-07    1.8993519E-04   -1.8993519E-04
 6.2700    3.8538083E-07    1.9038602E-04   -1.9038602E-04
 6.2800    3.8201213E-07    1.8932428E-04   -1.8932428E-04
 6.2900    3.7483655E-07    1.8636016E-04   -1.8636016E-04
 6.3000    3.6451493E-07    1.8180519E-04   -1.8180519E-04
 6.3100    3.5256199E-07    1.7640223E-04   -1.7640223E-04
 6.3200    3.4055526E-07    1.7093524E-04   -1.7093524E-04
 6.3300    3.2976434E-07    1.6604315E-04   -1.6604315E-04
 6.3400    3.2124162E-07    1.6226325E-04   -1.6226325E-04
 6.3500    3.1589627E-07    1.6006700E-04   -1.6006700E-04
 6.3600    3.1420377E-07    1.5971124E-04   -1.5971124E-04
 6.3700    3.1570068E-07    1.6097715E-04   -1.6097715E-04
 6.3800    3.1869268E-07    1.6301340E-04   -1.6301340E-04
 6.3900    3.2051370E-07    1.6445920E-04   -1.6445920E-04
 6.4000    3.1839053E-07    1.6388151E-04   -1.6388151E-04
 6.4100    3.1059486E-07    1.6036891E-04   -1.6036891E-04
 6.4200    2.9724567E-07    1.5395559E-04   -1.5395559E-04
 6.4300    2.8021270E-07    1.4558600E-04   -1.4558600E-04
 6.4400    2.6218263E-07    1.3664241E-04   -1.3664241E-04
 6.4500    2.4556973E-07    1.2838200E-04   -1.2838200E-04
 6.4600    2.3194219E-07    1.2163391E-04   -1.2163391E-04
 6.4700    2.2204484E-07    1.1680437E-04   -1.1680437E-04
 6.4800    2.1600527E-07    1.1397884E-04   -1.1397884E-04
 6.4900    2.1337071E-07    1.1293643E-04   -1.1293643E-04
 6.5000    2.1302363E-07    1.1310046E-04   -1.1310046E-04
 6.5100    2.1325889E-07    1.1357402E-04   -1.1357402E-04
 6.5200    2.1217024E-07    1.1334165E-04   -1.1334165E-04
 6.5300    2.0821996E-07    1.1157287E-04   -1.1157287E-04
 6.5400    2.0074974E-07    1.0789973E-04   -1.0789973E-04
 6.5500    1.9025479E-07    1.0257182E-04   -1.0257182E-04
 6.5600    1.7830939E-07    9.6425470E-05   -9.6425470E-05
 6.5700    1.6707116E-07    9.0623760E-05   -9.0623760E-05
 6.5800    1.5845545E-07    8.6212220E-05   -8.6212220E-05
 6.5900    1.5335525E-07    8.3691115E-05   -8.3691115E-05
 6.6000    1.5137661E-07    8.2862210E-05   -8.2862210E-05
 6.6100    1.5124419E-07    8.3040791E-05   -8.3040791E-05
 6.6200    1.5155317E-07    8.3462402E-05   -8.3462402E-05
 6.6300    1.5136919E-07    8.3613115E-05   -8.3613115E-05
 6.6400    1.5042204E-07    8.3340769E-05   -8.3340769E-05
 6.6500    1.4897643E-07    8.2788635E-05   -8.2788635E-05
 6.6600    1.4758230E-07    8.2260737E-05   -8.2260737E-05
 6.6700    1.4682335E-07    8.2083651E-05   -8.2083651E-05
 6.6800    1.4708309E-07    8.2475610E-05   -8.2475610E-05
 6.6900    1.4834306E-07    8.3431362E-05   -8.3431362E-05
 6.7000    1.5009062E-07    8.4666774E-05   -8.4666774E-05
 6.7100    1.5144296E-07    8.5684842E-05   -8.5684842E-05
 6.7200    1.5150349E-07    8.5974776E-05   -8.5974776E-05
 6.7300    1.4978925E-07    8.5255154E-05   -8.5255154E-05
 6.7400    1.4646892E-07    8.3613256E-05   -8.3613256E-05
 6.7500    1.4225271E-07    8.1447538E-05   -8.1447538E-05
 6.7600    1.3800818E-07    7.9251610E-05   -7.9251610E-05
 6.7700    1.3434646E-07    7.7377274E-05   -7.7377274E-05
 6.7800    1.3141308E-07    7.5911547E-05   -7.5911547E-05
 6.7900    1.2896257E-07    7.4715908E-05   -7.4715908E-05
 6.8000    1.2661936E-07    7.3574585E-05   -7.3574585E-05
 6.8100    1.2414032E-07    7.2346406E-05   -7.2346406E-05
 6.8200    1.2153271E-07    7.1034901E-05   -7.1034901E-05
 6.8300    1.1899608E-07    6.9756379E-05   -6.9756379E-05
 6.8400    1.1675624E-07    6.8643933E-05   -6.8643933E-05
 6.8500    1.1489471E-07    6.7747152E-05   -6.7747152E-05
 6.8600    1.1326455E-07    6.6981072E-05   -6.6981072E-05
 6.8700    1.1154613E-07    6.6157308E-05   -6.6157308E-05
 6.8800    1.0943177E-07    6.5092380E-05   -6.5092380E-05
 6.8900    1.0684126E-07    6.3736366E-05   -6.3736366E-05
 6.9000    1.0402200E-07    6.2234791E-05   -6.2234791E-05
 6.9100    1.0144907E-07    6.0871503E-05   -6.0871503E-05
 6.9200    9.9591047E-08    5.9929734E-05   -5.9929734E-05
 6.9300    9.8709519E-08    5.9571066E-05   -5.9571066E-05
 6.9400    9.8800706E-08    5.9798302E-05   -5.9798302E-05
 6.9500    9.9636477E-08    6.0478058E-05   -6.0478058E-05
 6.9600    1.0080737E-07    6.1364982E-05   -6.1364982E-05
 6.9700    1.0176976E-07    6.2128975E-05   -6.2128975E-05
 6.9800    1.0198891E-07    6.2441546E-05   -6.2441546E-05
 6.9900    1.0117899E-07    6.2123306E-05   -6.2123306E-05
 7.0000    9.9453699E-08    6.1238830E-05   -6.1238830E-05
 7.0100    9.7183534E-08    6.0012067E-05   -6.0012067E-05
 7.0200    9.4621277E-08    5.8596664E-05   -5.8596664E-05
 7.0300    9.1654250E-08    5.6921079E-05   -5.6921079E-05
 7.0400    8.8001284E-08    5.4808030E-05   -5.4808030E-05
 7.0500    8.3743989E-08    5.2304824E-05   -5.2304824E-05
 7.0600    7.9670187E-08    4.9901673E-05   -4.9901673E-05
 7.0700    7.6986439E-08    4.8357398E-05   -4.8357398E-05
 7.0800    7.6529311E-08    4.8206343E-05   -4.8206343E-05
 7.0900    7.8122167E-08    4.9348802E-05   -4.9348802E-05
 7.1000    8.0642454E-08    5.1084635E-05   -5.1084635E-05
 7.1100    8.2748263E-08    5.2566366E-05   -5.2566366E-05
 7.1200    8.3663592E-08    5.3297441E-05   -5.3297441E-05
 7.1300    8.3441670E-08    5.3305487E-05   -5.3305487E-05
 7.1400    8.2641382E-08    5.2942428E-05   -5.2942428E-05
 7.1500    8.1823630E-08    5.2565487E-05   -5.2565487E-05
 7.1600    8.1272739E-08    5.2357730E-05   -5.2357730E-05
 7.1700    8.1011334E-08    5.2335208E-05   -5.2335208E-05
