# total charge: 8.000000 
# r(A)     rho (e/A^3)     4*pi*r^2*rho(e/A)  dip  
 0.0000    2.0084607E+00    0.0000000E+00    6.3830765E+01
 0.0100    2.0066971E+00    2.5216900E-03    6.3509886E+01
 0.0200    2.0044710E+00    1.0075570E-02    6.2556755E+01
 0.0300    2.0016916E+00    2.2638599E-02    6.0999412E+01
 0.0400    1.9982643E+00    4.0177487E-02    5.8883045E+01
 0.0500    1.9940880E+00    6.2646122E-02    5.6267806E+01
 0.0600    1.9890535E+00    8.9982659E-02    5.3225954E+01
 0.0700    1.9830534E+00    1.2210694E-01    4.9838522E+01
 0.0800    1.9760064E+00    1.5891987E-01    4.6191729E+01
 0.0900    1.9678817E+00    2.0030596E-01    4.2373334E+01
 0.1000    1.9587051E+00    2.4613814E-01    3.8469178E+01
 0.1100    1.9485435E+00    2.9628205E-01    3.4560066E+01
 0.1200    1.9374798E+00    3.5059808E-01    3.0719171E+01
 0.1300    1.9255923E+00    4.0894124E-01    2.7010033E+01
 0.1400    1.9129478E+00    4.7116071E-01    2.3485234E+01
 0.1500    1.8996064E+00    5.3710105E-01    2.0185714E+01
 0.1600    1.8856295E+00    6.0660529E-01    1.7140728E+01
 0.1700    1.8710860E+00    6.7951876E-01    1.4368334E+01
 0.1800    1.8560498E+00    7.5569142E-01    1.1876334E+01
 0.1900    1.8405920E+00    8.3497714E-01    9.6635532E+00
 0.2000    1.8247724E+00    9.1723065E-01    7.7213240E+00
 0.2100    1.8086381E+00    1.0023056E+00    6.0350698E+00
 0.2200    1.7922322E+00    1.0900578E+00    4.5858771E+00
 0.2300    1.7756080E+00    1.1803549E+00    3.3519711E+00
 0.2400    1.7588346E+00    1.2730849E+00    2.3100400E+00
 0.2500    1.7419854E+00    1.3681521E+00    1.4363760E+00
 0.2600    1.7251114E+00    1.4654591E+00    7.0781593E-01
 0.2700    1.7082228E+00    1.5648831E+00    1.0246647E-01
 0.2800    1.6912949E+00    1.6662696E+00   -3.9979734E-01
 0.2900    1.6743013E+00    1.7694549E+00   -8.1704966E-01
 0.3000    1.6572513E+00    1.8743070E+00   -1.1652113E+00
 0.3100    1.6402083E+00    1.9807618E+00   -1.4580707E+00
 0.3200    1.6232794E+00    2.0888300E+00   -1.7073759E+00
 0.3300    1.6065809E+00    2.1985703E+00   -1.9229592E+00
 0.3400    1.5901981E+00    2.3100369E+00   -2.1128819E+00
 0.3500    1.5741590E+00    2.4232295E+00   -2.2836003E+00
 0.3600    1.5584365E+00    2.5380722E+00   -2.4401679E+00
 0.3700    1.5429760E+00    2.6544374E+00   -2.5864726E+00
 0.3800    1.5277363E+00    2.7722057E+00   -2.7254942E+00
 0.3900    1.5127188E+00    2.8913274E+00   -2.8595425E+00
 0.4000    1.4979685E+00    3.0118445E+00   -2.9904316E+00
 0.4100    1.4835381E+00    3.1338361E+00   -3.1195543E+00
 0.4200    1.4694317E+00    3.2573006E+00   -3.2478697E+00
 0.4300    1.4555716E+00    3.3820526E+00   -3.3758870E+00
 0.4400    1.4418253E+00    3.5077438E+00   -3.5037530E+00
 0.4500    1.4280847E+00    3.6340330E+00   -3.6314756E+00
 0.4600    1.4143411E+00    3.7607953E+00   -3.7591728E+00
 0.4700    1.4006898E+00    3.8881905E+00   -3.8871714E+00
 0.4800    1.3872540E+00    4.0165051E+00   -4.0158713E+00
 0.4900    1.3740876E+00    4.1458773E+00   -4.1454871E+00
 0.5000    1.3611353E+00    4.2761327E+00   -4.2758948E+00
 0.5100    1.3482862E+00    4.4068910E+00   -4.4067474E+00
 0.5200    1.3354761E+00    4.5378766E+00   -4.5377909E+00
 0.5300    1.3227454E+00    4.6691504E+00   -4.6690996E+00
 0.5400    1.3101847E+00    4.8009800E+00   -4.8009503E+00
 0.5500    1.2977964E+00    4.9333486E+00   -4.9333314E+00
 0.5600    1.2853859E+00    5.0654664E+00   -5.0654565E+00
 0.5700    1.2725937E+00    5.1957631E+00   -5.1957575E+00
 0.5800    1.2590741E+00    5.3225181E+00   -5.3225150E+00
 0.5900    1.2447002E+00    5.4447588E+00   -5.4447570E+00
 0.6000    1.2296451E+00    5.5627835E+00   -5.5627825E+00
 0.6100    1.2142793E+00    5.6779050E+00   -5.6779044E+00
 0.6200    1.1989557E+00    5.7915710E+00   -5.7915707E+00
 0.6300    1.1838293E+00    5.9044583E+00   -5.9044582E+00
 0.6400    1.1688169E+00    6.0161173E+00   -6.0161172E+00
 0.6500    1.1536965E+00    6.1253112E+00   -6.1253111E+00
 0.6600    1.1382549E+00    6.2307061E+00   -6.2307061E+00
 0.6700    1.1223871E+00    6.3314349E+00   -6.3314349E+00
 0.6800    1.1061174E+00    6.4273048E+00   -6.4273048E+00
 0.6900    1.0895617E+00    6.5186829E+00   -6.5186829E+00
 0.7000    1.0728586E+00    6.6061497E+00   -6.6061497E+00
 0.7100    1.0560924E+00    6.6900364E+00   -6.6900364E+00
 0.7200    1.0392521E+00    6.7701108E+00   -6.7701108E+00
 0.7300    1.0222577E+00    6.8456704E+00   -6.8456704E+00
 0.7400    1.0050252E+00    6.9159245E+00   -6.9159245E+00
 0.7500    9.8749907E-01    6.9802196E+00   -6.9802196E+00
 0.7600    9.6962673E-01    7.0378763E+00   -7.0378763E+00
 0.7700    9.5132391E-01    7.0879350E+00   -7.0879350E+00
 0.7800    9.3249587E-01    7.1292851E+00   -7.1292851E+00
 0.7900    9.1311574E-01    7.1612672E+00   -7.1612672E+00
 0.8000    8.9329865E-01    7.1843340E+00   -7.1843340E+00
 0.8100    8.7330549E-01    7.2002254E+00   -7.2002254E+00
 0.8200    8.5345812E-01    7.2114033E+00   -7.2114033E+00
 0.8300    8.3400409E-01    7.2199507E+00   -7.2199507E+00
 0.8400    8.1500063E-01    7.2264729E+00   -7.2264729E+00
 0.8500    7.9628263E-01    7.2296114E+00   -7.2296114E+00
 0.8600    7.7754309E-01    7.2265537E+00   -7.2265537E+00
 0.8700    7.5849307E-01    7.2143962E+00   -7.2143962E+00
 0.8800    7.3901068E-01    7.1916066E+00   -7.1916066E+00
 0.8900    7.1918706E-01    7.1586601E+00   -7.1586601E+00
 0.9000    6.9925021E-01    7.1175002E+00   -7.1175002E+00
 0.9100    6.7943813E-01    7.0703769E+00   -7.0703769E+00
 0.9200    6.5991723E-01    7.0189959E+00   -7.0189959E+00
 0.9300    6.4078203E-01    6.9644382E+00   -6.9644382E+00
 0.9400    6.2209511E-01    6.9075233E+00   -6.9075233E+00
 0.9500    6.0390826E-01    6.8490139E+00   -6.8490139E+00
 0.9600    5.8625233E-01    6.7894862E+00   -6.7894862E+00
 0.9700    5.6912709E-01    6.7291869E+00   -6.7291869E+00
 0.9800    5.5251128E-01    6.6681163E+00   -6.6681163E+00
 0.9900    5.3637399E-01    6.6061429E+00   -6.6061429E+00
 1.0000    5.2066732E-01    6.5428985E+00   -6.5428985E+00
 1.0100    5.0531588E-01    6.4776213E+00   -6.4776213E+00
 1.0200    4.9023213E-01    6.4093204E+00   -6.4093204E+00
 1.0300    4.7535559E-01    6.3372804E+00   -6.3372804E+00
 1.0400    4.6068396E-01    6.2615180E+00   -6.2615180E+00
 1.0500    4.4627307E-01    6.1828561E+00   -6.1828561E+00
 1.0600    4.3220975E-01    6.1026176E+00   -6.1026176E+00
 1.0700    4.1857595E-01    6.0221517E+00   -6.0221517E+00
 1.0800    4.0542165E-01    5.9424333E+00   -5.9424333E+00
 1.0900    3.9275820E-01    5.8639211E+00   -5.8639211E+00
 1.1000    3.8057148E-01    5.7867067E+00   -5.7867067E+00
 1.1100    3.6884005E-01    5.7107598E+00   -5.7107598E+00
 1.1200    3.5754114E-01    5.6360123E+00   -5.6360123E+00
 1.1300    3.4664450E-01    5.5622571E+00   -5.5622571E+00
 1.1400    3.3610951E-01    5.4890903E+00   -5.4890903E+00
 1.1500    3.2589510E-01    5.4160588E+00   -5.4160588E+00
 1.1600    3.1597325E-01    5.3428891E+00   -5.3428891E+00
 1.1700    3.0633133E-01    5.2695437E+00   -5.2695437E+00
 1.1800    2.9696189E-01    5.1960652E+00   -5.1960652E+00
 1.1900    2.8785307E-01    5.1224137E+00   -5.1224137E+00
 1.2000    2.7898950E-01    5.0484750E+00   -5.0484750E+00
 1.2100    2.7036016E-01    4.9742006E+00   -4.9742006E+00
 1.2200    2.6196361E-01    4.8997113E+00   -4.8997113E+00
 1.2300    2.5380645E-01    4.8252824E+00   -4.8252824E+00
 1.2400    2.4589840E-01    4.7512615E+00   -4.7512615E+00
 1.2500    2.3824822E-01    4.6779928E+00   -4.6779928E+00
 1.2600    2.3086094E-01    4.6057612E+00   -4.6057612E+00
 1.2700    2.2373500E-01    4.5347279E+00   -4.5347279E+00
 1.2800    2.1685936E-01    4.4648613E+00   -4.4648613E+00
 1.2900    2.1021342E-01    4.3959194E+00   -4.3959194E+00
 1.3000    2.0377246E-01    4.3275497E+00   -4.3275497E+00
 1.3100    1.9751800E-01    4.2595050E+00   -4.2595050E+00
 1.3200    1.9144722E-01    4.1918602E+00   -4.1918602E+00
 1.3300    1.8557354E-01    4.1250498E+00   -4.1250498E+00
 1.3400    1.7991513E-01    4.0596364E+00   -4.0596364E+00
 1.3500    1.7447851E-01    3.9959437E+00   -3.9959437E+00
 1.3600    1.6925023E-01    3.9338424E+00   -3.9338424E+00
 1.3700    1.6420354E-01    3.8728753E+00   -3.8728753E+00
 1.3800    1.5931497E-01    3.8126297E+00   -3.8126297E+00
 1.3900    1.5457765E-01    3.7530656E+00   -3.7530656E+00
 1.4000    1.5000062E-01    3.6945282E+00   -3.6945282E+00
 1.4100    1.4559423E-01    3.6374101E+00   -3.6374101E+00
 1.4200    1.4135252E-01    3.5817074E+00   -3.5817074E+00
 1.4300    1.3724745E-01    3.5268439E+00   -3.5268439E+00
 1.4400    1.3324100E-01    3.4719443E+00   -3.4719443E+00
 1.4500    1.2930583E-01    3.4163627E+00   -3.4163627E+00
 1.4600    1.2543820E-01    3.3600472E+00   -3.3600472E+00
 1.4700    1.2165418E-01    3.3034792E+00   -3.3034792E+00
 1.4800    1.1797466E-01    3.2472971E+00   -3.2472971E+00
 1.4900    1.1441192E-01    3.1919324E+00   -3.1919324E+00
 1.5000    1.1096643E-01    3.1375019E+00   -3.1375019E+00
 1.5100    1.0763267E-01    3.0839537E+00   -3.0839537E+00
 1.5200    1.0440657E-01    3.0312716E+00   -3.0312716E+00
 1.5300    1.0128756E-01    2.9795375E+00   -2.9795375E+00
 1.5400    9.8274317E-02    2.9288110E+00   -2.9288110E+00
 1.5500    9.5359427E-02    2.8789684E+00   -2.8789684E+00
 1.5600    9.2529274E-02    2.8296858E+00   -2.8296858E+00
 1.5700    8.9769820E-02    2.7806064E+00   -2.7806064E+00
 1.5800    8.7073510E-02    2.7315559E+00   -2.7315559E+00
 1.5900    8.4442077E-02    2.6826439E+00   -2.6826439E+00
 1.6000    8.1884209E-02    2.6342075E+00   -2.6342075E+00
 1.6100    7.9410587E-02    2.5866640E+00   -2.5866640E+00
 1.6200    7.7029064E-02    2.5403556E+00   -2.5403556E+00
 1.6300    7.4741476E-02    2.4954378E+00   -2.4954378E+00
 1.6400    7.2542880E-02    2.4518413E+00   -2.4518413E+00
 1.6500    7.0423457E-02    2.4093234E+00   -2.4093234E+00
 1.6600    6.8372172E-02    2.3675841E+00   -2.3675841E+00
 1.6700    6.6380084E-02    2.3263797E+00   -2.3263797E+00
 1.6800    6.4441486E-02    2.2855671E+00   -2.2855671E+00
 1.6900    6.2552878E-02    2.2450735E+00   -2.2450735E+00
 1.7000    6.0711477E-02    2.2048472E+00   -2.2048472E+00
 1.7100    5.8914848E-02    2.1648452E+00   -2.1648452E+00
 1.7200    5.7161661E-02    2.1250620E+00   -2.1250620E+00
 1.7300    5.5452443E-02    2.0855603E+00   -2.0855603E+00
 1.7400    5.3789494E-02    2.0464721E+00   -2.0464721E+00
 1.7500    5.2176036E-02    2.0079692E+00   -2.0079692E+00
 1.7600    5.0614904E-02    1.9702150E+00   -1.9702150E+00
 1.7700    4.9107036E-02    1.9333039E+00   -1.9333039E+00
 1.7800    4.7650313E-02    1.8972110E+00   -1.8972110E+00
 1.7900    4.6239756E-02    1.8617933E+00   -1.8617933E+00
 1.8000    4.4869594E-02    1.8268674E+00   -1.8268674E+00
 1.8100    4.3536131E-02    1.7923253E+00   -1.7923253E+00
 1.8200    4.2239224E-02    1.7582012E+00   -1.7582012E+00
 1.8300    4.0981010E-02    1.7246251E+00   -1.7246251E+00
 1.8400    3.9762780E-02    1.6916957E+00   -1.6916957E+00
 1.8500    3.8582638E-02    1.6593776E+00   -1.6593776E+00
 1.8600    3.7436010E-02    1.6275162E+00   -1.6275162E+00
 1.8700    3.6318564E-02    1.5959591E+00   -1.5959591E+00
 1.8800    3.5228957E-02    1.5646793E+00   -1.5646793E+00
 1.8900    3.4169120E-02    1.5337948E+00   -1.5337948E+00
 1.9000    3.3142086E-02    1.5034774E+00   -1.5034774E+00
 1.9100    3.2149362E-02    1.4738353E+00   -1.4738353E+00
 1.9200    3.1189847E-02    1.4448593E+00   -1.4448593E+00
 1.9300    3.0260811E-02    1.4164624E+00   -1.4164624E+00
 1.9400    2.9359966E-02    1.3885735E+00   -1.3885735E+00
 1.9500    2.8487082E-02    1.3612160E+00   -1.3612160E+00
 1.9600    2.7644020E-02    1.3345142E+00   -1.3345142E+00
 1.9700    2.6833097E-02    1.3086187E+00   -1.3086187E+00
 1.9800    2.6054812E-02    1.2835955E+00   -1.2835955E+00
 1.9900    2.5306483E-02    1.2593540E+00   -1.2593540E+00
 2.0000    2.4582795E-02    1.2356661E+00   -1.2356661E+00
 2.0100    2.3877912E-02    1.2122671E+00   -1.2122671E+00
 2.0200    2.3187779E-02    1.1889723E+00   -1.1889723E+00
 2.0300    2.2511310E-02    1.1657427E+00   -1.1657427E+00
 2.0400    2.1850085E-02    1.1426766E+00   -1.1426766E+00
 2.0500    2.1207003E-02    1.1199455E+00   -1.1199455E+00
 2.0600    2.0584566E-02    1.0977059E+00   -1.0977059E+00
 2.0700    1.9983421E-02    1.0760201E+00   -1.0760201E+00
 2.0800    1.9401776E-02    1.0548192E+00   -1.0548192E+00
 2.0900    1.8836121E-02    1.0339366E+00   -1.0339366E+00
 2.1000    1.8283034E-02    1.0132036E+00   -1.0132036E+00
 2.1100    1.7741071E-02    9.9255505E-01   -9.9255505E-01
 2.1200    1.7211509E-02    9.7207671E-01   -9.7207671E-01
 2.1300    1.6697453E-02    9.5196130E-01   -9.5196130E-01
 2.1400    1.6201931E-02    9.3240412E-01   -9.3240412E-01
 2.1500    1.5726207E-02    9.1350464E-01   -9.1350464E-01
 2.1600    1.5269163E-02    8.9522584E-01   -8.9522584E-01
 2.1700    1.4827834E-02    8.7741901E-01   -8.7741901E-01
 2.1800    1.4398603E-02    8.5989061E-01   -8.5989061E-01
 2.1900    1.3978524E-02    8.4247961E-01   -8.4247961E-01
 2.2000    1.3566248E-02    8.2511593E-01   -8.2511593E-01
 2.2100    1.3162208E-02    8.0783592E-01   -8.0783592E-01
 2.2200    1.2768028E-02    7.9075081E-01   -7.9075081E-01
 2.2300    1.2385573E-02    7.7399061E-01   -7.7399061E-01
 2.2400    1.2016178E-02    7.5765630E-01   -7.5765630E-01
 2.2500    1.1660348E-02    7.4179930E-01   -7.4179930E-01
 2.2600    1.1317869E-02    7.2642605E-01   -7.2642605E-01
 2.2700    1.0988088E-02    7.1151440E-01   -7.1151440E-01
 2.2800    1.0670158E-02    6.9702827E-01   -6.9702827E-01
 2.2900    1.0363145E-02    6.8292407E-01   -6.8292407E-01
 2.3000    1.0066036E-02    6.6915082E-01   -6.6915082E-01
 2.3100    9.7777430E-03    6.5565057E-01   -6.5565057E-01
 2.3200    9.4971860E-03    6.4236338E-01   -6.4236338E-01
 2.3300    9.2234264E-03    6.2923662E-01   -6.2923662E-01
 2.3400    8.9558347E-03    6.1623682E-01   -6.1623682E-01
 2.3500    8.6942542E-03    6.0336195E-01   -6.0336195E-01
 2.3600    8.4390785E-03    5.9064821E-01   -5.9064821E-01
 2.3700    8.1911192E-03    5.7816234E-01   -5.7816234E-01
 2.3800    7.9512249E-03    5.6597574E-01   -5.6597574E-01
 2.3900    7.7198067E-03    5.5413055E-01   -5.5413055E-01
 2.4000    7.4965644E-03    5.4261853E-01   -5.4261853E-01
 2.4100    7.2806096E-03    5.3138794E-01   -5.3138794E-01
 2.4200    7.0709059E-03    5.2037408E-01   -5.2037408E-01
 2.4300    6.8667188E-03    5.0953224E-01   -5.0953224E-01
 2.4400    6.6677985E-03    4.9885231E-01   -4.9885231E-01
 2.4500    6.4742553E-03    4.8835074E-01   -4.8835074E-01
 2.4600    6.2863048E-03    4.7805241E-01   -4.7805241E-01
 2.4700    6.1040908E-03    4.6797727E-01   -4.6797727E-01
 2.4800    5.9276435E-03    4.5813693E-01   -4.5813693E-01
 2.4900    5.7568887E-03    4.4853505E-01   -4.4853505E-01
 2.5000    5.5916241E-03    4.3916513E-01   -4.3916513E-01
 2.5100    5.4314829E-03    4.3000720E-01   -4.3000720E-01
 2.5200    5.2759657E-03    4.2102987E-01   -4.2102987E-01
 2.5300    5.1245747E-03    4.1220071E-01   -4.1220071E-01
 2.5400    4.9769917E-03    4.0350063E-01   -4.0350063E-01
 2.5500    4.8331851E-03    3.9493321E-01   -3.9493321E-01
 2.5600    4.6933608E-03    3.8652157E-01   -3.8652157E-01
 2.5700    4.5577673E-03    3.7829296E-01   -3.7829296E-01
 2.5800    4.4264790E-03    3.7026076E-01   -3.7026076E-01
 2.5900    4.2993132E-03    3.6241693E-01   -3.6241693E-01
 2.6000    4.1759337E-03    3.5473999E-01   -3.5473999E-01
 2.6100    4.0560415E-03    3.4721083E-01   -3.4721083E-01
 2.6200    3.9394846E-03    3.3982228E-01   -3.3982228E-01
 2.6300    3.8261985E-03    3.3257443E-01   -3.3257443E-01
 2.6400    3.7160592E-03    3.2546204E-01   -3.2546204E-01
 2.6500    3.6088230E-03    3.1846902E-01   -3.1846902E-01
 2.6600    3.5042416E-03    3.1157828E-01   -3.1157828E-01
 2.6700    3.4022527E-03    3.0478877E-01   -3.0478877E-01
 2.6800    3.3030526E-03    2.9812263E-01   -2.9812263E-01
 2.6900    3.2069640E-03    2.9161409E-01   -2.9161409E-01
 2.7000    3.1142053E-03    2.8528874E-01   -2.8528874E-01
 2.7100    3.0247437E-03    2.7914961E-01   -2.7914961E-01
 2.7200    2.9383283E-03    2.7317943E-01   -2.7317943E-01
 2.7300    2.8546522E-03    2.6735503E-01   -2.6735503E-01
 2.7400    2.7735071E-03    2.6166177E-01   -2.6166177E-01
 2.7500    2.6948204E-03    2.5609735E-01   -2.5609735E-01
 2.7600    2.6185712E-03    2.5066426E-01   -2.5066426E-01
 2.7700    2.5446846E-03    2.4535977E-01   -2.4535977E-01
 2.7800    2.4730094E-03    2.4017357E-01   -2.4017357E-01
 2.7900    2.4033910E-03    2.3509462E-01   -2.3509462E-01
 2.8000    2.3357620E-03    2.3012008E-01   -2.3012008E-01
 2.8100    2.2701633E-03    2.2525768E-01   -2.2525768E-01
 2.8200    2.2066700E-03    2.2051873E-01   -2.2051873E-01
 2.8300    2.1452711E-03    2.1590610E-01   -2.1590610E-01
 2.8400    2.0857902E-03    2.1140593E-01   -2.1140593E-01
 2.8500    2.0279187E-03    2.0699036E-01   -2.0699036E-01
 2.8600    1.9713560E-03    2.0263151E-01   -2.0263151E-01
 2.8700    1.9159670E-03    1.9831779E-01   -1.9831779E-01
 2.8800    1.8618443E-03    1.9406097E-01   -1.9406097E-01
 2.8900    1.8092313E-03    1.8988893E-01   -1.8988893E-01
 2.9000    1.7583568E-03    1.8582873E-01   -1.8582873E-01
 2.9100    1.7092783E-03    1.8188991E-01   -1.8188991E-01
 2.9200    1.6618153E-03    1.7805670E-01   -1.7805670E-01
 2.9300    1.6156063E-03    1.7429328E-01   -1.7429328E-01
 2.9400    1.5702644E-03    1.7056005E-01   -1.7056005E-01
 2.9500    1.5255541E-03    1.6683282E-01   -1.6683282E-01
 2.9600    1.4814921E-03    1.6311452E-01   -1.6311452E-01
 2.9700    1.4383199E-03    1.5943302E-01   -1.5943302E-01
 2.9800    1.3963697E-03    1.5582703E-01   -1.5582703E-01
 2.9900    1.3559054E-03    1.5232867E-01   -1.5232867E-01
 3.0000    1.3170209E-03    1.4895155E-01   -1.4895155E-01
 3.0100    1.2796318E-03    1.4568938E-01   -1.4568938E-01
 3.0200    1.2435473E-03    1.4252337E-01   -1.4252337E-01
 3.0300    1.2085691E-03    1.3943333E-01   -1.3943333E-01
 3.0400    1.1745655E-03    1.3640625E-01   -1.3640625E-01
 3.0500    1.1414923E-03    1.3343892E-01   -1.3343892E-01
 3.0600    1.1093659E-03    1.3053516E-01   -1.3053516E-01
 3.0700    1.0782179E-03    1.2770067E-01   -1.2770067E-01
 3.0800    1.0480610E-03    1.2493895E-01   -1.2493895E-01
 3.0900    1.0188734E-03    1.2224948E-01   -1.2224948E-01
 3.1000    9.9059821E-04    1.1962744E-01   -1.1962744E-01
 3.1100    9.6314933E-04    1.1706424E-01   -1.1706424E-01
 3.1200    9.3642904E-04    1.1454969E-01   -1.1454969E-01
 3.1300    9.1035586E-04    1.1207525E-01   -1.1207525E-01
 3.1400    8.8488748E-04    1.0963702E-01   -1.0963702E-01
 3.1500    8.6002324E-04    1.0723614E-01   -1.0723614E-01
 3.1600    8.3578710E-04    1.0487686E-01   -1.0487686E-01
 3.1700    8.1220747E-04    1.0256410E-01   -1.0256410E-01
 3.1800    7.8930691E-04    1.0030210E-01   -1.0030210E-01
 3.1900    7.6710004E-04    9.8094178E-02   -9.8094178E-02
 3.2000    7.4559151E-04    9.5942444E-02   -9.5942444E-02
 3.2100    7.2477163E-04    9.3847155E-02   -9.3847155E-02
 3.2200    7.0461426E-04    9.1806416E-02   -9.1806416E-02
 3.2300    6.8508095E-04    8.9816640E-02   -8.9816640E-02
 3.2400    6.6612876E-04    8.7873530E-02   -8.7873530E-02
 3.2500    6.4771667E-04    8.5972916E-02   -8.5972916E-02
 3.2600    6.2980871E-04    8.4111180E-02   -8.4111180E-02
 3.2700    6.1237464E-04    8.2285359E-02   -8.2285359E-02
 3.2800    5.9538874E-04    8.0493010E-02   -8.0493010E-02
 3.2900    5.7882755E-04    7.8731921E-02   -7.8731921E-02
 3.3000    5.6266941E-04    7.7000057E-02   -7.7000057E-02
 3.3100    5.4689888E-04    7.5296170E-02   -7.5296170E-02
 3.3200    5.3151439E-04    7.3620889E-02   -7.3620889E-02
 3.3300    5.1653198E-04    7.1977298E-02   -7.1977298E-02
 3.3400    5.0197871E-04    7.0370088E-02   -7.0370088E-02
 3.3500    4.8787665E-04    6.8803338E-02   -6.8803338E-02
 3.3600    4.7422745E-04    6.7278316E-02   -6.7278316E-02
 3.3700    4.6100893E-04    6.5792896E-02   -6.5792896E-02
 3.3800    4.4818572E-04    6.4342997E-02   -6.4342997E-02
 3.3900    4.3572455E-04    6.2924719E-02   -6.2924719E-02
 3.4000    4.2360328E-04    6.1535682E-02   -6.1535682E-02
 3.4100    4.1181207E-04    6.0175221E-02   -6.0175221E-02
 3.4200    4.0035121E-04    5.8844140E-02   -5.8844140E-02
 3.4300    3.8922820E-04    5.7544311E-02   -5.7544311E-02
 3.4400    3.7845115E-04    5.6277730E-02   -5.6277730E-02
 3.4500    3.6801842E-04    5.5044966E-02   -5.5044966E-02
 3.4600    3.5791143E-04    5.3844039E-02   -5.3844039E-02
 3.4700    3.4809860E-04    5.2670942E-02   -5.2670942E-02
 3.4800    3.3854919E-04    5.1521694E-02   -5.1521694E-02
 3.4900    3.2924643E-04    5.0394344E-02   -5.0394344E-02
 3.5000    3.2019000E-04    4.9289421E-02   -4.9289421E-02
 3.5100    3.1138847E-04    4.8208834E-02   -4.8208834E-02
 3.5200    3.0285033E-04    4.7154510E-02   -4.7154510E-02
 3.5300    2.9457986E-04    4.6127756E-02   -4.6127756E-02
 3.5400    2.8657672E-04    4.5129165E-02   -4.5129165E-02
 3.5500    2.7883375E-04    4.4158256E-02   -4.4158256E-02
 3.5600    2.7133220E-04    4.3212679E-02   -4.3212679E-02
 3.5700    2.6403960E-04    4.2287826E-02   -4.2287826E-02
 3.5800    2.5691695E-04    4.1377922E-02   -4.1377922E-02
 3.5900    2.4993448E-04    4.0478549E-02   -4.0478549E-02
 3.6000    2.4308643E-04    3.9589096E-02   -3.9589096E-02
 3.6100    2.3639332E-04    3.8713235E-02   -3.8713235E-02
 3.6200    2.2988834E-04    3.7856805E-02   -3.7856805E-02
 3.6300    2.2359661E-04    3.7024426E-02   -3.7024426E-02
 3.6400    2.1752142E-04    3.6217183E-02   -3.6217183E-02
 3.6500    2.1164588E-04    3.5432795E-02   -3.5432795E-02
 3.6600    2.0594567E-04    3.4667674E-02   -3.4667674E-02
 3.6700    2.0040066E-04    3.3918852E-02   -3.3918852E-02
 3.6800    1.9499685E-04    3.3184334E-02   -3.3184334E-02
 3.6900    1.8972114E-04    3.2462229E-02   -3.2462229E-02
 3.7000    1.8455835E-04    3.1750240E-02   -3.1750240E-02
 3.7100    1.7949576E-04    3.1046444E-02   -3.1046444E-02
 3.7200    1.7453123E-04    3.0350712E-02   -3.0350712E-02
 3.7300    1.6967640E-04    2.9665315E-02   -2.9665315E-02
 3.7400    1.6495090E-04    2.8993975E-02   -2.8993975E-02
 3.7500    1.6037108E-04    2.8339910E-02   -2.8339910E-02
 3.7600    1.5594103E-04    2.7704222E-02   -2.7704222E-02
 3.7700    1.5165149E-04    2.7085649E-02   -2.7085649E-02
 3.7800    1.4748669E-04    2.6481726E-02   -2.6481726E-02
 3.7900    1.4343369E-04    2.5890442E-02   -2.5890442E-02
 3.8000    1.3948800E-04    2.5311267E-02   -2.5311267E-02
 3.8100    1.3565234E-04    2.4744979E-02   -2.4744979E-02
 3.8200    1.3193078E-04    2.4192610E-02   -2.4192610E-02
 3.8300    1.2832286E-04    2.3654373E-02   -2.3654373E-02
 3.8400    1.2482149E-04    2.3129256E-02   -2.3129256E-02
 3.8500    1.2141518E-04    2.2615402E-02   -2.2615402E-02
 3.8600    1.1809327E-04    2.2111063E-02   -2.2111063E-02
 3.8700    1.1485212E-04    2.1615775E-02   -2.1615775E-02
 3.8800    1.1169971E-04    2.1131258E-02   -2.1131258E-02
 3.8900    1.0865423E-04    2.0661209E-02   -2.0661209E-02
 3.9000    1.0573453E-04    2.0209516E-02   -2.0209516E-02
 3.9100    1.0294663E-04    1.9777688E-02   -1.9777688E-02
 3.9200    1.0027643E-04    1.9363366E-02   -1.9363366E-02
 3.9300    9.7695017E-05    1.8961268E-02   -1.8961268E-02
 3.9400    9.5173276E-05    1.8565956E-02   -1.8565956E-02
 3.9500    9.2695306E-05    1.8174472E-02   -1.8174472E-02
 3.9600    9.0262498E-05    1.7787200E-02   -1.7787200E-02
 3.9700    8.7887619E-05    1.7406786E-02   -1.7406786E-02
 3.9800    8.5584097E-05    1.7036057E-02   -1.7036057E-02
 3.9900    8.3356838E-05    1.6676192E-02   -1.6676192E-02
 4.0000    8.1198746E-05    1.6325976E-02   -1.6325976E-02
 4.0100    7.9093867E-05    1.5982379E-02   -1.5982379E-02
 4.0200    7.7025414E-05    1.5642134E-02   -1.5642134E-02
 4.0300    7.4985095E-05    1.5303646E-02   -1.5303646E-02
 4.0400    7.2979032E-05    1.4968238E-02   -1.4968238E-02
 4.0500    7.1025776E-05    1.4639825E-02   -1.4639825E-02
 4.0600    6.9145506E-05    1.4322733E-02   -1.4322733E-02
 4.0700    6.7346066E-05    1.4018802E-02   -1.4018802E-02
 4.0800    6.5615695E-05    1.3725808E-02   -1.3725808E-02
 4.0900    6.3928531E-05    1.3438513E-02   -1.3438513E-02
 4.1000    6.2259022E-05    1.3151639E-02   -1.3151639E-02
 4.1100    6.0594525E-05    1.2862545E-02   -1.2862545E-02
 4.1200    5.8937883E-05    1.2571840E-02   -1.2571840E-02
 4.1300    5.7300777E-05    1.2282039E-02   -1.2282039E-02
 4.1400    5.5695234E-05    1.1995782E-02   -1.1995782E-02
 4.1500    5.4129646E-05    1.1714972E-02   -1.1714972E-02
 4.1600    5.2609665E-05    1.1440949E-02   -1.1440949E-02
 4.1700    5.1140169E-05    1.1174912E-02   -1.1174912E-02
 4.1800    4.9725296E-05    1.0917918E-02   -1.0917918E-02
 4.1900    4.8366477E-05    1.0670441E-02   -1.0670441E-02
 4.2000    4.7059895E-05    1.0431804E-02   -1.0431804E-02
 4.2100    4.5795320E-05    1.0199882E-02   -1.0199882E-02
 4.2200    4.4558392E-05    9.9715869E-03   -9.9715869E-03
 4.2300    4.3336899E-05    9.7442502E-03   -9.7442502E-03
 4.2400    4.2127700E-05    9.5172029E-03   -9.5172029E-03
 4.2500    4.0938834E-05    9.2922995E-03   -9.2922995E-03
 4.2600    3.9784742E-05    9.0728893E-03   -9.0728893E-03
 4.2700    3.8679025E-05    8.8621915E-03   -8.8621915E-03
 4.2800    3.7631539E-05    8.6626223E-03   -8.6626223E-03
 4.2900    3.6651965E-05    8.4766005E-03   -8.4766005E-03
 4.3000    3.5754980E-05    8.3077481E-03   -8.3077481E-03
 4.3100    3.4960118E-05    8.1608856E-03   -8.1608856E-03
 4.3200    3.4284776E-05    8.0404189E-03   -8.0404189E-03
 4.3300    3.3735947E-05    7.9483790E-03   -7.9483790E-03
 4.3400    3.3307215E-05    7.8836555E-03   -7.8836555E-03
 4.3500    3.2982107E-05    7.8427212E-03   -7.8427212E-03
