# total charge: 11.000000 
# r(A)     rho (e/A^3)     4*pi*r^2*rho(e/A)  dip  
 0.0000    4.9940025E+00    0.0000000E+00    8.7767302E+01
 0.0100    4.9895324E+00    6.2700313E-03    8.7323290E+01
 0.0200    4.9838878E+00    2.5051753E-02    8.6004341E+01
 0.0300    4.9768358E+00    5.6286687E-02    8.3849033E+01
 0.0400    4.9681313E+00    9.9890207E-02    8.0919541E+01
 0.0500    4.9575091E+00    1.5574474E-01    7.7298627E+01
 0.0600    4.9446783E+00    2.2369197E-01    7.3085721E+01
 0.0700    4.9293473E+00    3.0352563E-01    6.8392340E+01
 0.0800    4.9112847E+00    3.9498895E-01    6.3337153E+01
 0.0900    4.8903801E+00    4.9778007E-01    5.8040975E+01
 0.1000    4.8666627E+00    6.1156287E-01    5.2621997E+01
 0.1100    4.8402665E+00    7.3597745E-01    4.7191501E+01
 0.1200    4.8113721E+00    8.7064538E-01    4.1850287E+01
 0.1300    4.7801577E+00    1.0151700E+00    3.6685920E+01
 0.1400    4.7467775E+00    1.1691354E+00    3.1770907E+01
 0.1500    4.7113632E+00    1.3321066E+00    2.7161764E+01
 0.1600    4.6740364E+00    1.5036332E+00    2.2898950E+01
 0.1700    4.6349194E+00    1.6832549E+00    1.9007542E+01
 0.1800    4.5941386E+00    1.8705054E+00    1.5498529E+01
 0.1900    4.5518191E+00    2.0649144E+00    1.2370565E+01
 0.2000    4.5080762E+00    2.2660063E+00    9.6120064E+00
 0.2100    4.4630125E+00    2.4732986E+00    7.2030925E+00
 0.2200    4.4167216E+00    2.6863045E+00    5.1181059E+00
 0.2300    4.3692965E+00    2.9045379E+00    3.3274104E+00
 0.2400    4.3208351E+00    3.1275196E+00    1.7992771E+00
 0.2500    4.2714403E+00    3.3547813E+00    5.0144477E-01
 0.2600    4.2212175E+00    3.5858679E+00   -5.9761469E-01
 0.2700    4.1702708E+00    3.8203367E+00   -1.5277311E+00
 0.2800    4.1186995E+00    4.0577569E+00   -2.3163576E+00
 0.2900    4.0665966E+00    4.2977084E+00   -2.9881513E+00
 0.3000    4.0140479E+00    4.5397812E+00   -3.5647746E+00
 0.3100    3.9611330E+00    4.7835760E+00   -4.0648758E+00
 0.3200    3.9079261E+00    5.0287051E+00   -4.5042057E+00
 0.3300    3.8544973E+00    5.2747938E+00   -4.8958287E+00
 0.3400    3.8009122E+00    5.5214804E+00   -5.2503921E+00
 0.3500    3.7472311E+00    5.7684142E+00   -5.5764240E+00
 0.3600    3.6935087E+00    6.0152543E+00   -5.8806359E+00
 0.3700    3.6397932E+00    6.2616678E+00   -6.1682161E+00
 0.3800    3.5861272E+00    6.5073287E+00   -6.4431004E+00
 0.3900    3.5325477E+00    6.7519173E+00   -6.7082131E+00
 0.4000    3.4790869E+00    6.9951192E+00   -6.9656766E+00
 0.4100    3.4257717E+00    7.2366238E+00   -7.2169863E+00
 0.4200    3.3726240E+00    7.4761218E+00   -7.4631543E+00
 0.4300    3.3196602E+00    7.7133032E+00   -7.7048254E+00
 0.4400    3.2668919E+00    7.9478557E+00   -7.9423684E+00
 0.4500    3.2143262E+00    8.1794639E+00   -8.1759475E+00
 0.4600    3.1619666E+00    8.4078083E+00   -8.4055773E+00
 0.4700    3.1098128E+00    8.6325644E+00   -8.6311631E+00
 0.4800    3.0578618E+00    8.8534020E+00   -8.8525305E+00
 0.4900    3.0061075E+00    9.0699841E+00   -9.0694475E+00
 0.5000    2.9545417E+00    9.2819664E+00   -9.2816393E+00
 0.5100    2.9031542E+00    9.4889974E+00   -9.4888000E+00
 0.5200    2.8519335E+00    9.6907177E+00   -9.6905997E+00
 0.5300    2.8008664E+00    9.8867601E+00   -9.8866903E+00
 0.5400    2.7499393E+00    1.0076750E+01   -1.0076709E+01
 0.5500    2.6991382E+00    1.0260307E+01   -1.0260284E+01
 0.5600    2.6484499E+00    1.0437048E+01   -1.0437034E+01
 0.5700    2.5978616E+00    1.0606585E+01   -1.0606578E+01
 0.5800    2.5473621E+00    1.0768533E+01   -1.0768528E+01
 0.5900    2.4969409E+00    1.0922503E+01   -1.0922500E+01
 0.6000    2.4465893E+00    1.1068109E+01   -1.1068108E+01
 0.6100    2.3963001E+00    1.1204971E+01   -1.1204970E+01
 0.6200    2.3460684E+00    1.1332714E+01   -1.1332713E+01
 0.6300    2.2958922E+00    1.1450975E+01   -1.1450974E+01
 0.6400    2.2457719E+00    1.1559404E+01   -1.1559404E+01
 0.6500    2.1957109E+00    1.1657670E+01   -1.1657669E+01
 0.6600    2.1457156E+00    1.1745457E+01   -1.1745457E+01
 0.6700    2.0957952E+00    1.1822473E+01   -1.1822473E+01
 0.6800    2.0459618E+00    1.1888449E+01   -1.1888449E+01
 0.6900    1.9962305E+00    1.1943146E+01   -1.1943146E+01
 0.7000    1.9466198E+00    1.1986354E+01   -1.1986354E+01
 0.7100    1.8971511E+00    1.2017897E+01   -1.2017897E+01
 0.7200    1.8478491E+00    1.2037640E+01   -1.2037640E+01
 0.7300    1.7987413E+00    1.2045485E+01   -1.2045485E+01
 0.7400    1.7498580E+00    1.2041376E+01   -1.2041376E+01
 0.7500    1.7012319E+00    1.2025300E+01   -1.2025300E+01
 0.7600    1.6528980E+00    1.1997289E+01   -1.1997289E+01
 0.7700    1.6048936E+00    1.1957422E+01   -1.1957422E+01
 0.7800    1.5572578E+00    1.1905828E+01   -1.1905828E+01
 0.7900    1.5100313E+00    1.1842680E+01   -1.1842680E+01
 0.8000    1.4632559E+00    1.1768202E+01   -1.1768202E+01
 0.8100    1.4169746E+00    1.1682666E+01   -1.1682666E+01
 0.8200    1.3712311E+00    1.1586392E+01   -1.1586392E+01
 0.8300    1.3260698E+00    1.1479750E+01   -1.1479750E+01
 0.8400    1.2815353E+00    1.1363157E+01   -1.1363157E+01
 0.8500    1.2376720E+00    1.1237075E+01   -1.1237075E+01
 0.8600    1.1945234E+00    1.1102005E+01   -1.1102005E+01
 0.8700    1.1521315E+00    1.0958483E+01   -1.0958483E+01
 0.8800    1.1105371E+00    1.0807078E+01   -1.0807078E+01
 0.8900    1.0697791E+00    1.0648391E+01   -1.0648391E+01
 0.9000    1.0298950E+00    1.0483054E+01   -1.0483054E+01
 0.9100    9.9092043E-01    1.0311728E+01   -1.0311728E+01
 0.9200    9.5288865E-01    1.0135091E+01   -1.0135091E+01
 0.9300    9.1583024E-01    9.9538419E+00   -9.9538419E+00
 0.9400    8.7977257E-01    9.7686824E+00   -9.7686824E+00
 0.9500    8.4473960E-01    9.5803181E+00   -9.5803181E+00
 0.9600    8.1075173E-01    9.3894513E+00   -9.3894513E+00
 0.9700    7.7782577E-01    9.1967771E+00   -9.1967771E+00
 0.9800    7.4597494E-01    9.0029793E+00   -9.0029793E+00
 0.9900    7.1520879E-01    8.8087258E+00   -8.8087258E+00
 1.0000    6.8553324E-01    8.6146647E+00   -8.6146647E+00
 1.0100    6.5695045E-01    8.4214180E+00   -8.4214180E+00
 1.0200    6.2945866E-01    8.2295753E+00   -8.2295753E+00
 1.0300    6.0305205E-01    8.0396865E+00   -8.0396865E+00
 1.0400    5.7772067E-01    7.8522560E+00   -7.8522560E+00
 1.0500    5.5345059E-01    7.6677389E+00   -7.6677389E+00
 1.0600    5.3022416E-01    7.4865393E+00   -7.4865393E+00
 1.0700    5.0802036E-01    7.3090097E+00   -7.3090097E+00
 1.0800    4.8681501E-01    7.1354494E+00   -7.1354494E+00
 1.0900    4.6658090E-01    6.9661018E+00   -6.9661018E+00
 1.1000    4.4728783E-01    6.8011494E+00   -6.8011494E+00
 1.1100    4.2890264E-01    6.6407104E+00   -6.6407104E+00
 1.1200    4.1138937E-01    6.4848356E+00   -6.4848356E+00
 1.1300    3.9470954E-01    6.3335088E+00   -6.3335088E+00
 1.1400    3.7882258E-01    6.1866483E+00   -6.1866483E+00
 1.1500    3.6368619E-01    6.0441100E+00   -6.0441100E+00
 1.1600    3.4925686E-01    5.9056920E+00   -5.9056920E+00
 1.1700    3.3549035E-01    5.7711401E+00   -5.7711401E+00
 1.1800    3.2234242E-01    5.6401589E+00   -5.6401589E+00
 1.1900    3.0976989E-01    5.5124288E+00   -5.5124288E+00
 1.2000    2.9773201E-01    5.3876315E+00   -5.3876315E+00
 1.2100    2.8619191E-01    5.2654800E+00   -5.2654800E+00
 1.2200    2.7511780E-01    5.1457444E+00   -5.1457444E+00
 1.2300    2.6448337E-01    5.0282684E+00   -5.0282684E+00
 1.2400    2.5426740E-01    4.9129678E+00   -4.9129678E+00
 1.2500    2.4445269E-01    4.7998174E+00   -4.7998174E+00
 1.2600    2.3502470E-01    4.6888298E+00   -4.6888298E+00
 1.2700    2.2597043E-01    4.5800362E+00   -4.5800362E+00
 1.2800    2.1727756E-01    4.4734715E+00   -4.4734715E+00
 1.2900    2.0893402E-01    4.3691649E+00   -4.3691649E+00
 1.3000    2.0092774E-01    4.2671357E+00   -4.2671357E+00
 1.3100    1.9324661E-01    4.1673918E+00   -4.1673918E+00
 1.3200    1.8587852E-01    4.0699300E+00   -4.0699300E+00
 1.3300    1.7881143E-01    3.9747373E+00   -3.9747373E+00
 1.3400    1.7203337E-01    3.8817911E+00   -3.8817911E+00
 1.3500    1.6553249E-01    3.7910599E+00   -3.7910599E+00
 1.3600    1.5929707E-01    3.7025033E+00   -3.7025033E+00
 1.3700    1.5331564E-01    3.6160752E+00   -3.6160752E+00
 1.3800    1.4757708E-01    3.5317255E+00   -3.5317255E+00
 1.3900    1.4207072E-01    3.4494038E+00   -3.4494038E+00
 1.4000    1.3678633E-01    3.3690592E+00   -3.3690592E+00
 1.4100    1.3171410E-01    3.2906400E+00   -3.2906400E+00
 1.4200    1.2684458E-01    3.2140933E+00   -3.2140933E+00
 1.4300    1.2216864E-01    3.1393642E+00   -3.1393642E+00
 1.4400    1.1767753E-01    3.0663972E+00   -3.0663972E+00
 1.4500    1.1336289E-01    2.9951377E+00   -2.9951377E+00
 1.4600    1.0921680E-01    2.9255330E+00   -2.9255330E+00
 1.4700    1.0523177E-01    2.8575340E+00   -2.8575340E+00
 1.4800    1.0140076E-01    2.7910944E+00   -2.7910944E+00
 1.4900    9.7717093E-02    2.7261700E+00   -2.7261700E+00
 1.5000    9.4174397E-02    2.6627184E+00   -2.6627184E+00
 1.5100    9.0766613E-02    2.6006978E+00   -2.6006978E+00
 1.5200    8.7487986E-02    2.5400687E+00   -2.5400687E+00
 1.5300    8.4333087E-02    2.4807941E+00   -2.4807941E+00
 1.5400    8.1296821E-02    2.4228407E+00   -2.4228407E+00
 1.5500    7.8374397E-02    2.3661783E+00   -2.3661783E+00
 1.5600    7.5561290E-02    2.3107791E+00   -2.3107791E+00
 1.5700    7.2853191E-02    2.2566164E+00   -2.2566164E+00
 1.5800    7.0245984E-02    2.2036648E+00   -2.2036648E+00
 1.5900    6.7735733E-02    2.1518993E+00   -2.1518993E+00
 1.6000    6.5318688E-02    2.1012962E+00   -2.1012962E+00
 1.6100    6.2991294E-02    2.0518336E+00   -2.0518336E+00
 1.6200    6.0750189E-02    2.0034916E+00   -2.0034916E+00
 1.6300    5.8592174E-02    1.9562515E+00   -1.9562515E+00
 1.6400    5.6514181E-02    1.9100951E+00   -1.9100951E+00
 1.6500    5.4513250E-02    1.8650043E+00   -1.8650043E+00
 1.6600    5.2586517E-02    1.8209602E+00   -1.8209602E+00
 1.6700    5.0731221E-02    1.7779442E+00   -1.7779442E+00
 1.6800    4.8944709E-02    1.7359379E+00   -1.7359379E+00
 1.6900    4.7224430E-02    1.6949231E+00   -1.6949231E+00
 1.7000    4.5567922E-02    1.6548816E+00   -1.6548816E+00
 1.7100    4.3972801E-02    1.6157948E+00   -1.6157948E+00
 1.7200    4.2436759E-02    1.5776438E+00   -1.5776438E+00
 1.7300    4.0957558E-02    1.5404093E+00   -1.5404093E+00
 1.7400    3.9533031E-02    1.5040715E+00   -1.5040715E+00
 1.7500    3.8161084E-02    1.4686106E+00   -1.4686106E+00
 1.7600    3.6839691E-02    1.4340067E+00   -1.4340067E+00
 1.7700    3.5566895E-02    1.4002396E+00   -1.4002396E+00
 1.7800    3.4340804E-02    1.3672890E+00   -1.3672890E+00
 1.7900    3.3159586E-02    1.3351345E+00   -1.3351345E+00
 1.8000    3.2021475E-02    1.3037556E+00   -1.3037556E+00
 1.8100    3.0924765E-02    1.2731320E+00   -1.2731320E+00
 1.8200    2.9867819E-02    1.2432434E+00   -1.2432434E+00
 1.8300    2.8849063E-02    1.2140701E+00   -1.2140701E+00
 1.8400    2.7866982E-02    1.1855925E+00   -1.1855925E+00
 1.8500    2.6920116E-02    1.1577912E+00   -1.1577912E+00
 1.8600    2.6007064E-02    1.1306471E+00   -1.1306471E+00
 1.8700    2.5126485E-02    1.1041417E+00   -1.1041417E+00
 1.8800    2.4277099E-02    1.0782572E+00   -1.0782572E+00
 1.8900    2.3457689E-02    1.0529765E+00   -1.0529765E+00
 1.9000    2.2667094E-02    1.0282836E+00   -1.0282836E+00
 1.9100    2.1904206E-02    1.0041627E+00   -1.0041627E+00
 1.9200    2.1167966E-02    9.8059903E-01   -9.8059903E-01
 1.9300    2.0457365E-02    9.5757803E-01   -9.5757803E-01
 1.9400    1.9771434E-02    9.3508585E-01   -9.3508585E-01
 1.9500    1.9109248E-02    9.1310913E-01   -9.1310913E-01
 1.9600    1.8469924E-02    8.9163501E-01   -8.9163501E-01
 1.9700    1.7852618E-02    8.7065127E-01   -8.7065127E-01
 1.9800    1.7256529E-02    8.5014632E-01   -8.5014632E-01
 1.9900    1.6680893E-02    8.3010935E-01   -8.3010935E-01
 2.0000    1.6124988E-02    8.1053029E-01   -8.1053029E-01
 2.0100    1.5588127E-02    7.9139975E-01   -7.9139975E-01
 2.0200    1.5069655E-02    7.7270887E-01   -7.7270887E-01
 2.0300    1.4568942E-02    7.5444912E-01   -7.5444912E-01
 2.0400    1.4085383E-02    7.3661212E-01   -7.3661212E-01
 2.0500    1.3618392E-02    7.1918961E-01   -7.1918961E-01
 2.0600    1.3167401E-02    7.0217341E-01   -7.0217341E-01
 2.0700    1.2731866E-02    6.8555548E-01   -6.8555548E-01
 2.0800    1.2311258E-02    6.6932794E-01   -6.6932794E-01
 2.0900    1.1905069E-02    6.5348309E-01   -6.5348309E-01
 2.1000    1.1512810E-02    6.3801339E-01   -6.3801339E-01
 2.1100    1.1134008E-02    6.2291145E-01   -6.2291145E-01
 2.1200    1.0768206E-02    6.0816995E-01   -6.0816995E-01
 2.1300    1.0414964E-02    5.9378172E-01   -5.9378172E-01
 2.1400    1.0073852E-02    5.7973964E-01   -5.7973964E-01
 2.1500    9.7444599E-03    5.6603665E-01   -5.6603665E-01
 2.1600    9.4263832E-03    5.5266563E-01   -5.5266563E-01
 2.1700    9.1192283E-03    5.3961923E-01   -5.3961923E-01
 2.1800    8.8226077E-03    5.2688983E-01   -5.2688983E-01
 2.1900    8.5361410E-03    5.1446955E-01   -5.1446955E-01
 2.2000    8.2594587E-03    5.0235047E-01   -5.0235047E-01
 2.2100    7.9922052E-03    4.9052488E-01   -4.9052488E-01
 2.2200    7.7340406E-03    4.7898538E-01   -4.7898538E-01
 2.2300    7.4846386E-03    4.6772483E-01   -4.6772483E-01
 2.2400    7.2436830E-03    4.5673610E-01   -4.5673610E-01
 2.2500    7.0108650E-03    4.4601196E-01   -4.4601196E-01
 2.2600    6.7858826E-03    4.3554505E-01   -4.3554505E-01
 2.2700    6.5684429E-03    4.2532803E-01   -4.2532803E-01
 2.2800    6.3582649E-03    4.1535379E-01   -4.1535379E-01
 2.2900    6.1550803E-03    4.0561551E-01   -4.0561551E-01
 2.3000    5.9586326E-03    3.9610666E-01   -3.9610666E-01
 2.3100    5.7686757E-03    3.8682092E-01   -3.8682092E-01
 2.3200    5.5849726E-03    3.7775209E-01   -3.7775209E-01
 2.3300    5.4072953E-03    3.6889417E-01   -3.6889417E-01
 2.3400    5.2354252E-03    3.6024133E-01   -3.6024133E-01
 2.3500    5.0691535E-03    3.5178801E-01   -3.5178801E-01
 2.3600    4.9082814E-03    3.4352894E-01   -3.4352894E-01
 2.3700    4.7526198E-03    3.3545914E-01   -3.3545914E-01
 2.3800    4.6019886E-03    3.2757392E-01   -3.2757392E-01
 2.3900    4.4562161E-03    3.1986882E-01   -3.1986882E-01
 2.4000    4.3151378E-03    3.1233958E-01   -3.1233958E-01
 2.4100    4.1785963E-03    3.0498211E-01   -3.0498211E-01
 2.4200    4.0464407E-03    2.9779251E-01   -2.9779251E-01
 2.4300    3.9185269E-03    2.9076709E-01   -2.9076709E-01
 2.4400    3.7947174E-03    2.8390233E-01   -2.8390233E-01
 2.4500    3.6748808E-03    2.7719494E-01   -2.7719494E-01
 2.4600    3.5588914E-03    2.7064176E-01   -2.7064176E-01
 2.4700    3.4466283E-03    2.6423979E-01   -2.6423979E-01
 2.4800    3.3379753E-03    2.5798612E-01   -2.5798612E-01
 2.4900    3.2328207E-03    2.5187797E-01   -2.5187797E-01
 2.5000    3.1310568E-03    2.4591263E-01   -2.4591263E-01
 2.5100    3.0325794E-03    2.4008747E-01   -2.4008747E-01
 2.5200    2.9372872E-03    2.3439987E-01   -2.3439987E-01
 2.5300    2.8450811E-03    2.2884718E-01   -2.2884718E-01
 2.5400    2.7558641E-03    2.2342671E-01   -2.2342671E-01
 2.5500    2.6695414E-03    2.1813577E-01   -2.1813577E-01
 2.5600    2.5860207E-03    2.1297165E-01   -2.1297165E-01
 2.5700    2.5052122E-03    2.0793167E-01   -2.0793167E-01
 2.5800    2.4270282E-03    2.0301312E-01   -2.0301312E-01
 2.5900    2.3513835E-03    1.9821333E-01   -1.9821333E-01
 2.6000    2.2781954E-03    1.9352966E-01   -1.9352966E-01
 2.6100    2.2073835E-03    1.8895948E-01   -1.8895948E-01
 2.6200    2.1388695E-03    1.8450016E-01   -1.8450016E-01
 2.6300    2.0725758E-03    1.8014897E-01   -1.8014897E-01
 2.6400    2.0084252E-03    1.7590305E-01   -1.7590305E-01
 2.6500    1.9463419E-03    1.7175949E-01   -1.7175949E-01
 2.6600    1.8862535E-03    1.6771550E-01   -1.6771550E-01
 2.6700    1.8280920E-03    1.6376853E-01   -1.6376853E-01
 2.6800    1.7717936E-03    1.5991624E-01   -1.5991624E-01
 2.6900    1.7172960E-03    1.5615632E-01   -1.5615632E-01
 2.7000    1.6645365E-03    1.5248626E-01   -1.5248626E-01
 2.7100    1.6134514E-03    1.4890330E-01   -1.4890330E-01
 2.7200    1.5639779E-03    1.4540464E-01   -1.4540464E-01
 2.7300    1.5160563E-03    1.4198762E-01   -1.4198762E-01
 2.7400    1.4696317E-03    1.3864988E-01   -1.3864988E-01
 2.7500    1.4246534E-03    1.3538934E-01   -1.3538934E-01
 2.7600    1.3810733E-03    1.3220405E-01   -1.3220405E-01
 2.7700    1.3388446E-03    1.2909207E-01   -1.2909207E-01
 2.7800    1.2979219E-03    1.2605150E-01   -1.2605150E-01
 2.7900    1.2582615E-03    1.2308048E-01   -1.2308048E-01
 2.8000    1.2198218E-03    1.2017727E-01   -1.2017727E-01
 2.8100    1.1825632E-03    1.1734021E-01   -1.1734021E-01
 2.8200    1.1464473E-03    1.1456770E-01   -1.1456770E-01
 2.8300    1.1114365E-03    1.1185809E-01   -1.1185809E-01
 2.8400    1.0774938E-03    1.0920973E-01   -1.0920973E-01
 2.8500    1.0445839E-03    1.0662104E-01   -1.0662104E-01
 2.8600    1.0126738E-03    1.0409060E-01   -1.0409060E-01
 2.8700    9.8173386E-04    1.0161725E-01   -1.0161725E-01
 2.8800    9.5173695E-04    9.9200022E-02   -9.9200022E-02
 2.8900    9.2265783E-04    9.6838091E-02   -9.6838091E-02
 2.9000    8.9447198E-04    9.4530640E-02   -9.4530640E-02
 2.9100    8.6715478E-04    9.2276787E-02   -9.2276787E-02
 2.9200    8.4068104E-04    9.0075529E-02   -9.0075529E-02
 2.9300    8.1502492E-04    8.7925732E-02   -8.7925732E-02
 2.9400    7.9016044E-04    8.5826185E-02   -8.5826185E-02
 2.9500    7.6606261E-04    8.3775719E-02   -8.3775719E-02
 2.9600    7.4270868E-04    8.1773349E-02   -8.1773349E-02
 2.9700    7.2007843E-04    7.9818317E-02   -7.9818317E-02
 2.9800    6.9815332E-04    7.7910000E-02   -7.7910000E-02
 2.9900    6.7691482E-04    7.6047731E-02   -7.6047731E-02
 3.0000    6.5634321E-04    7.4230668E-02   -7.4230668E-02
 3.0100    6.3641770E-04    7.2457794E-02   -7.2457794E-02
 3.0200    6.1711741E-04    7.0728028E-02   -7.0728028E-02
 3.0300    5.9842239E-04    6.9040345E-02   -6.9040345E-02
 3.0400    5.8031389E-04    6.7393808E-02   -6.7393808E-02
 3.0500    5.6277401E-04    6.5787529E-02   -6.5787529E-02
 3.0600    5.4578513E-04    6.4220609E-02   -6.4220609E-02
 3.0700    5.2932960E-04    6.2692096E-02   -6.2692096E-02
 3.0800    5.1338981E-04    6.1201003E-02   -6.1201003E-02
 3.0900    4.9794839E-04    5.9746319E-02   -5.9746319E-02
 3.1000    4.8298829E-04    5.8327029E-02   -5.8327029E-02
 3.1100    4.6849272E-04    5.6942101E-02   -5.6942101E-02
 3.1200    4.5444513E-04    5.5590491E-02   -5.5590491E-02
 3.1300    4.4082934E-04    5.4271151E-02   -5.4271151E-02
 3.1400    4.2762980E-04    5.2983071E-02   -5.2983071E-02
 3.1500    4.1483196E-04    5.1725319E-02   -5.1725319E-02
 3.1600    4.0242236E-04    5.0497065E-02   -5.0497065E-02
 3.1700    3.9038858E-04    4.9297568E-02   -4.9297568E-02
 3.1800    3.7871884E-04    4.8126138E-02   -4.8126138E-02
 3.1900    3.6740158E-04    4.6982081E-02   -4.6982081E-02
 3.2000    3.5642516E-04    4.5864659E-02   -4.5864659E-02
 3.2100    3.4577769E-04    4.4773072E-02   -4.4773072E-02
 3.2200    3.3544727E-04    4.3706484E-02   -4.3706484E-02
 3.2300    3.2542241E-04    4.2664079E-02   -4.2664079E-02
 3.2400    3.1569259E-04    4.1645135E-02   -4.1645135E-02
 3.2500    3.0624847E-04    4.0649061E-02   -4.0649061E-02
 3.2600    2.9708178E-04    3.9675379E-02   -3.9675379E-02
 3.2700    2.8818484E-04    3.8723670E-02   -3.8723670E-02
 3.2800    2.7955004E-04    3.7793500E-02   -3.7793500E-02
 3.2900    2.7116953E-04    3.6884385E-02   -3.6884385E-02
 3.3000    2.6303534E-04    3.5995802E-02   -3.5995802E-02
 3.3100    2.5513985E-04    3.5127249E-02   -3.5127249E-02
 3.3200    2.4747631E-04    3.4278330E-02   -3.4278330E-02
 3.3300    2.4003909E-04    3.3448782E-02   -3.3448782E-02
 3.3400    2.3282342E-04    3.2638446E-02   -3.2638446E-02
 3.3500    2.2582470E-04    3.1847176E-02   -3.1847176E-02
 3.3600    2.1903791E-04    3.1074754E-02   -3.1074754E-02
 3.3700    2.1245735E-04    3.0320854E-02   -3.0320854E-02
 3.3800    2.0607689E-04    2.9585066E-02   -2.9585066E-02
 3.3900    1.9989032E-04    2.8866958E-02   -2.8866958E-02
 3.4000    1.9389175E-04    2.8166121E-02   -2.8166121E-02
 3.4100    1.8807574E-04    2.7482194E-02   -2.7482194E-02
 3.4200    1.8243729E-04    2.6814870E-02   -2.6814870E-02
 3.4300    1.7697183E-04    2.6163885E-02   -2.6163885E-02
 3.4400    1.7167508E-04    2.5529011E-02   -2.5529011E-02
 3.4500    1.6654286E-04    2.4910020E-02   -2.4910020E-02
 3.4600    1.6157080E-04    2.4306640E-02   -2.4306640E-02
 3.4700    1.5675412E-04    2.3718530E-02   -2.3718530E-02
 3.4800    1.5208766E-04    2.3145274E-02   -2.3145274E-02
 3.4900    1.4756608E-04    2.2586412E-02   -2.2586412E-02
 3.5000    1.4318411E-04    2.2041481E-02   -2.2041481E-02
 3.5100    1.3893680E-04    2.1510049E-02   -2.1510049E-02
 3.5200    1.3481970E-04    2.0991745E-02   -2.0991745E-02
 3.5300    1.3082882E-04    2.0486261E-02   -2.0486261E-02
 3.5400    1.2696053E-04    1.9993329E-02   -1.9993329E-02
 3.5500    1.2321115E-04    1.9512664E-02   -1.9512664E-02
 3.5600    1.1957662E-04    1.9043910E-02   -1.9043910E-02
 3.5700    1.1605237E-04    1.8586615E-02   -1.8586615E-02
 3.5800    1.1263355E-04    1.8140268E-02   -1.8140268E-02
 3.5900    1.0931554E-04    1.7704377E-02   -1.7704377E-02
 3.6000    1.0609433E-04    1.7278540E-02   -1.7278540E-02
 3.6100    1.0296676E-04    1.6862474E-02   -1.6862474E-02
 3.6200    9.9930234E-05    1.6455986E-02   -1.6455986E-02
 3.6300    9.6982538E-05    1.6058932E-02   -1.6058932E-02
 3.6400    9.4121519E-05    1.5671175E-02   -1.5671175E-02
 3.6500    9.1344889E-05    1.5292548E-02   -1.5292548E-02
 3.6600    8.8650001E-05    1.4922816E-02   -1.4922816E-02
 3.6700    8.6033718E-05    1.4561653E-02   -1.4561653E-02
 3.6800    8.3492593E-05    1.4208671E-02   -1.4208671E-02
 3.6900    8.1023397E-05    1.3863505E-02   -1.3863505E-02
 3.7000    7.8623754E-05    1.3525929E-02   -1.3525929E-02
 3.7100    7.6292364E-05    1.3195892E-02   -1.3195892E-02
 3.7200    7.4028567E-05    1.2873454E-02   -1.2873454E-02
 3.7300    7.1831504E-05    1.2558636E-02   -1.2558636E-02
 3.7400    6.9699544E-05    1.2251323E-02   -1.2251323E-02
 3.7500    6.7630362E-05    1.1951271E-02   -1.1951271E-02
 3.7600    6.5621478E-05    1.1658202E-02   -1.1658202E-02
 3.7700    6.3670752E-05    1.1371887E-02   -1.1371887E-02
 3.7800    6.1776536E-05    1.1092183E-02   -1.1092183E-02
 3.7900    5.9937540E-05    1.0819002E-02   -1.0819002E-02
 3.8000    5.8152633E-05    1.0552283E-02   -1.0552283E-02
 3.8100    5.6420681E-05    1.0291961E-02   -1.0291961E-02
 3.8200    5.4740472E-05    1.0037952E-02   -1.0037952E-02
 3.8300    5.3110698E-05    9.7901518E-03   -9.7901518E-03
 3.8400    5.1529976E-05    9.5484363E-03   -9.5484363E-03
 3.8500    4.9996911E-05    9.3126760E-03   -9.3126760E-03
 3.8600    4.8510194E-05    9.0827525E-03   -9.0827525E-03
 3.8700    4.7068693E-05    8.8585764E-03   -8.8585764E-03
 3.8800    4.5671456E-05    8.6400882E-03   -8.6400882E-03
 3.8900    4.4317593E-05    8.4272375E-03   -8.4272375E-03
 3.9000    4.3006123E-05    8.2199536E-03   -8.2199536E-03
 3.9100    4.1735889E-05    8.0181292E-03   -8.0181292E-03
 3.9200    4.0505576E-05    7.8216218E-03   -7.8216218E-03
 3.9300    3.9313752E-05    7.6302622E-03   -7.6302622E-03
 3.9400    3.8158921E-05    7.4438634E-03   -7.4438634E-03
 3.9500    3.7039590E-05    7.2622339E-03   -7.2622339E-03
 3.9600    3.5954418E-05    7.0852063E-03   -7.0852063E-03
 3.9700    3.4902389E-05    6.9126733E-03   -6.9126733E-03
 3.9800    3.3882911E-05    6.7446081E-03   -6.7446081E-03
 3.9900    3.2895692E-05    6.5810424E-03   -6.5810424E-03
 4.0000    3.1940395E-05    6.4219974E-03   -6.4219974E-03
 4.0100    3.1016172E-05    6.2673911E-03   -6.2673911E-03
 4.0200    3.0121358E-05    6.1169725E-03   -6.1169725E-03
 4.0300    2.9253524E-05    5.9703275E-03   -5.9703275E-03
 4.0400    2.8409948E-05    5.8269733E-03   -5.8269733E-03
 4.0500    2.7588308E-05    5.6864990E-03   -5.6864990E-03
 4.0600    2.6787212E-05    5.5486770E-03   -5.5486770E-03
 4.0700    2.6006256E-05    5.4134796E-03   -5.4134796E-03
 4.0800    2.5245635E-05    5.2810038E-03   -5.2810038E-03
 4.0900    2.4505637E-05    5.1513668E-03   -5.1513668E-03
 4.1000    2.3786340E-05    5.0246428E-03   -5.0246428E-03
 4.1100    2.3087586E-05    4.9008570E-03   -4.9008570E-03
 4.1200    2.2409075E-05    4.7800037E-03   -4.7800037E-03
 4.1300    2.1750410E-05    4.6620551E-03   -4.6620551E-03
 4.1400    2.1111070E-05    4.5469564E-03   -4.5469564E-03
 4.1500    2.0490406E-05    4.4346222E-03   -4.4346222E-03
 4.1600    1.9887698E-05    4.3249495E-03   -4.3249495E-03
 4.1700    1.9302274E-05    4.2178434E-03   -4.2178434E-03
 4.1800    1.8733608E-05    4.1132383E-03   -4.1132383E-03
 4.1900    1.8181304E-05    4.0110949E-03   -4.0110949E-03
 4.2000    1.7644965E-05    3.9113730E-03   -3.9113730E-03
 4.2100    1.7124086E-05    3.8140067E-03   -3.8140067E-03
 4.2200    1.6618089E-05    3.7189116E-03   -3.7189116E-03
 4.2300    1.6126480E-05    3.6260198E-03   -3.6260198E-03
 4.2400    1.5648949E-05    3.5353038E-03   -3.5353038E-03
 4.2500    1.5185321E-05    3.4467653E-03   -3.4467653E-03
 4.2600    1.4735421E-05    3.3604049E-03   -3.3604049E-03
 4.2700    1.4298995E-05    3.2762056E-03   -3.2762056E-03
 4.2800    1.3875740E-05    3.1941370E-03   -3.1941370E-03
 4.2900    1.3465336E-05    3.1141651E-03   -3.1141651E-03
 4.3000    1.3067472E-05    3.0362558E-03   -3.0362558E-03
 4.3100    1.2681868E-05    2.9603812E-03   -2.9603812E-03
 4.3200    1.2308332E-05    2.8865332E-03   -2.8865332E-03
 4.3300    1.1946796E-05    2.8147324E-03   -2.8147324E-03
 4.3400    1.1597234E-05    2.7450087E-03   -2.7450087E-03
 4.3500    1.1259455E-05    2.6773537E-03   -2.6773537E-03
 4.3600    1.0932932E-05    2.6116770E-03   -2.6116770E-03
 4.3700    1.0616835E-05    2.5478146E-03   -2.5478146E-03
 4.3800    1.0310331E-05    2.4855969E-03   -2.4855969E-03
 4.3900    1.0012889E-05    2.4249250E-03   -2.4249250E-03
 4.4000    9.7243125E-06    2.3657787E-03   -2.3657787E-03
 4.4100    9.4444381E-06    2.3081454E-03   -2.3081454E-03
 4.4200    9.1728192E-06    2.2519422E-03   -2.2519422E-03
 4.4300    8.9087286E-06    2.1970151E-03   -2.1970151E-03
 4.4400    8.6515030E-06    2.1432230E-03   -2.1432230E-03
 4.4500    8.4008967E-06    2.0905258E-03   -2.0905258E-03
 4.4600    8.1571154E-06    2.0389951E-03   -2.0389951E-03
 4.4700    7.9205202E-06    1.9887428E-03   -1.9887428E-03
 4.4800    7.6912892E-06    1.9398361E-03   -1.9398361E-03
 4.4900    7.4692950E-06    1.8922659E-03   -1.8922659E-03
 4.5000    7.2542067E-06    1.8459708E-03   -1.8459708E-03
 4.5100    7.0456320E-06    1.8008722E-03   -1.8008722E-03
 4.5200    6.8431725E-06    1.7568886E-03   -1.7568886E-03
 4.5300    6.6464203E-06    1.7139339E-03   -1.7139339E-03
 4.5400    6.4549881E-06    1.6719259E-03   -1.6719259E-03
 4.5500    6.2685930E-06    1.6308076E-03   -1.6308076E-03
 4.5600    6.0871222E-06    1.5905655E-03   -1.5905655E-03
 4.5700    5.9106067E-06    1.5512233E-03   -1.5512233E-03
 4.5800    5.7391079E-06    1.5128129E-03   -1.5128129E-03
 4.5900    5.5725991E-06    1.4753431E-03   -1.4753431E-03
 4.6000    5.4109230E-06    1.4387883E-03   -1.4387883E-03
 4.6100    5.2538326E-06    1.4030978E-03   -1.4030978E-03
 4.6200    5.1010475E-06    1.3682113E-03   -1.3682113E-03
 4.6300    4.9522788E-06    1.3340648E-03   -1.3340648E-03
 4.6400    4.8072407E-06    1.3005938E-03   -1.3005938E-03
 4.6500    4.6656977E-06    1.2677463E-03   -1.2677463E-03
 4.6600    4.5275414E-06    1.2355039E-03   -1.2355039E-03
 4.6700    4.3928345E-06    1.2038946E-03   -1.2038946E-03
 4.6800    4.2617675E-06    1.1729819E-03   -1.1729819E-03
 4.6900    4.1345431E-06    1.1428338E-03   -1.1428338E-03
 4.7000    4.0112644E-06    1.1134914E-03   -1.1134914E-03
 4.7100    3.8919009E-06    1.0849593E-03   -1.0849593E-03
 4.7200    3.7763489E-06    1.0572215E-03   -1.0572215E-03
 4.7300    3.6645346E-06    1.0302698E-03   -1.0302698E-03
 4.7400    3.5564822E-06    1.0041236E-03   -1.0041236E-03
 4.7500    3.4522957E-06    9.7882504E-04   -9.7882504E-04
 4.7600    3.3520543E-06    9.5440962E-04   -9.5440962E-04
 4.7700    3.2556717E-06    9.3086611E-04   -9.3086611E-04
 4.7800    3.1628125E-06    9.0811134E-04   -9.0811134E-04
 4.7900    3.0729557E-06    8.8600706E-04   -8.8600706E-04
 4.8000    2.9856107E-06    8.6442140E-04   -8.6442140E-04
 4.8100    2.9005616E-06    8.4330002E-04   -8.4330002E-04
 4.8200    2.8179717E-06    8.2269825E-04   -8.2269825E-04
 4.8300    2.7382872E-06    8.0275519E-04   -8.0275519E-04
 4.8400    2.6620325E-06    7.8363521E-04   -7.8363521E-04
 4.8500    2.5896099E-06    7.6546915E-04   -7.6546915E-04
 4.8600    2.5211005E-06    7.4829453E-04   -7.4829453E-04
 4.8700    2.4560188E-06    7.3198043E-04   -7.3198043E-04
 4.8800    2.3931383E-06    7.1617194E-04   -7.1617194E-04
 4.8900    2.3306907E-06    7.0034531E-04   -7.0034531E-04
 4.9000    2.2670746E-06    6.8401848E-04   -6.8401848E-04
 4.9100    2.2017093E-06    6.6701075E-04   -6.6701075E-04
 4.9200    2.1353758E-06    6.4955269E-04   -6.4955269E-04
 4.9300    2.0697540E-06    6.3215335E-04   -6.3215335E-04
 4.9400    2.0065739E-06    6.1534534E-04   -6.1534534E-04
 4.9500    1.9470543E-06    5.9951260E-04   -5.9951260E-04
 4.9600    1.8918522E-06    5.8487146E-04   -5.8487146E-04
 4.9700    1.8411449E-06    5.7149261E-04   -5.7149261E-04
 4.9800    1.7944325E-06    5.5923671E-04   -5.5923671E-04
 4.9900    1.7502018E-06    5.4764494E-04   -5.4764494E-04
 5.0000    1.7060563E-06    5.3597339E-04   -5.3597339E-04
 5.0100    1.6596562E-06    5.2348406E-04   -5.2348406E-04
 5.0200    1.6099818E-06    5.0984512E-04   -5.0984512E-04
 5.0300    1.5579313E-06    4.9532943E-04   -4.9532943E-04
 5.0400    1.5057405E-06    4.8064129E-04   -4.8064129E-04
 5.0500    1.4556983E-06    4.6651327E-04   -4.6651327E-04
 5.0600    1.4091051E-06    4.5337158E-04   -4.5337158E-04
 5.0700    1.3660188E-06    4.4124769E-04   -4.4124769E-04
 5.0800    1.3256399E-06    4.2989547E-04   -4.2989547E-04
 5.0900    1.2868946E-06    4.1897530E-04   -4.1897530E-04
 5.1000    1.2489101E-06    4.0820789E-04   -4.0820789E-04
 5.1100    1.2112966E-06    3.9746800E-04   -3.9746800E-04
 5.1200    1.1742174E-06    3.8681054E-04   -3.8681054E-04
 5.1300    1.1382324E-06    3.7642246E-04   -3.7642246E-04
 5.1400    1.1039678E-06    3.6651564E-04   -3.6651564E-04
 5.1500    1.0717729E-06    3.5721286E-04   -3.5721286E-04
 5.1600    1.0415502E-06    3.4848931E-04   -3.4848931E-04
 5.1700    1.0128316E-06    3.4019521E-04   -3.4019521E-04
 5.1800    9.8500993E-07    3.3213144E-04   -3.3213144E-04
 5.1900    9.5756997E-07    3.2412692E-04   -3.2412692E-04
 5.2000    9.3022343E-07    3.1608496E-04   -3.1608496E-04
 5.2100    9.0294447E-07    3.0799691E-04   -3.0799691E-04
 5.2200    8.7593758E-07    2.9993285E-04   -2.9993285E-04
 5.2300    8.4955473E-07    2.9201463E-04   -2.9201463E-04
 5.2400    8.2417258E-07    2.8437447E-04   -2.8437447E-04
 5.2500    8.0006154E-07    2.7710979E-04   -2.7710979E-04
 5.2600    7.7729215E-07    2.7024996E-04   -2.7024996E-04
 5.2700    7.5570985E-07    2.6374618E-04   -2.6374618E-04
 5.2800    7.3498488E-07    2.5748748E-04   -2.5748748E-04
 5.2900    7.1472699E-07    2.5133987E-04   -2.5133987E-04
 5.3000    6.9463303E-07    2.4519806E-04   -2.4519806E-04
 5.3100    6.7460708E-07    2.3902856E-04   -2.3902856E-04
 5.3200    6.5478686E-07    2.3288048E-04   -2.3288048E-04
 5.3300    6.3545449E-07    2.2685520E-04   -2.2685520E-04
 5.3400    6.1688148E-07    2.2105183E-04   -2.2105183E-04
 5.3500    5.9919895E-07    2.1552044E-04   -2.1552044E-04
 5.3600    5.8235995E-07    2.1024755E-04   -2.1024755E-04
 5.3700    5.6619310E-07    2.0517432E-04   -2.0517432E-04
 5.3800    5.5049512E-07    2.0022942E-04   -2.0022942E-04
 5.3900    5.3511048E-07    1.9535784E-04   -1.9535784E-04
 5.4000    5.1997878E-07    1.9053862E-04   -1.9053862E-04
 5.4100    5.0514847E-07    1.8579047E-04   -1.8579047E-04
 5.4200    4.9074601E-07    1.8116121E-04   -1.8116121E-04
 5.4300    4.7689454E-07    1.7669810E-04   -1.7669810E-04
 5.4400    4.6361877E-07    1.7241247E-04   -1.7241247E-04
 5.4500    4.5080861E-07    1.6826550E-04   -1.6826550E-04
 5.4600    4.3828081E-07    1.6419034E-04   -1.6419034E-04
 5.4700    4.2589412E-07    1.6013496E-04   -1.6013496E-04
 5.4800    4.1362837E-07    1.5609223E-04   -1.5609223E-04
 5.4900    4.0157756E-07    1.5209817E-04   -1.5209817E-04
 5.5000    3.8988454E-07    1.4820787E-04   -1.4820787E-04
 5.5100    3.7867942E-07    1.4447236E-04   -1.4447236E-04
 5.5200    3.6805650E-07    1.4092969E-04   -1.4092969E-04
 5.5300    3.5807483E-07    1.3760491E-04   -1.3760491E-04
 5.5400    3.4874826E-07    1.3450593E-04   -1.3450593E-04
 5.5500    3.4001294E-07    1.3161072E-04   -1.3161072E-04
 5.5600    3.3169927E-07    1.2885580E-04   -1.2885580E-04
 5.5700    3.2355339E-07    1.2614389E-04   -1.2614389E-04
 5.5800    3.1532740E-07    1.2337864E-04   -1.2337864E-04
 5.5900    3.0689931E-07    1.2051175E-04   -1.2051175E-04
 5.6000    2.9833765E-07    1.1756931E-04   -1.1756931E-04
 5.6100    2.8984348E-07    1.1463022E-04   -1.1463022E-04
 5.6200    2.8159033E-07    1.1176356E-04   -1.1176356E-04
 5.6300    2.7357802E-07    1.0897023E-04   -1.0897023E-04
 5.6400    2.6562406E-07    1.0617823E-04   -1.0617823E-04
 5.6500    2.5751130E-07    1.0330065E-04   -1.0330065E-04
 5.6600    2.4918033E-07    1.0031283E-04   -1.0031283E-04
 5.6700    2.4082412E-07    9.7291737E-05   -9.7291737E-05
 5.6800    2.3283045E-07    9.4394417E-05   -9.4394417E-05
 5.6900    2.2562825E-07    9.1796869E-05   -9.1796869E-05
 5.7000    2.1953798E-07    8.9633269E-05   -8.9633269E-05
 5.7100    2.1469881E-07    8.7965368E-05   -8.7965368E-05
 5.7200    2.1108794E-07    8.6789131E-05   -8.6789131E-05
 5.7300    2.0858410E-07    8.6059794E-05   -8.6059794E-05
 5.7400    2.0698437E-07    8.5698103E-05   -8.5698103E-05
 5.7500    2.0591349E-07    8.5552035E-05   -8.5552035E-05
 5.7600    2.0469503E-07    8.5341866E-05   -8.5341866E-05
 5.7700    2.0238894E-07    8.4673647E-05   -8.4673647E-05
 5.7800    1.9814577E-07    8.3186022E-05   -8.3186022E-05
 5.7900    1.9173275E-07    8.0772456E-05   -8.0772456E-05
 5.8000    1.8381593E-07    7.7705005E-05   -7.7705005E-05
 5.8100    1.7569276E-07    7.4527402E-05   -7.4527402E-05
 5.8200    1.6862087E-07    7.1774002E-05   -7.1774002E-05
 5.8300    1.6322473E-07    6.9716076E-05   -6.9716076E-05
 5.8400    1.5934816E-07    6.8294009E-05   -6.8294009E-05
 5.8500    1.5633447E-07    6.7232050E-05   -6.7232050E-05
 5.8600    1.5345436E-07    6.6219262E-05   -6.6219262E-05
 5.8700    1.5021751E-07    6.5043906E-05   -6.5043906E-05
 5.8800    1.4646622E-07    6.3635871E-05   -6.3635871E-05
 5.8900    1.4230113E-07    6.2036714E-05   -6.2036714E-05
 5.9000    1.3795787E-07    6.0347650E-05   -6.0347650E-05
 5.9100    1.3371421E-07    5.8689769E-05   -5.8689769E-05
 5.9200    1.2980805E-07    5.7168249E-05   -5.7168249E-05
 5.9300    1.2631915E-07    5.5819823E-05   -5.5819823E-05
 5.9400    1.2306494E-07    5.4565368E-05   -5.4565368E-05
 5.9500    1.1964557E-07    5.3228033E-05   -5.3228033E-05
 5.9600    1.1568477E-07    5.1639090E-05   -5.1639090E-05
 5.9700    1.1110767E-07    4.9762545E-05   -4.9762545E-05
 5.9800    1.0621917E-07    4.7732604E-05   -4.7732604E-05
 5.9900    1.0151316E-07    4.5770520E-05   -4.5770520E-05
 6.0000    9.7384523E-08    4.4055720E-05   -4.4055720E-05
 6.0100    9.3976684E-08    4.2655882E-05   -4.2655882E-05
 6.0200    9.1240123E-08    4.1551692E-05   -4.1551692E-05
 6.0300    8.9093142E-08    4.0708843E-05   -4.0708843E-05
 6.0400    8.7537574E-08    4.0130840E-05   -4.0130840E-05
 6.0500    8.6671771E-08    3.9865598E-05   -3.9865598E-05
 6.0600    8.6626148E-08    3.9976440E-05   -3.9976440E-05
 6.0700    8.7446745E-08    4.0488426E-05   -4.0488426E-05
 6.0800    8.8931963E-08    4.1311875E-05   -4.1311875E-05
 6.0900    9.0489528E-08    4.2173803E-05   -4.2173803E-05
 6.1000    9.1183704E-08    4.2637012E-05   -4.2637012E-05
 6.1100    9.0091123E-08    4.2264359E-05   -4.2264359E-05
 6.1200    8.6807858E-08    4.0857496E-05   -4.0857496E-05
 6.1300    8.1719230E-08    3.8588250E-05   -3.8588250E-05
 6.1400    7.5782470E-08    3.5901729E-05   -3.5901729E-05
 6.1500    6.9992944E-08    3.3267055E-05   -3.3267055E-05
 6.1600    6.4958117E-08    3.0974529E-05   -3.0974529E-05
 6.1700    6.0836994E-08    2.9103682E-05   -2.9103682E-05
 6.1800    5.7545909E-08    2.7618575E-05   -2.7618575E-05
 6.1900    5.4965199E-08    2.6465431E-05   -2.6465431E-05
 6.2000    5.3000580E-08    2.5601998E-05   -2.5601998E-05
 6.2100    5.1548202E-08    2.4980814E-05   -2.4980814E-05
 6.2200    5.0473273E-08    2.4538731E-05   -2.4538731E-05
 6.2300    4.9636730E-08    2.4209684E-05   -2.4209684E-05
 6.2400    4.8927034E-08    2.3940209E-05   -2.3940209E-05
 6.2500    4.8258415E-08    2.3688794E-05   -2.3688794E-05
 6.2600    4.7548456E-08    2.3415043E-05   -2.3415043E-05
 6.2700    4.6713108E-08    2.3077232E-05   -2.3077232E-05
 6.2800    4.5693327E-08    2.2645501E-05   -2.2645501E-05
 6.2900    4.4488403E-08    2.2118617E-05   -2.2118617E-05
 6.3000    4.3159806E-08    2.1526352E-05   -2.1526352E-05
 6.3100    4.1797101E-08    2.0912923E-05   -2.0912923E-05
 6.3200    4.0474474E-08    2.0315393E-05   -2.0315393E-05
 6.3300    3.9233091E-08    1.9754672E-05   -1.9754672E-05
 6.3400    3.8095352E-08    1.9242450E-05   -1.9242450E-05
 6.3500    3.7086401E-08    1.8791957E-05   -1.8791957E-05
 6.3600    3.6235797E-08    1.8418824E-05   -1.8418824E-05
 6.3700    3.5552774E-08    1.8128514E-05   -1.8128514E-05
 6.3800    3.4991407E-08    1.7898335E-05   -1.7898335E-05
 6.3900    3.4436395E-08    1.7669703E-05   -1.7669703E-05
 6.4000    3.3737667E-08    1.7365403E-05   -1.7365403E-05
 6.4100    3.2791544E-08    1.6931202E-05   -1.6931202E-05
 6.4200    3.1620050E-08    1.6377306E-05   -1.6377306E-05
 6.4300    3.0383534E-08    1.5785927E-05   -1.5785927E-05
 6.4400    2.9304777E-08    1.5272847E-05   -1.5272847E-05
 6.4500    2.8551652E-08    1.4926588E-05   -1.4926588E-05
 6.4600    2.8154660E-08    1.4764719E-05   -1.4764719E-05
 6.4700    2.8003587E-08    1.4730995E-05   -1.4730995E-05
 6.4800    2.7912931E-08    1.4728731E-05   -1.4728731E-05
 6.4900    2.7713361E-08    1.4668593E-05   -1.4668593E-05
 6.5000    2.7325011E-08    1.4507645E-05   -1.4507645E-05
 6.5100    2.6784438E-08    1.4264429E-05   -1.4264429E-05
 6.5200    2.6219586E-08    1.4006541E-05   -1.4006541E-05
 6.5300    2.5787749E-08    1.3818142E-05   -1.3818142E-05
 6.5400    2.5601580E-08    1.3760434E-05   -1.3760434E-05
 6.5500    2.5669272E-08    1.3839042E-05   -1.3839042E-05
 6.5600    2.5875780E-08    1.3993005E-05   -1.3993005E-05
 6.5700    2.6026090E-08    1.4117231E-05   -1.4117231E-05
 6.5800    2.5941263E-08    1.4114086E-05   -1.4114086E-05
 6.5900    2.5553691E-08    1.3945508E-05   -1.3945508E-05
 6.6000    2.4936694E-08    1.3650124E-05   -1.3650124E-05
 6.6100    2.4250628E-08    1.3314835E-05   -1.3314835E-05
 6.6200    2.3651461E-08    1.3025182E-05   -1.3025182E-05
 6.6300    2.3224658E-08    1.2828807E-05   -1.2828807E-05
 6.6400    2.2970083E-08    1.2726488E-05   -1.2726488E-05
 6.6500    2.2822095E-08    1.2682611E-05   -1.2682611E-05
 6.6600    2.2680714E-08    1.2641979E-05   -1.2641979E-05
 6.6700    2.2443773E-08    1.2547506E-05   -1.2547506E-05
 6.6800    2.2039308E-08    1.2358357E-05   -1.2358357E-05
 6.6900    2.1454242E-08    1.2066332E-05   -1.2066332E-05
 6.7000    2.0748118E-08    1.1704104E-05   -1.1704104E-05
 6.7100    2.0038499E-08    1.1337573E-05   -1.1337573E-05
 6.7200    1.9454396E-08    1.1039926E-05   -1.1039926E-05
 6.7300    1.9075661E-08    1.0857244E-05   -1.0857244E-05
 6.7400    1.8893729E-08    1.0785675E-05   -1.0785675E-05
 6.7500    1.8821139E-08    1.0776142E-05   -1.0776142E-05
 6.7600    1.8744851E-08    1.0764286E-05   -1.0764286E-05
 6.7700    1.8588703E-08    1.0706223E-05   -1.0706223E-05
 6.7800    1.8348373E-08    1.0599047E-05   -1.0599047E-05
 6.7900    1.8084411E-08    1.0477406E-05   -1.0477406E-05
 6.8000    1.7883670E-08    1.0391646E-05   -1.0391646E-05
 6.8100    1.7812009E-08    1.0380469E-05   -1.0380469E-05
 6.8200    1.7881750E-08    1.0451741E-05   -1.0451741E-05
 6.8300    1.8050179E-08    1.0581148E-05   -1.0581148E-05
 6.8400    1.8250844E-08    1.0730131E-05   -1.0730131E-05
 6.8500    1.8439637E-08    1.0872850E-05   -1.0872850E-05
 6.8600    1.8623979E-08    1.1013632E-05   -1.1013632E-05
 6.8700    1.8851395E-08    1.1180644E-05   -1.1180644E-05
 6.8800    1.9163547E-08    1.1398892E-05   -1.1398892E-05
 6.8900    1.9550553E-08    1.1662921E-05   -1.1662921E-05
 6.9000    1.9941551E-08    1.1930729E-05   -1.1930729E-05
 6.9100    2.0237628E-08    1.2142988E-05   -1.2142988E-05
 6.9200    2.0358278E-08    1.2250762E-05   -1.2250762E-05
 6.9300    2.0265848E-08    1.2230413E-05   -1.2230413E-05
 6.9400    1.9961292E-08    1.2081405E-05   -1.2081405E-05
 6.9500    1.9477344E-08    1.1822497E-05   -1.1822497E-05
 6.9600    1.8891161E-08    1.1499713E-05   -1.1499713E-05
 6.9700    1.8338870E-08    1.1195616E-05   -1.1195616E-05
 6.9800    1.7990668E-08    1.1014581E-05   -1.1014581E-05
 6.9900    1.7979076E-08    1.1039047E-05   -1.1039047E-05
 7.0000    1.8334353E-08    1.1289418E-05   -1.1289418E-05
 7.0100    1.8991687E-08    1.1727608E-05   -1.1727608E-05
 7.0200    1.9866204E-08    1.2302659E-05   -1.2302659E-05
 7.0300    2.0914455E-08    1.2988741E-05   -1.2988741E-05
 7.0400    2.2108526E-08    1.3769399E-05   -1.3769399E-05
 7.0500    2.3344431E-08    1.4580466E-05   -1.4580466E-05
 7.0600    2.4390983E-08    1.5277369E-05   -1.5277369E-05
 7.0700    2.4963852E-08    1.5680514E-05   -1.5680514E-05
 7.0800    2.4893405E-08    1.5680528E-05   -1.5680528E-05
 7.0900    2.4255646E-08    1.5321990E-05   -1.5321990E-05
 7.1000    2.3352890E-08    1.4793372E-05   -1.4793372E-05
 7.1100    2.2551597E-08    1.4326047E-05   -1.4326047E-05
 7.1200    2.2097214E-08    1.4076911E-05   -1.4076911E-05
 7.1300    2.2032033E-08    1.4074841E-05   -1.4074841E-05
 7.1400    2.2247761E-08    1.4252551E-05   -1.4252551E-05
 7.1500    2.2602174E-08    1.4520185E-05   -1.4520185E-05
 7.1600    2.3004270E-08    1.4819869E-05   -1.4819869E-05
 7.1700    2.3426196E-08    1.5133868E-05   -1.5133868E-05
 7.1800    2.3865522E-08    1.5460719E-05   -1.5460719E-05
 7.1900    2.4303741E-08    1.5788496E-05   -1.5788496E-05
 7.2000    2.4690181E-08    1.6084188E-05   -1.6084188E-05
 7.2100    2.4956388E-08    1.6302797E-05   -1.6302797E-05
 7.2200    2.5049345E-08    1.6408944E-05   -1.6408944E-05
 7.2300    2.4963687E-08    1.6398163E-05   -1.6398163E-05
 7.2400    2.4755408E-08    1.6306362E-05   -1.6306362E-05
 7.2500    2.4530908E-08    1.6203152E-05   -1.6203152E-05
 7.2600    2.4415185E-08    1.6171232E-05   -1.6171232E-05
 7.2700    2.4507054E-08    1.6276828E-05   -1.6276828E-05
 7.2800    2.4834783E-08    1.6539905E-05   -1.6539905E-05
 7.2900    2.5334741E-08    1.6919261E-05   -1.6919261E-05
 7.3000    2.5874779E-08    1.7327354E-05   -1.7327354E-05
 7.3100    2.6320241E-08    1.7673985E-05   -1.7673985E-05
 7.3200    2.6606297E-08    1.7914985E-05   -1.7914985E-05
 7.3300    2.6768509E-08    1.8073489E-05   -1.8073489E-05
 7.3400    2.6911164E-08    1.8219416E-05   -1.8219416E-05
 7.3500    2.7139031E-08    1.8423786E-05   -1.8423786E-05
 7.3600    2.7502380E-08    1.8721290E-05   -1.8721290E-05
 7.3700    2.7987456E-08    1.9103294E-05   -1.9103294E-05
 7.3800    2.8544690E-08    1.9536552E-05   -1.9536552E-05
 7.3900    2.9123236E-08    1.9986575E-05   -1.9986575E-05
 7.4000    2.9690094E-08    2.0430777E-05   -2.0430777E-05
 7.4100    3.0234456E-08    2.0861639E-05   -2.0861639E-05
 7.4200    3.0764188E-08    2.1284484E-05   -2.1284484E-05
 7.4300    3.1292643E-08    2.1708496E-05   -2.1708496E-05
 7.4400    3.1814827E-08    2.2130198E-05   -2.2130198E-05
 7.4500    3.2288579E-08    2.2520153E-05   -2.2520153E-05
 7.4600    3.2644401E-08    2.2829490E-05   -2.2829490E-05
 7.4700    3.2827290E-08    2.3018982E-05   -2.3018982E-05
 7.4800    3.2841840E-08    2.3090883E-05   -2.3090883E-05
 7.4900    3.2763911E-08    2.3097727E-05   -2.3097727E-05
 7.5000    3.2708970E-08    2.3120608E-05   -2.3120608E-05
 7.5100    3.2780205E-08    2.3232792E-05   -2.3232792E-05
 7.5200    3.3026973E-08    2.3470066E-05   -2.3470066E-05
 7.5300    3.3429619E-08    2.3819423E-05   -2.3819423E-05
 7.5400    3.3914941E-08    2.4229454E-05   -2.4229454E-05
 7.5500    3.4399370E-08    2.4640769E-05   -2.4640769E-05
 7.5600    3.4838429E-08    2.5021424E-05   -2.5021424E-05
 7.5700    3.5243918E-08    2.5379661E-05   -2.5379661E-05
 7.5800    3.5650310E-08    2.5740180E-05   -2.5740180E-05
 7.5900    3.6062870E-08    2.6106804E-05   -2.6106804E-05
 7.6000    3.6443176E-08    2.6451680E-05   -2.6451680E-05
 7.6100    3.6748962E-08    2.6743870E-05   -2.6743870E-05
 7.6200    3.6986447E-08    2.6987486E-05   -2.6987486E-05
 7.6300    3.7218727E-08    2.7228296E-05   -2.7228296E-05
 7.6400    3.7516841E-08    2.7518379E-05   -2.7518379E-05
 7.6500    3.7896541E-08    2.7869701E-05   -2.7869701E-05
 7.6600    3.8299571E-08    2.8239780E-05   -2.8239780E-05
 7.6700    3.8637117E-08    2.8563098E-05   -2.8563098E-05
 7.6800    3.8854558E-08    2.8798793E-05   -2.8798793E-05
 7.6900    3.8960654E-08    2.8952681E-05   -2.8952681E-05
 7.7000    3.9005621E-08    2.9061533E-05   -2.9061533E-05
 7.7100    3.9042496E-08    2.9164612E-05   -2.9164612E-05
 7.7200    3.9110897E-08    2.9291543E-05   -2.9291543E-05
 7.7300    3.9244710E-08    2.9467953E-05   -2.9467953E-05
 7.7400    3.9475489E-08    2.9717981E-05   -2.9717981E-05
 7.7500    3.9815615E-08    3.0051537E-05   -3.0051537E-05
 7.7600    4.0239647E-08    3.0450012E-05   -3.0450012E-05
 7.7700    4.0693090E-08    3.0872555E-05   -3.0872555E-05
 7.7800    4.1130486E-08    3.1284765E-05   -3.1284765E-05
 7.7900    4.1551168E-08    3.1686044E-05   -3.1686044E-05
 7.8000    4.1998599E-08    3.2109524E-05   -3.2109524E-05
 7.8100    4.2519975E-08    3.2591543E-05   -3.2591543E-05
 7.8200    4.3117663E-08    3.3134360E-05   -3.3134360E-05
 7.8300    4.3732579E-08    3.3692907E-05   -3.3692907E-05
 7.8400    4.4273057E-08    3.4196488E-05   -3.4196488E-05
 7.8500    4.4663809E-08    3.4586366E-05   -3.4586366E-05
 7.8600    4.4877014E-08    3.4840061E-05   -3.4840061E-05
 7.8700    4.4930953E-08    3.4970751E-05   -3.4970751E-05
