# total charge: 6.000000 
# r(A)     rho (e/A^3)     4*pi*r^2*rho(e/A)  dip  
 0.0000    7.9173906E+00    0.0000000E+00    4.7873074E+01
 0.0100    7.9093551E+00    9.9391888E-03    4.7624367E+01
 0.0200    7.8991920E+00    3.9705670E-02    4.6885418E+01
 0.0300    7.8864592E+00    8.9193752E-02    4.5677344E+01
 0.0400    7.8706741E+00    1.5824929E-01    4.4034168E+01
 0.0500    7.8512920E+00    2.4665561E-01    4.2001184E+01
 0.0600    7.8276962E+00    3.5411663E-01    3.9632836E+01
 0.0700    7.7992479E+00    4.8024037E-01    3.6990232E+01
 0.0800    7.7654034E+00    6.2453079E-01    3.4138456E+01
 0.0900    7.7258300E+00    7.8639371E-01    3.1143836E+01
 0.1000    7.6804401E+00    9.6515257E-01    2.8071334E+01
 0.1100    7.6293268E+00    1.1600627E+00    2.4982199E+01
 0.1200    7.5726545E+00    1.3703153E+00    2.1932011E+01
 0.1300    7.5105698E+00    1.5950322E+00    1.8969199E+01
 0.1400    7.4431649E+00    1.8332580E+00    1.6134038E+01
 0.1500    7.3704892E+00    2.0839567E+00    1.3458155E+01
 0.1600    7.2925857E+00    2.3460182E+00    1.0964482E+01
 0.1700    7.2095252E+00    2.6182696E+00    8.6676196E+00
 0.1800    7.1214125E+00    2.8994860E+00    6.5745330E+00
 0.1900    7.0283651E+00    3.1883896E+00    4.6855082E+00
 0.2000    6.9304814E+00    3.4836399E+00    2.9952761E+00
 0.2100    6.8278276E+00    3.7838246E+00    1.4942069E+00
 0.2200    6.7204551E+00    4.0874637E+00    1.6948743E-01
 0.2300    6.6084327E+00    4.3930284E+00   -9.9378382E-01
 0.2400    6.4918733E+00    4.6989669E+00   -2.0116232E+00
 0.2500    6.3709422E+00    5.0037263E+00   -2.9003302E+00
 0.2600    6.2458491E+00    5.3057655E+00   -3.6758091E+00
 0.2700    6.1168336E+00    5.6035604E+00   -4.3530482E+00
 0.2800    5.9841507E+00    5.8956060E+00   -4.9457518E+00
 0.2900    5.8480628E+00    6.1804186E+00   -5.4661147E+00
 0.3000    5.7088386E+00    6.4565444E+00   -5.9247226E+00
 0.3100    5.5667594E+00    6.7225758E+00   -6.3305575E+00
 0.3200    5.4221265E+00    6.9771725E+00   -6.6910819E+00
 0.3300    5.2752635E+00    7.2190807E+00   -7.0123725E+00
 0.3400    5.1265140E+00    7.4471456E+00   -7.2992793E+00
 0.3500    4.9762346E+00    7.6603180E+00   -7.5555961E+00
 0.3600    4.8247893E+00    7.8576598E+00   -7.7842315E+00
 0.3700    4.6725464E+00    8.0383504E+00   -7.9873768E+00
 0.3800    4.5198768E+00    8.2016957E+00   -8.1666621E+00
 0.3900    4.3671530E+00    8.3471360E+00   -8.3232973E+00
 0.4000    4.2147476E+00    8.4742528E+00   -8.4581932E+00
 0.4100    4.0630301E+00    8.5827727E+00   -8.5720613E+00
 0.4200    3.9123644E+00    8.6725685E+00   -8.6654953E+00
 0.4300    3.7631053E+00    8.7436576E+00   -8.7390334E+00
 0.4400    3.6155952E+00    8.7961986E+00   -8.7932055E+00
 0.4500    3.4701613E+00    8.8304850E+00   -8.8285669E+00
 0.4600    3.3271128E+00    8.8469395E+00   -8.8457226E+00
 0.4700    3.1867396E+00    8.8461064E+00   -8.8453420E+00
 0.4800    3.0493111E+00    8.8286454E+00   -8.8281700E+00
 0.4900    2.9150754E+00    8.7953234E+00   -8.7950307E+00
 0.5000    2.7842580E+00    8.7470044E+00   -8.7468260E+00
 0.5100    2.6570595E+00    8.6846335E+00   -8.6845258E+00
 0.5200    2.5336526E+00    8.6092163E+00   -8.6091520E+00
 0.5300    2.4141808E+00    8.5218010E+00   -8.5217630E+00
 0.5400    2.2987590E+00    8.4234661E+00   -8.4234438E+00
 0.5500    2.1874764E+00    8.3153132E+00   -8.3153002E+00
 0.5600    2.0803972E+00    8.1984579E+00   -8.1984505E+00
 0.5700    1.9775612E+00    8.0740142E+00   -8.0740100E+00
 0.5800    1.8789824E+00    7.9430731E+00   -7.9430707E+00
 0.5900    1.7846482E+00    7.8066823E+00   -7.8066810E+00
 0.6000    1.6945211E+00    7.6658327E+00   -7.6658320E+00
 0.6100    1.6085407E+00    7.5214505E+00   -7.5214501E+00
 0.6200    1.5266271E+00    7.3743920E+00   -7.3743917E+00
 0.6300    1.4486822E+00    7.2254365E+00   -7.2254364E+00
 0.6400    1.3745913E+00    7.0752761E+00   -7.0752761E+00
 0.6500    1.3042240E+00    6.9245056E+00   -6.9245056E+00
 0.6600    1.2374361E+00    6.7736152E+00   -6.7736152E+00
 0.6700    1.1740717E+00    6.6229899E+00   -6.6229899E+00
 0.6800    1.1139665E+00    6.4729140E+00   -6.4729140E+00
 0.6900    1.0569517E+00    6.3235824E+00   -6.3235824E+00
 0.7000    1.0028579E+00    6.1751190E+00   -6.1751190E+00
 0.7100    9.5151991E-01    6.0276002E+00   -6.0276002E+00
 0.7200    9.0278114E-01    5.8810833E+00   -5.8810833E+00
 0.7300    8.5649717E-01    5.7356351E+00   -5.7356351E+00
 0.7400    8.1253805E-01    5.5913543E+00   -5.5913543E+00
 0.7500    7.7078834E-01    5.4483817E+00   -5.4483817E+00
 0.7600    7.3114504E-01    5.3068961E+00   -5.3068961E+00
 0.7700    6.9351440E-01    5.1670992E+00   -5.1670992E+00
 0.7800    6.5780872E-01    5.0291975E+00   -5.0291975E+00
 0.7900    6.2394390E-01    4.8933873E+00   -4.8933873E+00
 0.8000    5.9183800E-01    4.7598436E+00   -4.7598436E+00
 0.8100    5.6141036E-01    4.6287138E+00   -4.6287138E+00
 0.8200    5.3258141E-01    4.5001145E+00   -4.5001145E+00
 0.8300    5.0527287E-01    4.3741334E+00   -4.3741334E+00
 0.8400    4.7940842E-01    4.2508335E+00   -4.2508335E+00
 0.8500    4.5491422E-01    4.1302584E+00   -4.1302584E+00
 0.8600    4.3171908E-01    4.0124350E+00   -4.0124350E+00
 0.8700    4.0975439E-01    3.8973731E+00   -3.8973731E+00
 0.8800    3.8895398E-01    3.7850658E+00   -3.7850658E+00
 0.8900    3.6925431E-01    3.6754918E+00   -3.6754918E+00
 0.9000    3.5059473E-01    3.5686197E+00   -3.5686197E+00
 0.9100    3.3291776E-01    3.4644127E+00   -3.4644127E+00
 0.9200    3.1616919E-01    3.3628312E+00   -3.3628312E+00
 0.9300    3.0029782E-01    3.2638331E+00   -3.2638331E+00
 0.9400    2.8525523E-01    3.1673728E+00   -3.1673728E+00
 0.9500    2.7099552E-01    3.0734007E+00   -3.0734007E+00
 0.9600    2.5747518E-01    2.9818631E+00   -2.9818631E+00
 0.9700    2.4465312E-01    2.8927046E+00   -2.8927046E+00
 0.9800    2.3249067E-01    2.8058700E+00   -2.8058700E+00
 0.9900    2.2095165E-01    2.7213068E+00   -2.7213068E+00
 1.0000    2.1000225E-01    2.6389662E+00   -2.6389662E+00
 1.0100    1.9961087E-01    2.5588027E+00   -2.5588027E+00
 1.0200    1.8974786E-01    2.4807733E+00   -2.4807733E+00
 1.0300    1.8038529E-01    2.4048358E+00   -2.4048358E+00
 1.0400    1.7149682E-01    2.3309482E+00   -2.3309482E+00
 1.0500    1.6305761E-01    2.2590692E+00   -2.2590692E+00
 1.0600    1.5504426E-01    2.1891588E+00   -2.1891588E+00
 1.0700    1.4743483E-01    2.1211800E+00   -2.1211800E+00
 1.0800    1.4020880E-01    2.0550985E+00   -2.0550985E+00
 1.0900    1.3334689E-01    1.9908830E+00   -1.9908830E+00
 1.1000    1.2683090E-01    1.9285029E+00   -1.9285029E+00
 1.1100    1.2064361E-01    1.8679280E+00   -1.8679280E+00
 1.1200    1.1476864E-01    1.8091274E+00   -1.8091274E+00
 1.1300    1.0919048E-01    1.7520702E+00   -1.7520702E+00
 1.1400    1.0389435E-01    1.6967252E+00   -1.6967252E+00
 1.1500    9.8866240E-02    1.6430605E+00   -1.6430605E+00
 1.1600    9.4092754E-02    1.5910434E+00   -1.5910434E+00
 1.1700    8.9561113E-02    1.5406397E+00   -1.5406397E+00
 1.1800    8.5259117E-02    1.4918141E+00   -1.4918141E+00
 1.1900    8.1175129E-02    1.4445307E+00   -1.4445307E+00
 1.2000    7.7298046E-02    1.3987525E+00   -1.3987525E+00
 1.2100    7.3617272E-02    1.3544417E+00   -1.3544417E+00
 1.2200    7.0122684E-02    1.3115597E+00   -1.3115597E+00
 1.2300    6.6804618E-02    1.2700668E+00   -1.2700668E+00
 1.2400    6.3653845E-02    1.2299229E+00   -1.2299229E+00
 1.2500    6.0661568E-02    1.1910871E+00   -1.1910871E+00
 1.2600    5.7819408E-02    1.1535186E+00   -1.1535186E+00
 1.2700    5.5119401E-02    1.1171765E+00   -1.1171765E+00
 1.2800    5.2553989E-02    1.0820205E+00   -1.0820205E+00
 1.2900    5.0115993E-02    1.0480105E+00   -1.0480105E+00
 1.3000    4.7798593E-02    1.0151067E+00   -1.0151067E+00
 1.3100    4.5595306E-02    9.8326956E-01   -9.8326956E-01
 1.3200    4.3499969E-02    9.5245984E-01   -9.5245984E-01
 1.3300    4.1506740E-02    9.2263891E-01   -9.2263891E-01
 1.3400    3.9610105E-02    8.9376934E-01   -8.9376934E-01
 1.3500    3.7804871E-02    8.6581512E-01   -8.6581512E-01
 1.3600    3.6086157E-02    8.3874186E-01   -8.3874186E-01
 1.3700    3.4449374E-02    8.1251676E-01   -8.1251676E-01
 1.3800    3.2890207E-02    7.8710858E-01   -7.8710858E-01
 1.3900    3.1404604E-02    7.6248760E-01   -7.6248760E-01
 1.4000    2.9988749E-02    7.3862547E-01   -7.3862547E-01
 1.4100    2.8639051E-02    7.1549518E-01   -7.1549518E-01
 1.4200    2.7352142E-02    6.9307128E-01   -6.9307128E-01
 1.4300    2.6124871E-02    6.7133007E-01   -6.7133007E-01
 1.4400    2.4954297E-02    6.5024974E-01   -6.5024974E-01
 1.4500    2.3837670E-02    6.2981017E-01   -6.2981017E-01
 1.4600    2.2772404E-02    6.0999245E-01   -6.0999245E-01
 1.4700    2.1756052E-02    5.9077841E-01   -5.9077841E-01
 1.4800    2.0786276E-02    5.7215011E-01   -5.7215011E-01
 1.4900    1.9860846E-02    5.5408978E-01   -5.5408978E-01
 1.5000    1.8977637E-02    5.3658004E-01   -5.3658004E-01
 1.5100    1.8134656E-02    5.1960470E-01   -5.1960470E-01
 1.5200    1.7330062E-02    5.0314961E-01   -5.0314961E-01
 1.5300    1.6562167E-02    4.8720293E-01   -4.8720293E-01
 1.5400    1.5829411E-02    4.7175452E-01   -4.7175452E-01
 1.5500    1.5130312E-02    4.5679479E-01   -4.5679479E-01
 1.5600    1.4463420E-02    4.4231335E-01   -4.4231335E-01
 1.5700    1.3827300E-02    4.2829849E-01   -4.2829849E-01
 1.5800    1.3220537E-02    4.1473734E-01   -4.1473734E-01
 1.5900    1.2641763E-02    4.0161669E-01   -4.0161669E-01
 1.6000    1.2089677E-02    3.8892381E-01   -3.8892381E-01
 1.6100    1.1563060E-02    3.7664691E-01   -3.7664691E-01
 1.6200    1.1060766E-02    3.6477504E-01   -3.6477504E-01
 1.6300    1.0581710E-02    3.5329781E-01   -3.5329781E-01
 1.6400    1.0124855E-02    3.4220502E-01   -3.4220502E-01
 1.6500    9.6892005E-03    3.3148638E-01   -3.3148638E-01
 1.6600    9.2737676E-03    3.2113101E-01   -3.2113101E-01
 1.6700    8.8775842E-03    3.1112693E-01   -3.1112693E-01
 1.6800    8.4996801E-03    3.0146091E-01   -3.0146091E-01
 1.6900    8.1391056E-03    2.9211910E-01   -2.9211910E-01
 1.7000    7.7949657E-03    2.8308830E-01   -2.8308830E-01
 1.7100    7.4664453E-03    2.7435695E-01   -2.7435695E-01
 1.7200    7.1528034E-03    2.6591513E-01   -2.6591513E-01
 1.7300    6.8533412E-03    2.5775341E-01   -2.5775341E-01
 1.7400    6.5673693E-03    2.4986176E-01   -2.4986176E-01
 1.7500    6.2941993E-03    2.4222918E-01   -2.4222918E-01
 1.7600    6.0331565E-03    2.3484417E-01   -2.3484417E-01
 1.7700    5.7835931E-03    2.2769533E-01   -2.2769533E-01
 1.7800    5.5448874E-03    2.2077129E-01   -2.2077129E-01
 1.7900    5.3164376E-03    2.1406056E-01   -2.1406056E-01
 1.8000    5.0976731E-03    2.0755197E-01   -2.0755197E-01
 1.8100    4.8880818E-03    2.0123591E-01   -2.0123591E-01
 1.8200    4.6872292E-03    1.9510519E-01   -1.9510519E-01
 1.8300    4.4947379E-03    1.8915439E-01   -1.8915439E-01
 1.8400    4.3102355E-03    1.8337769E-01   -1.8337769E-01
 1.8500    4.1333148E-03    1.7776727E-01   -1.7776727E-01
 1.8600    3.9635497E-03    1.7231380E-01   -1.7231380E-01
 1.8700    3.8005536E-03    1.6700902E-01   -1.6700902E-01
 1.8800    3.6440284E-03    1.6184799E-01   -1.6184799E-01
 1.8900    3.4937631E-03    1.5682920E-01   -1.5682920E-01
 1.9000    3.3495921E-03    1.5195290E-01   -1.5195290E-01
 1.9100    3.2113515E-03    1.4721920E-01   -1.4721920E-01
 1.9200    3.0788605E-03    1.4262719E-01   -1.4262719E-01
 1.9300    2.9519194E-03    1.3817484E-01   -1.3817484E-01
 1.9400    2.8303131E-03    1.3385907E-01   -1.3385907E-01
 1.9500    2.7138115E-03    1.2967575E-01   -1.2967575E-01
 1.9600    2.6021758E-03    1.2561996E-01   -1.2561996E-01
 1.9700    2.4951742E-03    1.2168672E-01   -1.2168672E-01
 1.9800    2.3926021E-03    1.1787202E-01   -1.1787202E-01
 1.9900    2.2942984E-03    1.1417366E-01   -1.1417366E-01
 2.0000    2.2001448E-03    1.1059134E-01   -1.1059134E-01
 2.0100    2.1100463E-03    1.0712577E-01   -1.0712577E-01
 2.0200    2.0239009E-03    1.0377717E-01   -1.0377717E-01
 2.0300    1.9415749E-03    1.0054398E-01   -1.0054398E-01
 2.0400    1.8628991E-03    9.7422556E-02   -9.7422556E-02
 2.0500    1.7876840E-03    9.4407903E-02   -9.4407903E-02
 2.0600    1.7157440E-03    9.1494883E-02   -9.1494883E-02
 2.0700    1.6469132E-03    8.8679095E-02   -8.8679095E-02
 2.0800    1.5810485E-03    8.5957094E-02   -8.5957094E-02
 2.0900    1.5180234E-03    8.3326072E-02   -8.3326072E-02
 2.1000    1.4577183E-03    8.0783387E-02   -8.0783387E-02
 2.1100    1.4000147E-03    7.8326255E-02   -7.8326255E-02
 2.1200    1.3447953E-03    7.5951747E-02   -7.5951747E-02
 2.1300    1.2919470E-03    7.3656959E-02   -7.3656959E-02
 2.1400    1.2413629E-03    7.1439131E-02   -7.1439131E-02
 2.1500    1.1929383E-03    6.9295458E-02   -6.9295458E-02
 2.1600    1.1465635E-03    6.7222628E-02   -6.7222628E-02
 2.1700    1.1021171E-03    6.5216436E-02   -6.5216436E-02
 2.1800    1.0594696E-03    6.3271972E-02   -6.3271972E-02
 2.1900    1.0185000E-03    6.1384557E-02   -6.1384557E-02
 2.2000    9.7911484E-04    5.9550973E-02   -5.9550973E-02
 2.2100    9.4125689E-04    5.7770028E-02   -5.7770028E-02
 2.2200    9.0489214E-04    5.6041872E-02   -5.6041872E-02
 2.2300    8.6998375E-04    5.4366419E-02   -5.4366419E-02
 2.2400    8.3647132E-04    5.2742044E-02   -5.2742044E-02
 2.2500    8.0427032E-04    5.1165467E-02   -5.1165467E-02
 2.2600    7.7328995E-04    4.9632838E-02   -4.9632838E-02
 2.2700    7.4345538E-04    4.8141153E-02   -4.8141153E-02
 2.2800    7.1471918E-04    4.6689045E-02   -4.6689045E-02
 2.2900    6.8705592E-04    4.5276507E-02   -4.5276507E-02
 2.3000    6.6044585E-04    4.3903865E-02   -4.3903865E-02
 2.3100    6.3485976E-04    4.2570782E-02   -4.2570782E-02
 2.3200    6.1025456E-04    4.1275930E-02   -4.1275930E-02
 2.3300    5.8657976E-04    4.0017392E-02   -4.0017392E-02
 2.3400    5.6378739E-04    3.8793319E-02   -3.8793319E-02
 2.3500    5.4183814E-04    3.7602365E-02   -3.7602365E-02
 2.3600    5.2070211E-04    3.6443763E-02   -3.6443763E-02
 2.3700    5.0035638E-04    3.5317178E-02   -3.5317178E-02
 2.3800    4.8078177E-04    3.4222503E-02   -3.4222503E-02
 2.3900    4.6195996E-04    3.3159655E-02   -3.3159655E-02
 2.4000    4.4387105E-04    3.2128405E-02   -3.2128405E-02
 2.4100    4.2649174E-04    3.1128241E-02   -3.1128241E-02
 2.4200    4.0979435E-04    3.0158279E-02   -3.0158279E-02
 2.4300    3.9374727E-04    2.9217293E-02   -2.9217293E-02
 2.4400    3.7831705E-04    2.8303845E-02   -2.8303845E-02
 2.4500    3.6347126E-04    2.7416507E-02   -2.7416507E-02
 2.4600    3.4918144E-04    2.6554079E-02   -2.6554079E-02
 2.4700    3.3542648E-04    2.5715864E-02   -2.5715864E-02
 2.4800    3.2219773E-04    2.4902085E-02   -2.4902085E-02
 2.4900    3.0950382E-04    2.4114295E-02   -2.4114295E-02
 2.5000    2.9736877E-04    2.3355288E-02   -2.3355288E-02
 2.5100    2.8581857E-04    2.2628082E-02   -2.2628082E-02
 2.5200    2.7486098E-04    2.1934313E-02   -2.1934313E-02
 2.5300    2.6447155E-04    2.1273055E-02   -2.1273055E-02
 2.5400    2.5459659E-04    2.0640959E-02   -2.0640959E-02
 2.5500    2.4517081E-04    2.0033600E-02   -2.0033600E-02
 2.5600    2.3613756E-04    1.9447101E-02   -1.9447101E-02
 2.5700    2.2746005E-04    1.8879098E-02   -1.8879098E-02
 2.5800    2.1912079E-04    1.8328750E-02   -1.8328750E-02
 2.5900    2.1111381E-04    1.7796149E-02   -1.7796149E-02
 2.6000    2.0343621E-04    1.7281635E-02   -1.7281635E-02
 2.6100    1.9608215E-04    1.6785293E-02   -1.6785293E-02
 2.6200    1.8903896E-04    1.6306613E-02   -1.6306613E-02
 2.6300    1.8228469E-04    1.5844245E-02   -1.5844245E-02
 2.6400    1.7578812E-04    1.5395977E-02   -1.5395977E-02
 2.6500    1.6951369E-04    1.4959132E-02   -1.4959132E-02
 2.6600    1.6343120E-04    1.4531421E-02   -1.4531421E-02
 2.6700    1.5752550E-04    1.4111827E-02   -1.4111827E-02
 2.6800    1.5179921E-04    1.3700896E-02   -1.3700896E-02
 2.6900    1.4626511E-04    1.3300108E-02   -1.3300108E-02
 2.7000    1.4093212E-04    1.2910629E-02   -1.2910629E-02
 2.7100    1.3579417E-04    1.2532265E-02   -1.2532265E-02
 2.7200    1.3082900E-04    1.2163307E-02   -1.2163307E-02
 2.7300    1.2600767E-04    1.1801362E-02   -1.1801362E-02
 2.7400    1.2130807E-04    1.1444602E-02   -1.1444602E-02
 2.7500    1.1672345E-04    1.1092601E-02   -1.1092601E-02
 2.7600    1.1226195E-04    1.0746341E-02   -1.0746341E-02
 2.7700    1.0793988E-04    1.0407618E-02   -1.0407618E-02
 2.7800    1.0377440E-04    1.0078356E-02   -1.0078356E-02
 2.7900    9.9778153E-05    9.7600879E-03   -9.7600879E-03
 2.8000    9.5955573E-05    9.4535763E-03   -9.4535763E-03
 2.8100    9.2300402E-05    9.1585368E-03   -9.1585368E-03
 2.8200    8.8796049E-05    8.8736383E-03   -8.8736383E-03
 2.8300    8.5419756E-05    8.5968838E-03   -8.5968838E-03
 2.8400    8.2149478E-05    8.3262865E-03   -8.3262865E-03
 2.8500    7.8971472E-05    8.0606455E-03   -8.0606455E-03
 2.8600    7.5886719E-05    7.8002354E-03   -7.8002354E-03
 2.8700    7.2913524E-05    7.5471285E-03   -7.5471285E-03
 2.8800    7.0082686E-05    7.3047537E-03   -7.3047537E-03
 2.8900    6.7424366E-05    7.0765638E-03   -7.0765638E-03
 2.9000    6.4952232E-05    6.8643582E-03   -6.8643582E-03
 2.9100    6.2654241E-05    6.6672435E-03   -6.6672435E-03
 2.9200    6.0495438E-05    6.4818383E-03   -6.4818383E-03
 2.9300    5.8430306E-05    6.3035218E-03   -6.3035218E-03
 2.9400    5.6418247E-05    6.1280756E-03   -6.1280756E-03
 2.9500    5.4436597E-05    5.9531231E-03   -5.9531231E-03
 2.9600    5.2486701E-05    5.7788651E-03   -5.7788651E-03
 2.9700    5.0589357E-05    5.6076632E-03   -5.6076632E-03
 2.9800    4.8770188E-05    5.4424797E-03   -5.4424797E-03
 2.9900    4.7042828E-05    5.2850081E-03   -5.2850081E-03
 3.0000    4.5400887E-05    5.1347194E-03   -5.1347194E-03
 3.0100    4.3823474E-05    4.9894153E-03   -4.9894153E-03
 3.0200    4.2288760E-05    4.8467286E-03   -4.8467286E-03
 3.0300    4.0785161E-05    4.7054082E-03   -4.7054082E-03
 3.0400    3.9313885E-05    4.5656539E-03   -4.5656539E-03
 3.0500    3.7884520E-05    4.4286497E-03   -4.4286497E-03
 3.0600    3.6509174E-05    4.2959055E-03   -4.2959055E-03
 3.0700    3.5198451E-05    4.1687915E-03   -4.1687915E-03
 3.0800    3.3958860E-05    4.0482227E-03   -4.0482227E-03
 3.0900    3.2790530E-05    3.9343706E-03   -3.9343706E-03
 3.1000    3.1686053E-05    3.8264971E-03   -3.8264971E-03
 3.1100    3.0632114E-05    3.7231249E-03   -3.7231249E-03
 3.1200    2.9613926E-05    3.6225555E-03   -3.6225555E-03
 3.1300    2.8620207E-05    3.5234760E-03   -3.5234760E-03
 3.1400    2.7646111E-05    3.4253363E-03   -3.4253363E-03
 3.1500    2.6693153E-05    3.3283642E-03   -3.3283642E-03
 3.1600    2.5766961E-05    3.2333092E-03   -3.2333092E-03
 3.1700    2.4874298E-05    3.1410816E-03   -3.1410816E-03
 3.1800    2.4020130E-05    3.0523860E-03   -3.0523860E-03
 3.1900    2.3204952E-05    2.9673713E-03   -2.9673713E-03
 3.2000    2.2422990E-05    2.8853821E-03   -2.8853821E-03
 3.2100    2.1662902E-05    2.8050239E-03   -2.8050239E-03
 3.2200    2.0912217E-05    2.7247187E-03   -2.7247187E-03
 3.2300    2.0164108E-05    2.6435889E-03   -2.6435889E-03
 3.2400    1.9422301E-05    2.5621265E-03   -2.5621265E-03
 3.2500    1.8700201E-05    2.4821205E-03   -2.4821205E-03
 3.2600    1.8014014E-05    2.4057781E-03   -2.4057781E-03
 3.2700    1.7373573E-05    2.3345033E-03   -2.3345033E-03
 3.2800    1.6775805E-05    2.2679889E-03   -2.2679889E-03
 3.2900    1.6204424E-05    2.2041202E-03   -2.2041202E-03
 3.3000    1.5636478E-05    2.1398172E-03   -2.1398172E-03
 3.3100    1.5052923E-05    2.0724626E-03   -2.0724626E-03
 3.3200    1.4447686E-05    2.0011716E-03   -2.0011716E-03
 3.3300    1.3830247E-05    1.9272066E-03   -1.9272066E-03
 3.3400    1.3220941E-05    1.8533829E-03   -1.8533829E-03
 3.3500    1.2642345E-05    1.7829005E-03   -1.7829005E-03
 3.3600    1.2110925E-05    1.7181685E-03   -1.7181685E-03
 3.3700    1.1631200E-05    1.6599469E-03   -1.6599469E-03
 3.3800    1.1193541E-05    1.6069811E-03   -1.6069811E-03
 3.3900    1.0777291E-05    1.5563916E-03   -1.5563916E-03
 3.4000    1.0360279E-05    1.5050092E-03   -1.5050092E-03
 3.4100    9.9320547E-06    1.4513018E-03   -1.4513018E-03
 3.4200    9.5034112E-06    1.3968237E-03   -1.3968237E-03
 3.4300    9.1040926E-06    1.3459681E-03   -1.3459681E-03
 3.4400    8.7672216E-06    1.3037332E-03   -1.3037332E-03
 3.4500    8.5095248E-06    1.2727801E-03   -1.2727801E-03
 3.4600    8.3212947E-06    1.2518519E-03   -1.2518519E-03
 3.4700    8.1729177E-06    1.2366475E-03   -1.2366475E-03
 3.4800    8.0315228E-06    1.2222675E-03   -1.2222675E-03
 3.4900    7.8748349E-06    1.2053195E-03   -1.2053195E-03
 3.5000    7.6948346E-06    1.1845278E-03   -1.1845278E-03
 3.5100    7.4936271E-06    1.1601554E-03   -1.1601554E-03
 3.5200    7.2780227E-06    1.1332053E-03   -1.1332053E-03
 3.5300    7.0564251E-06    1.1049535E-03   -1.1049535E-03
 3.5400    6.8373970E-06    1.0767309E-03   -1.0767309E-03
 3.5500    6.6280551E-06    1.0496697E-03   -1.0496697E-03
 3.5600    6.4317713E-06    1.0243313E-03   -1.0243313E-03
 3.5700    6.2461951E-06    1.0003727E-03   -1.0003727E-03
 3.5800    6.0631092E-06    9.7649789E-04   -9.7649789E-04
 3.5900    5.8709643E-06    9.5084165E-04   -9.5084165E-04
 3.6000    5.6594849E-06    9.2170463E-04   -9.2170463E-04
 3.6100    5.4244393E-06    8.8833980E-04   -8.8833980E-04
 3.6200    5.1704339E-06    8.5143989E-04   -8.5143989E-04
 3.6300    4.9101521E-06    8.1305151E-04   -8.1305151E-04
 3.6400    4.6590828E-06    7.7573442E-04   -7.7573442E-04
 3.6500    4.4262105E-06    7.4101611E-04   -7.4101611E-04
 3.6600    4.2046118E-06    7.0777943E-04   -7.0777943E-04
 3.6700    3.9696679E-06    6.7188690E-04   -6.7188690E-04
 3.6800    3.6915689E-06    6.2822684E-04   -6.2822684E-04
 3.6900    3.3596774E-06    5.7485747E-04   -5.7485747E-04
 3.7000    3.0034382E-06    5.1669232E-04   -5.1669232E-04
 3.7100    2.6898576E-06    4.6525063E-04   -4.6525063E-04
 3.7200    2.4912337E-06    4.3322172E-04   -4.3322172E-04
 3.7300    2.4422713E-06    4.2699367E-04   -4.2699367E-04
 3.7400    2.5188770E-06    4.4275148E-04   -4.4275148E-04
 3.7500    2.6547109E-06    4.6912615E-04   -4.6912615E-04
 3.7600    2.7800687E-06    4.9390234E-04   -4.9390234E-04
 3.7700    2.8527973E-06    5.0952264E-04   -5.0952264E-04
 3.7800    2.8646221E-06    5.1435244E-04   -5.1435244E-04
 3.7900    2.8292126E-06    5.1068590E-04   -5.1068590E-04
 3.8000    2.7674768E-06    5.0218189E-04   -5.0218189E-04
 3.8100    2.6987804E-06    4.9229719E-04   -4.9229719E-04
 3.8200    2.6371579E-06    4.8358488E-04   -4.8358488E-04
 3.8300    2.5887852E-06    4.7720328E-04   -4.7720328E-04
 3.8400    2.5501459E-06    4.7253866E-04   -4.7253866E-04
 3.8500    2.5094368E-06    4.6742031E-04   -4.6742031E-04
 3.8600    2.4526508E-06    4.5921937E-04   -4.5921937E-04
 3.8700    2.3714787E-06    4.4632481E-04   -4.4632481E-04
 3.8800    2.2676377E-06    4.2898981E-04   -4.2898981E-04
 3.8900    2.1509471E-06    4.0901459E-04   -4.0901459E-04
 3.9000    2.0337887E-06    3.8872718E-04   -3.8872718E-04
 3.9100    1.9266625E-06    3.7014256E-04   -3.7014256E-04
 3.9200    1.8367229E-06    3.5467096E-04   -3.5467096E-04
 3.9300    1.7677637E-06    3.4309879E-04   -3.4309879E-04
 3.9400    1.7201139E-06    3.3555176E-04   -3.3555176E-04
 3.9500    1.6908379E-06    3.3151717E-04   -3.3151717E-04
 3.9600    1.6749916E-06    3.3007519E-04   -3.3007519E-04
 3.9700    1.6674307E-06    3.3024685E-04   -3.3024685E-04
