# total charge: 12.000000 
# r(A)     rho (e/A^3)     4*pi*r^2*rho(e/A)  dip  
 0.0000    5.6154860E+00    0.0000000E+00    9.5746147E+01
 0.0100    5.6106340E+00    7.0505306E-03    9.5261561E+01
 0.0200    5.6045067E+00    2.8171323E-02    9.3822075E+01
 0.0300    5.5968505E+00    6.3298887E-02    9.1469777E+01
 0.0400    5.5873982E+00    1.1234131E-01    8.8272492E+01
 0.0500    5.5758600E+00    1.7517081E-01    8.4320508E+01
 0.0600    5.5619178E+00    2.5161523E-01    7.9722289E+01
 0.0700    5.5452524E+00    3.4145011E-01    7.4599494E+01
 0.0800    5.5256098E+00    4.4439591E-01    6.9081577E+01
 0.0900    5.5028678E+00    5.6012371E-01    6.3300336E+01
 0.1000    5.4770553E+00    6.8826707E-01    5.7384707E+01
 0.1100    5.4483151E+00    8.2843312E-01    5.1456089E+01
 0.1200    5.4168393E+00    9.8020815E-01    4.5624445E+01
 0.1300    5.3828168E+00    1.1431577E+00    3.9985304E+01
 0.1400    5.3464099E+00    1.3168254E+00    3.4617766E+01
 0.1500    5.3077565E+00    1.5007328E+00    2.9583490E+01
 0.1600    5.2669833E+00    1.6943837E+00    2.4926617E+01
 0.1700    5.2242188E+00    1.8972697E+00    2.0674509E+01
 0.1800    5.1795961E+00    2.1088747E+00    1.6839163E+01
 0.1900    5.1332470E+00    2.3286769E+00    1.3419119E+01
 0.2000    5.0852921E+00    2.5561466E+00    1.0401685E+01
 0.2100    5.0358372E+00    2.7907449E+00    7.7653182E+00
 0.2200    4.9849781E+00    3.0319252E+00    5.4819771E+00
 0.2300    4.9328095E+00    3.2791394E+00    3.5193497E+00
 0.2400    4.8794314E+00    3.5318444E+00    1.8428429E+00
 0.2500    4.8249505E+00    3.7895073E+00    4.1728485E-01
 0.2600    4.7694772E+00    4.0516073E+00   -7.9169464E-01
 0.2700    4.7131210E+00    4.3176356E+00   -1.8166112E+00
 0.2800    4.6559866E+00    4.5870941E+00   -2.6873857E+00
 0.2900    4.5981711E+00    4.8594933E+00   -3.4308855E+00
 0.3000    4.5397640E+00    5.1343521E+00   -4.0707085E+00
 0.3100    4.4808475E+00    5.4111979E+00   -4.6271613E+00
 0.3200    4.4214991E+00    5.6895689E+00   -5.1173877E+00
 0.3300    4.3617923E+00    5.9690158E+00   -5.5555992E+00
 0.3400    4.3017967E+00    6.2491015E+00   -5.9533689E+00
 0.3500    4.2415768E+00    6.5294001E+00   -6.3199563E+00
 0.3600    4.1811910E+00    6.8094945E+00   -6.6626380E+00
 0.3700    4.1206913E+00    7.0889742E+00   -6.9870269E+00
 0.3800    4.0601234E+00    7.3674347E+00   -7.2973674E+00
 0.3900    3.9995274E+00    7.6444766E+00   -7.5967993E+00
 0.4000    3.9389382E+00    7.9197052E+00   -7.8875859E+00
 0.4100    3.8783861E+00    8.1927295E+00   -8.1713067E+00
 0.4200    3.8178965E+00    8.4631608E+00   -8.4490144E+00
 0.4300    3.7574900E+00    8.7306104E+00   -8.7213620E+00
 0.4400    3.6971827E+00    8.9946885E+00   -8.9887023E+00
 0.4500    3.6369858E+00    9.2550015E+00   -9.2511654E+00
 0.4600    3.5769066E+00    9.5111521E+00   -9.5087183E+00
 0.4700    3.5169487E+00    9.7627375E+00   -9.7612087E+00
 0.4800    3.4571126E+00    1.0009350E+01   -1.0008399E+01
 0.4900    3.3973965E+00    1.0250576E+01   -1.0249990E+01
 0.5000    3.3377966E+00    1.0485997E+01   -1.0485640E+01
 0.5100    3.2783078E+00    1.0715192E+01   -1.0714976E+01
 0.5200    3.2189239E+00    1.0937732E+01   -1.0937603E+01
 0.5300    3.1596379E+00    1.1153185E+01   -1.1153109E+01
 0.5400    3.1004424E+00    1.1361117E+01   -1.1361073E+01
 0.5500    3.0413296E+00    1.1561088E+01   -1.1561063E+01
 0.5600    2.9822923E+00    1.1752659E+01   -1.1752644E+01
 0.5700    2.9233242E+00    1.1935389E+01   -1.1935380E+01
 0.5800    2.8644204E+00    1.2108842E+01   -1.2108837E+01
 0.5900    2.8055776E+00    1.2272589E+01   -1.2272586E+01
 0.6000    2.7467944E+00    1.2426205E+01   -1.2426204E+01
 0.6100    2.6880715E+00    1.2569278E+01   -1.2569278E+01
 0.6200    2.6294114E+00    1.2701406E+01   -1.2701405E+01
 0.6300    2.5708196E+00    1.2822201E+01   -1.2822200E+01
 0.6400    2.5123042E+00    1.2931296E+01   -1.2931296E+01
 0.6500    2.4538770E+00    1.3028349E+01   -1.3028349E+01
 0.6600    2.3955531E+00    1.3113045E+01   -1.3113045E+01
 0.6700    2.3373510E+00    1.3185099E+01   -1.3185099E+01
 0.6800    2.2792921E+00    1.3244259E+01   -1.3244259E+01
 0.6900    2.2214006E+00    1.3290304E+01   -1.3290304E+01
 0.7000    2.1637037E+00    1.3323052E+01   -1.3323052E+01
 0.7100    2.1062314E+00    1.3342359E+01   -1.3342359E+01
 0.7200    2.0490166E+00    1.3348127E+01   -1.3348127E+01
 0.7300    1.9920955E+00    1.3340304E+01   -1.3340304E+01
 0.7400    1.9355064E+00    1.3318887E+01   -1.3318887E+01
 0.7500    1.8792903E+00    1.3283920E+01   -1.3283920E+01
 0.7600    1.8234901E+00    1.3235503E+01   -1.3235503E+01
 0.7700    1.7681508E+00    1.3173787E+01   -1.3173787E+01
 0.7800    1.7133192E+00    1.3098976E+01   -1.3098976E+01
 0.7900    1.6590435E+00    1.3011334E+01   -1.3011334E+01
 0.8000    1.6053727E+00    1.2911173E+01   -1.2911173E+01
 0.8100    1.5523565E+00    1.2798863E+01   -1.2798863E+01
 0.8200    1.5000448E+00    1.2674820E+01   -1.2674820E+01
 0.8300    1.4484873E+00    1.2539515E+01   -1.2539515E+01
 0.8400    1.3977341E+00    1.2393472E+01   -1.2393472E+01
 0.8500    1.3478346E+00    1.2237264E+01   -1.2237264E+01
 0.8600    1.2988371E+00    1.2071506E+01   -1.2071506E+01
 0.8700    1.2507879E+00    1.1896852E+01   -1.1896852E+01
 0.8800    1.2037308E+00    1.1713983E+01   -1.1713983E+01
 0.8900    1.1577068E+00    1.1523608E+01   -1.1523608E+01
 0.9000    1.1127550E+00    1.1326466E+01   -1.1326466E+01
 0.9100    1.0689120E+00    1.1123324E+01   -1.1123324E+01
 0.9200    1.0262126E+00    1.0914978E+01   -1.0914978E+01
 0.9300    9.8468827E-01    1.0702236E+01   -1.0702236E+01
 0.9400    9.4436693E-01    1.0485915E+01   -1.0485915E+01
 0.9500    9.0527191E-01    1.0266824E+01   -1.0266824E+01
 0.9600    8.6742179E-01    1.0045757E+01   -1.0045757E+01
 0.9700    8.3083057E-01    9.8234899E+00   -9.8234899E+00
 0.9800    7.9550811E-01    9.6007823E+00   -9.6007823E+00
 0.9900    7.6146058E-01    9.3783768E+00   -9.3783768E+00
 1.0000    7.2869065E-01    9.1569968E+00   -9.1569968E+00
 1.0100    6.9719716E-01    8.9373388E+00   -8.9373388E+00
 1.0200    6.6697464E-01    8.7200611E+00   -8.7200611E+00
 1.0300    6.3801289E-01    8.5057726E+00   -8.5057726E+00
 1.0400    6.1029694E-01    8.2950256E+00   -8.2950256E+00
 1.0500    5.8380733E-01    8.0883140E+00   -8.0883140E+00
 1.0600    5.5852061E-01    7.8860732E+00   -7.8860732E+00
 1.0700    5.3440983E-01    7.6886812E+00   -7.6886812E+00
 1.0800    5.1144474E-01    7.4964577E+00   -7.4964577E+00
 1.0900    4.8959197E-01    7.3096594E+00   -7.3096594E+00
 1.1000    4.6881493E-01    7.1284757E+00   -7.1284757E+00
 1.1100    4.4907394E-01    6.9530231E+00   -6.9530231E+00
 1.1200    4.3032634E-01    6.7833440E+00   -6.7833440E+00
 1.1300    4.1252690E-01    6.6194061E+00   -6.6194061E+00
 1.1400    3.9562821E-01    6.4611052E+00   -6.4611052E+00
 1.1500    3.7958113E-01    6.3082684E+00   -6.3082684E+00
 1.1600    3.6433528E-01    6.1606576E+00   -6.1606576E+00
 1.1700    3.4983941E-01    6.0179741E+00   -6.0179741E+00
 1.1800    3.3604198E-01    5.8798659E+00   -5.8798659E+00
 1.1900    3.2289204E-01    5.7459404E+00   -5.7459404E+00
 1.2000    3.1034040E-01    5.6157875E+00   -5.6157875E+00
 1.2100    2.9834128E-01    5.4890091E+00   -5.4890091E+00
 1.2200    2.8685382E-01    5.3652524E+00   -5.3652524E+00
 1.2300    2.7584312E-01    5.2442361E+00   -5.2442361E+00
 1.2400    2.6528042E-01    5.1257619E+00   -5.1257619E+00
 1.2500    2.5514240E-01    5.0097094E+00   -5.0097094E+00
 1.2600    2.4540994E-01    4.8960190E+00   -4.8960190E+00
 1.2700    2.3606668E-01    4.7846701E+00   -4.7846701E+00
 1.2800    2.2709798E-01    4.6756617E+00   -4.6756617E+00
 1.2900    2.1849005E-01    4.5689979E+00   -4.5689979E+00
 1.3000    2.1022952E-01    4.4646794E+00   -4.4646794E+00
 1.3100    2.0230320E-01    4.3626985E+00   -4.3626985E+00
 1.3200    1.9469799E-01    4.2630379E+00   -4.2630379E+00
 1.3300    1.8740097E-01    4.1656711E+00   -4.1656711E+00
 1.3400    1.8039939E-01    4.0705633E+00   -4.0705633E+00
 1.3500    1.7368074E-01    3.9776728E+00   -3.9776728E+00
 1.3600    1.6723284E-01    3.8869526E+00   -3.8869526E+00
 1.3700    1.6104388E-01    3.7983521E+00   -3.7983521E+00
 1.3800    1.5510248E-01    3.7118189E+00   -3.7118189E+00
 1.3900    1.4939773E-01    3.6272999E+00   -3.6272999E+00
 1.4000    1.4391915E-01    3.5447410E+00   -3.5447410E+00
 1.4100    1.3865667E-01    3.4640874E+00   -3.4640874E+00
 1.4200    1.3360064E-01    3.3852838E+00   -3.3852838E+00
 1.4300    1.2874183E-01    3.3082750E+00   -3.3082750E+00
 1.4400    1.2407146E-01    3.2330077E+00   -3.2330077E+00
 1.4500    1.1958122E-01    3.1594309E+00   -3.1594309E+00
 1.4600    1.1526325E-01    3.0874962E+00   -3.0874962E+00
 1.4700    1.1111008E-01    3.0171575E+00   -3.0171575E+00
 1.4800    1.0711461E-01    2.9483701E+00   -2.9483701E+00
 1.4900    1.0327008E-01    2.8810906E+00   -2.8810906E+00
 1.5000    9.9570079E-02    2.8152777E+00   -2.8152777E+00
 1.5100    9.6008532E-02    2.7508923E+00   -2.7508923E+00
 1.5200    9.2579727E-02    2.6878989E+00   -2.6878989E+00
 1.5300    8.9278290E-02    2.6262652E+00   -2.6262652E+00
 1.5400    8.6099142E-02    2.5659615E+00   -2.5659615E+00
 1.5500    8.3037457E-02    2.5069594E+00   -2.5069594E+00
 1.5600    8.0088630E-02    2.4492320E+00   -2.4492320E+00
 1.5700    7.7248266E-02    2.3927532E+00   -2.3927532E+00
 1.5800    7.4512186E-02    2.3374985E+00   -2.3374985E+00
 1.5900    7.1876433E-02    2.2834454E+00   -2.2834454E+00
 1.6000    6.9337254E-02    2.2305731E+00   -2.2305731E+00
 1.6100    6.6891076E-02    2.1788624E+00   -2.1788624E+00
 1.6200    6.4534477E-02    2.1282943E+00   -2.1282943E+00
 1.6300    6.2264165E-02    2.0788504E+00   -2.0788504E+00
 1.6400    6.0076970E-02    2.0305121E+00   -2.0305121E+00
 1.6500    5.7969835E-02    1.9832608E+00   -1.9832608E+00
 1.6600    5.5939817E-02    1.9370779E+00   -1.9370779E+00
 1.6700    5.3984079E-02    1.8919450E+00   -1.8919450E+00
 1.6800    5.2099887E-02    1.8478436E+00   -1.8478436E+00
 1.6900    5.0284602E-02    1.8047551E+00   -1.8047551E+00
 1.7000    4.8535674E-02    1.7626609E+00   -1.7626609E+00
 1.7100    4.6850635E-02    1.7215418E+00   -1.7215418E+00
 1.7200    4.5227096E-02    1.6813784E+00   -1.6813784E+00
 1.7300    4.3662741E-02    1.6421509E+00   -1.6421509E+00
 1.7400    4.2155332E-02    1.6038394E+00   -1.6038394E+00
 1.7500    4.0702707E-02    1.5664237E+00   -1.5664237E+00
 1.7600    3.9302776E-02    1.5298837E+00   -1.5298837E+00
 1.7700    3.7953527E-02    1.4941993E+00   -1.4941993E+00
 1.7800    3.6653016E-02    1.4593504E+00   -1.4593504E+00
 1.7900    3.5399365E-02    1.4253168E+00   -1.4253168E+00
 1.8000    3.4190760E-02    1.3920782E+00   -1.3920782E+00
 1.8100    3.3025453E-02    1.3596145E+00   -1.3596145E+00
 1.8200    3.1901762E-02    1.3279059E+00   -1.3279059E+00
 1.8300    3.0818076E-02    1.2969331E+00   -1.2969331E+00
 1.8400    2.9772844E-02    1.2666768E+00   -1.2666768E+00
 1.8500    2.8764576E-02    1.2371185E+00   -1.2371185E+00
 1.8600    2.7791839E-02    1.2082395E+00   -1.2082395E+00
 1.8700    2.6853265E-02    1.1800222E+00   -1.1800222E+00
 1.8800    2.5947545E-02    1.1524493E+00   -1.1524493E+00
 1.8900    2.5073437E-02    1.1255048E+00   -1.1255048E+00
 1.9000    2.4229752E-02    1.0991729E+00   -1.0991729E+00
 1.9100    2.3415351E-02    1.0734388E+00   -1.0734388E+00
 1.9200    2.2629146E-02    1.0482877E+00   -1.0482877E+00
 1.9300    2.1870095E-02    1.0237058E+00   -1.0237058E+00
 1.9400    2.1137202E-02    9.9967959E-01   -9.9967959E-01
 1.9500    2.0429517E-02    9.7619634E-01   -9.7619634E-01
 1.9600    1.9746127E-02    9.5324368E-01   -9.5324368E-01
 1.9700    1.9086160E-02    9.3080965E-01   -9.3080965E-01
 1.9800    1.8448779E-02    9.0888277E-01   -9.0888277E-01
 1.9900    1.7833183E-02    8.8745200E-01   -8.8745200E-01
 2.0000    1.7238608E-02    8.6650694E-01   -8.6650694E-01
 2.0100    1.6664326E-02    8.4603773E-01   -8.4603773E-01
 2.0200    1.6109641E-02    8.2603501E-01   -8.2603501E-01
 2.0300    1.5573883E-02    8.0648976E-01   -8.0648976E-01
 2.0400    1.5056411E-02    7.8739319E-01   -7.8739319E-01
 2.0500    1.4556603E-02    7.6873673E-01   -7.6873673E-01
 2.0600    1.4073863E-02    7.5051200E-01   -7.5051200E-01
 2.0700    1.3607614E-02    7.3271073E-01   -7.3271073E-01
 2.0800    1.3157296E-02    7.1532465E-01   -7.1532465E-01
 2.0900    1.2722365E-02    6.9834541E-01   -6.9834541E-01
 2.1000    1.2302291E-02    6.8176461E-01   -6.8176461E-01
 2.1100    1.1896563E-02    6.6557391E-01   -6.6557391E-01
 2.1200    1.1504687E-02    6.4976512E-01   -6.4976512E-01
 2.1300    1.1126187E-02    6.3433027E-01   -6.3433027E-01
 2.1400    1.0760605E-02    6.1926151E-01   -6.1926151E-01
 2.1500    1.0407494E-02    6.0455103E-01   -6.0455103E-01
 2.1600    1.0066424E-02    5.9019101E-01   -5.9019101E-01
 2.1700    9.7369732E-03    5.7617353E-01   -5.7617353E-01
 2.1800    9.4187325E-03    5.6249066E-01   -5.6249066E-01
 2.1900    9.1113051E-03    5.4913444E-01   -5.4913444E-01
 2.2000    8.8143072E-03    5.3609704E-01   -5.3609704E-01
 2.2100    8.5273685E-03    5.2337074E-01   -5.2337074E-01
 2.2200    8.2501312E-03    5.1094796E-01   -5.1094796E-01
 2.2300    7.9822489E-03    4.9882114E-01   -4.9882114E-01
 2.2400    7.7233851E-03    4.8698276E-01   -4.8698276E-01
 2.2500    7.4732137E-03    4.7542531E-01   -4.7542531E-01
 2.2600    7.2314198E-03    4.6414141E-01   -4.6414141E-01
 2.2700    6.9977004E-03    4.5312385E-01   -4.5312385E-01
 2.2800    6.7717641E-03    4.4236563E-01   -4.4236563E-01
 2.2900    6.5533292E-03    4.3185984E-01   -4.3185984E-01
 2.3000    6.3421241E-03    4.2159968E-01   -4.2159968E-01
 2.3100    6.1378871E-03    4.1157853E-01   -4.1157853E-01
 2.3200    5.9403680E-03    4.0179005E-01   -4.0179005E-01
 2.3300    5.7493290E-03    3.9222825E-01   -3.9222825E-01
 2.3400    5.5645436E-03    3.8288745E-01   -3.8288745E-01
 2.3500    5.3857958E-03    3.7376228E-01   -3.7376228E-01
 2.3600    5.2128783E-03    3.6484757E-01   -3.6484757E-01
 2.3700    5.0455921E-03    3.5613831E-01   -3.5613831E-01
 2.3800    4.8837462E-03    3.4762969E-01   -3.4762969E-01
 2.3900    4.7271572E-03    3.3931707E-01   -3.3931707E-01
 2.4000    4.5756489E-03    3.3119597E-01   -3.3119597E-01
 2.4100    4.4290521E-03    3.2326206E-01   -3.2326206E-01
 2.4200    4.2872042E-03    3.1551119E-01   -3.1551119E-01
 2.4300    4.1499495E-03    3.0793937E-01   -3.0793937E-01
 2.4400    4.0171386E-03    3.0054280E-01   -3.0054280E-01
 2.4500    3.8886282E-03    2.9331782E-01   -2.9331782E-01
 2.4600    3.7642804E-03    2.8626091E-01   -2.8626091E-01
 2.4700    3.6439625E-03    2.7936865E-01   -2.7936865E-01
 2.4800    3.5275462E-03    2.7263772E-01   -2.7263772E-01
 2.4900    3.4149084E-03    2.6606492E-01   -2.6606492E-01
 2.5000    3.3059306E-03    2.5964718E-01   -2.5964718E-01
 2.5100    3.2004981E-03    2.5338148E-01   -2.5338148E-01
 2.5200    3.0984992E-03    2.4726482E-01   -2.4726482E-01
 2.5300    2.9998246E-03    2.4129414E-01   -2.4129414E-01
 2.5400    2.9043670E-03    2.3546632E-01   -2.3546632E-01
 2.5500    2.8120215E-03    2.2977822E-01   -2.2977822E-01
 2.5600    2.7226865E-03    2.2422676E-01   -2.2422676E-01
 2.5700    2.6362634E-03    2.1880886E-01   -2.1880886E-01
 2.5800    2.5526566E-03    2.1352153E-01   -2.1352153E-01
 2.5900    2.4717733E-03    2.0836177E-01   -2.0836177E-01
 2.6000    2.3935238E-03    2.0332665E-01   -2.0332665E-01
 2.6100    2.3178208E-03    1.9841328E-01   -1.9841328E-01
 2.6200    2.2445799E-03    1.9361879E-01   -1.9361879E-01
 2.6300    2.1737178E-03    1.8894026E-01   -1.8894026E-01
 2.6400    2.1051527E-03    1.8437469E-01   -1.8437469E-01
 2.6500    2.0388046E-03    1.7991907E-01   -1.7991907E-01
 2.6600    1.9745968E-03    1.7557051E-01   -1.7557051E-01
 2.6700    1.9124570E-03    1.7132631E-01   -1.7132631E-01
 2.6800    1.8523172E-03    1.6718404E-01   -1.6718404E-01
 2.6900    1.7941114E-03    1.6314127E-01   -1.6314127E-01
 2.7000    1.7377743E-03    1.5919549E-01   -1.5919549E-01
 2.7100    1.6832399E-03    1.5534399E-01   -1.5534399E-01
 2.7200    1.6304431E-03    1.5158399E-01   -1.5158399E-01
 2.7300    1.5793219E-03    1.4791282E-01   -1.4791282E-01
 2.7400    1.5298182E-03    1.4432807E-01   -1.4432807E-01
 2.7500    1.4818779E-03    1.4082757E-01   -1.4082757E-01
 2.7600    1.4354498E-03    1.3740927E-01   -1.3740927E-01
 2.7700    1.3904845E-03    1.3407121E-01   -1.3407121E-01
 2.7800    1.3469339E-03    1.3081144E-01   -1.3081144E-01
 2.7900    1.3047518E-03    1.2762806E-01   -1.2762806E-01
 2.8000    1.2638941E-03    1.2451928E-01   -1.2451928E-01
 2.8100    1.2243182E-03    1.2148337E-01   -1.2148337E-01
 2.8200    1.1859832E-03    1.1851863E-01   -1.1851863E-01
 2.8300    1.1488488E-03    1.1562337E-01   -1.1562337E-01
 2.8400    1.1128759E-03    1.1279589E-01   -1.1279589E-01
 2.8500    1.0780266E-03    1.1003455E-01   -1.1003455E-01
 2.8600    1.0442651E-03    1.0733780E-01   -1.0733780E-01
 2.8700    1.0115577E-03    1.0470425E-01   -1.0470425E-01
 2.8800    9.7987257E-04    1.0213261E-01   -1.0213261E-01
 2.8900    9.4917998E-04    9.9621739E-02   -9.9621739E-02
 2.9000    9.1945136E-04    9.7170540E-02   -9.7170540E-02
 2.9100    8.9065888E-04    9.4777935E-02   -9.4777935E-02
 2.9200    8.6277470E-04    9.2442774E-02   -9.2442774E-02
 2.9300    8.3577056E-04    9.0163793E-02   -9.0163793E-02
 2.9400    8.0961799E-04    8.7939639E-02   -8.7939639E-02
 2.9500    7.8428939E-04    8.5768978E-02   -8.5768978E-02
 2.9600    7.5975914E-04    8.3650630E-02   -8.3650630E-02
 2.9700    7.3600399E-04    8.1583612E-02   -8.1583612E-02
 2.9800    7.1300228E-04    7.9567060E-02   -7.9567060E-02
 2.9900    6.9073257E-04    7.7600081E-02   -7.7600081E-02
 3.0000    6.6917263E-04    7.5681641E-02   -7.5681641E-02
 3.0100    6.4829959E-04    7.3810577E-02   -7.3810577E-02
 3.0200    6.2809071E-04    7.1985681E-02   -7.1985681E-02
 3.0300    6.0852427E-04    7.0205805E-02   -7.0205805E-02
 3.0400    5.8957980E-04    6.8469890E-02   -6.8469890E-02
 3.0500    5.7123784E-04    6.6776939E-02   -6.6776939E-02
 3.0600    5.5347939E-04    6.5125965E-02   -6.5125965E-02
 3.0700    5.3628566E-04    6.3515950E-02   -6.3515950E-02
 3.0800    5.1963805E-04    6.1945853E-02   -6.1945853E-02
 3.0900    5.0351824E-04    6.0414618E-02   -6.0414618E-02
 3.1000    4.8790834E-04    5.8921188E-02   -5.8921188E-02
 3.1100    4.7279089E-04    5.7464514E-02   -5.7464514E-02
 3.1200    4.5814883E-04    5.6043550E-02   -5.6043550E-02
 3.1300    4.4396559E-04    5.4657259E-02   -5.4657259E-02
 3.1400    4.3022521E-04    5.3304641E-02   -5.3304641E-02
 3.1500    4.1691261E-04    5.1984755E-02   -5.1984755E-02
 3.1600    4.0401364E-04    5.0696743E-02   -5.0696743E-02
 3.1700    3.9151514E-04    4.9439828E-02   -4.9439828E-02
 3.1800    3.7940460E-04    4.8213282E-02   -4.8213282E-02
 3.1900    3.6766983E-04    4.7016384E-02   -4.7016384E-02
 3.2000    3.5629867E-04    4.5848383E-02   -4.5848383E-02
 3.2100    3.4527880E-04    4.4708473E-02   -4.4708473E-02
 3.2200    3.3459790E-04    4.3595817E-02   -4.3595817E-02
 3.2300    3.2424418E-04    4.2509607E-02   -4.2509607E-02
 3.2400    3.1420677E-04    4.1449130E-02   -4.1449130E-02
 3.2500    3.0447601E-04    4.0413798E-02   -4.0413798E-02
 3.2600    2.9504315E-04    3.9403119E-02   -3.9403119E-02
 3.2700    2.8589984E-04    3.8416631E-02   -3.8416631E-02
 3.2800    2.7703760E-04    3.7453833E-02   -3.7453833E-02
 3.2900    2.6844765E-04    3.6514156E-02   -3.6514156E-02
 3.3000    2.6012106E-04    3.5596988E-02   -3.5596988E-02
 3.3100    2.5204924E-04    3.4701740E-02   -3.4701740E-02
 3.3200    2.4422447E-04    3.3827913E-02   -3.3827913E-02
 3.3300    2.3664003E-04    3.2975132E-02   -3.2975132E-02
 3.3400    2.2929001E-04    3.2143113E-02   -3.2143113E-02
 3.3500    2.2216876E-04    3.1331592E-02   -3.1331592E-02
 3.3600    2.1527038E-04    3.0540258E-02   -3.0540258E-02
 3.3700    2.0858848E-04    2.9768708E-02   -2.9768708E-02
 3.3800    2.0211626E-04    2.9016466E-02   -2.9016466E-02
 3.3900    1.9584688E-04    2.8283029E-02   -2.8283029E-02
 3.4000    1.8977375E-04    2.7567910E-02   -2.7567910E-02
 3.4100    1.8389074E-04    2.6870669E-02   -2.6870669E-02
 3.4200    1.7819215E-04    2.6190914E-02   -2.6190914E-02
 3.4300    1.7267275E-04    2.5528301E-02   -2.5528301E-02
 3.4400    1.6732758E-04    2.4882515E-02   -2.4882515E-02
 3.4500    1.6215179E-04    2.4253242E-02   -2.4253242E-02
 3.4600    1.5714043E-04    2.3640138E-02   -2.3640138E-02
 3.4700    1.5228829E-04    2.3042804E-02   -2.3042804E-02
 3.4800    1.4758996E-04    2.2460797E-02   -2.2460797E-02
 3.4900    1.4303999E-04    2.1893651E-02   -2.1893651E-02
 3.5000    1.3863308E-04    2.1340904E-02   -2.1340904E-02
 3.5100    1.3436426E-04    2.0802133E-02   -2.0802133E-02
 3.5200    1.3022901E-04    2.0276964E-02   -2.0276964E-02
 3.5300    1.2622327E-04    1.9765085E-02   -1.9765085E-02
 3.5400    1.2234327E-04    1.9266218E-02   -1.9266218E-02
 3.5500    1.1858526E-04    1.8780073E-02   -1.8780073E-02
 3.5600    1.1494515E-04    1.8306297E-02   -1.8306297E-02
 3.5700    1.1141841E-04    1.7844453E-02   -1.7844453E-02
 3.5800    1.0800029E-04    1.7394055E-02   -1.7394055E-02
 3.5900    1.0468628E-04    1.6954638E-02   -1.6954638E-02
 3.6000    1.0147250E-04    1.6525828E-02   -1.6525828E-02
 3.6100    9.8355848E-05    1.6107363E-02   -1.6107363E-02
 3.6200    9.5333816E-05    1.5699072E-02   -1.5699072E-02
 3.6300    9.2404201E-05    1.5300824E-02   -1.5300824E-02
 3.6400    8.9564820E-05    1.4912487E-02   -1.4912487E-02
 3.6500    8.6813279E-05    1.4533886E-02   -1.4533886E-02
 3.6600    8.4146764E-05    1.4164768E-02   -1.4164768E-02
 3.6700    8.1561964E-05    1.3804786E-02   -1.3804786E-02
 3.6800    7.9055273E-05    1.3453533E-02   -1.3453533E-02
 3.6900    7.6623322E-05    1.3110630E-02   -1.3110630E-02
 3.7000    7.4263584E-05    1.2775833E-02   -1.2775833E-02
 3.7100    7.1974607E-05    1.2449072E-02   -1.2449072E-02
 3.7200    6.9755600E-05    1.2130392E-02   -1.2130392E-02
 3.7300    6.7605645E-05    1.1819810E-02   -1.1819810E-02
 3.7400    6.5523100E-05    1.1517216E-02   -1.1517216E-02
 3.7500    6.3505599E-05    1.1222366E-02   -1.1222366E-02
 3.7600    6.1550481E-05    1.0934955E-02   -1.0934955E-02
 3.7700    5.9655230E-05    1.0654697E-02   -1.0654697E-02
 3.7800    5.7817665E-05    1.0381354E-02   -1.0381354E-02
 3.7900    5.6035957E-05    1.0114748E-02   -1.0114748E-02
 3.8000    5.4308565E-05    9.8547449E-03   -9.8547449E-03
 3.8100    5.2634149E-05    9.6012421E-03   -9.6012421E-03
 3.8200    5.1011434E-05    9.3541455E-03   -9.3541455E-03
 3.8300    4.9439086E-05    9.1133457E-03   -9.1133457E-03
 3.8400    4.7915655E-05    8.8787074E-03   -8.8787074E-03
 3.8500    4.6439625E-05    8.6500781E-03   -8.6500781E-03
 3.8600    4.5009534E-05    8.4273105E-03   -8.4273105E-03
 3.8700    4.3624105E-05    8.2102868E-03   -8.2102868E-03
 3.8800    4.2282283E-05    7.9989271E-03   -7.9989271E-03
 3.8900    4.0983142E-05    7.7931730E-03   -7.7931730E-03
 3.9000    3.9725724E-05    7.5929564E-03   -7.5929564E-03
 3.9100    3.8508903E-05    7.3981738E-03   -7.3981738E-03
 3.9200    3.7331341E-05    7.2086775E-03   -7.2086775E-03
 3.9300    3.6191525E-05    7.0242806E-03   -7.0242806E-03
 3.9400    3.5087828E-05    6.8447689E-03   -6.8447689E-03
 3.9500    3.4018622E-05    6.6699222E-03   -6.6699222E-03
 3.9600    3.2982467E-05    6.4995512E-03   -6.4995512E-03
 3.9700    3.1978337E-05    6.3335434E-03   -6.3335434E-03
 3.9800    3.1005741E-05    6.1718892E-03   -6.1718892E-03
 3.9900    3.0064597E-05    6.0146595E-03   -6.0146595E-03
 4.0000    2.9154822E-05    5.8619248E-03   -5.8619248E-03
 4.0100    2.8275797E-05    5.7136478E-03   -5.7136478E-03
 4.0200    2.7426000E-05    5.5696056E-03   -5.5696056E-03
 4.0300    2.6603061E-05    5.4293967E-03   -5.4293967E-03
 4.0400    2.5804275E-05    5.2925413E-03   -5.2925413E-03
 4.0500    2.5027325E-05    5.1586296E-03   -5.1586296E-03
 4.0600    2.4270830E-05    5.0274361E-03   -5.0274361E-03
 4.0700    2.3534400E-05    4.8989364E-03   -4.8989364E-03
 4.0800    2.2818255E-05    4.7732329E-03   -4.7732329E-03
 4.0900    2.2122721E-05    4.6504505E-03   -4.6504505E-03
 4.1000    2.1447911E-05    4.5306715E-03   -4.5306715E-03
 4.1100    2.0793687E-05    4.4139257E-03   -4.4139257E-03
 4.1200    2.0159757E-05    4.3002091E-03   -4.3002091E-03
 4.1300    1.9545735E-05    4.1894979E-03   -4.1894979E-03
 4.1400    1.8951142E-05    4.0817456E-03   -4.0817456E-03
 4.1500    1.8375367E-05    3.9768764E-03   -3.9768764E-03
 4.1600    1.7817693E-05    3.8747884E-03   -3.8747884E-03
 4.1700    1.7277386E-05    3.7753743E-03   -3.7753743E-03
 4.1800    1.6753808E-05    3.6785440E-03   -3.6785440E-03
 4.1900    1.6246411E-05    3.5842257E-03   -3.5842257E-03
 4.2000    1.5754622E-05    3.4923393E-03   -3.4923393E-03
 4.2100    1.5277740E-05    3.4027745E-03   -3.4027745E-03
 4.2200    1.4815018E-05    3.3154077E-03   -3.3154077E-03
 4.2300    1.4365865E-05    3.2301477E-03   -3.2301477E-03
 4.2400    1.3929960E-05    3.1469616E-03   -3.1469616E-03
 4.2500    1.3507144E-05    3.0658525E-03   -3.0658525E-03
 4.2600    1.3097233E-05    2.9868170E-03   -2.9868170E-03
 4.2700    1.2699938E-05    2.9098274E-03   -2.9098274E-03
 4.2800    1.2314914E-05    2.8348415E-03   -2.8348415E-03
 4.2900    1.1941815E-05    2.7618162E-03   -2.7618162E-03
 4.3000    1.1580312E-05    2.6907109E-03   -2.6907109E-03
 4.3100    1.1230128E-05    2.6214956E-03   -2.6214956E-03
 4.3200    1.0891143E-05    2.5541759E-03   -2.5541759E-03
 4.3300    1.0563460E-05    2.4888107E-03   -2.4888107E-03
 4.3400    1.0247294E-05    2.4254845E-03   -2.4254845E-03
 4.3500    9.9426263E-06    2.3642287E-03   -2.3642287E-03
 4.3600    9.6488862E-06    2.3049421E-03   -2.3049421E-03
 4.3700    9.3649577E-06    2.2473906E-03   -2.2473906E-03
 4.3800    9.0896213E-06    2.1913103E-03   -2.1913103E-03
 4.3900    8.8220824E-06    2.1365350E-03   -2.1365350E-03
 4.4000    8.5621093E-06    2.0830322E-03   -2.0830322E-03
 4.4100    8.3096709E-06    2.0308174E-03   -2.0308174E-03
 4.4200    8.0644906E-06    1.9798457E-03   -1.9798457E-03
 4.4300    7.8259963E-06    1.9299984E-03   -1.9299984E-03
 4.4400    7.5936943E-06    1.8811738E-03   -1.8811738E-03
 4.4500    7.3675380E-06    1.8333791E-03   -1.8333791E-03
 4.4600    7.1479039E-06    1.7867273E-03   -1.7867273E-03
 4.4700    6.9352241E-06    1.7413473E-03   -1.7413473E-03
 4.4800    6.7296521E-06    1.6972996E-03   -1.6972996E-03
 4.4900    6.5310261E-06    1.6545655E-03   -1.6545655E-03
 4.5000    6.3390484E-06    1.6130913E-03   -1.6130913E-03
 4.5100    6.1534283E-06    1.5728239E-03   -1.5728239E-03
 4.5200    5.9738727E-06    1.5337080E-03   -1.5337080E-03
 4.5300    5.8000322E-06    1.4956731E-03   -1.4956731E-03
 4.5400    5.6315360E-06    1.4586411E-03   -1.4586411E-03
 4.5500    5.4681037E-06    1.4225561E-03   -1.4225561E-03
 4.5600    5.3096142E-06    1.3874026E-03   -1.3874026E-03
 4.5700    5.1560517E-06    1.3531923E-03   -1.3531923E-03
 4.5800    5.0073813E-06    1.3199318E-03   -1.3199318E-03
 4.5900    4.8634702E-06    1.2876016E-03   -1.2876016E-03
 4.6000    4.7241117E-06    1.2561621E-03   -1.2561621E-03
 4.6100    4.5890917E-06    1.2255709E-03   -1.2255709E-03
 4.6200    4.4581944E-06    1.1957842E-03   -1.1957842E-03
 4.6300    4.3311285E-06    1.1667369E-03   -1.1667369E-03
 4.6400    4.2074780E-06    1.1383287E-03   -1.1383287E-03
 4.6500    4.0867801E-06    1.1104450E-03   -1.1104450E-03
 4.6600    3.9687099E-06    1.0830065E-03   -1.0830065E-03
 4.6700    3.8532303E-06    1.0560114E-03   -1.0560114E-03
 4.6800    3.7405805E-06    1.0295337E-03   -1.0295337E-03
 4.6900    3.6311079E-06    1.0036787E-03   -1.0036787E-03
 4.7000    3.5250683E-06    9.7852767E-04   -9.7852767E-04
 4.7100    3.4225357E-06    9.5411268E-04   -9.5411268E-04
 4.7200    3.3234718E-06    9.3043462E-04   -9.3043462E-04
 4.7300    3.2278745E-06    9.0750451E-04   -9.0750451E-04
 4.7400    3.1358825E-06    8.8537313E-04   -8.8537313E-04
 4.7500    3.0477434E-06    8.6412283E-04   -8.6412283E-04
 4.7600    2.9636286E-06    8.4381560E-04   -8.4381560E-04
 4.7700    2.8833686E-06    8.2441672E-04   -8.2441672E-04
 4.7800    2.8062907E-06    8.0574630E-04   -8.0574630E-04
 4.7900    2.7313774E-06    7.8752184E-04   -7.8752184E-04
 4.8000    2.6577678E-06    7.6950134E-04   -7.6950134E-04
 4.8100    2.5853014E-06    7.5164227E-04   -7.5164227E-04
 4.8200    2.5146853E-06    7.3415471E-04   -7.3415471E-04
 4.8300    2.4471454E-06    7.1740417E-04   -7.1740417E-04
 4.8400    2.3838337E-06    7.0174051E-04   -7.0174051E-04
 4.8500    2.3253674E-06    6.8736106E-04   -6.8736106E-04
 4.8600    2.2715914E-06    6.7423706E-04   -6.7423706E-04
 4.8700    2.2214212E-06    6.6206206E-04   -6.6206206E-04
 4.8800    2.1727895E-06    6.5023025E-04   -6.5023025E-04
 4.8900    2.1230458E-06    6.3795044E-04   -6.3795044E-04
 4.9000    2.0700034E-06    6.2455844E-04   -6.2455844E-04
 4.9100    2.0131185E-06    6.0987691E-04   -6.0987691E-04
 4.9200    1.9538513E-06    5.9433537E-04   -5.9433537E-04
 4.9300    1.8948337E-06    5.7872842E-04   -5.7872842E-04
 4.9400    1.8385560E-06    5.6382018E-04   -5.6382018E-04
 4.9500    1.7866372E-06    5.5011899E-04   -5.5011899E-04
 4.9600    1.7399521E-06    5.3791109E-04   -5.3791109E-04
 4.9700    1.6988936E-06    5.2733770E-04   -5.2733770E-04
 4.9800    1.6630375E-06    5.1828734E-04   -5.1828734E-04
 4.9900    1.6304461E-06    5.1017291E-04   -5.1017291E-04
 5.0000    1.5976739E-06    5.0192404E-04   -5.0192404E-04
 5.0100    1.5611302E-06    4.9240726E-04   -4.9240726E-04
 5.0200    1.5190817E-06    4.8105908E-04   -4.8105908E-04
 5.0300    1.4727198E-06    4.6823724E-04   -4.6823724E-04
 5.0400    1.4254086E-06    4.5499886E-04   -4.5499886E-04
 5.0500    1.3807532E-06    4.4249530E-04   -4.4249530E-04
 5.0600    1.3409078E-06    4.3142946E-04   -4.3142946E-04
 5.0700    1.3060031E-06    4.2186160E-04   -4.2186160E-04
 5.0800    1.2745877E-06    4.1333959E-04   -4.1333959E-04
 5.0900    1.2445294E-06    4.0518242E-04   -4.0518242E-04
 5.1000    1.2139576E-06    3.9678363E-04   -3.9678363E-04
 5.1100    1.1820190E-06    3.8786100E-04   -3.8786100E-04
 5.1200    1.1492249E-06    3.7857750E-04   -3.7857750E-04
 5.1300    1.1171825E-06    3.6946110E-04   -3.6946110E-04
 5.1400    1.0877606E-06    3.6113486E-04   -3.6113486E-04
 5.1500    1.0621227E-06    3.5399652E-04   -3.5399652E-04
 5.1600    1.0401845E-06    3.4803236E-04   -3.4803236E-04
 5.1700    1.0207437E-06    3.4285276E-04   -3.4285276E-04
 5.1800    1.0020735E-06    3.3788505E-04   -3.3788505E-04
 5.1900    9.8257490E-07    3.3259081E-04   -3.3259081E-04
 5.2000    9.6122937E-07    3.2662061E-04   -3.2662061E-04
 5.2100    9.3780965E-07    3.1988952E-04   -3.1988952E-04
 5.2200    9.1286567E-07    3.1257752E-04   -3.1257752E-04
 5.2300    8.8748158E-07    3.0505110E-04   -3.0505110E-04
 5.2400    8.6285517E-07    2.9772160E-04   -2.9772160E-04
 5.2500    8.3987424E-07    2.9089934E-04   -2.9089934E-04
 5.2600    8.1888926E-07    2.8471250E-04   -2.8471250E-04
 5.2700    7.9974111E-07    2.7911329E-04   -2.7911329E-04
 5.2800    7.8193384E-07    2.7393512E-04   -2.7393512E-04
 5.2900    7.6481716E-07    2.6895451E-04   -2.6895451E-04
 5.3000    7.4774820E-07    2.6394715E-04   -2.6394715E-04
 5.3100    7.3027146E-07    2.5875171E-04   -2.5875171E-04
 5.3200    7.1229502E-07    2.5333374E-04   -2.5333374E-04
 5.3300    6.9414442E-07    2.4780731E-04   -2.4780731E-04
 5.3400    6.7640227E-07    2.4238037E-04   -2.4238037E-04
 5.3500    6.5960052E-07    2.3724574E-04   -2.3724574E-04
 5.3600    6.4396436E-07    2.3248839E-04   -2.3248839E-04
 5.3700    6.2936856E-07    2.2806754E-04   -2.2806754E-04
 5.3800    6.1550181E-07    2.2387405E-04   -2.2387405E-04
 5.3900    6.0210728E-07    2.1981700E-04   -2.1981700E-04
 5.4000    5.8916579E-07    2.1589118E-04   -2.1589118E-04
 5.4100    5.7695042E-07    2.1219878E-04   -2.1219878E-04
 5.4200    5.6592860E-07    2.0891522E-04   -2.0891522E-04
 5.4300    5.5654400E-07    2.0620967E-04   -2.0620967E-04
 5.4400    5.4900014E-07    2.0416445E-04   -2.0416445E-04
 5.4500    5.4318464E-07    2.0274509E-04   -2.0274509E-04
 5.4600    5.3875737E-07    2.0183123E-04   -2.0183123E-04
