# total charge: 3.000000 
# r(A)     rho (e/A^3)     4*pi*r^2*rho(e/A)  dip  
 0.0000    8.8837520E-03    0.0000000E+00    2.3936537E+01
 0.0100    9.0443853E-03    1.1365510E-05    2.3817141E+01
 0.0200    9.2473473E-03    4.6482237E-05    2.3462515E+01
 0.0300    9.5011903E-03    1.0745593E-04    2.2883161E+01
 0.0400    9.8150459E-03    1.9734321E-04    2.2096011E+01
 0.0500    1.0198983E-02    3.2041051E-04    2.1123599E+01
 0.0600    1.0664213E-02    4.8243761E-04    1.9992994E+01
 0.0700    1.1222165E-02    6.9100723E-04    1.8734545E+01
 0.0800    1.1882273E-02    9.5562906E-04    1.7380538E+01
 0.0900    1.2649729E-02    1.2875856E-03    1.5963827E+01
 0.1000    1.3524825E-02    1.6995796E-03    1.4516544E+01
 0.1100    1.4504185E-02    2.2054060E-03    1.3068925E+01
 0.1200    1.5582897E-02    2.8198145E-03    1.1648343E+01
 0.1300    1.6756246E-02    3.5585517E-03    1.0278557E+01
 0.1400    1.8020472E-02    4.4384579E-03    8.9792095E+00
 0.1500    1.9372659E-02    5.4774902E-03    7.7655782E+00
 0.1600    2.0810189E-02    6.6946188E-03    6.6485555E+00
 0.1700    2.2330268E-02    8.1096412E-03    5.6348350E+00
 0.1800    2.3929822E-02    9.7430369E-03    4.7272665E+00
 0.1900    2.5605815E-02    1.1615975E-02    3.9253329E+00
 0.2000    2.7355673E-02    1.3750461E-02    3.2257075E+00
 0.2100    2.9177454E-02    1.6169472E-02    2.6228463E+00
 0.2200    3.1069594E-02    1.8896911E-02    2.1095787E+00
 0.2300    3.3030467E-02    2.1957366E-02    1.6776649E+00
 0.2400    3.5058030E-02    2.5375807E-02    1.3182960E+00
 0.2500    3.7149738E-02    2.9177336E-02    1.0225207E+00
 0.2600    3.9302651E-02    3.3387078E-02    7.8159108E-01
 0.2700    4.1513645E-02    3.8030169E-02    5.8722592E-01
 0.2800    4.3779604E-02    4.3131817E-02    4.3179528E-01
 0.2900    4.6097558E-02    4.8717364E-02    3.0843458E-01
 0.3000    4.8464700E-02    5.4812284E-02    2.1109862E-01
 0.3100    5.0878279E-02    6.1442046E-02    1.3456710E-01
 0.3200    5.3335469E-02    6.8631887E-02    7.4413405E-02
 0.3300    5.5833279E-02    7.6406601E-02    2.6947535E-02
 0.3400    5.8368573E-02    8.4790418E-02   -1.0857267E-02
 0.3500    6.0938143E-02    9.3806983E-02   -4.1446022E-02
 0.3600    6.3538771E-02    1.0347935E-01   -6.6765231E-02
 0.3700    6.6167241E-02    1.1382990E-01   -8.8343079E-02
 0.3800    6.8820318E-02    1.2488024E-01   -1.0736343E-01
 0.3900    7.1494744E-02    1.3665112E-01   -1.2473179E-01
 0.4000    7.4187234E-02    1.4916228E-01   -1.4113247E-01
 0.4100    7.6894489E-02    1.6243245E-01   -1.5707675E-01
 0.4200    7.9613202E-02    1.7647920E-01   -1.7294262E-01
 0.4300    8.2340050E-02    1.9131891E-01   -1.8900680E-01
 0.4400    8.5071690E-02    2.0696661E-01   -2.0547006E-01
 0.4500    8.7804752E-02    2.2343588E-01   -2.2247685E-01
 0.4600    9.0535839E-02    2.4073878E-01   -2.4013033E-01
 0.4700    9.3261541E-02    2.5888576E-01   -2.5850357E-01
 0.4800    9.5978456E-02    2.7788564E-01   -2.7764796E-01
 0.4900    9.8683197E-02    2.9774552E-01   -2.9759918E-01
 0.5000    1.0137240E-01    3.1847078E-01   -3.1838158E-01
 0.5100    1.0404270E-01    3.4006493E-01   -3.4001110E-01
 0.5200    1.0669078E-01    3.6252956E-01   -3.6249739E-01
 0.5300    1.0931330E-01    3.8586432E-01   -3.8584530E-01
 0.5400    1.1190703E-01    4.1006693E-01   -4.1005579E-01
 0.5500    1.1446875E-01    4.3513316E-01   -4.3512670E-01
 0.5600    1.1699533E-01    4.6105681E-01   -4.6105310E-01
 0.5700    1.1948369E-01    4.8782964E-01   -4.8782753E-01
 0.5800    1.2193077E-01    5.1544125E-01   -5.1544007E-01
 0.5900    1.2433358E-01    5.4387903E-01   -5.4387837E-01
 0.6000    1.2668914E-01    5.7312817E-01   -5.7312781E-01
 0.6100    1.2899457E-01    6.0317170E-01   -6.0317150E-01
 0.6200    1.3124705E-01    6.3399058E-01   -6.3399047E-01
 0.6300    1.3344388E-01    6.6556369E-01   -6.6556363E-01
 0.6400    1.3558243E-01    6.9786789E-01   -6.9786786E-01
 0.6500    1.3766017E-01    7.3087797E-01   -7.3087796E-01
 0.6600    1.3967465E-01    7.6456662E-01   -7.6456661E-01
 0.6700    1.4162350E-01    7.9890439E-01   -7.9890438E-01
 0.6800    1.4350444E-01    8.3385977E-01   -8.3385977E-01
 0.6900    1.4531526E-01    8.6939927E-01   -8.6939927E-01
 0.7000    1.4705389E-01    9.0548751E-01   -9.0548751E-01
 0.7100    1.4871838E-01    9.4208742E-01   -9.4208742E-01
 0.7200    1.5030691E-01    9.7916032E-01   -9.7916032E-01
 0.7300    1.5181780E-01    1.0166660E+00   -1.0166660E+00
 0.7400    1.5324949E-01    1.0545626E+00   -1.0545626E+00
 0.7500    1.5460052E-01    1.0928067E+00   -1.0928067E+00
 0.7600    1.5586955E-01    1.1313535E+00   -1.1313535E+00
 0.7700    1.5705534E-01    1.1701567E+00   -1.1701567E+00
 0.7800    1.5815679E-01    1.2091687E+00   -1.2091687E+00
 0.7900    1.5917287E-01    1.2483406E+00   -1.2483406E+00
 0.8000    1.6010266E-01    1.2876220E+00   -1.2876220E+00
 0.8100    1.6094534E-01    1.3269615E+00   -1.3269615E+00
 0.8200    1.6170022E-01    1.3663067E+00   -1.3663067E+00
 0.8300    1.6236674E-01    1.4056045E+00   -1.4056045E+00
 0.8400    1.6294446E-01    1.4448010E+00   -1.4448010E+00
 0.8500    1.6343305E-01    1.4838418E+00   -1.4838418E+00
 0.8600    1.6383232E-01    1.5226719E+00   -1.5226719E+00
 0.8700    1.6414221E-01    1.5612363E+00   -1.5612363E+00
 0.8800    1.6436278E-01    1.5994795E+00   -1.5994795E+00
 0.8900    1.6449421E-01    1.6373461E+00   -1.6373461E+00
 0.9000    1.6453678E-01    1.6747804E+00   -1.6747804E+00
 0.9100    1.6449084E-01    1.7117265E+00   -1.7117265E+00
 0.9200    1.6435683E-01    1.7481282E+00   -1.7481282E+00
 0.9300    1.6413525E-01    1.7839293E+00   -1.7839293E+00
 0.9400    1.6382675E-01    1.8190741E+00   -1.8190741E+00
 0.9500    1.6343208E-01    1.8535076E+00   -1.8535076E+00
 0.9600    1.6295215E-01    1.8871761E+00   -1.8871761E+00
 0.9700    1.6238800E-01    1.9200266E+00   -1.9200266E+00
 0.9800    1.6174078E-01    1.9520078E+00   -1.9520078E+00
 0.9900    1.6101174E-01    1.9830689E+00   -1.9830689E+00
 1.0000    1.6020221E-01    2.0131603E+00   -2.0131603E+00
 1.0100    1.5931358E-01    2.0422335E+00   -2.0422335E+00
 1.0200    1.5834734E-01    2.0702413E+00   -2.0702413E+00
 1.0300    1.5730504E-01    2.0971378E+00   -2.0971378E+00
 1.0400    1.5618836E-01    2.1228788E+00   -2.1228788E+00
 1.0500    1.5499903E-01    2.1474223E+00   -2.1474223E+00
 1.0600    1.5373893E-01    2.1707283E+00   -2.1707283E+00
 1.0700    1.5241004E-01    2.1927595E+00   -2.1927595E+00
 1.0800    1.5101443E-01    2.2134812E+00   -2.2134812E+00
 1.0900    1.4955426E-01    2.2328609E+00   -2.2328609E+00
 1.1000    1.4803176E-01    2.2508686E+00   -2.2508686E+00
 1.1100    1.4644923E-01    2.2674770E+00   -2.2674770E+00
 1.1200    1.4480903E-01    2.2826617E+00   -2.2826617E+00
 1.1300    1.4311364E-01    2.2964012E+00   -2.2964012E+00
 1.1400    1.4136558E-01    2.3086774E+00   -2.3086774E+00
 1.1500    1.3956747E-01    2.3194752E+00   -2.3194752E+00
 1.1600    1.3772193E-01    2.3287826E+00   -2.3287826E+00
 1.1700    1.3583167E-01    2.3365907E+00   -2.3365907E+00
 1.1800    1.3389945E-01    2.3428941E+00   -2.3428941E+00
 1.1900    1.3192805E-01    2.3476910E+00   -2.3476910E+00
 1.2000    1.2992036E-01    2.3509834E+00   -2.3509834E+00
 1.2100    1.2787926E-01    2.3527767E+00   -2.3527767E+00
 1.2200    1.2580769E-01    2.3530801E+00   -2.3530801E+00
 1.2300    1.2370861E-01    2.3519062E+00   -2.3519062E+00
 1.2400    1.2158499E-01    2.3492715E+00   -2.3492715E+00
 1.2500    1.1943985E-01    2.3451960E+00   -2.3451960E+00
 1.2600    1.1727621E-01    2.3397038E+00   -2.3397038E+00
 1.2700    1.1509711E-01    2.3328227E+00   -2.3328227E+00
 1.2800    1.1290560E-01    2.3245842E+00   -2.3245842E+00
 1.2900    1.1070473E-01    2.3150239E+00   -2.3150239E+00
 1.3000    1.0849757E-01    2.3041809E+00   -2.3041809E+00
 1.3100    1.0628714E-01    2.2920979E+00   -2.2920979E+00
 1.3200    1.0407646E-01    2.2788210E+00   -2.2788210E+00
 1.3300    1.0186851E-01    2.2643997E+00   -2.2643997E+00
 1.3400    9.9666234E-02    2.2488864E+00   -2.2488864E+00
 1.3500    9.7472567E-02    2.2323372E+00   -2.2323372E+00
 1.3600    9.5290418E-02    2.2148122E+00   -2.2148122E+00
 1.3700    9.3122683E-02    2.1963749E+00   -2.1963749E+00
 1.3800    9.0972227E-02    2.1770924E+00   -2.1770924E+00
 1.3900    8.8841861E-02    2.1570346E+00   -2.1570346E+00
 1.4000    8.6734322E-02    2.1362739E+00   -2.1362739E+00
 1.4100    8.4652274E-02    2.1148848E+00   -2.1148848E+00
 1.4200    8.2598313E-02    2.0929446E+00   -2.0929446E+00
 1.4300    8.0574978E-02    2.0705329E+00   -2.0705329E+00
 1.4400    7.8584733E-02    2.0477316E+00   -2.0477316E+00
 1.4500    7.6629919E-02    2.0246233E+00   -2.0246233E+00
 1.4600    7.4712675E-02    2.0012892E+00   -2.0012892E+00
 1.4700    7.2834855E-02    1.9778065E+00   -1.9778065E+00
 1.4800    7.0997941E-02    1.9542452E+00   -1.9542452E+00
 1.4900    6.9202976E-02    1.9306661E+00   -1.9306661E+00
 1.5000    6.7450527E-02    1.9071187E+00   -1.9071187E+00
 1.5100    6.5740697E-02    1.8836407E+00   -1.8836407E+00
 1.5200    6.4073183E-02    1.8602587E+00   -1.8602587E+00
 1.5300    6.2447372E-02    1.8369904E+00   -1.8369904E+00
 1.5400    6.0862448E-02    1.8138473E+00   -1.8138473E+00
 1.5500    5.9317492E-02    1.7908369E+00   -1.7908369E+00
 1.5600    5.7811554E-02    1.7679652E+00   -1.7679652E+00
 1.5700    5.6343693E-02    1.7452373E+00   -1.7452373E+00
 1.5800    5.4912985E-02    1.7226581E+00   -1.7226581E+00
 1.5900    5.3518517E-02    1.7002320E+00   -1.7002320E+00
 1.6000    5.2159379E-02    1.6779625E+00   -1.6779625E+00
 1.6100    5.0834672E-02    1.6558525E+00   -1.6558525E+00
 1.6200    4.9543515E-02    1.6339046E+00   -1.6339046E+00
 1.6300    4.8285054E-02    1.6121216E+00   -1.6121216E+00
 1.6400    4.7058460E-02    1.5905059E+00   -1.5905059E+00
 1.6500    4.5862929E-02    1.5690600E+00   -1.5690600E+00
 1.6600    4.4697674E-02    1.5477862E+00   -1.5477862E+00
 1.6700    4.3561919E-02    1.5266863E+00   -1.5266863E+00
 1.6800    4.2454900E-02    1.5057617E+00   -1.5057617E+00
 1.6900    4.1375862E-02    1.4850132E+00   -1.4850132E+00
 1.7000    4.0324081E-02    1.4644420E+00   -1.4644420E+00
 1.7100    3.9298873E-02    1.4440498E+00   -1.4440498E+00
 1.7200    3.8299590E-02    1.4238390E+00   -1.4238390E+00
 1.7300    3.7325607E-02    1.4038120E+00   -1.4038120E+00
 1.7400    3.6376301E-02    1.3839707E+00   -1.3839707E+00
 1.7500    3.5451037E-02    1.3643158E+00   -1.3643158E+00
 1.7600    3.4549186E-02    1.3448474E+00   -1.3448474E+00
 1.7700    3.3670145E-02    1.3255661E+00   -1.3255661E+00
 1.7800    3.2813355E-02    1.3064732E+00   -1.3064732E+00
 1.7900    3.1978308E-02    1.2875717E+00   -1.2875717E+00
 1.8000    3.1164512E-02    1.2688644E+00   -1.2688644E+00
 1.8100    3.0371466E-02    1.2503534E+00   -1.2503534E+00
 1.8200    2.9598647E-02    1.2320391E+00   -1.2320391E+00
 1.8300    2.8845530E-02    1.2139214E+00   -1.2139214E+00
 1.8400    2.8111628E-02    1.1960009E+00   -1.1960009E+00
 1.8500    2.7396518E-02    1.1782805E+00   -1.1782805E+00
 1.8600    2.6699821E-02    1.1607645E+00   -1.1607645E+00
 1.8700    2.6021157E-02    1.1434566E+00   -1.1434566E+00
 1.8800    2.5360101E-02    1.1263582E+00   -1.1263582E+00
 1.8900    2.4716183E-02    1.1094682E+00   -1.1094682E+00
 1.9000    2.4088930E-02    1.0927846E+00   -1.0927846E+00
 1.9100    2.3477902E-02    1.0763063E+00   -1.0763063E+00
 1.9200    2.2882702E-02    1.0600336E+00   -1.0600336E+00
 1.9300    2.2302958E-02    1.0439674E+00   -1.0439674E+00
 1.9400    2.1738296E-02    1.0281082E+00   -1.0281082E+00
 1.9500    2.1188329E-02    1.0124551E+00   -1.0124551E+00
 1.9600    2.0652656E-02    9.9700635E-01   -9.9700635E-01
 1.9700    2.0130891E-02    9.8175997E-01   -9.8175997E-01
 1.9800    1.9622678E-02    9.6671515E-01   -9.6671515E-01
 1.9900    1.9127708E-02    9.5187286E-01   -9.5187286E-01
 2.0000    1.8645713E-02    9.3723575E-01   -9.3723575E-01
 2.0100    1.8176442E-02    9.2280697E-01   -9.2280697E-01
 2.0200    1.7719628E-02    9.0858844E-01   -9.0858844E-01
 2.0300    1.7274963E-02    8.9457975E-01   -8.9457975E-01
 2.0400    1.6842103E-02    8.8077810E-01   -8.8077810E-01
 2.0500    1.6420688E-02    8.6717936E-01   -8.6717936E-01
 2.0600    1.6010373E-02    8.5377958E-01   -8.5377958E-01
 2.0700    1.5610846E-02    8.4057604E-01   -8.4057604E-01
 2.0800    1.5221826E-02    8.2756724E-01   -8.2756724E-01
 2.0900    1.4843043E-02    8.1475188E-01   -8.1475188E-01
 2.1000    1.4474216E-02    8.0212769E-01   -8.0212769E-01
 2.1100    1.4115048E-02    7.8969091E-01   -7.8969091E-01
 2.1200    1.3765234E-02    7.7743697E-01   -7.7743697E-01
 2.1300    1.3424482E-02    7.6536149E-01   -7.6536149E-01
 2.1400    1.3092526E-02    7.5346115E-01   -7.5346115E-01
 2.1500    1.2769134E-02    7.4173410E-01   -7.4173410E-01
 2.1600    1.2454109E-02    7.3018017E-01   -7.3018017E-01
 2.1700    1.2147285E-02    7.1880083E-01   -7.1880083E-01
 2.1800    1.1848519E-02    7.0759854E-01   -7.0759854E-01
 2.1900    1.1557660E-02    6.9657519E-01   -6.9657519E-01
 2.2000    1.1274520E-02    6.8573025E-01   -6.8573025E-01
 2.2100    1.0998863E-02    6.7505976E-01   -6.7505976E-01
 2.2200    1.0730414E-02    6.6455706E-01   -6.6455706E-01
 2.2300    1.0468891E-02    6.5421463E-01   -6.5421463E-01
 2.2400    1.0214041E-02    6.4402614E-01   -6.4402614E-01
 2.2500    9.9656524E-03    6.3398741E-01   -6.3398741E-01
 2.2600    9.7235486E-03    6.2409619E-01   -6.2409619E-01
 2.2700    9.4875737E-03    6.1435124E-01   -6.1435124E-01
 2.2800    9.2575814E-03    6.0475170E-01   -6.0475170E-01
 2.2900    9.0334324E-03    5.9529691E-01   -5.9529691E-01
 2.3000    8.8149968E-03    5.8598661E-01   -5.8598661E-01
 2.3100    8.6021541E-03    5.7682097E-01   -5.7682097E-01
 2.3200    8.3947885E-03    5.6780027E-01   -5.6780027E-01
 2.3300    8.1927844E-03    5.5892461E-01   -5.5892461E-01
 2.3400    7.9960217E-03    5.5019361E-01   -5.5019361E-01
 2.3500    7.8043676E-03    5.4160580E-01   -5.4160580E-01
 2.3600    7.6176682E-03    5.3315799E-01   -5.3315799E-01
 2.3700    7.4357479E-03    5.2484518E-01   -5.2484518E-01
 2.3800    7.2584265E-03    5.1666169E-01   -5.1666169E-01
 2.3900    7.0855459E-03    5.0860308E-01   -5.0860308E-01
 2.4000    6.9169900E-03    5.0066761E-01   -5.0066761E-01
 2.4100    6.7526805E-03    4.9285612E-01   -4.9285612E-01
 2.4200    6.5925545E-03    4.8517043E-01   -4.8517043E-01
 2.4300    6.4365385E-03    4.7761150E-01   -4.7761150E-01
 2.4400    6.2845366E-03    4.7017851E-01   -4.7017851E-01
 2.4500    6.1364339E-03    4.6286899E-01   -4.6286899E-01
 2.4600    5.9921058E-03    4.5567956E-01   -4.5567956E-01
 2.4700    5.8514261E-03    4.4860643E-01   -4.4860643E-01
 2.4800    5.7142726E-03    4.4164587E-01   -4.4164587E-01
 2.4900    5.5805346E-03    4.3479482E-01   -4.3479482E-01
 2.5000    5.4501226E-03    4.2805163E-01   -4.2805163E-01
 2.5100    5.3229713E-03    4.2141640E-01   -4.2141640E-01
 2.5200    5.1990313E-03    4.1489039E-01   -4.1489039E-01
 2.5300    5.0782499E-03    4.0847452E-01   -4.0847452E-01
 2.5400    4.9605538E-03    4.0216796E-01   -4.0216796E-01
 2.5500    4.8458423E-03    3.9596746E-01   -3.9596746E-01
 2.5600    4.7339973E-03    3.8986819E-01   -3.8986819E-01
 2.5700    4.6249067E-03    3.8386550E-01   -3.8386550E-01
 2.5800    4.5184856E-03    3.7795681E-01   -3.7795681E-01
 2.5900    4.4146811E-03    3.7214203E-01   -3.7214203E-01
 2.6000    4.3134553E-03    3.6642227E-01   -3.6642227E-01
 2.6100    4.2147614E-03    3.6079779E-01   -3.6079779E-01
 2.6200    4.1185321E-03    3.5526703E-01   -3.5526703E-01
 2.6300    4.0246927E-03    3.4982762E-01   -3.4982762E-01
 2.6400    3.9331850E-03    3.4447848E-01   -3.4447848E-01
 2.6500    3.8439756E-03    3.3922061E-01   -3.3922061E-01
 2.6600    3.7570350E-03    3.3405531E-01   -3.3405531E-01
 2.6700    3.6723032E-03    3.2898107E-01   -3.2898107E-01
 2.6800    3.5896730E-03    3.2399204E-01   -3.2399204E-01
 2.6900    3.5090100E-03    3.1907959E-01   -3.1907959E-01
 2.7000    3.4301940E-03    3.1423610E-01   -3.1423610E-01
 2.7100    3.3531517E-03    3.0945796E-01   -3.0945796E-01
 2.7200    3.2778587E-03    3.0474592E-01   -3.0474592E-01
 2.7300    3.2043139E-03    3.0010291E-01   -3.0010291E-01
 2.7400    3.1325086E-03    2.9553115E-01   -2.9553115E-01
 2.7500    3.0624125E-03    2.9103079E-01   -2.9103079E-01
 2.7600    2.9939828E-03    2.8660075E-01   -2.8660075E-01
 2.7700    2.9271820E-03    2.8224037E-01   -2.8224037E-01
 2.7800    2.8619851E-03    2.7795010E-01   -2.7795010E-01
 2.7900    2.7983692E-03    2.7373056E-01   -2.7373056E-01
 2.8000    2.7362967E-03    2.6958089E-01   -2.6958089E-01
 2.8100    2.6757073E-03    2.6549791E-01   -2.6549791E-01
 2.8200    2.6165239E-03    2.6147657E-01   -2.6147657E-01
 2.8300    2.5586688E-03    2.5751160E-01   -2.5751160E-01
 2.8400    2.5020824E-03    2.5359936E-01   -2.5359936E-01
 2.8500    2.4467379E-03    2.4973938E-01   -2.4973938E-01
 2.8600    2.3926461E-03    2.4593504E-01   -2.4593504E-01
 2.8700    2.3398474E-03    2.4219278E-01   -2.4219278E-01
 2.8800    2.2883855E-03    2.3851957E-01   -2.3851957E-01
 2.8900    2.2382723E-03    2.3491918E-01   -2.3491918E-01
 2.9000    2.1894609E-03    2.3138919E-01   -2.3138919E-01
 2.9100    2.1418507E-03    2.2792136E-01   -2.2792136E-01
 2.9200    2.0953301E-03    2.2450604E-01   -2.2450604E-01
 2.9300    2.0498316E-03    2.2113795E-01   -2.2113795E-01
 2.9400    2.0053591E-03    2.1781946E-01   -2.1781946E-01
 2.9500    1.9619656E-03    2.1455828E-01   -2.1455828E-01
 2.9600    1.9196949E-03    2.1136132E-01   -2.1136132E-01
 2.9700    1.8785296E-03    2.0822880E-01   -2.0822880E-01
 2.9800    1.8383847E-03    2.0515343E-01   -2.0515343E-01
 2.9900    1.7991504E-03    2.0212485E-01   -2.0212485E-01
 3.0000    1.7607479E-03    1.9913589E-01   -1.9913589E-01
 3.0100    1.7231537E-03    1.9618549E-01   -1.9618549E-01
 3.0200    1.6863814E-03    1.9327672E-01   -1.9327672E-01
 3.0300    1.6504419E-03    1.9041246E-01   -1.9041246E-01
 3.0400    1.6153199E-03    1.8759254E-01   -1.8759254E-01
 3.0500    1.5809797E-03    1.8481442E-01   -1.8481442E-01
 3.0600    1.5473901E-03    1.8207593E-01   -1.8207593E-01
 3.0700    1.5145398E-03    1.7937722E-01   -1.7937722E-01
 3.0800    1.4824312E-03    1.7672006E-01   -1.7672006E-01
 3.0900    1.4510600E-03    1.7410538E-01   -1.7410538E-01
 3.1000    1.4204003E-03    1.7153155E-01   -1.7153155E-01
 3.1100    1.3904103E-03    1.6899490E-01   -1.6899490E-01
 3.1200    1.3610526E-03    1.6649223E-01   -1.6649223E-01
 3.1300    1.3323135E-03    1.6402309E-01   -1.6402309E-01
 3.1400    1.3042048E-03    1.6159018E-01   -1.6159018E-01
 3.1500    1.2767489E-03    1.5919758E-01   -1.5919758E-01
 3.1600    1.2499581E-03    1.5684818E-01   -1.5684818E-01
 3.1700    1.2238204E-03    1.5454184E-01   -1.5454184E-01
 3.1800    1.1982982E-03    1.5227514E-01   -1.5227514E-01
 3.1900    1.1733383E-03    1.5004256E-01   -1.5004256E-01
 3.2000    1.1488895E-03    1.4783868E-01   -1.4783868E-01
 3.2100    1.1249198E-03    1.4566040E-01   -1.4566040E-01
 3.2200    1.1014239E-03    1.4350799E-01   -1.4350799E-01
 3.2300    1.0784172E-03    1.4138448E-01   -1.4138448E-01
 3.2400    1.0559197E-03    1.3929347E-01   -1.3929347E-01
 3.2500    1.0339377E-03    1.3723691E-01   -1.3723691E-01
 3.2600    1.0124546E-03    1.3521368E-01   -1.3521368E-01
 3.2700    9.9143593E-04    1.3322018E-01   -1.3322018E-01
 3.2800    9.7084875E-04    1.3125297E-01   -1.3125297E-01
 3.2900    9.5068623E-04    1.2931201E-01   -1.2931201E-01
 3.3000    9.3097694E-04    1.2740212E-01   -1.2740212E-01
 3.3100    9.1176668E-04    1.2553059E-01   -1.2553059E-01
 3.3200    8.9308171E-04    1.2370214E-01   -1.2370214E-01
 3.3300    8.7490059E-04    1.2191497E-01   -1.2191497E-01
 3.3400    8.5715788E-04    1.2016102E-01   -1.2016102E-01
 3.3500    8.3977785E-04    1.1843059E-01   -1.1843059E-01
 3.3600    8.2271212E-04    1.1671759E-01   -1.1671759E-01
 3.3700    8.0595302E-04    1.1502160E-01   -1.1502160E-01
 3.3800    7.8951635E-04    1.1334553E-01   -1.1334553E-01
 3.3900    7.7341360E-04    1.1169174E-01   -1.1169174E-01
 3.4000    7.5763948E-04    1.1006020E-01   -1.1006020E-01
 3.4100    7.4218238E-04    1.0844993E-01   -1.0844993E-01
 3.4200    7.2704243E-04    1.0686164E-01   -1.0686164E-01
 3.4300    7.1223613E-04    1.0529848E-01   -1.0529848E-01
 3.4400    6.9778202E-04    1.0376396E-01   -1.0376396E-01
 3.4500    6.8368159E-04    1.0225909E-01   -1.0225909E-01
 3.4600    6.6991376E-04    1.0078153E-01   -1.0078153E-01
 3.4700    6.5644722E-04    9.9327299E-02   -9.9327299E-02
 3.4800    6.4325786E-04    9.7893409E-02   -9.7893409E-02
 3.4900    6.3033622E-04    9.6479042E-02   -9.6479042E-02
 3.5000    6.1768160E-04    9.5084694E-02   -9.5084694E-02
 3.5100    6.0529029E-04    9.3710403E-02   -9.3710403E-02
 3.5200    5.9314694E-04    9.2354377E-02   -9.2354377E-02
 3.5300    5.8122381E-04    9.1012841E-02   -9.1012841E-02
 3.5400    5.6948968E-04    8.9681373E-02   -8.9681373E-02
 3.5500    5.5792597E-04    8.8357445E-02   -8.8357445E-02
 3.5600    5.4654180E-04    8.7042878E-02   -8.7042878E-02
 3.5700    5.3537626E-04    8.5744328E-02   -8.5744328E-02
 3.5800    5.2448190E-04    8.4470765E-02   -8.4470765E-02
 3.5900    5.1389756E-04    8.3229123E-02   -8.3229123E-02
 3.6000    5.0362825E-04    8.2020980E-02   -8.2020980E-02
 3.6100    4.9364524E-04    8.0842404E-02   -8.0842404E-02
 3.6200    4.8390297E-04    7.9686598E-02   -7.9686598E-02
 3.6300    4.7435843E-04    7.8547024E-02   -7.8547024E-02
 3.6400    4.6498050E-04    7.7418967E-02   -7.7418967E-02
 3.6500    4.5574767E-04    7.6299211E-02   -7.6299211E-02
 3.6600    4.4664148E-04    7.5184980E-02   -7.5184980E-02
 3.6700    4.3764528E-04    7.4073734E-02   -7.4073734E-02
 3.6800    4.2875307E-04    7.2964691E-02   -7.2964691E-02
 3.6900    4.1998443E-04    7.1861419E-02   -7.1861419E-02
 3.7000    4.1139190E-04    7.0773236E-02   -7.0773236E-02
 3.7100    4.0304748E-04    6.9713020E-02   -6.9713020E-02
 3.7200    3.9500793E-04    6.8691271E-02   -6.8691271E-02
 3.7300    3.8727888E-04    6.7709770E-02   -6.7709770E-02
 3.7400    3.7980540E-04    6.6759674E-02   -6.6759674E-02
 3.7500    3.7249931E-04    6.5826062E-02   -6.5826062E-02
 3.7600    3.6528515E-04    6.4895946E-02   -6.4895946E-02
 3.7700    3.5813265E-04    6.3964128E-02   -6.3964128E-02
 3.7800    3.5105728E-04    6.3033504E-02   -6.3033504E-02
 3.7900    3.4409635E-04    6.2110975E-02   -6.2110975E-02
 3.8000    3.3728286E-04    6.1202805E-02   -6.1202805E-02
 3.8100    3.3063360E-04    6.0312427E-02   -6.0312427E-02
 3.8200    3.2415121E-04    5.9440744E-02   -5.9440744E-02
 3.8300    3.1782941E-04    5.8587032E-02   -5.8587032E-02
 3.8400    3.1165399E-04    5.7749072E-02   -5.7749072E-02
 3.8500    3.0560189E-04    5.6922944E-02   -5.6922944E-02
 3.8600    2.9964565E-04    5.6103823E-02   -5.6103823E-02
 3.8700    2.9376499E-04    5.5288121E-02   -5.5288121E-02
 3.8800    2.8795823E-04    5.4475699E-02   -5.4475699E-02
 3.8900    2.8224397E-04    5.3670265E-02   -5.3670265E-02
 3.9000    2.7664951E-04    5.2877265E-02   -5.2877265E-02
 3.9100    2.7119393E-04    5.2100675E-02   -5.2100675E-02
 3.9200    2.6587829E-04    5.1341065E-02   -5.1341065E-02
 3.9300    2.6068869E-04    5.0596114E-02   -5.0596114E-02
 3.9400    2.5560619E-04    4.9862456E-02   -4.9862456E-02
 3.9500    2.5061298E-04    4.9136884E-02   -4.9136884E-02
 3.9600    2.4569169E-04    4.8416201E-02   -4.8416201E-02
 3.9700    2.4082337E-04    4.7696829E-02   -4.7696829E-02
 3.9800    2.3599096E-04    4.6975496E-02   -4.6975496E-02
 3.9900    2.3118756E-04    4.6250893E-02   -4.6250893E-02
 4.0000    2.2642211E-04    4.5524866E-02   -4.5524866E-02
 4.0100    2.2171695E-04    4.4802011E-02   -4.4802011E-02
 4.0200    2.1710012E-04    4.4088166E-02   -4.4088166E-02
 4.0300    2.1259865E-04    4.3389081E-02   -4.3389081E-02
 4.0400    2.0823512E-04    4.2709705E-02   -4.2709705E-02
 4.0500    2.0402396E-04    4.2053397E-02   -4.2053397E-02
 4.0600    1.9996622E-04    4.1420807E-02   -4.1420807E-02
 4.0700    1.9604793E-04    4.0809470E-02   -4.0809470E-02
 4.0800    1.9224693E-04    4.0215142E-02   -4.0215142E-02
 4.0900    1.8854414E-04    3.9634147E-02   -3.9634147E-02
 4.1000    1.8492954E-04    3.9064644E-02   -3.9064644E-02
 4.1100    1.8139789E-04    3.8505764E-02   -3.8505764E-02
 4.1200    1.7793998E-04    3.7955772E-02   -3.7955772E-02
 4.1300    1.7453905E-04    3.7411280E-02   -3.7411280E-02
 4.1400    1.7117585E-04    3.6868294E-02   -3.6868294E-02
 4.1500    1.6783727E-04    3.6324066E-02   -3.6324066E-02
 4.1600    1.6452083E-04    3.5778113E-02   -3.5778113E-02
 4.1700    1.6123198E-04    3.5231664E-02   -3.5231664E-02
 4.1800    1.5797813E-04    3.4686412E-02   -3.4686412E-02
 4.1900    1.5476697E-04    3.4144141E-02   -3.4144141E-02
 4.2000    1.5161073E-04    3.3607669E-02   -3.3607669E-02
 4.2100    1.4852902E-04    3.3081513E-02   -3.3081513E-02
 4.2200    1.4554221E-04    3.2570447E-02   -3.2570447E-02
 4.2300    1.4265885E-04    3.2076672E-02   -3.2076672E-02
 4.2400    1.3986960E-04    3.1598386E-02   -3.1598386E-02
 4.2500    1.3715481E-04    3.1131407E-02   -3.1131407E-02
 4.2600    1.3449824E-04    3.0672252E-02   -3.0672252E-02
 4.2700    1.3189476E-04    3.0219910E-02   -3.0219910E-02
 4.2800    1.2934843E-04    2.9775466E-02   -2.9775466E-02
 4.2900    1.2686639E-04    2.9340738E-02   -2.9340738E-02
 4.3000    1.2445330E-04    2.8916996E-02   -2.8916996E-02
 4.3100    1.2210600E-04    2.8503712E-02   -2.8503712E-02
 4.3200    1.1980812E-04    2.8097236E-02   -2.8097236E-02
 4.3300    1.1752857E-04    2.7690393E-02   -2.7690393E-02
 4.3400    1.1523055E-04    2.7274511E-02   -2.7274511E-02
 4.3500    1.1289140E-04    2.6844125E-02   -2.6844125E-02
 4.3600    1.1052218E-04    2.6401724E-02   -2.6401724E-02
 4.3700    1.0816917E-04    2.5958300E-02   -2.5958300E-02
 4.3800    1.0589057E-04    2.5527916E-02   -2.5527916E-02
 4.3900    1.0372401E-04    2.5119918E-02   -2.5119918E-02
 4.4000    1.0167103E-04    2.4735030E-02   -2.4735030E-02
 4.4100    9.9708444E-05    2.4367949E-02   -2.4367949E-02
 4.4200    9.7811358E-05    2.4012849E-02   -2.4012849E-02
 4.4300    9.5965411E-05    2.3666392E-02   -2.3666392E-02
 4.4400    9.4163065E-05    2.3326866E-02   -2.3326866E-02
 4.4500    9.2396339E-05    2.2992418E-02   -2.2992418E-02
 4.4600    9.0657300E-05    2.2661172E-02   -2.2661172E-02
 4.4700    8.8943697E-05    2.2332641E-02   -2.2332641E-02
 4.4800    8.7259735E-05    2.2007960E-02   -2.2007960E-02
 4.4900    8.5609024E-05    2.1688129E-02   -2.1688129E-02
 4.5000    8.3987310E-05    2.1372167E-02   -2.1372167E-02
 4.5100    8.2383212E-05    2.1057251E-02   -2.1057251E-02
 4.5200    8.0785895E-05    2.0740646E-02   -2.0740646E-02
 4.5300    7.9191490E-05    2.0421366E-02   -2.0421366E-02
 4.5400    7.7602852E-05    2.0100148E-02   -2.0100148E-02
 4.5500    7.6025165E-05    1.9778349E-02   -1.9778349E-02
 4.5600    7.4463162E-05    1.9457230E-02   -1.9457230E-02
 4.5700    7.2921879E-05    1.9138157E-02   -1.9138157E-02
 4.5800    7.1407801E-05    1.8822898E-02   -1.8822898E-02
 4.5900    6.9927090E-05    1.8513166E-02   -1.8513166E-02
 4.6000    6.8481765E-05    1.8209603E-02   -1.8209603E-02
 4.6100    6.7068075E-05    1.7911319E-02   -1.7911319E-02
 4.6200    6.5679944E-05    1.7616782E-02   -1.7616782E-02
 4.6300    6.4315501E-05    1.7325569E-02   -1.7325569E-02
 4.6400    6.2981265E-05    1.7039514E-02   -1.7039514E-02
 4.6500    6.1690021E-05    1.6762187E-02   -1.6762187E-02
 4.6600    6.0453553E-05    1.6496945E-02   -1.6496945E-02
 4.6700    5.9275482E-05    1.6244963E-02   -1.6244963E-02
 4.6800    5.8149159E-05    1.6004607E-02   -1.6004607E-02
 4.6900    5.7061612E-05    1.5772466E-02   -1.5772466E-02
 4.7000    5.6000094E-05    1.5545129E-02   -1.5545129E-02
 4.7100    5.4956266E-05    1.5320357E-02   -1.5320357E-02
 4.7200    5.3925533E-05    1.5096918E-02   -1.5096918E-02
 4.7300    5.2903277E-05    1.4873553E-02   -1.4873553E-02
 4.7400    5.1881866E-05    1.4648128E-02   -1.4648128E-02
 4.7500    5.0851290E-05    1.4417802E-02   -1.4417802E-02
 4.7600    4.9804238E-05    1.4180452E-02   -1.4180452E-02
 4.7700    4.8743899E-05    1.3936923E-02   -1.3936923E-02
 4.7800    4.7689047E-05    1.3692549E-02   -1.3692549E-02
 4.7900    4.6669133E-05    1.3455834E-02   -1.3455834E-02
 4.8000    4.5707903E-05    1.3233772E-02   -1.3233772E-02
 4.8100    4.4805473E-05    1.3026600E-02   -1.3026600E-02
 4.8200    4.3933641E-05    1.2826293E-02   -1.2826293E-02
 4.8300    4.3049685E-05    1.2620428E-02   -1.2620428E-02
 4.8400    4.2118424E-05    1.2398602E-02   -1.2398602E-02
 4.8500    4.1127336E-05    1.2156930E-02   -1.2156930E-02
 4.8600    4.0089150E-05    1.1898967E-02   -1.1898967E-02
 4.8700    3.9037808E-05    1.1634647E-02   -1.1634647E-02
 4.8800    3.8022973E-05    1.1378777E-02   -1.1378777E-02
 4.8900    3.7099179E-05    1.1147870E-02   -1.1147870E-02
 4.9000    3.6305261E-05    1.0953971E-02   -1.0953971E-02
 4.9100    3.5642998E-05    1.0798093E-02   -1.0798093E-02
 4.9200    3.5073539E-05    1.0668900E-02   -1.0668900E-02
 4.9300    3.4538358E-05    1.0548856E-02   -1.0548856E-02
 4.9400    3.3988008E-05    1.0422922E-02   -1.0422922E-02
 4.9500    3.3394947E-05    1.0282554E-02   -1.0282554E-02
 4.9600    3.2745711E-05    1.0123429E-02   -1.0123429E-02
 4.9700    3.2030829E-05    9.9423905E-03   -9.9423905E-03
 4.9800    3.1250976E-05    9.7393984E-03   -9.7393984E-03
 4.9900    3.0434838E-05    9.5231790E-03   -9.5231790E-03
 5.0000    2.9644237E-05    9.3130118E-03   -9.3130118E-03
 5.0100    2.8949803E-05    9.1312647E-03   -9.1312647E-03
 5.0200    2.8390092E-05    8.9905052E-03   -8.9905052E-03
 5.0300    2.7946758E-05    8.8854058E-03   -8.8854058E-03
 5.0400    2.7555965E-05    8.7960271E-03   -8.7960271E-03
 5.0500    2.7145466E-05    8.6994126E-03   -8.6994126E-03
 5.0600    2.6669834E-05    8.5808679E-03   -8.5808679E-03
 5.0700    2.6125159E-05    8.4388783E-03   -8.4388783E-03
 5.0800    2.5542906E-05    8.2833802E-03   -8.2833802E-03
 5.0900    2.4971779E-05    8.1300817E-03   -8.1300817E-03
 5.1000    2.4455428E-05    7.9932885E-03   -7.9932885E-03
 5.1100    2.4012304E-05    7.8792613E-03   -7.8792613E-03
 5.1200    2.3625521E-05    7.7827160E-03   -7.7827160E-03
 5.1300    2.3249812E-05    7.6888970E-03   -7.6888970E-03
 5.1400    2.2834321E-05    7.5809601E-03   -7.5809601E-03
 5.1500    2.2348698E-05    7.4486327E-03   -7.4486327E-03
 5.1600    2.1796769E-05    7.2929190E-03   -7.2929190E-03
 5.1700    2.1211369E-05    7.1245862E-03   -7.1245862E-03
 5.1800    2.0637148E-05    6.9585548E-03   -6.9585548E-03
 5.1900    2.0113218E-05    6.8081035E-03   -6.8081035E-03
 5.2000    1.9662532E-05    6.6812234E-03   -6.6812234E-03
 5.2100    1.9288211E-05    6.5792633E-03   -6.5792633E-03
 5.2200    1.8975262E-05    6.4973858E-03   -6.4973858E-03
 5.2300    1.8697101E-05    6.4266924E-03   -6.4266924E-03
 5.2400    1.8425448E-05    6.3575606E-03   -6.3575606E-03
 5.2500    1.8139432E-05    6.2827842E-03   -6.2827842E-03
 5.2600    1.7829521E-05    6.1989913E-03   -6.1989913E-03
 5.2700    1.7495877E-05    6.1061407E-03   -6.1061407E-03
 5.2800    1.7144843E-05    6.0063581E-03   -6.0063581E-03
 5.2900    1.6787025E-05    5.9033014E-03   -5.9033014E-03
 5.3000    1.6436283E-05    5.8018329E-03   -5.8018329E-03
 5.3100    1.6106503E-05    5.7068987E-03   -5.7068987E-03
 5.3200    1.5805622E-05    5.6214029E-03   -5.6214029E-03
 5.3300    1.5530923E-05    5.5444891E-03   -5.5444891E-03
 5.3400    1.5270261E-05    5.4719086E-03   -5.4719086E-03
 5.3500    1.5009140E-05    5.3985017E-03   -5.3985017E-03
 5.3600    1.4738466E-05    5.3209811E-03   -5.3209811E-03
 5.3700    1.4457620E-05    5.2390825E-03   -5.2390825E-03
 5.3800    1.4171911E-05    5.1546934E-03   -5.1546934E-03
 5.3900    1.3887505E-05    5.0700429E-03   -5.0700429E-03
 5.4000    1.3607364E-05    4.9862193E-03   -4.9862193E-03
 5.4100    1.3329658E-05    4.9025654E-03   -4.9025654E-03
 5.4200    1.3048782E-05    4.8170197E-03   -4.8170197E-03
 5.4300    1.2758812E-05    4.7273718E-03   -4.7273718E-03
 5.4400    1.2458112E-05    4.6329743E-03   -4.6329743E-03
 5.4500    1.2151875E-05    4.5357192E-03   -4.5357192E-03
 5.4600    1.1849900E-05    4.4392525E-03   -4.4392525E-03
 5.4700    1.1560834E-05    4.3468402E-03   -4.3468402E-03
 5.4800    1.1287471E-05    4.2595883E-03   -4.2595883E-03
 5.4900    1.1026537E-05    4.1763191E-03   -4.1763191E-03
 5.5000    1.0771971E-05    4.0947785E-03   -4.0947785E-03
 5.5100    1.0518078E-05    4.0128177E-03   -4.0128177E-03
 5.5200    1.0260293E-05    3.9286900E-03   -3.9286900E-03
 5.5300    9.9945362E-06    3.8408095E-03   -3.8408095E-03
 5.5400    9.7174039E-06    3.7478280E-03   -3.7478280E-03
 5.5500    9.4280147E-06    3.6493548E-03   -3.6493548E-03
 5.5600    9.1301917E-06    3.5468216E-03   -3.5468216E-03
 5.5700    8.8329444E-06    3.4437035E-03   -3.4437035E-03
 5.5800    8.5482447E-06    3.3446849E-03   -3.3446849E-03
 5.5900    8.2868568E-06    3.2540432E-03   -3.2540432E-03
 5.6000    8.0545208E-06    3.1741367E-03   -3.1741367E-03
 5.6100    7.8511467E-06    3.1050506E-03   -3.1050506E-03
 5.6200    7.6738520E-06    3.0457617E-03   -3.0457617E-03
 5.6300    7.5212253E-06    2.9958168E-03   -2.9958168E-03
 5.6400    7.3944419E-06    2.9557893E-03   -2.9557893E-03
 5.6500    7.2936450E-06    2.9258455E-03   -2.9258455E-03
 5.6600    7.2129879E-06    2.9037414E-03   -2.9037414E-03
 5.6700    7.1392366E-06    2.8842158E-03   -2.8842158E-03
 5.6800    7.0553148E-06    2.8603747E-03   -2.8603747E-03
 5.6900    6.9460426E-06    2.8259979E-03   -2.8259979E-03
 5.7000    6.8024082E-06    2.7772966E-03   -2.7772966E-03
 5.7100    6.6221664E-06    2.7132023E-03   -2.7132023E-03
 5.7200    6.4066400E-06    2.6340999E-03   -2.6340999E-03
 5.7300    6.1566040E-06    2.5401556E-03   -2.5401556E-03
 5.7400    5.8727754E-06    2.4315155E-03   -2.4315155E-03
 5.7500    5.5640543E-06    2.3117289E-03   -2.3117289E-03
 5.7600    5.2577423E-06    2.1920685E-03   -2.1920685E-03
 5.7700    4.9984891E-06    2.0912225E-03   -2.0912225E-03
 5.7800    4.8282370E-06    2.0270017E-03   -2.0270017E-03
 5.7900    4.7576825E-06    2.0042987E-03   -2.0042987E-03
 5.8000    4.7531080E-06    2.0092942E-03   -2.0092942E-03
 5.8100    4.7533635E-06    2.0163372E-03   -2.0163372E-03
 5.8200    4.7060032E-06    2.0031250E-03   -2.0031250E-03
 5.8300    4.5950212E-06    1.9626122E-03   -1.9626122E-03
 5.8400    4.4417300E-06    1.9036527E-03   -1.9036527E-03
 5.8500    4.2837121E-06    1.8422216E-03   -1.8422216E-03
 5.8600    4.1510108E-06    1.7912614E-03   -1.7912614E-03
 5.8700    4.0546001E-06    1.7556344E-03   -1.7556344E-03
 5.8800    3.9889610E-06    1.7331027E-03   -1.7331027E-03
 5.8900    3.9410210E-06    1.7181030E-03   -1.7181030E-03
 5.9000    3.8969349E-06    1.7046571E-03   -1.7046571E-03
 5.9100    3.8441740E-06    1.6872827E-03   -1.6872827E-03
 5.9200    3.7728032E-06    1.6615653E-03   -1.6615653E-03
 5.9300    3.6799300E-06    1.6261433E-03   -1.6261433E-03
 5.9400    3.5748336E-06    1.5850340E-03   -1.5850340E-03
 5.9500    3.4776171E-06    1.5471256E-03   -1.5471256E-03
 5.9600    3.4087620E-06    1.5215950E-03   -1.5215950E-03
 5.9700    3.3766283E-06    1.5123134E-03   -1.5123134E-03
 5.9800    3.3732158E-06    1.5158504E-03   -1.5158504E-03
 5.9900    3.3809358E-06    1.5244052E-03   -1.5244052E-03
 6.0000    3.3832164E-06    1.5305311E-03   -1.5305311E-03
 6.0100    3.3701083E-06    1.5296873E-03   -1.5296873E-03
 6.0200    3.3368783E-06    1.5196488E-03   -1.5196488E-03
 6.0300    3.2801735E-06    1.4987918E-03   -1.4987918E-03
 6.0400    3.1965530E-06    1.4654319E-03   -1.4654319E-03
 6.0500    3.0839998E-06    1.4185183E-03   -1.4185183E-03
 6.0600    2.9439124E-06    1.3585637E-03   -1.3585637E-03
 6.0700    2.7817237E-06    1.2879566E-03   -1.2879566E-03
 6.0800    2.6069445E-06    1.2110130E-03   -1.2110130E-03
 6.0900    2.4341359E-06    1.1344602E-03   -1.1344602E-03
 6.1000    2.2834805E-06    1.0677433E-03   -1.0677433E-03
 6.1100    2.1770410E-06    1.0213131E-03   -1.0213131E-03
 6.1200    2.1297010E-06    1.0023776E-03   -1.0023776E-03
 6.1300    2.1405178E-06    1.0107638E-03   -1.0107638E-03
 6.1400    2.1923294E-06    1.0386098E-03   -1.0386098E-03
 6.1500    2.2608269E-06    1.0745519E-03   -1.0745519E-03
 6.1600    2.3257972E-06    1.1090296E-03   -1.1090296E-03
 6.1700    2.3763972E-06    1.1368397E-03   -1.1368397E-03
 6.1800    2.4092598E-06    1.1562998E-03   -1.1562998E-03
 6.1900    2.4243216E-06    1.1672970E-03   -1.1672970E-03
 6.2000    2.4225307E-06    1.1702066E-03   -1.1702066E-03
 6.2100    2.4052140E-06    1.1655926E-03   -1.1655926E-03
 6.2200    2.3732400E-06    1.1538047E-03   -1.1538047E-03
 6.2300    2.3262298E-06    1.1345890E-03   -1.1345890E-03
 6.2400    2.2636276E-06    1.1076027E-03   -1.1076027E-03
 6.2500    2.1876902E-06    1.0738799E-03   -1.0738799E-03
 6.2600    2.1056881E-06    1.0369375E-03   -1.0369375E-03
 6.2700    2.0285567E-06    1.0021485E-03   -1.0021485E-03
 6.2800    1.9662956E-06    9.7449131E-04   -9.7449131E-04
 6.2900    1.9234300E-06    9.5628543E-04   -9.5628543E-04
 6.3000    1.8977894E-06    9.4654002E-04   -9.4654002E-04
 6.3100    1.8828885E-06    9.4209174E-04   -9.4209174E-04
 6.3200    1.8713260E-06    9.3927652E-04   -9.3927652E-04
 6.3300    1.8566443E-06    9.3485875E-04   -9.3485875E-04
 6.3400    1.8335541E-06    9.2615168E-04   -9.2615168E-04
 6.3500    1.7982286E-06    9.1117586E-04   -9.1117586E-04
 6.3600    1.7496239E-06    8.8934197E-04   -8.8934197E-04
 6.3700    1.6909083E-06    8.6220151E-04   -8.6220151E-04
 6.3800    1.6294770E-06    8.3348822E-04   -8.3348822E-04
 6.3900    1.5750070E-06    8.0815392E-04   -8.0815392E-04
 6.4000    1.5362457E-06    7.9073415E-04   -7.9073415E-04
 6.4100    1.5179178E-06    7.8374389E-04   -7.8374389E-04
 6.4200    1.5191947E-06    7.8685257E-04   -7.8685257E-04
 6.4300    1.5344461E-06    7.9722966E-04   -7.9722966E-04
 6.4400    1.5556307E-06    8.1075213E-04   -8.1075213E-04
 6.4500    1.5747426E-06    8.2326350E-04   -8.2326350E-04
 6.4600    1.5851623E-06    8.3128249E-04   -8.3128249E-04
 6.4700    1.5820922E-06    8.3224311E-04   -8.3224311E-04
 6.4800    1.5630289E-06    8.2475865E-04   -8.2475865E-04
 6.4900    1.5287014E-06    8.0913673E-04   -8.0913673E-04
 6.5000    1.4837679E-06    7.8777566E-04   -7.8777566E-04
 6.5100    1.4361307E-06    7.6483155E-04   -7.6483155E-04
 6.5200    1.3945647E-06    7.4497849E-04   -7.4497849E-04
 6.5300    1.3656752E-06    7.3178524E-04   -7.3178524E-04
 6.5400    1.3516774E-06    7.2650468E-04   -7.2650468E-04
 6.5500    1.3498485E-06    7.2774207E-04   -7.2774207E-04
 6.5600    1.3536414E-06    7.3201702E-04   -7.3201702E-04
 6.5700    1.3550814E-06    7.3503154E-04   -7.3503154E-04
 6.5800    1.3477744E-06    7.3329523E-04   -7.3329523E-04
 6.5900    1.3293053E-06    7.2544655E-04   -7.2544655E-04
 6.6000    1.3016936E-06    7.1253547E-04   -7.1253547E-04
 6.6100    1.2696634E-06    6.9711009E-04   -6.9711009E-04
 6.6200    1.2379911E-06    6.8177862E-04   -6.8177862E-04
 6.6300    1.2096036E-06    6.6815926E-04   -6.6815926E-04
 6.6400    1.1851169E-06    6.5660961E-04   -6.5660961E-04
 6.6500    1.1633773E-06    6.4650778E-04   -6.4650778E-04
 6.6600    1.1423030E-06    6.3670705E-04   -6.3670705E-04
 6.6700    1.1197109E-06    6.2599006E-04   -6.2599006E-04
 6.6800    1.0940972E-06    6.1350581E-04   -6.1350581E-04
 6.6900    1.0652887E-06    5.9914154E-04   -5.9914154E-04
 6.7000    1.0347123E-06    5.8368573E-04   -5.8368573E-04
 6.7100    1.0050068E-06    5.6862234E-04   -5.6862234E-04
 6.7200    9.7896001E-07    5.5553748E-04   -5.5553748E-04
 6.7300    9.5821111E-07    5.4538250E-04   -5.4538250E-04
 6.7400    9.4246928E-07    5.3801806E-04   -5.3801806E-04
 6.7500    9.2976814E-07    5.3234364E-04   -5.3234364E-04
 6.7600    9.1760069E-07    5.2693493E-04   -5.2693493E-04
 6.7700    9.0420579E-07    5.2078022E-04   -5.2078022E-04
 6.7800    8.8926429E-07    5.1368881E-04   -5.1368881E-04
 6.7900    8.7373246E-07    5.0620669E-04   -5.0620669E-04
 6.8000    8.5906941E-07    4.9917859E-04   -4.9917859E-04
 6.8100    8.4637220E-07    4.9324816E-04   -4.9324816E-04
 6.8200    8.3586732E-07    4.8855781E-04   -4.8855781E-04
 6.8300    8.2695012E-07    4.8476425E-04   -4.8476425E-04
 6.8400    8.1866866E-07    4.8131593E-04   -4.8131593E-04
 6.8500    8.1033135E-07    4.7780825E-04   -4.7780825E-04
 6.8600    8.0186326E-07    4.7419657E-04   -4.7419657E-04
 6.8700    7.9369776E-07    4.7073717E-04   -4.7073717E-04
 6.8800    7.8630641E-07    4.6771205E-04   -4.6771205E-04
 6.8900    7.7972338E-07    4.6514554E-04   -4.6514554E-04
 6.9000    7.7339779E-07    4.6271222E-04   -4.6271222E-04
 6.9100    7.6642359E-07    4.5986973E-04   -4.5986973E-04
 6.9200    7.5791029E-07    4.5607877E-04   -4.5607877E-04
 6.9300    7.4723264E-07    4.5095392E-04   -4.5095392E-04
 6.9400    7.3412485E-07    4.4432293E-04   -4.4432293E-04
 6.9500    7.1877436E-07    4.3628678E-04   -4.3628678E-04
 6.9600    7.0197608E-07    4.2731748E-04   -4.2731748E-04
 6.9700    6.8514483E-07    4.1827105E-04   -4.1827105E-04
 6.9800    6.6992925E-07    4.1015655E-04   -4.1015655E-04
 6.9900    6.5751050E-07    4.0370758E-04   -4.0370758E-04
 7.0000    6.4810284E-07    3.9907073E-04   -3.9907073E-04
 7.0100    6.4115160E-07    3.9591926E-04   -3.9591926E-04
 7.0200    6.3609756E-07    3.9391981E-04   -3.9391981E-04
 7.0300    6.3292437E-07    3.9307220E-04   -3.9307220E-04
 7.0400    6.3180832E-07    3.9349618E-04   -3.9349618E-04
 7.0500    6.3210541E-07    3.9480042E-04   -3.9480042E-04
 7.0600    6.3175158E-07    3.9569959E-04   -3.9569959E-04
 7.0700    6.2795394E-07    3.9443594E-04   -3.9443594E-04
 7.0800    6.1886799E-07    3.8982923E-04   -3.8982923E-04
 7.0900    6.0492894E-07    3.8212609E-04   -3.8212609E-04
 7.1000    5.8869914E-07    3.7292368E-04   -3.7292368E-04
 7.1100    5.7334368E-07    3.6422025E-04   -3.6422025E-04
 7.1200    5.6094146E-07    3.5734474E-04   -3.5734474E-04
 7.1300    5.5181459E-07    3.5251866E-04   -3.5251866E-04
 7.1400    5.4508511E-07    3.4919708E-04   -3.4919708E-04
 7.1500    5.3972820E-07    3.4673450E-04   -3.4673450E-04
 7.1600    5.3524611E-07    3.4481760E-04   -3.4481760E-04
 7.1700    5.3164463E-07    3.4345481E-04   -3.4345481E-04
 7.1800    5.2898732E-07    3.4269204E-04   -3.4269204E-04
 7.1900    5.2697700E-07    3.4234131E-04   -3.4234131E-04
 7.2000    5.2485046E-07    3.4190893E-04   -3.4190893E-04
 7.2100    5.2163143E-07    3.4075650E-04   -3.4075650E-04
 7.2200    5.1657244E-07    3.3838842E-04   -3.3838842E-04
 7.2300    5.0948978E-07    3.3467397E-04   -3.3467397E-04
 7.2400    5.0078497E-07    3.2986655E-04   -3.2986655E-04
 7.2500    4.9121880E-07    3.2445977E-04   -3.2445977E-04
 7.2600    4.8167091E-07    3.1903147E-04   -3.1903147E-04
 7.2700    4.7298735E-07    3.1414359E-04   -3.1414359E-04
 7.2800    4.6580424E-07    3.1022447E-04   -3.1022447E-04
 7.2900    4.6028145E-07    3.0738905E-04   -3.0738905E-04
 7.3000    4.5594083E-07    3.0532620E-04   -3.0532620E-04
 7.3100    4.5187882E-07    3.0343565E-04   -3.0343565E-04
 7.3200    4.4732278E-07    3.0119866E-04   -3.0119866E-04
 7.3300    4.4213651E-07    2.9852052E-04   -2.9852052E-04
 7.3400    4.3687600E-07    2.9577412E-04   -2.9577412E-04
 7.3500    4.3236633E-07    2.9351913E-04   -2.9351913E-04
 7.3600    4.2914686E-07    2.9212682E-04   -2.9212682E-04
 7.3700    4.2718243E-07    2.9158033E-04   -2.9158033E-04
 7.3800    4.2597371E-07    2.9154485E-04   -2.9154485E-04
 7.3900    4.2489606E-07    2.9159592E-04   -2.9159592E-04
 7.4000    4.2350188E-07    2.9142624E-04   -2.9142624E-04
 7.4100    4.2164452E-07    2.9093284E-04   -2.9093284E-04
 7.4200    4.1943450E-07    2.9018958E-04   -2.9018958E-04
 7.4300    4.1708843E-07    2.8934476E-04   -2.8934476E-04
 7.4400    4.1473122E-07    2.8848449E-04   -2.8848449E-04
 7.4500    4.1225388E-07    2.8753264E-04   -2.8753264E-04
 7.4600    4.0935234E-07    2.8627590E-04   -2.8627590E-04
 7.4700    4.0576269E-07    2.8452680E-04   -2.8452680E-04
 7.4800    4.0152320E-07    2.8230834E-04   -2.8230834E-04
 7.4900    3.9704856E-07    2.7990917E-04   -2.7990917E-04
 7.5000    3.9297102E-07    2.7777485E-04   -2.7777485E-04
 7.5100    3.8989014E-07    2.7633252E-04   -2.7633252E-04
 7.5200    3.8816614E-07    2.7584378E-04   -2.7584378E-04
 7.5300    3.8777398E-07    2.7629847E-04   -2.7629847E-04
 7.5400    3.8823315E-07    2.7736086E-04   -2.7736086E-04
 7.5500    3.8872470E-07    2.7844916E-04   -2.7844916E-04
 7.5600    3.8844926E-07    2.7898943E-04   -2.7898943E-04
 7.5700    3.8703053E-07    2.7870634E-04   -2.7870634E-04
 7.5800    3.8464772E-07    2.7772274E-04   -2.7772274E-04
 7.5900    3.8180475E-07    2.7639790E-04   -2.7639790E-04
 7.6000    3.7897461E-07    2.7507249E-04   -2.7507249E-04
 7.6100    3.7640921E-07    2.7392989E-04   -2.7392989E-04
 7.6200    3.7415918E-07    2.7300852E-04   -2.7300852E-04
 7.6300    3.7213284E-07    2.7224313E-04   -2.7224313E-04
 7.6400    3.7007764E-07    2.7144974E-04   -2.7144974E-04
 7.6500    3.6757357E-07    2.7031927E-04   -2.7031927E-04
 7.6600    3.6419867E-07    2.6853801E-04   -2.6853801E-04
 7.6700    3.5984126E-07    2.6601832E-04   -2.6601832E-04
 7.6800    3.5489992E-07    2.6304994E-04   -2.6304994E-04
 7.6900    3.5013979E-07    2.6019803E-04   -2.6019803E-04
 7.7000    3.4628268E-07    2.5800141E-04   -2.5800141E-04
 7.7100    3.4366966E-07    2.5672006E-04   -2.5672006E-04
 7.7200    3.4224523E-07    2.5631963E-04   -2.5631963E-04
 7.7300    3.4177289E-07    2.5662943E-04   -2.5662943E-04
 7.7400    3.4199280E-07    2.5745940E-04   -2.5745940E-04
 7.7500    3.4259199E-07    2.5857735E-04   -2.5857735E-04
 7.7600    3.4315358E-07    2.5967004E-04   -2.5967004E-04
 7.7700    3.4329608E-07    2.6044783E-04   -2.6044783E-04
 7.7800    3.4294641E-07    2.6085269E-04   -2.6085269E-04
 7.7900    3.4246230E-07    2.6115452E-04   -2.6115452E-04
 7.8000    3.4242178E-07    2.6179446E-04   -2.6179446E-04
 7.8100    3.4320034E-07    2.6306292E-04   -2.6306292E-04
 7.8200    3.4462532E-07    2.6483205E-04   -2.6483205E-04
 7.8300    3.4592497E-07    2.6651110E-04   -2.6651110E-04
 7.8400    3.4602037E-07    2.6726597E-04   -2.6726597E-04
 7.8500    3.4405268E-07    2.6642448E-04   -2.6642448E-04
 7.8600    3.3990027E-07    2.6387999E-04   -2.6387999E-04
 7.8700    3.3438600E-07    2.6025999E-04   -2.6025999E-04
 7.8800    3.2901319E-07    2.5672940E-04   -2.5672940E-04
 7.8900    3.2534576E-07    2.5451245E-04   -2.5451245E-04
 7.9000    3.2435014E-07    2.5437717E-04   -2.5437717E-04
 7.9100    3.2601663E-07    2.5633186E-04   -2.5633186E-04
 7.9200    3.2942337E-07    2.5966573E-04   -2.5966573E-04
 7.9300    3.3318269E-07    2.6329261E-04   -2.6329261E-04
 7.9400    3.3600538E-07    2.6619329E-04   -2.6619329E-04
 7.9500    3.3707252E-07    2.6771178E-04   -2.6771178E-04
 7.9600    3.3609882E-07    2.6761040E-04   -2.6761040E-04
 7.9700    3.3322828E-07    2.6599187E-04   -2.6599187E-04
 7.9800    3.2893919E-07    2.6322751E-04   -2.6322751E-04
 7.9900    3.2394345E-07    2.5987986E-04   -2.5987986E-04
 8.0000    3.1897139E-07    2.5653201E-04   -2.5653201E-04
 8.0100    3.1451226E-07    2.5357852E-04   -2.5357852E-04
 8.0200    3.1074508E-07    2.5116716E-04   -2.5116716E-04
 8.0300    3.0772033E-07    2.4934298E-04   -2.4934298E-04
 8.0400    3.0554386E-07    2.4819643E-04   -2.4819643E-04
 8.0500    3.0433532E-07    2.4783006E-04   -2.4783006E-04
 8.0600    3.0406778E-07    2.4822776E-04   -2.4822776E-04
 8.0700    3.0455504E-07    2.4924286E-04   -2.4924286E-04
 8.0800    3.0563467E-07    2.5074669E-04   -2.5074669E-04
 8.0900    3.0734165E-07    2.5277163E-04   -2.5277163E-04
 8.1000    3.0989277E-07    2.5550026E-04   -2.5550026E-04
 8.1100    3.1348902E-07    2.5910388E-04   -2.5910388E-04
 8.1200    3.1804594E-07    2.6351891E-04   -2.6351891E-04
 8.1300    3.2297705E-07    2.6826414E-04   -2.6826414E-04
 8.1400    3.2718940E-07    2.7243187E-04   -2.7243187E-04
 8.1500    3.2942962E-07    2.7497153E-04   -2.7497153E-04
 8.1600    3.2889836E-07    2.7520220E-04   -2.7520220E-04
 8.1700    3.2576022E-07    2.7324487E-04   -2.7324487E-04
 8.1800    3.2117047E-07    2.7005491E-04   -2.7005491E-04
 8.1900    3.1680566E-07    2.6703649E-04   -2.6703649E-04
 8.2000    3.1424075E-07    2.6552173E-04   -2.6552173E-04
 8.2100    3.1450426E-07    2.6639294E-04   -2.6639294E-04
 8.2200    3.1789276E-07    2.6991943E-04   -2.6991943E-04
 8.2300    3.2398422E-07    2.7576134E-04   -2.7576134E-04
 8.2400    3.3181133E-07    2.8311019E-04   -2.8311019E-04
 8.2500    3.4014626E-07    2.9092662E-04   -2.9092662E-04
 8.2600    3.4777167E-07    2.9817014E-04   -2.9817014E-04
 8.2700    3.5362490E-07    3.0392311E-04   -3.0392311E-04
 8.2800    3.5683094E-07    3.0742066E-04   -3.0742066E-04
 8.2900    3.5673822E-07    3.0808359E-04   -3.0808359E-04
 8.3000    3.5305034E-07    3.0563472E-04   -3.0563472E-04
 8.3100    3.4605553E-07    3.0030164E-04   -3.0030164E-04
 8.3200    3.3685905E-07    2.9302504E-04   -2.9302504E-04
 8.3300    3.2744625E-07    2.8552220E-04   -2.8552220E-04
 8.3400    3.2038221E-07    2.8003374E-04   -2.8003374E-04
 8.3500    3.1806621E-07    2.7867650E-04   -2.7867650E-04
 8.3600    3.2174843E-07    2.8257833E-04   -2.8257833E-04
 8.3700    3.3084235E-07    2.9126069E-04   -2.9126069E-04
 8.3800    3.4307517E-07    3.0275212E-04   -3.0275212E-04
 8.3900    3.5551325E-07    3.1447750E-04   -3.1447750E-04
 8.4000    3.6583841E-07    3.2438274E-04   -3.2438274E-04
 8.4100    3.7307951E-07    3.3159139E-04   -3.3159139E-04
 8.4200    3.7747764E-07    3.3629877E-04   -3.3629877E-04
 8.4300    3.7978794E-07    3.3916122E-04   -3.3916122E-04
 8.4400    3.8058845E-07    3.4068292E-04   -3.4068292E-04
 8.4500    3.8002877E-07    3.4098852E-04   -3.4098852E-04
 8.4600    3.7810582E-07    3.4006658E-04   -3.4006658E-04
 8.4700    3.7516923E-07    3.3822359E-04   -3.3822359E-04
 8.4800    3.7214957E-07    3.3629398E-04   -3.3629398E-04
 8.4900    3.7020632E-07    3.3532742E-04   -3.3532742E-04
 8.5000    3.7003327E-07    3.3596071E-04   -3.3596071E-04
 8.5100    3.7142808E-07    3.3802103E-04   -3.3802103E-04
 8.5200    3.7351095E-07    3.4071589E-04   -3.4071589E-04
 8.5300    3.7538507E-07    3.4322975E-04   -3.4322975E-04
 8.5400    3.7669198E-07    3.4523275E-04   -3.4523275E-04
 8.5500    3.7770172E-07    3.4696930E-04   -3.4696930E-04
 8.5600    3.7897971E-07    3.4895816E-04   -3.4895816E-04
 8.5700    3.8091028E-07    3.5155575E-04   -3.5155575E-04
 8.5800    3.8338051E-07    3.5466185E-04   -3.5466185E-04
 8.5900    3.8582820E-07    3.5775866E-04   -3.5775866E-04
 8.6000    3.8762650E-07    3.6026347E-04   -3.6026347E-04
 8.6100    3.8849458E-07    3.6191045E-04   -3.6191045E-04
 8.6200    3.8857253E-07    3.6282441E-04   -3.6282441E-04
 8.6300    3.8812623E-07    3.6324902E-04   -3.6324902E-04
 8.6400    3.8723394E-07    3.6325430E-04   -3.6325430E-04
 8.6500    3.8579945E-07    3.6274687E-04   -3.6274687E-04
 8.6600    3.8383866E-07    3.6173819E-04   -3.6173819E-04
 8.6700    3.8167657E-07    3.6053179E-04   -3.6053179E-04
 8.6800    3.7982176E-07    3.5960784E-04   -3.5960784E-04
 8.6900    3.7866852E-07    3.5934253E-04   -3.5934253E-04
 8.7000    3.7834714E-07    3.5986435E-04   -3.5986435E-04
 8.7100    3.7882684E-07    3.6114941E-04   -3.6114941E-04
 8.7200    3.8007222E-07    3.6316916E-04   -3.6316916E-04
 8.7300    3.8203963E-07    3.6588683E-04   -3.6588683E-04
 8.7400    3.8455335E-07    3.6913848E-04   -3.6913848E-04
 8.7500    3.8726042E-07    3.7258819E-04   -3.7258819E-04
 8.7600    3.8973669E-07    3.7582820E-04   -3.7582820E-04
 8.7700    3.9163518E-07    3.7852167E-04   -3.7852167E-04
 8.7800    3.9279332E-07    3.8050730E-04   -3.8050730E-04
 8.7900    3.9332540E-07    3.8189116E-04   -3.8189116E-04
 8.8000    3.9367077E-07    3.8309667E-04   -3.8309667E-04
 8.8100    3.9445152E-07    3.8472934E-04   -3.8472934E-04
 8.8200    3.9611907E-07    3.8723338E-04   -3.8723338E-04
 8.8300    3.9865787E-07    3.9059944E-04   -3.9059944E-04
 8.8400    4.0163701E-07    3.9441018E-04   -3.9441018E-04
 8.8500    4.0455624E-07    3.9817621E-04   -3.9817621E-04
 8.8600    4.0714524E-07    4.0163049E-04   -4.0163049E-04
 8.8700    4.0938350E-07    4.0475054E-04   -4.0475054E-04
 8.8800    4.1131829E-07    4.0758089E-04   -4.0758089E-04
 8.8900    4.1290028E-07    4.1007053E-04   -4.1007053E-04
 8.9000    4.1397140E-07    4.1205977E-04   -4.1205977E-04
 8.9100    4.1439853E-07    4.1341238E-04   -4.1341238E-04
 8.9200    4.1424264E-07    4.1418501E-04   -4.1418501E-04
 8.9300    4.1380717E-07    4.1467781E-04   -4.1467781E-04
 8.9400    4.1349404E-07    4.1529257E-04   -4.1529257E-04
 8.9500    4.1358178E-07    4.1631047E-04   -4.1631047E-04
 8.9600    4.1411234E-07    4.1777654E-04   -4.1777654E-04
 8.9700    4.1494249E-07    4.1954897E-04   -4.1954897E-04
