# total charge: 4.000000 
# r(A)     rho (e/A^3)     4*pi*r^2*rho(e/A)  dip  
 0.0000    5.2883762E-02    0.0000000E+00    3.1915382E+01
 0.0100    5.3083240E-02    6.6706367E-05    3.1756137E+01
 0.0200    5.3335273E-02    2.6809232E-04    3.1283147E+01
 0.0300    5.3650466E-02    6.0677247E-04    3.0510418E+01
 0.0400    5.4040130E-02    1.0865413E-03    2.9460525E+01
 0.0500    5.4516725E-02    1.7126934E-03    2.8163513E+01
 0.0600    5.5094109E-02    2.4923988E-03    2.6655476E+01
 0.0700    5.5786401E-02    3.4350597E-03    2.4976880E+01
 0.0800    5.6605232E-02    4.5524629E-03    2.3170772E+01
 0.0900    5.7556968E-02    5.8585857E-03    2.1280961E+01
 0.1000    5.8641882E-02    7.3691562E-03    1.9350289E+01
 0.1100    5.9855685E-02    9.1012415E-03    1.7419073E+01
 0.1200    6.1192148E-02    1.1073070E-02    1.5523811E+01
 0.1300    6.2645251E-02    1.3304076E-02    1.3696183E+01
 0.1400    6.4210128E-02    1.5815010E-02    1.1962382E+01
 0.1500    6.5882957E-02    1.8627967E-02    1.0342780E+01
 0.1600    6.7660313E-02    2.1766261E-02    8.8519005E+00
 0.1700    6.9538576E-02    2.5254193E-02    7.4986720E+00
 0.1800    7.1513781E-02    2.9116865E-02    6.2868958E+00
 0.1900    7.3581968E-02    3.3380164E-02    5.2158850E+00
 0.2000    7.5739697E-02    3.8070924E-02    4.2812064E+00
 0.2100    7.7984254E-02    4.3217076E-02    3.4754706E+00
 0.2200    8.0313372E-02    4.8847584E-02    2.7891198E+00
 0.2300    8.2724700E-02    5.4992155E-02    2.2111709E+00
 0.2400    8.5215389E-02    6.1680854E-02    1.7298816E+00
 0.2500    8.7782000E-02    6.8943821E-02    1.3333202E+00
 0.2600    9.0420654E-02    7.6811139E-02    1.0098264E+00
 0.2700    9.3127274E-02    8.5312817E-02    7.4836197E-01
 0.2800    9.5897783E-02    9.4478827E-02    5.3875730E-01
 0.2900    9.8728223E-02    1.0433912E-01    3.7186347E-01
 0.3000    1.0161474E-01    1.1492357E-01    2.3962430E-01
 0.3100    1.0455351E-01    1.2626177E-01    1.3508376E-01
 0.3200    1.0754057E-01    1.3838281E-01    5.2344245E-02
 0.3300    1.1057180E-01    1.5131506E-01   -1.3509540E-02
 0.3400    1.1364298E-01    1.6508603E-01   -6.6508492E-02
 0.3500    1.1674982E-01    1.7972238E-01   -1.0990776E-01
 0.3600    1.1988803E-01    1.9524985E-01   -1.4629769E-01
 0.3700    1.2305333E-01    2.1169309E-01   -1.7771067E-01
 0.3800    1.2624134E-01    2.2907551E-01   -2.0571976E-01
 0.3900    1.2944764E-01    2.4741909E-01   -2.3152665E-01
 0.4000    1.3266775E-01    2.6674435E-01   -2.5603793E-01
 0.4100    1.3589725E-01    2.8707028E-01   -2.7992935E-01
 0.4200    1.3913171E-01    3.0841435E-01   -3.0369891E-01
 0.4300    1.4236678E-01    3.3079233E-01   -3.2770952E-01
 0.4400    1.4559807E-01    3.5421818E-01   -3.5222278E-01
 0.4500    1.4882122E-01    3.7870388E-01   -3.7742518E-01
 0.4600    1.5203183E-01    4.0425932E-01   -4.0344805E-01
 0.4700    1.5522547E-01    4.3089212E-01   -4.3038253E-01
 0.4800    1.5839771E-01    4.5860760E-01   -4.5829069E-01
 0.4900    1.6154414E-01    4.8740866E-01   -4.8721354E-01
 0.5000    1.6466038E-01    5.1729584E-01   -5.1717690E-01
 0.5100    1.6774215E-01    5.4826739E-01   -5.4819561E-01
 0.5200    1.7078528E-01    5.8031927E-01   -5.8027638E-01
 0.5300    1.7378575E-01    6.1344518E-01   -6.1341981E-01
 0.5400    1.7673959E-01    6.4763636E-01   -6.4762150E-01
 0.5500    1.7964291E-01    6.8288146E-01   -6.8287284E-01
 0.5600    1.8249184E-01    7.1916635E-01   -7.1916140E-01
 0.5700    1.8528255E-01    7.5647415E-01   -7.5647134E-01
 0.5800    1.8801131E-01    7.9478532E-01   -7.9478374E-01
 0.5900    1.9067452E-01    8.3407777E-01   -8.3407689E-01
 0.6000    1.9326870E-01    8.7432700E-01   -8.7432651E-01
 0.6100    1.9579054E-01    9.1550607E-01   -9.1550581E-01
 0.6200    1.9823685E-01    9.5758565E-01   -9.5758551E-01
 0.6300    2.0060458E-01    1.0005339E+00   -1.0005338E+00
 0.6400    2.0289078E-01    1.0443165E+00   -1.0443164E+00
 0.6500    2.0509263E-01    1.0888966E+00   -1.0888966E+00
 0.6600    2.0720744E-01    1.1342351E+00   -1.1342351E+00
 0.6700    2.0923265E-01    1.1802906E+00   -1.1802906E+00
 0.6800    2.1116589E-01    1.2270195E+00   -1.2270195E+00
 0.6900    2.1300493E-01    1.2743763E+00   -1.2743763E+00
 0.7000    2.1474767E-01    1.3223134E+00   -1.3223134E+00
 0.7100    2.1639222E-01    1.3707814E+00   -1.3707814E+00
 0.7200    2.1793680E-01    1.4197289E+00   -1.4197289E+00
 0.7300    2.1937985E-01    1.4691032E+00   -1.4691032E+00
 0.7400    2.2071993E-01    1.5188499E+00   -1.5188499E+00
 0.7500    2.2195574E-01    1.5689126E+00   -1.5689126E+00
 0.7600    2.2308607E-01    1.6192336E+00   -1.6192336E+00
 0.7700    2.2410985E-01    1.6697531E+00   -1.6697531E+00
 0.7800    2.2502612E-01    1.7204102E+00   -1.7204102E+00
 0.7900    2.2583411E-01    1.7711428E+00   -1.7711428E+00
 0.8000    2.2653317E-01    1.8218878E+00   -1.8218878E+00
 0.8100    2.2712283E-01    1.8725813E+00   -1.8725813E+00
 0.8200    2.2760278E-01    1.9231587E+00   -1.9231587E+00
 0.8300    2.2797283E-01    1.9735546E+00   -1.9735546E+00
 0.8400    2.2823294E-01    2.0237029E+00   -2.0237029E+00
 0.8500    2.2838317E-01    2.0735371E+00   -2.0735371E+00
 0.8600    2.2842371E-01    2.1229900E+00   -2.1229900E+00
 0.8700    2.2835487E-01    2.1719941E+00   -2.1719941E+00
 0.8800    2.2817711E-01    2.2204822E+00   -2.2204822E+00
 0.8900    2.2789101E-01    2.2683866E+00   -2.2683866E+00
 0.9000    2.2749724E-01    2.3156398E+00   -2.3156398E+00
 0.9100    2.2699657E-01    2.3621743E+00   -2.3621743E+00
 0.9200    2.2638989E-01    2.4079228E+00   -2.4079228E+00
 0.9300    2.2567822E-01    2.4528184E+00   -2.4528184E+00
 0.9400    2.2486268E-01    2.4967954E+00   -2.4967954E+00
 0.9500    2.2394460E-01    2.5397891E+00   -2.5397891E+00
 0.9600    2.2292538E-01    2.5817361E+00   -2.5817361E+00
 0.9700    2.2180660E-01    2.6225742E+00   -2.6225742E+00
 0.9800    2.2058990E-01    2.6622426E+00   -2.6622426E+00
 0.9900    2.1927703E-01    2.7006817E+00   -2.7006817E+00
 1.0000    2.1786985E-01    2.7378332E+00   -2.7378332E+00
 1.0100    2.1637028E-01    2.7736408E+00   -2.7736408E+00
 1.0200    2.1478039E-01    2.8080500E+00   -2.8080500E+00
 1.0300    2.1310232E-01    2.8410083E+00   -2.8410083E+00
 1.0400    2.1133834E-01    2.8724656E+00   -2.8724656E+00
 1.0500    2.0949080E-01    2.9023742E+00   -2.9023742E+00
 1.0600    2.0756217E-01    2.9306895E+00   -2.9306895E+00
 1.0700    2.0555507E-01    2.9573697E+00   -2.9573697E+00
 1.0800    2.0347222E-01    2.9823767E+00   -2.9823767E+00
 1.0900    2.0131642E-01    3.0056753E+00   -3.0056753E+00
 1.1000    1.9909056E-01    3.0272334E+00   -3.0272334E+00
 1.1100    1.9679757E-01    3.0470218E+00   -3.0470218E+00
 1.1200    1.9444044E-01    3.0650142E+00   -3.0650142E+00
 1.1300    1.9202221E-01    3.0811882E+00   -3.0811882E+00
 1.1400    1.8954605E-01    3.0955249E+00   -3.0955249E+00
 1.1500    1.8701517E-01    3.1080098E+00   -3.1080098E+00
 1.1600    1.8443289E-01    3.1186326E+00   -3.1186326E+00
 1.1700    1.8180257E-01    3.1273869E+00   -3.1273869E+00
 1.1800    1.7912763E-01    3.1342704E+00   -3.1342704E+00
 1.1900    1.7641150E-01    3.1392845E+00   -3.1392845E+00
 1.2000    1.7365765E-01    3.1424348E+00   -3.1424348E+00
 1.2100    1.7086957E-01    3.1437307E+00   -3.1437307E+00
 1.2200    1.6805079E-01    3.1431860E+00   -3.1431860E+00
 1.2300    1.6520485E-01    3.1408189E+00   -3.1408189E+00
 1.2400    1.6233534E-01    3.1366517E+00   -3.1366517E+00
 1.2500    1.5944582E-01    3.1307114E+00   -3.1307114E+00
 1.2600    1.5653988E-01    3.1230286E+00   -3.1230286E+00
 1.2700    1.5362108E-01    3.1136381E+00   -3.1136381E+00
 1.2800    1.5069296E-01    3.1025784E+00   -3.1025784E+00
 1.2900    1.4775904E-01    3.0898923E+00   -3.0898923E+00
 1.3000    1.4482284E-01    3.0756266E+00   -3.0756266E+00
 1.3100    1.4188787E-01    3.0598330E+00   -3.0598330E+00
 1.3200    1.3895763E-01    3.0425669E+00   -3.0425669E+00
 1.3300    1.3603557E-01    3.0238874E+00   -3.0238874E+00
 1.3400    1.3312504E-01    3.0038567E+00   -3.0038567E+00
 1.3500    1.3022937E-01    2.9825405E+00   -2.9825405E+00
 1.3600    1.2735184E-01    2.9600081E+00   -2.9600081E+00
 1.3700    1.2449570E-01    2.9363332E+00   -2.9363332E+00
 1.3800    1.2166417E-01    2.9115934E+00   -2.9115934E+00
 1.3900    1.1886042E-01    2.8858697E+00   -2.8858697E+00
 1.4000    1.1608754E-01    2.8592461E+00   -2.8592461E+00
 1.4100    1.1334854E-01    2.8318094E+00   -2.8318094E+00
 1.4200    1.1064636E-01    2.8036492E+00   -2.8036492E+00
 1.4300    1.0798384E-01    2.7748577E+00   -2.7748577E+00
 1.4400    1.0536376E-01    2.7455294E+00   -2.7455294E+00
 1.4500    1.0278875E-01    2.7157603E+00   -2.7157603E+00
 1.4600    1.0026128E-01    2.6856464E+00   -2.6856464E+00
 1.4700    9.7783605E-02    2.6552816E+00   -2.6552816E+00
 1.4800    9.5357599E-02    2.6247540E+00   -2.6247540E+00
 1.4900    9.2984699E-02    2.5941429E+00   -2.5941429E+00
 1.5000    9.0665791E-02    2.5635149E+00   -2.5635149E+00
 1.5100    8.8401186E-02    2.5329222E+00   -2.5329222E+00
 1.5200    8.6190663E-02    2.5024030E+00   -2.5024030E+00
 1.5300    8.4033574E-02    2.4719834E+00   -2.4719834E+00
 1.5400    8.1928976E-02    2.4416805E+00   -2.4416805E+00
 1.5500    7.9875744E-02    2.4115051E+00   -2.4115051E+00
 1.5600    7.7872659E-02    2.3814642E+00   -2.3814642E+00
 1.5700    7.5918468E-02    2.3515629E+00   -2.3515629E+00
 1.5800    7.4011928E-02    2.3218051E+00   -2.3218051E+00
 1.5900    7.2151829E-02    2.2921945E+00   -2.2921945E+00
 1.6000    7.0337009E-02    2.2627352E+00   -2.2627352E+00
 1.6100    6.8566358E-02    2.2334318E+00   -2.2334318E+00
 1.6200    6.6838814E-02    2.2042895E+00   -2.2042895E+00
 1.6300    6.5153343E-02    2.1753131E+00   -2.1753131E+00
 1.6400    6.3508913E-02    2.1465067E+00   -2.1465067E+00
 1.6500    6.1904496E-02    2.1178731E+00   -2.1178731E+00
 1.6600    6.0339075E-02    2.0894149E+00   -2.0894149E+00
 1.6700    5.8811671E-02    2.0611345E+00   -2.0611345E+00
 1.6800    5.7321354E-02    2.0330351E+00   -2.0330351E+00
 1.6900    5.5867240E-02    2.0051206E+00   -2.0051206E+00
 1.7000    5.4448487E-02    1.9773954E+00   -1.9773954E+00
 1.7100    5.3064283E-02    1.9498643E+00   -1.9498643E+00
 1.7200    5.1713841E-02    1.9225319E+00   -1.9225319E+00
 1.7300    5.0396392E-02    1.8954028E+00   -1.8954028E+00
 1.7400    4.9111181E-02    1.8684812E+00   -1.8684812E+00
 1.7500    4.7857463E-02    1.8417710E+00   -1.8417710E+00
 1.7600    4.6634510E-02    1.8152758E+00   -1.8152758E+00
 1.7700    4.5441620E-02    1.7889994E+00   -1.7889994E+00
 1.7800    4.4278124E-02    1.7629463E+00   -1.7629463E+00
 1.7900    4.3143388E-02    1.7371214E+00   -1.7371214E+00
 1.8000    4.2036795E-02    1.7115298E+00   -1.7115298E+00
 1.8100    4.0957732E-02    1.6861760E+00   -1.6861760E+00
 1.8200    3.9905582E-02    1.6610637E+00   -1.6610637E+00
 1.8300    3.8879733E-02    1.6361960E+00   -1.6361960E+00
 1.8400    3.7879598E-02    1.6115763E+00   -1.6115763E+00
 1.8500    3.6904621E-02    1.5872088E+00   -1.5872088E+00
 1.8600    3.5954270E-02    1.5630981E+00   -1.5630981E+00
 1.8700    3.5028020E-02    1.5392482E+00   -1.5392482E+00
 1.8800    3.4125327E-02    1.5156621E+00   -1.5156621E+00
 1.8900    3.3245637E-02    1.4923412E+00   -1.4923412E+00
 1.9000    3.2388398E-02    1.4692867E+00   -1.4692867E+00
 1.9100    3.1553078E-02    1.4464996E+00   -1.4464996E+00
 1.9200    3.0739165E-02    1.4239817E+00   -1.4239817E+00
 1.9300    2.9946163E-02    1.4017342E+00   -1.4017342E+00
 1.9400    2.9173574E-02    1.3797581E+00   -1.3797581E+00
 1.9500    2.8420901E-02    1.3580537E+00   -1.3580537E+00
 1.9600    2.7687650E-02    1.3366204E+00   -1.3366204E+00
 1.9700    2.6973333E-02    1.3154579E+00   -1.3154579E+00
 1.9800    2.6277484E-02    1.2945655E+00   -1.2945655E+00
 1.9900    2.5599654E-02    1.2739433E+00   -1.2739433E+00
 2.0000    2.4939418E-02    1.2535919E+00   -1.2535919E+00
 2.0100    2.4296363E-02    1.2335116E+00   -1.2335116E+00
 2.0200    2.3670072E-02    1.2137023E+00   -1.2137023E+00
 2.0300    2.3060124E-02    1.1941629E+00   -1.1941629E+00
 2.0400    2.2466086E-02    1.1748911E+00   -1.1748911E+00
 2.0500    2.1887527E-02    1.1558841E+00   -1.1558841E+00
 2.0600    2.1324026E-02    1.1371389E+00   -1.1371389E+00
 2.0700    2.0775183E-02    1.1186530E+00   -1.1186530E+00
 2.0800    2.0240616E-02    1.1004245E+00   -1.1004245E+00
 2.0900    1.9719957E-02    1.0824514E+00   -1.0824514E+00
 2.1000    1.9212839E-02    1.0647312E+00   -1.0647312E+00
 2.1100    1.8718894E-02    1.0472611E+00   -1.0472611E+00
 2.1200    1.8237758E-02    1.0300375E+00   -1.0300375E+00
 2.1300    1.7769078E-02    1.0130572E+00   -1.0130572E+00
 2.1400    1.7312520E-02    9.9631734E-01   -9.9631734E-01
 2.1500    1.6867770E-02    9.7981582E-01   -9.7981582E-01
 2.1600    1.6434534E-02    9.6355115E-01   -9.6355115E-01
 2.1700    1.6012538E-02    9.4752243E-01   -9.4752243E-01
 2.1800    1.5601517E-02    9.3172911E-01   -9.3172911E-01
 2.1900    1.5201211E-02    9.1617044E-01   -9.1617044E-01
 2.2000    1.4811354E-02    9.0084484E-01   -9.0084484E-01
 2.2100    1.4431669E-02    8.8574959E-01   -8.8574959E-01
 2.2200    1.4061867E-02    8.7088099E-01   -8.7088099E-01
 2.2300    1.3701667E-02    8.5623503E-01   -8.5623503E-01
 2.2400    1.3350795E-02    8.4180799E-01   -8.4180799E-01
 2.2500    1.3009000E-02    8.2759682E-01   -8.2759682E-01
 2.2600    1.2676044E-02    8.1359917E-01   -8.1359917E-01
 2.2700    1.2351706E-02    7.9981315E-01   -7.9981315E-01
 2.2800    1.2035773E-02    7.8623715E-01   -7.8623715E-01
 2.2900    1.1728042E-02    7.7286981E-01   -7.7286981E-01
 2.3000    1.1428317E-02    7.5970995E-01   -7.5970995E-01
 2.3100    1.1136409E-02    7.4675648E-01   -7.4675648E-01
 2.3200    1.0852134E-02    7.3400830E-01   -7.3400830E-01
 2.3300    1.0575309E-02    7.2146415E-01   -7.2146415E-01
 2.3400    1.0305752E-02    7.0912252E-01   -7.0912252E-01
 2.3500    1.0043280E-02    6.9698135E-01   -6.9698135E-01
 2.3600    9.7877011E-03    6.8503785E-01   -6.8503785E-01
 2.3700    9.5388186E-03    6.7328842E-01   -6.7328842E-01
 2.3800    9.2964368E-03    6.6172920E-01   -6.6172920E-01
 2.3900    9.0603720E-03    6.5035681E-01   -6.5035681E-01
 2.4000    8.8304598E-03    6.3916895E-01   -6.3916895E-01
 2.4100    8.6065529E-03    6.2816422E-01   -6.2816422E-01
 2.4200    8.3885112E-03    6.1734152E-01   -6.1734152E-01
 2.4300    8.1761921E-03    6.0669931E-01   -6.0669931E-01
 2.4400    7.9694467E-03    5.9623530E-01   -5.9623530E-01
 2.4500    7.7681213E-03    5.8594659E-01   -5.8594659E-01
 2.4600    7.5720623E-03    5.7582996E-01   -5.7582996E-01
 2.4700    7.3811187E-03    5.6588211E-01   -5.6588211E-01
 2.4800    7.1951442E-03    5.5609979E-01   -5.5609979E-01
 2.4900    7.0139991E-03    5.4647999E-01   -5.4647999E-01
 2.5000    6.8375535E-03    5.3702020E-01   -5.3702020E-01
 2.5100    6.6656887E-03    5.2771851E-01   -5.2771851E-01
 2.5200    6.4982939E-03    5.1857347E-01   -5.1857347E-01
 2.5300    6.3352604E-03    5.0958352E-01   -5.0958352E-01
 2.5400    6.1764742E-03    5.0074651E-01   -5.0074651E-01
 2.5500    6.0218136E-03    4.9205940E-01   -4.9205940E-01
 2.5600    5.8711520E-03    4.8351853E-01   -4.8351853E-01
 2.5700    5.7243671E-03    4.7512030E-01   -4.7512030E-01
 2.5800    5.5813484E-03    4.6686187E-01   -4.6686187E-01
 2.5900    5.4419996E-03    4.5874136E-01   -4.5874136E-01
 2.6000    5.3062330E-03    4.5075741E-01   -4.5075741E-01
 2.6100    5.1739600E-03    4.4290843E-01   -4.4290843E-01
 2.6200    5.0450871E-03    4.3519222E-01   -4.3519222E-01
 2.6300    4.9195205E-03    4.2760634E-01   -4.2760634E-01
 2.6400    4.7971743E-03    4.2014889E-01   -4.2014889E-01
 2.6500    4.6779741E-03    4.1281876E-01   -4.1281876E-01
 2.6600    4.5618490E-03    4.0561503E-01   -4.0561503E-01
 2.6700    4.4487188E-03    3.9853580E-01   -3.9853580E-01
 2.6800    4.3384880E-03    3.9157761E-01   -3.9157761E-01
 2.6900    4.2310524E-03    3.8473601E-01   -3.8473601E-01
 2.7000    4.1263149E-03    3.7800693E-01   -3.7800693E-01
 2.7100    4.0241967E-03    3.7138781E-01   -3.7138781E-01
 2.7200    3.9246384E-03    3.6487770E-01   -3.6487770E-01
 2.7300    3.8275901E-03    3.5847641E-01   -3.5847641E-01
 2.7400    3.7330003E-03    3.5218351E-01   -3.5218351E-01
 2.7500    3.6408106E-03    3.4599780E-01   -3.4599780E-01
 2.7600    3.5509596E-03    3.3991768E-01   -3.3991768E-01
 2.7700    3.4633896E-03    3.3394177E-01   -3.3394177E-01
 2.7800    3.3780490E-03    3.2806916E-01   -3.2806916E-01
 2.7900    3.2948882E-03    3.2229900E-01   -3.2229900E-01
 2.8000    3.2138531E-03    3.1662992E-01   -3.1662992E-01
 2.8100    3.1348819E-03    3.1105966E-01   -3.1105966E-01
 2.8200    3.0579075E-03    3.0558528E-01   -3.0558528E-01
 2.8300    2.9828632E-03    3.0020373E-01   -3.0020373E-01
 2.8400    2.9096898E-03    2.9491254E-01   -2.9491254E-01
 2.8500    2.8383403E-03    2.8971038E-01   -2.8971038E-01
 2.8600    2.7687826E-03    2.8459730E-01   -2.8459730E-01
 2.8700    2.7009955E-03    2.7957447E-01   -2.7957447E-01
 2.8800    2.6349605E-03    2.7464326E-01   -2.7464326E-01
 2.8900    2.5706484E-03    2.6980391E-01   -2.6980391E-01
 2.9000    2.5080097E-03    2.6505443E-01   -2.6505443E-01
 2.9100    2.4469760E-03    2.6039075E-01   -2.6039075E-01
 2.9200    2.3874755E-03    2.5580821E-01   -2.5580821E-01
 2.9300    2.3294523E-03    2.5130373E-01   -2.5130373E-01
 2.9400    2.2728771E-03    2.4687692E-01   -2.4687692E-01
 2.9500    2.2177391E-03    2.4252937E-01   -2.4252937E-01
 2.9600    2.1640250E-03    2.3826243E-01   -2.3826243E-01
 2.9700    2.1117011E-03    2.3407510E-01   -2.3407510E-01
 2.9800    2.0607104E-03    2.2996374E-01   -2.2996374E-01
 2.9900    2.0109878E-03    2.2592364E-01   -2.2592364E-01
 3.0000    1.9624795E-03    2.2195121E-01   -2.2195121E-01
 3.0100    1.9151525E-03    2.1804504E-01   -2.1804504E-01
 3.0200    1.8689872E-03    2.1420523E-01   -2.1420523E-01
 3.0300    1.8239638E-03    2.1043178E-01   -2.1043178E-01
 3.0400    1.7800537E-03    2.0672364E-01   -2.0672364E-01
 3.0500    1.7372218E-03    2.0307890E-01   -2.0307890E-01
 3.0600    1.6954350E-03    1.9949584E-01   -1.9949584E-01
 3.0700    1.6546684E-03    1.9597361E-01   -1.9597361E-01
 3.0800    1.6149032E-03    1.9251200E-01   -1.9251200E-01
 3.0900    1.5761191E-03    1.8911059E-01   -1.8911059E-01
 3.1000    1.5382886E-03    1.8576808E-01   -1.8576808E-01
 3.1100    1.5013790E-03    1.8248240E-01   -1.8248240E-01
 3.1200    1.4653587E-03    1.7925159E-01   -1.7925159E-01
 3.1300    1.4302048E-03    1.7607462E-01   -1.7607462E-01
 3.1400    1.3959037E-03    1.7295162E-01   -1.7295162E-01
 3.1500    1.3624471E-03    1.6988327E-01   -1.6988327E-01
 3.1600    1.3298239E-03    1.6686996E-01   -1.6686996E-01
 3.1700    1.2980157E-03    1.6391109E-01   -1.6391109E-01
 3.1800    1.2669956E-03    1.6100495E-01   -1.6100495E-01
 3.1900    1.2367312E-03    1.5814903E-01   -1.5814903E-01
 3.2000    1.2071909E-03    1.5534088E-01   -1.5534088E-01
 3.2100    1.1783499E-03    1.5257881E-01   -1.5257881E-01
 3.2200    1.1501933E-03    1.4986231E-01   -1.4986231E-01
 3.2300    1.1227134E-03    1.4719186E-01   -1.4719186E-01
 3.2400    1.0959045E-03    1.4456814E-01   -1.4456814E-01
 3.2500    1.0697568E-03    1.4199127E-01   -1.4199127E-01
 3.2600    1.0442527E-03    1.3946032E-01   -1.3946032E-01
 3.2700    1.0193682E-03    1.3697347E-01   -1.3697347E-01
 3.2800    9.9508032E-04    1.3452893E-01   -1.3452893E-01
 3.2900    9.7137505E-04    1.3212610E-01   -1.3212610E-01
 3.3000    9.4825116E-04    1.2976606E-01   -1.2976606E-01
 3.3100    9.2571395E-04    1.2745083E-01   -1.2745083E-01
 3.3200    9.0376238E-04    1.2518154E-01   -1.2518154E-01
 3.3300    8.8237909E-04    1.2295708E-01   -1.2295708E-01
 3.3400    8.6153148E-04    1.2077414E-01   -1.2077414E-01
 3.3500    8.4118335E-04    1.1862880E-01   -1.1862880E-01
 3.3600    8.2130807E-04    1.1651840E-01   -1.1651840E-01
 3.3700    8.0189327E-04    1.1444221E-01   -1.1444221E-01
 3.3800    7.8293499E-04    1.1240069E-01   -1.1240069E-01
 3.3900    7.6442807E-04    1.1039411E-01   -1.1039411E-01
 3.4000    7.4636189E-04    1.0842193E-01   -1.0842193E-01
 3.4100    7.2872392E-04    1.0648334E-01   -1.0648334E-01
 3.4200    7.1150600E-04    1.0457808E-01   -1.0457808E-01
 3.4300    6.9470595E-04    1.0270678E-01   -1.0270678E-01
 3.4400    6.7832259E-04    1.0087023E-01   -1.0087023E-01
 3.4500    6.6234910E-04    9.9068367E-02   -9.9068367E-02
 3.4600    6.4677092E-04    9.7299934E-02   -9.7299934E-02
 3.4700    6.3156990E-04    9.5563102E-02   -9.5563102E-02
 3.4800    6.1673031E-04    9.3856347E-02   -9.3856347E-02
 3.4900    6.0224154E-04    9.2178880E-02   -9.2178880E-02
 3.5000    5.8809623E-04    9.0530381E-02   -9.0530381E-02
 3.5100    5.7428630E-04    8.8910397E-02   -8.8910397E-02
 3.5200    5.6079991E-04    8.7317869E-02   -8.7317869E-02
 3.5300    5.4762128E-04    8.5751078E-02   -8.5751078E-02
 3.5400    5.3473366E-04    8.4208108E-02   -8.4208108E-02
 3.5500    5.2212500E-04    8.2687727E-02   -8.2687727E-02
 3.5600    5.0979304E-04    8.1190228E-02   -8.1190228E-02
 3.5700    4.9774605E-04    7.9717582E-02   -7.9717582E-02
 3.5800    4.8599711E-04    7.8272572E-02   -7.8272572E-02
 3.5900    4.7455479E-04    7.6857300E-02   -7.6857300E-02
 3.6000    4.6341624E-04    7.5472044E-02   -7.5472044E-02
 3.6100    4.5256699E-04    7.4115175E-02   -7.4115175E-02
 3.6200    4.4198659E-04    7.2784030E-02   -7.2784030E-02
 3.6300    4.3165513E-04    7.1475965E-02   -7.1475965E-02
 3.6400    4.2155672E-04    7.0188934E-02   -7.0188934E-02
 3.6500    4.1167901E-04    6.8921436E-02   -6.8921436E-02
 3.6600    4.0201122E-04    6.7672187E-02   -6.7672187E-02
 3.6700    3.9254370E-04    6.6440058E-02   -6.6440058E-02
 3.6800    3.8327086E-04    6.5224581E-02   -6.5224581E-02
 3.6900    3.7419617E-04    6.4026821E-02   -6.4026821E-02
 3.7000    3.6533468E-04    6.2849846E-02   -6.2849846E-02
 3.7100    3.5670807E-04    6.1697934E-02   -6.1697934E-02
 3.7200    3.4833247E-04    6.0574482E-02   -6.0574482E-02
 3.7300    3.4020601E-04    5.9479801E-02   -5.9479801E-02
 3.7400    3.3230565E-04    5.8410483E-02   -5.8410483E-02
 3.7500    3.2459701E-04    5.7361027E-02   -5.7361027E-02
 3.7600    3.1705044E-04    5.6326648E-02   -5.6326648E-02
 3.7700    3.0965225E-04    5.5305306E-02   -5.5305306E-02
 3.7800    3.0240484E-04    5.4297796E-02   -5.4297796E-02
 3.7900    2.9531823E-04    5.3306299E-02   -5.3306299E-02
 3.8000    2.8840086E-04    5.2332755E-02   -5.2332755E-02
 3.8100    2.8165542E-04    5.1378086E-02   -5.1378086E-02
 3.8200    2.7507959E-04    5.0442309E-02   -5.0442309E-02
 3.8300    2.6866807E-04    4.9524884E-02   -4.9524884E-02
 3.8400    2.6241315E-04    4.8624809E-02   -4.8624809E-02
 3.8500    2.5630447E-04    4.7740559E-02   -4.7740559E-02
 3.8600    2.5033039E-04    4.6870334E-02   -4.6870334E-02
 3.8700    2.4448172E-04    4.6012749E-02   -4.6012749E-02
 3.8800    2.3875554E-04    4.5167575E-02   -4.5167575E-02
 3.8900    2.3315585E-04    4.4335885E-02   -4.4335885E-02
 3.9000    2.2768974E-04    4.3519363E-02   -4.3519363E-02
 3.9100    2.2236160E-04    4.2719207E-02   -4.2719207E-02
 3.9200    2.1716969E-04    4.1935440E-02   -4.1935440E-02
 3.9300    2.1210694E-04    4.1167059E-02   -4.1167059E-02
 3.9400    2.0716433E-04    4.0412646E-02   -4.0412646E-02
 3.9500    2.0233317E-04    3.9670817E-02   -3.9670817E-02
 3.9600    1.9760506E-04    3.8940211E-02   -3.8940211E-02
 3.9700    1.9297137E-04    3.8219391E-02   -3.8219391E-02
 3.9800    1.8842444E-04    3.7507078E-02   -3.7507078E-02
 3.9900    1.8396019E-04    3.6802686E-02   -3.6802686E-02
 4.0000    1.7958002E-04    3.6106706E-02   -3.6106706E-02
 4.0100    1.7528994E-04    3.5420575E-02   -3.5420575E-02
 4.0200    1.7109807E-04    3.4746181E-02   -3.4746181E-02
 4.0300    1.6701234E-04    3.4085409E-02   -3.4085409E-02
 4.0400    1.6303915E-04    3.3439864E-02   -3.3439864E-02
 4.0500    1.5918187E-04    3.2810551E-02   -3.2810551E-02
 4.0600    1.5543896E-04    3.2197475E-02   -3.2197475E-02
 4.0700    1.5180363E-04    3.1599546E-02   -3.1599546E-02
 4.0800    1.4826647E-04    3.1015097E-02   -3.1015097E-02
 4.0900    1.4481948E-04    3.0442720E-02   -3.0442720E-02
 4.1000    1.4145794E-04    2.9881672E-02   -2.9881672E-02
 4.1100    1.3817871E-04    2.9331525E-02   -2.9331525E-02
 4.1200    1.3497722E-04    2.8791533E-02   -2.8791533E-02
 4.1300    1.3184642E-04    2.8260400E-02   -2.8260400E-02
 4.1400    1.2877872E-04    2.7736691E-02   -2.7736691E-02
 4.1500    1.2576890E-04    2.7219448E-02   -2.7219448E-02
 4.1600    1.2281537E-04    2.6708484E-02   -2.6708484E-02
 4.1700    1.1991898E-04    2.6204139E-02   -2.6204139E-02
 4.1800    1.1708092E-04    2.5706831E-02   -2.5706831E-02
 4.1900    1.1430223E-04    2.5216952E-02   -2.5216952E-02
 4.2000    1.1158542E-04    2.4735226E-02   -2.4735226E-02
 4.2100    1.0893562E-04    2.4262971E-02   -2.4262971E-02
 4.2200    1.0635845E-04    2.3801633E-02   -2.3801633E-02
 4.2300    1.0385570E-04    2.3351830E-02   -2.3351830E-02
 4.2400    1.0142324E-04    2.2912848E-02   -2.2912848E-02
 4.2500    9.9053522E-05    2.2483175E-02   -2.2483175E-02
 4.2600    9.6740163E-05    2.2061543E-02   -2.2061543E-02
 4.2700    9.4480655E-05    2.1647538E-02   -2.1647538E-02
 4.2800    9.2275721E-05    2.1241484E-02   -2.1241484E-02
 4.2900    9.0127126E-05    2.0843947E-02   -2.0843947E-02
 4.3000    8.8035604E-05    2.0455266E-02   -2.0455266E-02
 4.3100    8.5999016E-05    2.0075108E-02   -2.0075108E-02
 4.3200    8.4010704E-05    1.9702076E-02   -1.9702076E-02
 4.3300    8.2059320E-05    1.9333637E-02   -1.9333637E-02
 4.3400    8.0131986E-05    1.8966851E-02   -1.8966851E-02
 4.3500    7.8220869E-05    1.8599917E-02   -1.8599917E-02
 4.3600    7.6329465E-05    1.8233711E-02   -1.8233711E-02
 4.3700    7.4472894E-05    1.7871910E-02   -1.7871910E-02
 4.3800    7.2670011E-05    1.7519161E-02   -1.7519161E-02
 4.3900    7.0932512E-05    1.7178461E-02   -1.7178461E-02
 4.4000    6.9259724E-05    1.6849847E-02   -1.6849847E-02
 4.4100    6.7642540E-05    1.6531298E-02   -1.6531298E-02
 4.4200    6.6071366E-05    1.6220629E-02   -1.6220629E-02
 4.4300    6.4540512E-05    1.5916579E-02   -1.5916579E-02
 4.4400    6.3047042E-05    1.5618543E-02   -1.5618543E-02
 4.4500    6.1588134E-05    1.5325933E-02   -1.5325933E-02
 4.4600    6.0160926E-05    1.5038139E-02   -1.5038139E-02
 4.4700    5.8764233E-05    1.4754958E-02   -1.4754958E-02
 4.4800    5.7398906E-05    1.4476698E-02   -1.4476698E-02
 4.4900    5.6065670E-05    1.4203637E-02   -1.4203637E-02
 4.5000    5.4762773E-05    1.3935428E-02   -1.3935428E-02
 4.5100    5.3486128E-05    1.3671120E-02   -1.3671120E-02
 4.5200    5.2231709E-05    1.3409759E-02   -1.3409759E-02
 4.5300    5.0997662E-05    1.3150932E-02   -1.3150932E-02
 4.5400    4.9784361E-05    1.2894797E-02   -1.2894797E-02
 4.5500    4.8593108E-05    1.2641754E-02   -1.2641754E-02
 4.5600    4.7425229E-05    1.2392216E-02   -1.2392216E-02
 4.5700    4.6282181E-05    1.2146638E-02   -1.2146638E-02
 4.5800    4.5165735E-05    1.1905562E-02   -1.1905562E-02
 4.5900    4.4077315E-05    1.1669449E-02   -1.1669449E-02
 4.6000    4.3016843E-05    1.1438368E-02   -1.1438368E-02
 4.6100    4.1982401E-05    1.1211894E-02   -1.1211894E-02
 4.6200    4.0971507E-05    1.0989445E-02   -1.0989445E-02
 4.6300    3.9983212E-05    1.0770839E-02   -1.0770839E-02
 4.6400    3.9019309E-05    1.0556632E-02   -1.0556632E-02
 4.6500    3.8083519E-05    1.0347915E-02   -1.0347915E-02
 4.6600    3.7179187E-05    1.0145690E-02   -1.0145690E-02
 4.6700    3.6307115E-05    9.9502816E-03   -9.9502816E-03
 4.6800    3.5464944E-05    9.7611470E-03   -9.7611470E-03
 4.6900    3.4648289E-05    9.5771732E-03   -9.5771732E-03
 4.7000    3.3852631E-05    9.3971899E-03   -9.3971899E-03
 4.7100    3.3074572E-05    9.2203182E-03   -9.2203182E-03
 4.7200    3.2311771E-05    9.0459591E-03   -9.0459591E-03
 4.7300    3.1562051E-05    8.8735491E-03   -8.8735491E-03
 4.7400    3.0822722E-05    8.7023698E-03   -8.7023698E-03
 4.7500    3.0090842E-05    8.5316183E-03   -8.5316183E-03
 4.7600    2.9364558E-05    8.3607886E-03   -8.3607886E-03
 4.7700    2.8645088E-05    8.1902428E-03   -8.1902428E-03
 4.7800    2.7937942E-05    8.0215827E-03   -8.0215827E-03
 4.7900    2.7251462E-05    7.8572523E-03   -7.8572523E-03
 4.8000    2.6592193E-05    7.6992159E-03   -7.6992159E-03
 4.8100    2.5959796E-05    7.5474683E-03   -7.5474683E-03
 4.8200    2.5345669E-05    7.3995907E-03   -7.3995907E-03
 4.8300    2.4736836E-05    7.2518411E-03   -7.2518411E-03
 4.8400    2.4122294E-05    7.1009947E-03   -7.1009947E-03
 4.8500    2.3497522E-05    6.9456901E-03   -6.9456901E-03
 4.8600    2.2865644E-05    6.7868125E-03   -6.7868125E-03
 4.8700    2.2236844E-05    6.6273658E-03   -6.6273658E-03
 4.8800    2.1627134E-05    6.4721486E-03   -6.4721486E-03
 4.8900    2.1054832E-05    6.3267309E-03   -6.3267309E-03
 4.9000    2.0533351E-05    6.1952932E-03   -6.1952932E-03
 4.9100    2.0063600E-05    6.0782941E-03   -6.0782941E-03
 4.9200    1.9632478E-05    5.9719365E-03   -5.9719365E-03
 4.9300    1.9219857E-05    5.8702129E-03   -5.8702129E-03
 4.9400    1.8808437E-05    5.7678835E-03   -5.7678835E-03
 4.9500    1.8388376E-05    5.6619188E-03   -5.6619188E-03
 4.9600    1.7954907E-05    5.5508102E-03   -5.5508102E-03
 4.9700    1.7504964E-05    5.4335525E-03   -5.4335525E-03
 4.9800    1.7039041E-05    5.3102344E-03   -5.3102344E-03
 4.9900    1.6566941E-05    5.1838603E-03   -5.1838603E-03
 5.0000    1.6109390E-05    5.0609141E-03   -5.0609141E-03
 5.0100    1.5689913E-05    4.9488677E-03   -4.9488677E-03
 5.0200    1.5321232E-05    4.8518903E-03   -4.8518903E-03
 5.0300    1.4997011E-05    4.7681571E-03   -4.7681571E-03
 5.0400    1.4695719E-05    4.6909606E-03   -4.6909606E-03
 5.0500    1.4393056E-05    4.6125984E-03   -4.6125984E-03
 5.0600    1.4073715E-05    4.5281379E-03   -4.5281379E-03
 5.0700    1.3736188E-05    4.4370263E-03   -4.4370263E-03
 5.0800    1.3390551E-05    4.3424589E-03   -4.3424589E-03
 5.0900    1.3052306E-05    4.2494495E-03   -4.2494495E-03
 5.1000    1.2735093E-05    4.1624818E-03   -4.1624818E-03
 5.1100    1.2444414E-05    4.0834393E-03   -4.0834393E-03
 5.1200    1.2174790E-05    4.0106177E-03   -4.0106177E-03
 5.1300    1.1912290E-05    3.9394885E-03   -3.9394885E-03
 5.1400    1.1641685E-05    3.8650217E-03   -3.8650217E-03
 5.1500    1.1354251E-05    3.7842761E-03   -3.7842761E-03
 5.1600    1.1051548E-05    3.6977061E-03   -3.6977061E-03
 5.1700    1.0743556E-05    3.6086023E-03   -3.6086023E-03
 5.1800    1.0443442E-05    3.5213812E-03   -3.5213812E-03
 5.1900    1.0162513E-05    3.4398992E-03   -3.4398992E-03
 5.2000    9.9072555E-06    3.3664325E-03   -3.3664325E-03
 5.2100    9.6783336E-06    3.3013069E-03   -3.3013069E-03
 5.2200    9.4710519E-06    3.2430160E-03   -3.2430160E-03
 5.2300    9.2771774E-06    3.1888134E-03   -3.1888134E-03
 5.2400    9.0878270E-06    3.1356854E-03   -3.1356854E-03
 5.2500    8.8962529E-06    3.0813114E-03   -3.0813114E-03
 5.2600    8.6992095E-06    3.0245526E-03   -3.0245526E-03
 5.2700    8.4966828E-06    2.9653810E-03   -2.9653810E-03
 5.2800    8.2909719E-06    2.9045787E-03   -2.9045787E-03
 5.2900    8.0860214E-06    2.8435187E-03   -2.8435187E-03
 5.3000    7.8867702E-06    2.7839459E-03   -2.7839459E-03
 5.3100    7.6977261E-06    2.7274787E-03   -2.7274787E-03
 5.3200    7.5209095E-06    2.6748750E-03   -2.6748750E-03
 5.3300    7.3546057E-06    2.6255705E-03   -2.6255705E-03
 5.3400    7.1942463E-06    2.5779689E-03   -2.5779689E-03
 5.3500    7.0350239E-06    2.5303640E-03   -2.5303640E-03
 5.3600    6.8743416E-06    2.4818216E-03   -2.4818216E-03
 5.3700    6.7124871E-06    2.4324387E-03   -2.4324387E-03
 5.3800    6.5515215E-06    2.3829591E-03   -2.3829591E-03
 5.3900    6.3935605E-06    2.3341576E-03   -2.3341576E-03
 5.4000    6.2395150E-06    2.2863790E-03   -2.2863790E-03
 5.4100    6.0886562E-06    2.2393700E-03   -2.2393700E-03
 5.4200    5.9390256E-06    2.1924194E-03   -2.1924194E-03
 5.4300    5.7886362E-06    2.1447950E-03   -2.1447950E-03
 5.4400    5.6369614E-06    2.0962966E-03   -2.0962966E-03
 5.4500    5.4856306E-06    2.0475260E-03   -2.0475260E-03
 5.4600    5.3375864E-06    1.9995859E-03   -1.9995859E-03
 5.4700    5.1952533E-06    1.9534003E-03   -1.9534003E-03
 5.4800    5.0591855E-06    1.9092007E-03   -1.9092007E-03
 5.4900    4.9281203E-06    1.8665338E-03   -1.8665338E-03
 5.5000    4.8000358E-06    1.8246506E-03   -1.8246506E-03
 5.5100    4.6731096E-06    1.7828673E-03   -1.7828673E-03
 5.5200    4.5459586E-06    1.7406582E-03   -1.7406582E-03
 5.5300    4.4174530E-06    1.6975871E-03   -1.6975871E-03
 5.5400    4.2867501E-06    1.6533224E-03   -1.6533224E-03
 5.5500    4.1537919E-06    1.6078316E-03   -1.6078316E-03
 5.5600    4.0199103E-06    1.5616216E-03   -1.5616216E-03
 5.5700    3.8879517E-06    1.5157973E-03   -1.5157973E-03
 5.5800    3.7615924E-06    1.4718040E-03   -1.4718040E-03
 5.5900    3.6440383E-06    1.4309235E-03   -1.4309235E-03
 5.6000    3.5368311E-06    1.3937993E-03   -1.3937993E-03
 5.6100    3.4396379E-06    1.3603426E-03   -1.3603426E-03
 5.6200    3.3513199E-06    1.3301431E-03   -1.3301431E-03
 5.6300    3.2714133E-06    1.3030530E-03   -1.3030530E-03
 5.6400    3.2005379E-06    1.2793549E-03   -1.2793549E-03
 5.6500    3.1391463E-06    1.2592684E-03   -1.2592684E-03
 5.6600    3.0857104E-06    1.2422182E-03   -1.2422182E-03
 5.6700    3.0360504E-06    1.2265492E-03   -1.2265492E-03
 5.6800    2.9844240E-06    1.2099490E-03   -1.2099490E-03
 5.6900    2.9255359E-06    1.1902545E-03   -1.1902545E-03
 5.7000    2.8561446E-06    1.1661107E-03   -1.1661107E-03
 5.7100    2.7753679E-06    1.1371104E-03   -1.1371104E-03
 5.7200    2.6836065E-06    1.1033689E-03   -1.1033689E-03
 5.7300    2.5811208E-06    1.0649456E-03   -1.0649456E-03
 5.7400    2.4681298E-06    1.0218841E-03   -1.0218841E-03
 5.7500    2.3474549E-06    9.7531032E-04   -9.7531032E-04
 5.7600    2.2278491E-06    9.2883934E-04   -9.2883934E-04
 5.7700    2.1237666E-06    8.8852220E-04   -8.8852220E-04
 5.7800    2.0490579E-06    8.6024025E-04   -8.6024025E-04
 5.7900    2.0078258E-06    8.4584937E-04   -8.4584937E-04
 5.8000    1.9899646E-06    8.4122314E-04   -8.4122314E-04
 5.8100    1.9761534E-06    8.3826779E-04   -8.3826779E-04
 5.8200    1.9490517E-06    8.2961996E-04   -8.2961996E-04
 5.8300    1.9022086E-06    8.1246587E-04   -8.1246587E-04
 5.8400    1.8408859E-06    7.8897354E-04   -7.8897354E-04
 5.8500    1.7760842E-06    7.6380965E-04   -7.6380965E-04
 5.8600    1.7174021E-06    7.4110048E-04   -7.4110048E-04
 5.8700    1.6692386E-06    7.2277728E-04   -7.2277728E-04
 5.8800    1.6310673E-06    7.0865753E-04   -7.0865753E-04
 5.8900    1.5997323E-06    6.9740937E-04   -6.9740937E-04
 5.9000    1.5713641E-06    6.8737022E-04   -6.8737022E-04
 5.9100    1.5421010E-06    6.7685813E-04   -6.7685813E-04
 5.9200    1.5086294E-06    6.6440951E-04   -6.6440951E-04
 5.9300    1.4696390E-06    6.4942638E-04   -6.4942638E-04
 5.9400    1.4274491E-06    6.3291206E-04   -6.3291206E-04
 5.9500    1.3876840E-06    6.1735416E-04   -6.1735416E-04
 5.9600    1.3562032E-06    6.0537871E-04   -6.0537871E-04
 5.9700    1.3353649E-06    5.9807891E-04   -5.9807891E-04
 5.9800    1.3227230E-06    5.9440322E-04   -5.9440322E-04
 5.9900    1.3130324E-06    5.9202351E-04   -5.9202351E-04
 6.0000    1.3014502E-06    5.8876221E-04   -5.8876221E-04
 6.0100    1.2852632E-06    5.8337911E-04   -5.8337911E-04
 6.0200    1.2634753E-06    5.7539967E-04   -5.7539967E-04
 6.0300    1.2355914E-06    5.6457206E-04   -5.6457206E-04
 6.0400    1.2010498E-06    5.5061085E-04   -5.5061085E-04
 6.0500    1.1595416E-06    5.3334343E-04   -5.3334343E-04
 6.0600    1.1115313E-06    5.1295208E-04   -5.1295208E-04
 6.0700    1.0584584E-06    4.9007328E-04   -4.9007328E-04
 6.0800    1.0028184E-06    4.6584272E-04   -4.6584272E-04
 6.0900    9.4847565E-07    4.4204923E-04   -4.4204923E-04
 6.1000    9.0078220E-07    4.2120094E-04   -4.2120094E-04
 6.1100    8.6546972E-07    4.0601695E-04   -4.0601695E-04
 6.1200    8.4617337E-07    3.9826493E-04   -3.9826493E-04
 6.1300    8.4222762E-07    3.9770431E-04   -3.9770431E-04
 6.1400    8.4876382E-07    4.0209944E-04   -4.0209944E-04
 6.1500    8.5924421E-07    4.0839152E-04   -4.0839152E-04
 6.1600    8.6838973E-07    4.1408163E-04   -4.1408163E-04
 6.1700    8.7342882E-07    4.1783778E-04   -4.1783778E-04
 6.1800    8.7351348E-07    4.1923393E-04   -4.1923393E-04
 6.1900    8.6866113E-07    4.1825539E-04   -4.1825539E-04
 6.2000    8.5925385E-07    4.1506368E-04   -4.1506368E-04
 6.2100    8.4593412E-07    4.0994879E-04   -4.0994879E-04
 6.2200    8.2935605E-07    4.0321033E-04   -4.0321033E-04
 6.2300    8.0986054E-07    3.9499918E-04   -3.9499918E-04
 6.2400    7.8757813E-07    3.8536537E-04   -3.8536537E-04
 6.2500    7.6303841E-07    3.7455561E-04   -3.7455561E-04
 6.2600    7.3768426E-07    3.6326959E-04   -3.6326959E-04
 6.2700    7.1365945E-07    3.5256238E-04   -3.5256238E-04
 6.2800    6.9291421E-07    3.4340659E-04   -3.4340659E-04
 6.2900    6.7631263E-07    3.3624718E-04   -3.3624718E-04
 6.3000    6.6339928E-07    3.3087653E-04   -3.3087653E-04
 6.3100    6.5287426E-07    3.2666163E-04   -3.2666163E-04
 6.3200    6.4326699E-07    3.2287565E-04   -3.2287565E-04
 6.3300    6.3331118E-07    3.1888526E-04   -3.1888526E-04
 6.3400    6.2199682E-07    3.1417856E-04   -3.1417856E-04
 6.3500    6.0861920E-07    3.0839190E-04   -3.0839190E-04
 6.3600    5.9300712E-07    3.0142829E-04   -3.0142829E-04
 6.3700    5.7576232E-07    2.9358372E-04   -2.9358372E-04
 6.3800    5.5823244E-07    2.8553956E-04   -2.8553956E-04
 6.3900    5.4212847E-07    2.7817224E-04   -2.7817224E-04
 6.4000    5.2893116E-07    2.7225067E-04   -2.7225067E-04
 6.4100    5.1934520E-07    2.6815262E-04   -2.6815262E-04
 6.4200    5.1305189E-07    2.6573038E-04   -2.6573038E-04
 6.4300    5.0887916E-07    2.6439088E-04   -2.6439088E-04
 6.4400    5.0528087E-07    2.6333856E-04   -2.6333856E-04
 6.4500    5.0085042E-07    2.6184081E-04   -2.6184081E-04
 6.4600    4.9463578E-07    2.5939430E-04   -2.5939430E-04
 6.4700    4.8621887E-07    2.5577037E-04   -2.5577037E-04
 6.4800    4.7567327E-07    2.5099705E-04   -2.5099705E-04
 6.4900    4.6350277E-07    2.4533052E-04   -2.4533052E-04
 6.5000    4.5055183E-07    2.3921110E-04   -2.3921110E-04
 6.5100    4.3781455E-07    2.3316429E-04   -2.3316429E-04
 6.5200    4.2613713E-07    2.2764307E-04   -2.2764307E-04
 6.5300    4.1594225E-07    2.2287906E-04   -2.2287906E-04
 6.5400    4.0714384E-07    2.1883321E-04   -2.1883321E-04
 6.5500    3.9929872E-07    2.1527341E-04   -2.1527341E-04
 6.5600    3.9187402E-07    2.1191613E-04   -2.1191613E-04
 6.5700    3.8446003E-07    2.0854117E-04   -2.0854117E-04
 6.5800    3.7684774E-07    2.0503480E-04   -2.0503480E-04
 6.5900    3.6900102E-07    2.0137625E-04   -2.0137625E-04
 6.6000    3.6099084E-07    1.9760318E-04   -1.9760318E-04
 6.6100    3.5293452E-07    1.9377909E-04   -1.9377909E-04
 6.6200    3.4495328E-07    1.8997048E-04   -1.8997048E-04
 6.6300    3.3714836E-07    1.8623357E-04   -1.8623357E-04
 6.6400    3.2959037E-07    1.8260831E-04   -1.8260831E-04
 6.6500    3.2231631E-07    1.7911643E-04   -1.7911643E-04
 6.6600    3.1533324E-07    1.7576325E-04   -1.7576325E-04
 6.6700    3.0862860E-07    1.7254314E-04   -1.7254314E-04
 6.6800    3.0217887E-07    1.6944427E-04   -1.6944427E-04
 6.6900    2.9594471E-07    1.6644574E-04   -1.6644574E-04
 6.7000    2.8985728E-07    1.6350976E-04   -1.6350976E-04
 6.7100    2.8382324E-07    1.6058422E-04   -1.6058422E-04
 6.7200    2.7776984E-07    1.5762805E-04   -1.5762805E-04
 6.7300    2.7171204E-07    1.5464963E-04   -1.5464963E-04
 6.7400    2.6579008E-07    1.5172894E-04   -1.5172894E-04
 6.7500    2.6023720E-07    1.4900018E-04   -1.4900018E-04
 6.7600    2.5528989E-07    1.4660098E-04   -1.4660098E-04
 6.7700    2.5109926E-07    1.4462143E-04   -1.4462143E-04
 6.7800    2.4769599E-07    1.4308307E-04   -1.4308307E-04
 6.7900    2.4501299E-07    1.4195102E-04   -1.4195102E-04
