# total charge: 5.000000 
# r(A)     rho (e/A^3)     4*pi*r^2*rho(e/A)  dip  
 0.0000   -1.1653284E-01   -0.0000000E+00    3.9894228E+01
 0.0100   -1.1602223E-01   -1.4579783E-04    3.9695401E+01
 0.0200   -1.1537711E-01   -5.7994861E-04    3.9104849E+01
 0.0300   -1.1457037E-01   -1.2957603E-03    3.8140077E+01
 0.0400   -1.1357310E-01   -2.2835226E-03    3.6829298E+01
 0.0500   -1.1235346E-01   -3.5296879E-03    3.5210062E+01
 0.0600   -1.1087604E-01   -5.0159137E-03    3.3327476E+01
 0.0700   -1.0910473E-01   -6.7181474E-03    3.1232111E+01
 0.0800   -1.0700978E-01   -8.6062368E-03    2.8977762E+01
 0.0900   -1.0457486E-01   -1.0644424E-02    2.6619169E+01
 0.1000   -1.0179929E-01   -1.2792476E-02    2.4209865E+01
 0.1100   -9.8694082E-02   -1.5006740E-02    2.1800224E+01
 0.1200   -9.5275267E-02   -1.7240606E-02    1.9435846E+01
 0.1300   -9.1558348E-02   -1.9444399E-02    1.7156304E+01
 0.1400   -8.7555891E-02   -2.1565091E-02    1.4994312E+01
 0.1500   -8.3277837E-02   -2.3546254E-02    1.2975306E+01
 0.1600   -7.8733175E-02   -2.5328391E-02    1.1117412E+01
 0.1700   -7.3931447E-02   -2.6849544E-02    9.4317573E+00
 0.1800   -6.8883077E-02   -2.8045773E-02    7.9230616E+00
 0.1900   -6.3598422E-02   -2.8851169E-02    6.5904326E+00
 0.2000   -5.8086477E-02   -2.9197448E-02    5.4282941E+00
 0.2100   -5.2354383E-02   -2.9013592E-02    4.4273732E+00
 0.2200   -4.6408186E-02   -2.8226031E-02    3.5756853E+00
 0.2300   -4.0254213E-02   -2.6759431E-02    2.8594632E+00
 0.2400   -3.3900117E-02   -2.4537683E-02    2.2639907E+00
 0.2500   -2.7355145E-02   -2.1484681E-02    1.7743147E+00
 0.2600   -2.0629766E-02   -1.7524710E-02    1.3758216E+00
 0.2700   -1.3735048E-02   -1.2582518E-02    1.0546760E+00
 0.2800   -6.6820633E-03   -6.5831919E-03    7.9812835E-01
 0.2900    5.1849815E-04    5.4796532E-04    5.9470528E-01
 0.3000    7.8563732E-03    8.8853487E-03    4.3429949E-01
 0.3100    1.5321442E-02    1.8502606E-02    3.0817930E-01
 0.3200    2.2903340E-02    2.9471934E-02    2.0893689E-01
 0.3300    3.0591236E-02    4.1863426E-02    1.3039347E-01
 0.3400    3.8373892E-02    5.5744696E-02    6.7477221E-02
 0.3500    4.6239896E-02    7.1180789E-02    1.6087480E-02
 0.3600    5.4177845E-02    8.8234127E-02   -2.7043934E-02
 0.3700    6.2176408E-02    1.0696432E-01   -6.4486294E-02
 0.3800    7.0224273E-02    1.2742784E-01   -9.8233145E-02
 0.3900    7.8310102E-02    1.4967762E-01   -1.2981207E-01
 0.4000    8.6422521E-02    1.7376279E-01   -1.6037977E-01
 0.4100    9.4550161E-02    1.9972841E-01   -1.9080225E-01
 0.4200    1.0268169E-01    2.2761531E-01   -2.2172100E-01
 0.4300    1.1080586E-01    2.5745985E-01   -2.5360633E-01
 0.4400    1.1891150E-01    2.8929376E-01   -2.8679952E-01
 0.4500    1.2698753E-01    3.2314390E-01   -3.2154552E-01
 0.4600    1.3502296E-01    3.5903200E-01   -3.5801792E-01
 0.4700    1.4300696E-01    3.9697462E-01   -3.9633764E-01
 0.4800    1.5092881E-01    4.3698296E-01   -4.3658683E-01
 0.4900    1.5877804E-01    4.7906280E-01   -4.7881890E-01
 0.5000    1.6654431E-01    5.2321439E-01   -5.2306572E-01
 0.5100    1.7421756E-01    5.6943237E-01   -5.6934265E-01
 0.5200    1.8178794E-01    6.1770573E-01   -6.1765212E-01
 0.5300    1.8924589E-01    6.6801785E-01   -6.6798614E-01
 0.5400    1.9658212E-01    7.2034642E-01   -7.2032785E-01
 0.5500    2.0378762E-01    7.7466340E-01   -7.7465263E-01
 0.5600    2.1085363E-01    8.3093490E-01   -8.3092872E-01
 0.5700    2.1777171E-01    8.8912133E-01   -8.8911782E-01
 0.5800    2.2453372E-01    9.4917746E-01   -9.4917548E-01
 0.5900    2.3113189E-01    1.0110526E+00   -1.0110515E+00
 0.6000    2.3755880E-01    1.0746907E+00   -1.0746901E+00
 0.6100    2.4380733E-01    1.1400300E+00   -1.1400297E+00
 0.6200    2.4987070E-01    1.2070036E+00   -1.2070034E+00
 0.6300    2.5574244E-01    1.2755391E+00   -1.2755390E+00
 0.6400    2.6141649E-01    1.3455591E+00   -1.3455591E+00
 0.6500    2.6688720E-01    1.4169820E+00   -1.4169819E+00
 0.6600    2.7214933E-01    1.4897212E+00   -1.4897212E+00
 0.6700    2.7719801E-01    1.5636861E+00   -1.5636861E+00
 0.6800    2.8202867E-01    1.6387811E+00   -1.6387811E+00
 0.6900    2.8663710E-01    1.7149065E+00   -1.7149065E+00
 0.7000    2.9101945E-01    1.7919586E+00   -1.7919586E+00
 0.7100    2.9517233E-01    1.8698304E+00   -1.8698304E+00
 0.7200    2.9909279E-01    1.9484120E+00   -1.9484120E+00
 0.7300    3.0277832E-01    2.0275910E+00   -2.0275910E+00
 0.7400    3.0622682E-01    2.1072523E+00   -2.1072523E+00
 0.7500    3.0943652E-01    2.1872779E+00   -2.1872779E+00
 0.7600    3.1240594E-01    2.2675472E+00   -2.2675472E+00
 0.7700    3.1513390E-01    2.3479370E+00   -2.3479370E+00
 0.7800    3.1761955E-01    2.4283221E+00   -2.4283221E+00
 0.7900    3.1986234E-01    2.5085754E+00   -2.5085754E+00
 0.8000    3.2186212E-01    2.5885688E+00   -2.5885688E+00
 0.8100    3.2361910E-01    2.6681734E+00   -2.6681734E+00
 0.8200    3.2513387E-01    2.7472601E+00   -2.7472601E+00
 0.8300    3.2640737E-01    2.8256997E+00   -2.8256997E+00
 0.8400    3.2744085E-01    2.9033627E+00   -2.9033627E+00
 0.8500    3.2823584E-01    2.9801198E+00   -2.9801198E+00
 0.8600    3.2879420E-01    3.0558422E+00   -3.0558422E+00
 0.8700    3.2911812E-01    3.1304024E+00   -3.1304024E+00
 0.8800    3.2921015E-01    3.2036748E+00   -3.2036748E+00
 0.8900    3.2907317E-01    3.2755358E+00   -3.2755358E+00
 0.9000    3.2871034E-01    3.3458638E+00   -3.3458638E+00
 0.9100    3.2812507E-01    3.4145389E+00   -3.4145389E+00
 0.9200    3.2732098E-01    3.4814436E+00   -3.4814436E+00
 0.9300    3.2630198E-01    3.5464633E+00   -3.5464633E+00
 0.9400    3.2507221E-01    3.6094865E+00   -3.6094865E+00
 0.9500    3.2363615E-01    3.6704060E+00   -3.6704060E+00
 0.9600    3.2199852E-01    3.7291187E+00   -3.7291187E+00
 0.9700    3.2016430E-01    3.7855261E+00   -3.7855261E+00
 0.9800    3.1813873E-01    3.8395343E+00   -3.8395343E+00
 0.9900    3.1592725E-01    3.8910547E+00   -3.8910547E+00
 1.0000    3.1353554E-01    3.9400038E+00   -3.9400038E+00
 1.0100    3.1096944E-01    3.9863031E+00   -3.9863031E+00
 1.0200    3.0823497E-01    4.0298800E+00   -4.0298800E+00
 1.0300    3.0533833E-01    4.0706676E+00   -4.0706676E+00
 1.0400    3.0228591E-01    4.1086055E+00   -4.1086055E+00
 1.0500    2.9908430E-01    4.1436406E+00   -4.1436406E+00
 1.0600    2.9574028E-01    4.1757267E+00   -4.1757267E+00
 1.0700    2.9226078E-01    4.2048254E+00   -4.2048254E+00
 1.0800    2.8865288E-01    4.2309049E+00   -4.2309049E+00
 1.0900    2.8492371E-01    4.2539409E+00   -4.2539409E+00
 1.1000    2.8108053E-01    4.2739161E+00   -4.2739161E+00
 1.1100    2.7713066E-01    4.2908210E+00   -4.2908210E+00
 1.1200    2.7308151E-01    4.3046535E+00   -4.3046535E+00
 1.1300    2.6894055E-01    4.3154196E+00   -4.3154196E+00
 1.1400    2.6471528E-01    4.3231328E+00   -4.3231328E+00
 1.1500    2.6041325E-01    4.3278143E+00   -4.3278143E+00
 1.1600    2.5604199E-01    4.3294930E+00   -4.3294930E+00
 1.1700    2.5160907E-01    4.3282055E+00   -4.3282055E+00
 1.1800    2.4712202E-01    4.3239965E+00   -4.3239965E+00
 1.1900    2.4258842E-01    4.3169185E+00   -4.3169185E+00
 1.2000    2.3801577E-01    4.3070319E+00   -4.3070319E+00
 1.2100    2.3341159E-01    4.2944052E+00   -4.2944052E+00
 1.2200    2.2878330E-01    4.2791140E+00   -4.2791140E+00
 1.2300    2.2413830E-01    4.2612416E+00   -4.2612416E+00
 1.2400    2.1948384E-01    4.2408780E+00   -4.2408780E+00
 1.2500    2.1482710E-01    4.2181203E+00   -4.2181203E+00
 1.2600    2.1017514E-01    4.1930718E+00   -4.1930718E+00
 1.2700    2.0553488E-01    4.1658424E+00   -4.1658424E+00
 1.2800    2.0091314E-01    4.1365487E+00   -4.1365487E+00
 1.2900    1.9631662E-01    4.1053138E+00   -4.1053138E+00
 1.3000    1.9175190E-01    4.0722670E+00   -4.0722670E+00
 1.3100    1.8722541E-01    4.0375437E+00   -4.0375437E+00
 1.3200    1.8274340E-01    4.0012846E+00   -4.0012846E+00
 1.3300    1.7831198E-01    3.9636351E+00   -3.9636351E+00
 1.3400    1.7393702E-01    3.9247453E+00   -3.9247453E+00
 1.3500    1.6962420E-01    3.8847691E+00   -3.8847691E+00
 1.3600    1.6537895E-01    3.8438632E+00   -3.8438632E+00
 1.3700    1.6120641E-01    3.8021855E+00   -3.8021855E+00
 1.3800    1.5711126E-01    3.7598918E+00   -3.7598918E+00
 1.3900    1.5309761E-01    3.7171310E+00   -3.7171310E+00
 1.4000    1.4916873E-01    3.6740388E+00   -3.6740388E+00
 1.4100    1.4532692E-01    3.6307317E+00   -3.6307317E+00
 1.4200    1.4157337E-01    3.5873035E+00   -3.5873035E+00
 1.4300    1.3790827E-01    3.5438249E+00   -3.5438249E+00
 1.4400    1.3433100E-01    3.5003469E+00   -3.5003469E+00
 1.4500    1.3084033E-01    3.4569055E+00   -3.4569055E+00
 1.4600    1.2743471E-01    3.4135269E+00   -3.4135269E+00
 1.4700    1.2411241E-01    3.3702315E+00   -3.3702315E+00
 1.4800    1.2087160E-01    3.3270364E+00   -3.3270364E+00
 1.4900    1.1771043E-01    3.2839561E+00   -3.2839561E+00
 1.5000    1.1462704E-01    3.2410033E+00   -3.2410033E+00
 1.5100    1.1161959E-01    3.1981895E+00   -3.1981895E+00
 1.5200    1.0868625E-01    3.1555253E+00   -3.1555253E+00
 1.5300    1.0582525E-01    3.1130210E+00   -3.1130210E+00
 1.5400    1.0303487E-01    3.0706869E+00   -3.0706869E+00
 1.5500    1.0031344E-01    3.0285334E+00   -3.0285334E+00
 1.5600    9.7659317E-02    2.9865703E+00   -2.9865703E+00
 1.5700    9.5070897E-02    2.9448065E+00   -2.9448065E+00
 1.5800    9.2546579E-02    2.9032498E+00   -2.9032498E+00
 1.5900    9.0084790E-02    2.8619074E+00   -2.8619074E+00
 1.6000    8.7683993E-02    2.8207861E+00   -2.8207861E+00
 1.6100    8.5342703E-02    2.7798926E+00   -2.7798926E+00
 1.6200    8.3059500E-02    2.7392344E+00   -2.7392344E+00
 1.6300    8.0833024E-02    2.6988199E+00   -2.6988199E+00
 1.6400    7.8661969E-02    2.6586574E+00   -2.6586574E+00
 1.6500    7.6545068E-02    2.6187556E+00   -2.6187556E+00
 1.6600    7.4481094E-02    2.5791232E+00   -2.5791232E+00
 1.6700    7.2468851E-02    2.5397688E+00   -2.5397688E+00
 1.6800    7.0507184E-02    2.5007012E+00   -2.5007012E+00
 1.6900    6.8594967E-02    2.4619290E+00   -2.4619290E+00
 1.7000    6.6731105E-02    2.4234609E+00   -2.4234609E+00
 1.7100    6.4914530E-02    2.3853055E+00   -2.3853055E+00
 1.7200    6.3144194E-02    2.3474707E+00   -2.3474707E+00
 1.7300    6.1419067E-02    2.3099644E+00   -2.3099644E+00
 1.7400    5.9738138E-02    2.2727938E+00   -2.2727938E+00
 1.7500    5.8100418E-02    2.2359661E+00   -2.2359661E+00
 1.7600    5.6504951E-02    2.1994885E+00   -2.1994885E+00
 1.7700    5.4950815E-02    2.1633686E+00   -2.1633686E+00
 1.7800    5.3437110E-02    2.1276139E+00   -2.1276139E+00
 1.7900    5.1962956E-02    2.0922317E+00   -2.0922317E+00
 1.8000    5.0527484E-02    2.0572286E+00   -2.0572286E+00
 1.8100    4.9129828E-02    2.0226105E+00   -2.0226105E+00
 1.8200    4.7769126E-02    1.9883825E+00   -1.9883825E+00
 1.8300    4.6444530E-02    1.9545492E+00   -1.9545492E+00
 1.8400    4.5155206E-02    1.9211149E+00   -1.9211149E+00
 1.8500    4.3900348E-02    1.8880839E+00   -1.8880839E+00
 1.8600    4.2679165E-02    1.8554603E+00   -1.8554603E+00
 1.8700    4.1490876E-02    1.8232477E+00   -1.8232477E+00
 1.8800    4.0334701E-02    1.7914488E+00   -1.7914488E+00
 1.8900    3.9209865E-02    1.7600654E+00   -1.7600654E+00
 1.9000    3.8115596E-02    1.7290987E+00   -1.7290987E+00
 1.9100    3.7051143E-02    1.6985495E+00   -1.6985495E+00
 1.9200    3.6015764E-02    1.6684183E+00   -1.6684183E+00
 1.9300    3.5008732E-02    1.6387053E+00   -1.6387053E+00
 1.9400    3.4029326E-02    1.6094099E+00   -1.6094099E+00
 1.9500    3.3076835E-02    1.5805311E+00   -1.5805311E+00
 1.9600    3.2150560E-02    1.5520673E+00   -1.5520673E+00
 1.9700    3.1249818E-02    1.5240170E+00   -1.5240170E+00
 1.9800    3.0373945E-02    1.4963785E+00   -1.4963785E+00
 1.9900    2.9522293E-02    1.4691499E+00   -1.4691499E+00
 2.0000    2.8694229E-02    1.4423293E+00   -1.4423293E+00
 2.0100    2.7889136E-02    1.4159145E+00   -1.4159145E+00
 2.0200    2.7106402E-02    1.3899030E+00   -1.3899030E+00
 2.0300    2.6345427E-02    1.3642915E+00   -1.3642915E+00
 2.0400    2.5605618E-02    1.3390767E+00   -1.3390767E+00
 2.0500    2.4886399E-02    1.3142550E+00   -1.3142550E+00
 2.0600    2.4187211E-02    1.2898229E+00   -1.2898229E+00
 2.0700    2.3507511E-02    1.2657770E+00   -1.2657770E+00
 2.0800    2.2846775E-02    1.2421139E+00   -1.2421139E+00
 2.0900    2.2204486E-02    1.2188301E+00   -1.2188301E+00
 2.1000    2.1580140E-02    1.1959216E+00   -1.1959216E+00
 2.1100    2.0973240E-02    1.1733844E+00   -1.1733844E+00
 2.1200    2.0383302E-02    1.1512142E+00   -1.1512142E+00
 2.1300    1.9809858E-02    1.1294069E+00   -1.1294069E+00
 2.1400    1.9252454E-02    1.1079585E+00   -1.1079585E+00
 2.1500    1.8710657E-02    1.0868655E+00   -1.0868655E+00
 2.1600    1.8184049E-02    1.0661246E+00   -1.0661246E+00
 2.1700    1.7672230E-02    1.0457327E+00   -1.0457327E+00
 2.1800    1.7174813E-02    1.0256870E+00   -1.0256870E+00
 2.1900    1.6691420E-02    1.0059847E+00   -1.0059847E+00
 2.2000    1.6221674E-02    9.8662226E-01   -9.8662226E-01
 2.2100    1.5765201E-02    9.6759571E-01   -9.6759571E-01
 2.2200    1.5321627E-02    9.4890054E-01   -9.4890054E-01
 2.2300    1.4890585E-02    9.3053205E-01   -9.3053205E-01
 2.2400    1.4471721E-02    9.1248572E-01   -9.1248572E-01
 2.2500    1.4064697E-02    8.9475734E-01   -8.9475734E-01
 2.2600    1.3669188E-02    8.7734307E-01   -8.7734307E-01
 2.2700    1.3284882E-02    8.6023929E-01   -8.6023929E-01
 2.2800    1.2911476E-02    8.4344245E-01   -8.4344245E-01
 2.2900    1.2548676E-02    8.2694899E-01   -8.2694899E-01
 2.3000    1.2196191E-02    8.1075523E-01   -8.1075523E-01
 2.3100    1.1853739E-02    7.9485732E-01   -7.9485732E-01
 2.3200    1.1521040E-02    7.7925128E-01   -7.7925128E-01
 2.3300    1.1197823E-02    7.6393306E-01   -7.6393306E-01
 2.3400    1.0883823E-02    7.4889864E-01   -7.4889864E-01
 2.3500    1.0578782E-02    7.3414398E-01   -7.3414398E-01
 2.3600    1.0282445E-02    7.1966481E-01   -7.1966481E-01
 2.3700    9.9945600E-03    7.0545649E-01   -7.0545649E-01
 2.3800    9.7148761E-03    6.9151411E-01   -6.9151411E-01
 2.3900    9.4431508E-03    6.7783282E-01   -6.7783282E-01
 2.4000    9.1791537E-03    6.6440821E-01   -6.6440821E-01
 2.4100    8.9226670E-03    6.5123635E-01   -6.5123635E-01
 2.4200    8.6734819E-03    6.3831356E-01   -6.3831356E-01
 2.4300    8.4313932E-03    6.2563603E-01   -6.2563603E-01
 2.4400    8.1961969E-03    6.1319965E-01   -6.1319965E-01
 2.4500    7.9676907E-03    6.0100004E-01   -6.0100004E-01
 2.4600    7.7456760E-03    5.8903270E-01   -5.8903270E-01
 2.4700    7.5299595E-03    5.7729316E-01   -5.7729316E-01
 2.4800    7.3203535E-03    5.6577699E-01   -5.6577699E-01
 2.4900    7.1166766E-03    5.5447988E-01   -5.5447988E-01
 2.5000    6.9187554E-03    5.4339778E-01   -5.4339778E-01
 2.5100    6.7264253E-03    5.3252700E-01   -5.3252700E-01
 2.5200    6.5395296E-03    5.2186414E-01   -5.2186414E-01
 2.5300    6.3579159E-03    5.1140584E-01   -5.1140584E-01
 2.5400    6.1814334E-03    5.0114857E-01   -5.0114857E-01
 2.5500    6.0099318E-03    4.9108851E-01   -4.9108851E-01
 2.5600    5.8432628E-03    4.8122171E-01   -4.8122171E-01
 2.5700    5.6812834E-03    4.7154437E-01   -4.7154437E-01
 2.5800    5.5238587E-03    4.6205304E-01   -4.6205304E-01
 2.5900    5.3708617E-03    4.5274469E-01   -4.5274469E-01
 2.6000    5.2221711E-03    4.4361647E-01   -4.4361647E-01
 2.6100    5.0776676E-03    4.3466547E-01   -4.3466547E-01
 2.6200    4.9372326E-03    4.2588862E-01   -4.2588862E-01
 2.6300    4.8007499E-03    4.1728276E-01   -4.1728276E-01
 2.6400    4.6681087E-03    4.0884498E-01   -4.0884498E-01
 2.6500    4.5392040E-03    4.0057267E-01   -4.0057267E-01
 2.6600    4.4139347E-03    3.9246329E-01   -3.9246329E-01
 2.6700    4.2921987E-03    3.8451404E-01   -3.8451404E-01
 2.6800    4.1738909E-03    3.7672162E-01   -3.7672162E-01
 2.6900    4.0589059E-03    3.6908246E-01   -3.6908246E-01
 2.7000    3.9471424E-03    3.6159314E-01   -3.6159314E-01
 2.7100    3.8385073E-03    3.5425078E-01   -3.5425078E-01
 2.7200    3.7329156E-03    3.4705303E-01   -3.4705303E-01
 2.7300    3.6302871E-03    3.3999782E-01   -3.3999782E-01
 2.7400    3.5305424E-03    3.3308296E-01   -3.3308296E-01
 2.7500    3.4336013E-03    3.2630604E-01   -3.2630604E-01
 2.7600    3.3393838E-03    3.1966446E-01   -3.1966446E-01
 2.7700    3.2478125E-03    3.1315572E-01   -3.1315572E-01
 2.7800    3.1588137E-03    3.0677747E-01   -3.0677747E-01
 2.7900    3.0723158E-03    3.0052743E-01   -3.0052743E-01
 2.8000    2.9882477E-03    2.9440320E-01   -2.9440320E-01
 2.8100    2.9065377E-03    2.8840213E-01   -2.8840213E-01
 2.8200    2.8271138E-03    2.8252142E-01   -2.8252142E-01
 2.8300    2.7499056E-03    2.7675821E-01   -2.7675821E-01
 2.8400    2.6748457E-03    2.7110984E-01   -2.7110984E-01
 2.8500    2.6018723E-03    2.6557400E-01   -2.6557400E-01
 2.8600    2.5309288E-03    2.6014882E-01   -2.6014882E-01
 2.8700    2.4619640E-03    2.5483282E-01   -2.5483282E-01
 2.8800    2.3949289E-03    2.4962465E-01   -2.4962465E-01
 2.8900    2.3297726E-03    2.4452264E-01   -2.4452264E-01
 2.9000    2.2664392E-03    2.3952450E-01   -2.3952450E-01
 2.9100    2.2048681E-03    2.3462725E-01   -2.3462725E-01
 2.9200    2.1449983E-03    2.2982778E-01   -2.2982778E-01
 2.9300    2.0867751E-03    2.2512346E-01   -2.2512346E-01
 2.9400    2.0301535E-03    2.2051259E-01   -2.2051259E-01
 2.9500    1.9750958E-03    2.1599419E-01   -2.1599419E-01
 2.9600    1.9215652E-03    2.1156724E-01   -2.1156724E-01
 2.9700    1.8695197E-03    2.0723009E-01   -2.0723009E-01
 2.9800    1.8189109E-03    2.0298027E-01   -2.0298027E-01
 2.9900    1.7696887E-03    1.9881498E-01   -1.9881498E-01
 3.0000    1.7218074E-03    1.9473183E-01   -1.9473183E-01
 3.0100    1.6752288E-03    1.9072911E-01   -1.9072911E-01
 3.0200    1.6299197E-03    1.8680563E-01   -1.8680563E-01
 3.0300    1.5858480E-03    1.8296022E-01   -1.8296022E-01
 3.0400    1.5429797E-03    1.7919144E-01   -1.7919144E-01
 3.0500    1.5012799E-03    1.7549761E-01   -1.7549761E-01
 3.0600    1.4607151E-03    1.7187719E-01   -1.7187719E-01
 3.0700    1.4212549E-03    1.6832887E-01   -1.6832887E-01
 3.0800    1.3828714E-03    1.6485157E-01   -1.6485157E-01
 3.0900    1.3455364E-03    1.6144413E-01   -1.6144413E-01
 3.1000    1.3092203E-03    1.5810513E-01   -1.5810513E-01
 3.1100    1.2738924E-03    1.5483295E-01   -1.5483295E-01
 3.1200    1.2395234E-03    1.5162604E-01   -1.5162604E-01
 3.1300    1.2060876E-03    1.4848323E-01   -1.4848323E-01
 3.1400    1.1735627E-03    1.4540370E-01   -1.4540370E-01
 3.1500    1.1419283E-03    1.4238683E-01   -1.4238683E-01
 3.1600    1.1111637E-03    1.3943187E-01   -1.3943187E-01
 3.1700    1.0812456E-03    1.3653775E-01   -1.3653775E-01
 3.1800    1.0521485E-03    1.3370300E-01   -1.3370300E-01
 3.1900    1.0238459E-03    1.3092597E-01   -1.3092597E-01
 3.2000    9.9631164E-04    1.2820502E-01   -1.2820502E-01
 3.2100    9.6952265E-04    1.2553877E-01   -1.2553877E-01
 3.2200    9.4345908E-04    1.2292626E-01   -1.2292626E-01
 3.2300    9.1810393E-04    1.2036681E-01   -1.2036681E-01
 3.2400    8.9344114E-04    1.1785984E-01   -1.1785984E-01
 3.2500    8.6945364E-04    1.1540457E-01   -1.1540457E-01
 3.2600    8.4612228E-04    1.1299993E-01   -1.1299993E-01
 3.2700    8.2342630E-04    1.1064457E-01   -1.1064457E-01
 3.2800    8.0134554E-04    1.0833714E-01   -1.0833714E-01
 3.2900    7.7986309E-04    1.0607671E-01   -1.0607671E-01
 3.3000    7.5896636E-04    1.0386286E-01   -1.0386286E-01
 3.3100    7.3864506E-04    1.0169548E-01   -1.0169548E-01
 3.3200    7.1888717E-04    9.9574185E-02   -9.9574185E-02
 3.3300    6.9967571E-04    9.7497870E-02   -9.7497870E-02
 3.3400    6.8098921E-04    9.5464748E-02   -9.5464748E-02
 3.3500    6.6280543E-04    9.3472861E-02   -9.3472861E-02
 3.3600    6.4510550E-04    9.1520665E-02   -9.1520665E-02
 3.3700    6.2787555E-04    8.9607268E-02   -8.9607268E-02
 3.3800    6.1110479E-04    8.7732186E-02   -8.7732186E-02
 3.3900    5.9478246E-04    8.5894907E-02   -8.5894907E-02
 3.4000    5.7889639E-04    8.4094684E-02   -8.4094684E-02
 3.4100    5.6343399E-04    8.2330673E-02   -8.2330673E-02
 3.4200    5.4838421E-04    8.0602223E-02   -8.0602223E-02
 3.4300    5.3373821E-04    7.8908975E-02   -7.8908975E-02
 3.4400    5.1948786E-04    7.7250652E-02   -7.7250652E-02
 3.4500    5.0562364E-04    7.5626747E-02   -7.5626747E-02
 3.4600    4.9213381E-04    7.4036395E-02   -7.4036395E-02
 3.4700    4.7900560E-04    7.2478535E-02   -7.2478535E-02
 3.4800    4.6622711E-04    7.0952201E-02   -7.0952201E-02
 3.4900    4.5378821E-04    6.9456665E-02   -6.9456665E-02
 3.5000    4.4168016E-04    6.7991378E-02   -6.7991378E-02
 3.5100    4.2989435E-04    6.6555788E-02   -6.6555788E-02
 3.5200    4.1842128E-04    6.5149180E-02   -6.5149180E-02
 3.5300    4.0725041E-04    6.3770645E-02   -6.3770645E-02
 3.5400    3.9637105E-04    6.2419216E-02   -6.2419216E-02
 3.5500    3.8577402E-04    6.1094139E-02   -6.1094139E-02
 3.5600    3.7545329E-04    5.9795125E-02   -5.9795125E-02
 3.5700    3.6540618E-04    5.8522407E-02   -5.8522407E-02
 3.5800    3.5563158E-04    5.7276468E-02   -5.7276468E-02
 3.5900    3.4612715E-04    5.6057590E-02   -5.6057590E-02
 3.6000    3.3688721E-04    5.4865506E-02   -5.4865506E-02
 3.6100    3.2790271E-04    5.3699381E-02   -5.3699381E-02
 3.6200    3.1916292E-04    5.2558073E-02   -5.2558073E-02
 3.6300    3.1065736E-04    5.1440449E-02   -5.1440449E-02
 3.6400    3.0237682E-04    5.0345554E-02   -5.0345554E-02
 3.6500    2.9431319E-04    4.9272581E-02   -4.9272581E-02
 3.6600    2.8645890E-04    4.8220793E-02   -4.8220793E-02
 3.6700    2.7880685E-04    4.7189506E-02   -4.7189506E-02
 3.6800    2.7135140E-04    4.6178261E-02   -4.6178261E-02
 3.6900    2.6408986E-04    4.5187084E-02   -4.5187084E-02
 3.7000    2.5702314E-04    4.4216619E-02   -4.4216619E-02
 3.7100    2.5015421E-04    4.3267868E-02   -4.3267868E-02
 3.7200    2.4348433E-04    4.2341550E-02   -4.2341550E-02
 3.7300    2.3700929E-04    4.1437438E-02   -4.1437438E-02
 3.7400    2.3071851E-04    4.0554169E-02   -4.0554169E-02
 3.7500    2.2459807E-04    3.9689755E-02   -3.9689755E-02
 3.7600    2.1863565E-04    3.8842443E-02   -3.8842443E-02
 3.7700    2.1282392E-04    3.8011324E-02   -3.8011324E-02
 3.7800    2.0716055E-04    3.7196367E-02   -3.7196367E-02
 3.7900    2.0164561E-04    3.6397962E-02   -3.6397962E-02
 3.8000    1.9627872E-04    3.5616421E-02   -3.5616421E-02
 3.8100    1.9105771E-04    3.4851733E-02   -3.4851733E-02
 3.8200    1.8597888E-04    3.4103599E-02   -3.4103599E-02
 3.8300    1.8103776E-04    3.3371565E-02   -3.3371565E-02
 3.8400    1.7622939E-04    3.2655073E-02   -3.2655073E-02
 3.8500    1.7154836E-04    3.1953461E-02   -3.1953461E-02
 3.8600    1.6698909E-04    3.1266017E-02   -3.1266017E-02
 3.8700    1.6254676E-04    3.0592157E-02   -3.0592157E-02
 3.8800    1.5821838E-04    2.9931621E-02   -2.9931621E-02
 3.8900    1.5400293E-04    2.9284517E-02   -2.9284517E-02
 3.9000    1.4990034E-04    2.8651127E-02   -2.8651127E-02
 3.9100    1.4590979E-04    2.8031595E-02   -2.8031595E-02
 3.9200    1.4202869E-04    2.7425723E-02   -2.7425723E-02
 3.9300    1.3825295E-04    2.6833010E-02   -2.6833010E-02
 3.9400    1.3457793E-04    2.6252831E-02   -2.6252831E-02
 3.9500    1.3099913E-04    2.5684580E-02   -2.5684580E-02
 3.9600    1.2751230E-04    2.5127675E-02   -2.5127675E-02
 3.9700    1.2411323E-04    2.4581533E-02   -2.4581533E-02
 3.9800    1.2079810E-04    2.4045628E-02   -2.4045628E-02
 3.9900    1.1756412E-04    2.3519628E-02   -2.3519628E-02
 4.0000    1.1441005E-04    2.3003505E-02   -2.3003505E-02
 4.0100    1.1133605E-04    2.2497508E-02   -2.2497508E-02
 4.0200    1.0834302E-04    2.2002037E-02   -2.2002037E-02
 4.0300    1.0543192E-04    2.1517512E-02   -2.1517512E-02
 4.0400    1.0260333E-04    2.1044279E-02   -2.1044279E-02
 4.0500    9.9856926E-05    2.0582499E-02   -2.0582499E-02
 4.0600    9.7190859E-05    2.0132020E-02   -2.0132020E-02
 4.0700    9.4601746E-05    1.9692363E-02   -1.9692363E-02
 4.0800    9.2085490E-05    1.9262888E-02   -1.9262888E-02
 4.0900    8.9638481E-05    1.8843040E-02   -1.8843040E-02
 4.1000    8.7258096E-05    1.8432460E-02   -1.8432460E-02
 4.1100    8.4942177E-05    1.8030879E-02   -1.8030879E-02
 4.1200    8.2688197E-05    1.7637938E-02   -1.7637938E-02
 4.1300    8.0493046E-05    1.7253147E-02   -1.7253147E-02
 4.1400    7.8353632E-05    1.6876006E-02   -1.6876006E-02
 4.1500    7.6267656E-05    1.6506176E-02   -1.6506176E-02
 4.1600    7.4233854E-05    1.6143531E-02   -1.6143531E-02
 4.1700    7.2251549E-05    1.5788073E-02   -1.5788073E-02
 4.1800    7.0320033E-05    1.5439794E-02   -1.5439794E-02
 4.1900    6.8438460E-05    1.5098651E-02   -1.5098651E-02
 4.2000    6.6606343E-05    1.4764680E-02   -1.4764680E-02
 4.2100    6.4823918E-05    1.4438076E-02   -1.4438076E-02
 4.2200    6.3091628E-05    1.4119083E-02   -1.4119083E-02
 4.2300    6.1409004E-05    1.3807742E-02   -1.3807742E-02
 4.2400    5.9774102E-05    1.3503758E-02   -1.3503758E-02
 4.2500    5.8184131E-05    1.3206638E-02   -1.3206638E-02
 4.2600    5.6636652E-05    1.2915958E-02   -1.2915958E-02
 4.2700    5.5130280E-05    1.2631526E-02   -1.2631526E-02
 4.2800    5.3664506E-05    1.2353344E-02   -1.2353344E-02
 4.2900    5.2239104E-05    1.2081481E-02   -1.2081481E-02
 4.3000    5.0853537E-05    1.1815931E-02   -1.1815931E-02
 4.3100    4.9506451E-05    1.1556497E-02   -1.1556497E-02
 4.3200    4.8195287E-05    1.1302693E-02   -1.1302693E-02
 4.3300    4.6916333E-05    1.1053752E-02   -1.1053752E-02
 4.3400    4.5665624E-05    1.0808831E-02   -1.0808831E-02
 4.3500    4.4440663E-05    1.0567418E-02   -1.0567418E-02
 4.3600    4.3241994E-05    1.0329720E-02   -1.0329720E-02
 4.3700    4.2073197E-05    1.0096672E-02   -1.0096672E-02
 4.3800    4.0938748E-05    9.8694429E-03   -9.8694429E-03
 4.3900    3.9841120E-05    9.6487364E-03   -9.6487364E-03
 4.4000    3.8779401E-05    9.4344441E-03   -9.4344441E-03
 4.4100    3.7750376E-05    9.2258912E-03   -9.2258912E-03
 4.4200    3.6750733E-05    9.0223652E-03   -9.0223652E-03
 4.4300    3.5778346E-05    8.8234328E-03   -8.8234328E-03
 4.4400    3.4832023E-05    8.6288815E-03   -8.6288815E-03
 4.4500    3.3910713E-05    8.4385302E-03   -8.4385302E-03
 4.4600    3.3013325E-05    8.2521829E-03   -8.2521829E-03
 4.4700    3.2139097E-05    8.0697222E-03   -8.0697222E-03
 4.4800    3.1287749E-05    7.8911484E-03   -7.8911484E-03
 4.4900    3.0459024E-05    7.7164675E-03   -7.7164675E-03
 4.5000    2.9652139E-05    7.5455502E-03   -7.5455502E-03
 4.5100    2.8865765E-05    7.3781253E-03   -7.3781253E-03
 4.5200    2.8098565E-05    7.2139125E-03   -7.2139125E-03
 4.5300    2.7349689E-05    7.0527528E-03   -7.0527528E-03
 4.5400    2.6618836E-05    6.8946248E-03   -6.8946248E-03
 4.5500    2.5905974E-05    6.7395761E-03   -6.7395761E-03
 4.5600    2.5211126E-05    6.5876695E-03   -6.5876695E-03
 4.5700    2.4534357E-05    6.4389782E-03   -6.4389782E-03
 4.5800    2.3875768E-05    6.2935860E-03   -6.2935860E-03
 4.5900    2.3235318E-05    6.1515402E-03   -6.1515402E-03
 4.6000    2.2612583E-05    6.0127854E-03   -6.0127854E-03
 4.6100    2.2006728E-05    5.8771556E-03   -5.8771556E-03
 4.6200    2.1416853E-05    5.7444633E-03   -5.7444633E-03
 4.6300    2.0842468E-05    5.6146281E-03   -5.6146281E-03
 4.6400    2.0283719E-05    5.4877384E-03   -5.4877384E-03
 4.6500    1.9741142E-05    5.3639910E-03   -5.3639910E-03
 4.6600    1.9215154E-05    5.2435518E-03   -5.2435518E-03
 4.6700    1.8705617E-05    5.1264374E-03   -5.1264374E-03
 4.6800    1.8211740E-05    5.0124841E-03   -5.0124841E-03
 4.6900    1.7732313E-05    4.9014090E-03   -4.9014090E-03
 4.7000    1.7266069E-05    4.7929076E-03   -4.7929076E-03
 4.7100    1.6811931E-05    4.6867228E-03   -4.6867228E-03
 4.7200    1.6369023E-05    4.5826493E-03   -4.5826493E-03
 4.7300    1.5936559E-05    4.4805022E-03   -4.4805022E-03
 4.7400    1.5513769E-05    4.3800983E-03   -4.3800983E-03
 4.7500    1.5099990E-05    4.2812810E-03   -4.2812810E-03
 4.7600    1.4694869E-05    4.1839790E-03   -4.1839790E-03
 4.7700    1.4298616E-05    4.0882799E-03   -4.0882799E-03
 4.7800    1.3912118E-05    3.9944676E-03   -3.9944676E-03
 4.7900    1.3536669E-05    3.9029474E-03   -3.9029474E-03
 4.8000    1.3173214E-05    3.8140297E-03   -3.8140297E-03
 4.8100    1.2821493E-05    3.7276800E-03   -3.7276800E-03
 4.8200    1.2479774E-05    3.6434321E-03   -3.6434321E-03
 4.8300    1.2145462E-05    3.5605589E-03   -3.5605589E-03
 4.8400    1.1816178E-05    3.4783846E-03   -3.4783846E-03
 4.8500    1.1490611E-05    3.3965380E-03   -3.3965380E-03
 4.8600    1.1168933E-05    3.3150806E-03   -3.3150806E-03
 4.8700    1.0852990E-05    3.2345748E-03   -3.2345748E-03
 4.8800    1.0546297E-05    3.1560909E-03   -3.1560909E-03
 4.8900    1.0253247E-05    3.0809809E-03   -3.0809809E-03
 4.9000    9.9772308E-06    3.0103157E-03   -3.0103157E-03
 4.9100    9.7185759E-06    2.9442554E-03   -2.9442554E-03
 4.9200    9.4740146E-06    2.8818682E-03   -2.8818682E-03
 4.9300    9.2383369E-06    2.8216133E-03   -2.8216133E-03
 4.9400    9.0068902E-06    2.7620951E-03   -2.7620951E-03
 4.9500    8.7769021E-06    2.7024740E-03   -2.7024740E-03
 4.9600    8.5470659E-06    2.6423496E-03   -2.6423496E-03
 4.9700    8.3167321E-06    2.5815192E-03   -2.5815192E-03
 4.9800    8.0862045E-06    2.5200738E-03   -2.5200738E-03
 4.9900    7.8579272E-06    2.4587759E-03   -2.4587759E-03
 5.0000    7.6367709E-06    2.3991623E-03   -2.3991623E-03
 5.0100    7.4281339E-06    2.3429609E-03   -2.3429609E-03
 5.0200    7.2348141E-06    2.2911033E-03   -2.2911033E-03
 5.0300    7.0551484E-06    2.2431173E-03   -2.2431173E-03
 5.0400    6.8839745E-06    2.1974054E-03   -2.1974054E-03
 5.0500    6.7155650E-06    2.1521631E-03   -2.1521631E-03
 5.0600    6.5463385E-06    2.1062473E-03   -2.1062473E-03
 5.0700    6.3758742E-06    2.0595177E-03   -2.0595177E-03
 5.0800    6.2062651E-06    2.0126470E-03   -2.0126470E-03
 5.0900    6.0406345E-06    1.9666541E-03   -1.9666541E-03
 5.1000    5.8815578E-06    1.9223948E-03   -1.9223948E-03
 5.1100    5.7298904E-06    1.8801737E-03   -1.8801737E-03
 5.1200    5.5844176E-06    1.8396181E-03   -1.8396181E-03
 5.1300    5.4425416E-06    1.7998916E-03   -1.7998916E-03
 5.1400    5.3016954E-06    1.7601548E-03   -1.7601548E-03
 5.1500    5.1606615E-06    1.7200049E-03   -1.7200049E-03
 5.1600    5.0200182E-06    1.6796336E-03   -1.6796336E-03
 5.1700    4.8815931E-06    1.6396552E-03   -1.6396552E-03
 5.1800    4.7474724E-06    1.6007807E-03   -1.6007807E-03
 5.1900    4.6192205E-06    1.5635554E-03   -1.5635554E-03
 5.2000    4.4975520E-06    1.5282441E-03   -1.5282441E-03
 5.2100    4.3823160E-06    1.4948204E-03   -1.4948204E-03
 5.2200    4.2726142E-06    1.4630007E-03   -1.4630007E-03
 5.2300    4.1670393E-06    1.4323226E-03   -1.4323226E-03
 5.2400    4.0640557E-06    1.4022714E-03   -1.4022714E-03
 5.2500    3.9624131E-06    1.3724238E-03   -1.3724238E-03
 5.2600    3.8614199E-06    1.3425435E-03   -1.3425435E-03
 5.2700    3.7610150E-06    1.3126113E-03   -1.3126113E-03
 5.2800    3.6617157E-06    1.2828100E-03   -1.2828100E-03
 5.2900    3.5644894E-06    1.2534832E-03   -1.2534832E-03
 5.3000    3.4704785E-06    1.2250419E-03   -1.2250419E-03
 5.3100    3.3805397E-06    1.1978017E-03   -1.1978017E-03
 5.3200    3.2947880E-06    1.1718192E-03   -1.1718192E-03
 5.3300    3.2124914E-06    1.1468490E-03   -1.1468490E-03
 5.3400    3.1324682E-06    1.1224811E-03   -1.1224811E-03
 5.3500    3.0537323E-06    1.0983693E-03   -1.0983693E-03
 5.3600    2.9759251E-06    1.0743887E-03   -1.0743887E-03
 5.3700    2.8992948E-06    1.0506325E-03   -1.0506325E-03
 5.3800    2.8243669E-06    1.0272958E-03   -1.0272958E-03
 5.3900    2.7515945E-06    1.0045506E-03   -1.0045506E-03
 5.4000    2.6811504E-06    9.8246833E-04   -9.8246833E-04
 5.4100    2.6128677E-06    9.6099653E-04   -9.6099653E-04
 5.4200    2.5463340E-06    9.3999125E-04   -9.3999125E-04
 5.4300    2.4811344E-06    9.1930540E-04   -9.1930540E-04
 5.4400    2.4171223E-06    8.9888947E-04   -8.9888947E-04
 5.4500    2.3545006E-06    8.7882351E-04   -8.7882351E-04
 5.4600    2.2936248E-06    8.5924602E-04   -8.5924602E-04
 5.4700    2.2346976E-06    8.4023985E-04   -8.4023985E-04
 5.4800    2.1776093E-06    8.2177127E-04   -8.2177127E-04
 5.4900    2.1220208E-06    8.0371891E-04   -8.0371891E-04
 5.5000    2.0675640E-06    7.8594872E-04   -7.8594872E-04
 5.5100    2.0139851E-06    7.6836807E-04   -7.6836807E-04
 5.5200    1.9611552E-06    7.5093090E-04   -7.5093090E-04
 5.5300    1.9090107E-06    7.3361547E-04   -7.3361547E-04
 5.5400    1.8575244E-06    7.1641378E-04   -7.1641378E-04
 5.5500    1.8067561E-06    6.9935127E-04   -6.9935127E-04
 5.5600    1.7569339E-06    6.8251921E-04   -6.8251921E-04
 5.5700    1.7084721E-06    6.6608267E-04   -6.6608267E-04
 5.5800    1.6618612E-06    6.5023900E-04   -6.5023900E-04
 5.5900    1.6174632E-06    6.3513770E-04   -6.3513770E-04
 5.6000    1.5753375E-06    6.2081119E-04   -6.2081119E-04
 5.6100    1.5352502E-06    6.0717621E-04   -6.0717621E-04
 5.6200    1.4969031E-06    5.9412276E-04   -5.9412276E-04
 5.6300    1.4602243E-06    5.8162924E-04   -5.8162924E-04
 5.6400    1.4254538E-06    5.6979838E-04   -5.6979838E-04
 5.6500    1.3929015E-06    5.5876238E-04   -5.5876238E-04
 5.6600    1.3625478E-06    5.4852252E-04   -5.4852252E-04
 5.6700    1.3338137E-06    5.3885407E-04   -5.3885407E-04
 5.6800    1.3056921E-06    5.2935535E-04   -5.2935535E-04
 5.6900    1.2771402E-06    5.1960460E-04   -5.1960460E-04
 5.7000    1.2474572E-06    5.0931353E-04   -5.0931353E-04
 5.7100    1.2164080E-06    4.9838087E-04   -4.9838087E-04
 5.7200    1.1840670E-06    4.8683097E-04   -4.8683097E-04
 5.7300    1.1505722E-06    4.7471504E-04   -4.7471504E-04
 5.7400    1.1160769E-06    4.6209129E-04   -4.6209129E-04
 5.7500    1.0810293E-06    4.4914133E-04   -4.4914133E-04
 5.7600    1.0465701E-06    4.3633811E-04   -4.3633811E-04
 5.7700    1.0145714E-06    4.2446718E-04   -4.2446718E-04
 5.7800    9.8699759E-07    4.1436363E-04   -4.1436363E-04
 5.7900    9.6486007E-07    4.0647265E-04   -4.0647265E-04
 5.8000    9.4752664E-07    4.0055050E-04   -4.0055050E-04
 5.8100    9.3294427E-07    3.9574718E-04   -3.9574718E-04
 5.8200    9.1860194E-07    3.9100579E-04   -3.9100579E-04
 5.8300    9.0255902E-07    3.8549840E-04   -3.8549840E-04
 5.8400    8.8402536E-07    3.7887878E-04   -3.7887878E-04
 5.8500    8.6342655E-07    3.7131885E-04   -3.7131885E-04
 5.8600    8.4209961E-07    3.6338631E-04   -3.6338631E-04
 5.8700    8.2174732E-07    3.5581509E-04   -3.5581509E-04
 5.8800    8.0382595E-07    3.4924206E-04   -3.4924206E-04
 5.8900    7.8913481E-07    3.4402631E-04   -3.4402631E-04
 5.9000    7.7777203E-07    3.4022499E-04   -3.4022499E-04
 5.9100    7.6936333E-07    3.3768853E-04   -3.3768853E-04
