# total charge: 6.000000 
# r(A)     rho (e/A^3)     4*pi*r^2*rho(e/A)  dip  
 0.0000   -3.6340777E-01   -0.0000000E+00    4.7873074E+01
 0.0100   -3.6231005E-01   -4.5529223E-04    4.7634761E+01
 0.0200   -3.6092331E-01   -1.8141984E-03    4.6926937E+01
 0.0300   -3.5918947E-01   -4.0623371E-03    4.5770600E+01
 0.0400   -3.5704677E-01   -7.1788512E-03    4.4199596E+01
 0.0500   -3.5442748E-01   -1.1134668E-02    4.2258974E+01
 0.0600   -3.5125653E-01   -1.5890471E-02    4.0002843E+01
 0.0700   -3.4745781E-01   -2.1394790E-02    3.7491867E+01
 0.0800   -3.4296921E-01   -2.7583220E-02    3.4790570E+01
 0.0900   -3.3775793E-01   -3.4379569E-02    3.1964610E+01
 0.1000   -3.3182499E-01   -4.1698357E-02    2.9078185E+01
 0.1100   -3.2519677E-01   -4.9447171E-02    2.6191708E+01
 0.1200   -3.1791052E-01   -5.7527733E-02    2.3359854E+01
 0.1300   -3.1000253E-01   -6.5835753E-02    2.0630067E+01
 0.1400   -3.0150286E-01   -7.4260415E-02    1.8041556E+01
 0.1500   -2.9243604E-01   -8.2684341E-02    1.5624796E+01
 0.1600   -2.8282450E-01   -9.0984382E-02    1.3401485E+01
 0.1700   -2.7269175E-01   -9.9032948E-02    1.1384922E+01
 0.1800   -2.6206313E-01   -1.0669911E-01    9.5807181E+00
 0.1900   -2.5096393E-01   -1.1384878E-01    7.9877466E+00
 0.2000   -2.3941684E-01   -1.2034403E-01    6.5992600E+00
 0.2100   -2.2744095E-01   -1.2604253E-01    5.4040741E+00
 0.2200   -2.1505317E-01   -1.3079799E-01    4.3877491E+00
 0.2300   -2.0227090E-01   -1.3446181E-01    3.5337063E+00
 0.2400   -1.8911402E-01   -1.3688507E-01    2.8242287E+00
 0.2500   -1.7560539E-01   -1.3792015E-01    2.2413162E+00
 0.2600   -1.6177012E-01   -1.3742156E-01    1.7673779E+00
 0.2700   -1.4763441E-01   -1.3524618E-01    1.3857584E+00
 0.2800   -1.3322440E-01   -1.3125314E-01    1.0811073E+00
 0.2900   -1.1856536E-01   -1.2530364E-01    8.3960753E-01
 0.3000   -1.0368156E-01   -1.1726109E-01    6.4908290E-01
 0.3100   -8.8596683E-02   -1.0699185E-01    4.9901014E-01
 0.3200   -7.3334483E-02   -9.4366545E-02    3.8045713E-01
 0.3300   -5.7919268E-02   -7.9261230E-02    2.8596950E-01
 0.3400   -4.2375857E-02   -6.1558239E-02    2.0942454E-01
 0.3500   -2.6729236E-02   -4.1146463E-02    1.4586839E-01
 0.3600   -1.1004203E-02   -1.7921463E-02    9.1349694E-02
 0.3700    4.7748153E-03    8.2142873E-03    4.2759345E-02
 0.3800    2.0583765E-02    3.7350969E-02   -2.3173375E-03
 0.3900    3.6398916E-02    6.9570884E-02   -4.5732228E-02
 0.4000    5.2196820E-02    1.0494793E-01   -8.8888307E-02
 0.4100    6.7954300E-02    1.4354713E-01   -1.3283573E-01
 0.4200    8.3648468E-02    1.8542421E-01   -1.7835104E-01
 0.4300    9.9256783E-02    2.3062531E-01   -2.2600109E-01
 0.4400    1.1475714E-01    2.7918683E-01   -2.7619373E-01
 0.4500    1.3012796E-01    3.3113531E-01   -3.2921727E-01
 0.4600    1.4534823E-01    3.8648735E-01   -3.8527045E-01
 0.4700    1.6039754E-01    4.4524933E-01   -4.4448495E-01
 0.4800    1.7525592E-01    5.0741703E-01   -5.0694167E-01
 0.4900    1.8990387E-01    5.7297520E-01   -5.7268253E-01
 0.5000    2.0432224E-01    6.4189726E-01   -6.4171885E-01
 0.5100    2.1849245E-01    7.1414540E-01   -7.1403773E-01
 0.5200    2.3239654E-01    7.8967105E-01   -7.8960672E-01
 0.5300    2.4601740E-01    8.6841523E-01   -8.6837718E-01
 0.5400    2.5933863E-01    9.5030845E-01   -9.5028617E-01
 0.5500    2.7234442E-01    1.0352702E+00   -1.0352573E+00
 0.5600    2.8501951E-01    1.1232088E+00   -1.1232014E+00
 0.5700    2.9734915E-01    1.2140212E+00   -1.2140170E+00
 0.5800    3.0931931E-01    1.3075939E+00   -1.3075915E+00
 0.5900    3.2091676E-01    1.4038034E+00   -1.4038021E+00
 0.6000    3.3212910E-01    1.5025166E+00   -1.5025159E+00
 0.6100    3.4294467E-01    1.6035909E+00   -1.6035905E+00
 0.6200    3.5335254E-01    1.7068740E+00   -1.7068738E+00
 0.6300    3.6334248E-01    1.8122042E+00   -1.8122041E+00
 0.6400    3.7290504E-01    1.9194114E+00   -1.9194113E+00
 0.6500    3.8203159E-01    2.0283171E+00   -2.0283171E+00
 0.6600    3.9071438E-01    2.1387358E+00   -2.1387358E+00
 0.6700    3.9894650E-01    2.2504747E+00   -2.2504747E+00
 0.6800    4.0672190E-01    2.3633348E+00   -2.3633348E+00
 0.6900    4.1403537E-01    2.4771111E+00   -2.4771111E+00
 0.7000    4.2088260E-01    2.5915937E+00   -2.5915937E+00
 0.7100    4.2726016E-01    2.7065681E+00   -2.7065681E+00
 0.7200    4.3316556E-01    2.8218166E+00   -2.8218166E+00
 0.7300    4.3859728E-01    2.9371188E+00   -2.9371188E+00
 0.7400    4.4355469E-01    3.0522526E+00   -3.0522526E+00
 0.7500    4.4803807E-01    3.1669945E+00   -3.1669945E+00
 0.7600    4.5204851E-01    3.2811199E+00   -3.2811199E+00
 0.7700    4.5558795E-01    3.3944041E+00   -3.3944041E+00
 0.7800    4.5865907E-01    3.5066228E+00   -3.5066228E+00
 0.7900    4.6126537E-01    3.6175530E+00   -3.6175530E+00
 0.8000    4.6341115E-01    3.7269736E+00   -3.7269736E+00
 0.8100    4.6510153E-01    3.8346672E+00   -3.8346672E+00
 0.8200    4.6634255E-01    3.9404209E+00   -3.9404209E+00
 0.8300    4.6714102E-01    4.0440271E+00   -4.0440271E+00
 0.8400    4.6750449E-01    4.1452834E+00   -4.1452834E+00
 0.8500    4.6744110E-01    4.2439925E+00   -4.2439925E+00
 0.8600    4.6695958E-01    4.3399633E+00   -4.3399633E+00
 0.8700    4.6606940E-01    4.4330125E+00   -4.4330125E+00
 0.8800    4.6478075E-01    4.5229661E+00   -4.5229661E+00
 0.8900    4.6310451E-01    4.6096599E+00   -4.6096599E+00
 0.9000    4.6105211E-01    4.6929389E+00   -4.6929389E+00
 0.9100    4.5863536E-01    4.7726566E+00   -4.7726566E+00
 0.9200    4.5586641E-01    4.8486754E+00   -4.8486754E+00
 0.9300    4.5275772E-01    4.9208670E+00   -4.9208670E+00
 0.9400    4.4932224E-01    4.9891147E+00   -4.9891147E+00
 0.9500    4.4557336E-01    5.0533140E+00   -5.0533140E+00
 0.9600    4.4152489E-01    5.1133736E+00   -5.1133736E+00
 0.9700    4.3719104E-01    5.1692149E+00   -5.1692149E+00
 0.9800    4.3258621E-01    5.2207715E+00   -5.2207715E+00
 0.9900    4.2772497E-01    5.2679890E+00   -5.2679890E+00
 1.0000    4.2262197E-01    5.3108243E+00   -5.3108243E+00
 1.0100    4.1729192E-01    5.3492463E+00   -5.3492463E+00
 1.0200    4.1174967E-01    5.3832366E+00   -5.3832366E+00
 1.0300    4.0601013E-01    5.4127901E+00   -5.4127901E+00
 1.0400    4.0008835E-01    5.4379155E+00   -5.4379155E+00
 1.0500    3.9399946E-01    5.4586355E+00   -5.4586355E+00
 1.0600    3.8775866E-01    5.4749871E+00   -5.4749871E+00
 1.0700    3.8138119E-01    5.4870218E+00   -5.4870218E+00
 1.0800    3.7488227E-01    5.4948049E+00   -5.4948049E+00
 1.0900    3.6827706E-01    5.4984152E+00   -5.4984152E+00
 1.1000    3.6158059E-01    5.4979444E+00   -5.4979444E+00
 1.1100    3.5480778E-01    5.4934978E+00   -5.4934978E+00
 1.1200    3.4797345E-01    5.4851944E+00   -5.4851944E+00
 1.1300    3.4109237E-01    5.4731677E+00   -5.4731677E+00
 1.1400    3.3417918E-01    5.4575654E+00   -5.4575654E+00
 1.1500    3.2724838E-01    5.4385491E+00   -5.4385491E+00
 1.1600    3.2031431E-01    5.4162934E+00   -5.4162934E+00
 1.1700    3.1339104E-01    5.3909854E+00   -5.3909854E+00
 1.1800    3.0649237E-01    5.3628241E+00   -5.3628241E+00
 1.1900    2.9963180E-01    5.3320189E+00   -5.3320189E+00
 1.2000    2.9282231E-01    5.2987877E+00   -5.2987877E+00
 1.2100    2.8607618E-01    5.2633507E+00   -5.2633507E+00
 1.2200    2.7940459E-01    5.2259237E+00   -5.2259237E+00
 1.2300    2.7281717E-01    5.1867079E+00   -5.1867079E+00
 1.2400    2.6632168E-01    5.1458812E+00   -5.1458812E+00
 1.2500    2.5992382E-01    5.1035922E+00   -5.1035922E+00
 1.2600    2.5362735E-01    5.0599596E+00   -5.0599596E+00
 1.2700    2.4743446E-01    5.0150757E+00   -5.0150757E+00
 1.2800    2.4134616E-01    4.9690137E+00   -4.9690137E+00
 1.2900    2.3536275E-01    4.9218346E+00   -4.9218346E+00
 1.3000    2.2948415E-01    4.8735930E+00   -4.8735930E+00
 1.3100    2.2371006E-01    4.8243407E+00   -4.8243407E+00
 1.3200    2.1804013E-01    4.7741290E+00   -4.7741290E+00
 1.3300    2.1247394E-01    4.7230094E+00   -4.7230094E+00
 1.3400    2.0701112E-01    4.6710352E+00   -4.6710352E+00
 1.3500    2.0165135E-01    4.6182617E+00   -4.6182617E+00
 1.3600    1.9639436E-01    4.5647468E+00   -4.5647468E+00
 1.3700    1.9123996E-01    4.5105513E+00   -4.5105513E+00
 1.3800    1.8618799E-01    4.4557385E+00   -4.4557385E+00
 1.3900    1.8123833E-01    4.4003731E+00   -4.4003731E+00
 1.4000    1.7639081E-01    4.3445208E+00   -4.3445208E+00
 1.4100    1.7164519E-01    4.2882464E+00   -4.2882464E+00
 1.4200    1.6700112E-01    4.2316130E+00   -4.2316130E+00
 1.4300    1.6245816E-01    4.1746828E+00   -4.1746828E+00
 1.4400    1.5801581E-01    4.1175170E+00   -4.1175170E+00
 1.4500    1.5367354E-01    4.0601770E+00   -4.0601770E+00
 1.4600    1.4943080E-01    4.0027245E+00   -4.0027245E+00
 1.4700    1.4528700E-01    3.9452205E+00   -3.9452205E+00
 1.4800    1.4124145E-01    3.8877242E+00   -3.8877242E+00
 1.4900    1.3729335E-01    3.8302922E+00   -3.8302922E+00
 1.5000    1.3344177E-01    3.7729773E+00   -3.7729773E+00
 1.5100    1.2968567E-01    3.7158292E+00   -3.7158292E+00
 1.5200    1.2602391E-01    3.6588954E+00   -3.6588954E+00
 1.5300    1.2245530E-01    3.6022207E+00   -3.6022207E+00
 1.5400    1.1897860E-01    3.5458483E+00   -3.5458483E+00
 1.5500    1.1559248E-01    3.4898185E+00   -3.4898185E+00
 1.5600    1.1229554E-01    3.4341681E+00   -3.4341681E+00
 1.5700    1.0908624E-01    3.3789296E+00   -3.3789296E+00
 1.5800    1.0596298E-01    3.3241314E+00   -3.3241314E+00
 1.5900    1.0292403E-01    3.2697979E+00   -3.2697979E+00
 1.6000    9.9967681E-02    3.2159512E+00   -3.2159512E+00
 1.6100    9.7092158E-02    3.1626110E+00   -3.1626110E+00
 1.6200    9.4295700E-02    3.1097952E+00   -3.1097952E+00
 1.6300    9.1576516E-02    3.0575192E+00   -3.0575192E+00
 1.6400    8.8932779E-02    3.0057955E+00   -3.0057955E+00
 1.6500    8.6362631E-02    2.9546335E+00   -2.9546335E+00
 1.6600    8.3864187E-02    2.9040399E+00   -2.9040399E+00
 1.6700    8.1435553E-02    2.8540190E+00   -2.8540190E+00
 1.6800    7.9074841E-02    2.8045730E+00   -2.8045730E+00
 1.6900    7.6780187E-02    2.7557032E+00   -2.7557032E+00
 1.7000    7.4549761E-02    2.7074096E+00   -2.7074096E+00
 1.7100    7.2381784E-02    2.6596921E+00   -2.6596921E+00
 1.7200    7.0274529E-02    2.6125505E+00   -2.6125505E+00
 1.7300    6.8226315E-02    2.5659842E+00   -2.5659842E+00
 1.7400    6.6235503E-02    2.5199922E+00   -2.5199922E+00
 1.7500    6.4300483E-02    2.4745726E+00   -2.4745726E+00
 1.7600    6.2419674E-02    2.4297226E+00   -2.4297226E+00
 1.7700    6.0591534E-02    2.3854392E+00   -2.3854392E+00
 1.7800    5.8814574E-02    2.3417192E+00   -2.3417192E+00
 1.7900    5.7087369E-02    2.2985606E+00   -2.2985606E+00
 1.8000    5.5408559E-02    2.2559617E+00   -2.2559617E+00
 1.8100    5.3776836E-02    2.2139217E+00   -2.2139217E+00
 1.8200    5.2190940E-02    2.1724398E+00   -2.1724398E+00
 1.8300    5.0649659E-02    2.1315158E+00   -2.1315158E+00
 1.8400    4.9151837E-02    2.0911504E+00   -2.0911504E+00
 1.8500    4.7696380E-02    2.0513452E+00   -2.0513452E+00
 1.8600    4.6282240E-02    2.0121026E+00   -2.0121026E+00
 1.8700    4.4908390E-02    1.9734247E+00   -1.9734247E+00
 1.8800    4.3573804E-02    1.9353122E+00   -1.9353122E+00
 1.8900    4.2277467E-02    1.8977650E+00   -1.8977650E+00
 1.9000    4.1018397E-02    1.8607831E+00   -1.8607831E+00
 1.9100    3.9795665E-02    1.8243676E+00   -1.8243676E+00
 1.9200    3.8608395E-02    1.7885211E+00   -1.7885211E+00
 1.9300    3.7455747E-02    1.7532464E+00   -1.7532464E+00
 1.9400    3.6336890E-02    1.7185457E+00   -1.7185457E+00
 1.9500    3.5250990E-02    1.6844201E+00   -1.6844201E+00
 1.9600    3.4197212E-02    1.6508693E+00   -1.6508693E+00
 1.9700    3.3174723E-02    1.6178924E+00   -1.6178924E+00
 1.9800    3.2182711E-02    1.5854877E+00   -1.5854877E+00
 1.9900    3.1220386E-02    1.5536539E+00   -1.5536539E+00
 2.0000    3.0286977E-02    1.5223895E+00   -1.5223895E+00
 2.0100    2.9381729E-02    1.4916926E+00   -1.4916926E+00
 2.0200    2.8503886E-02    1.4615601E+00   -1.4615601E+00
 2.0300    2.7652692E-02    1.4319879E+00   -1.4319879E+00
 2.0400    2.6827395E-02    1.4029710E+00   -1.4029710E+00
 2.0500    2.6027248E-02    1.3745035E+00   -1.3745035E+00
 2.0600    2.5251519E-02    1.3465789E+00   -1.3465789E+00
 2.0700    2.4499487E-02    1.3191906E+00   -1.3191906E+00
 2.0800    2.3770438E-02    1.2923308E+00   -1.2923308E+00
 2.0900    2.3063660E-02    1.2659911E+00   -1.2659911E+00
 2.1000    2.2378450E-02    1.2401621E+00   -1.2401621E+00
 2.1100    2.1714110E-02    1.2148337E+00   -1.2148337E+00
 2.1200    2.1069967E-02    1.1899958E+00   -1.1899958E+00
 2.1300    2.0445365E-02    1.1656387E+00   -1.1656387E+00
 2.1400    1.9839672E-02    1.1417523E+00   -1.1417523E+00
 2.1500    1.9252275E-02    1.1183271E+00   -1.1183271E+00
 2.1600    1.8682576E-02    1.0953530E+00   -1.0953530E+00
 2.1700    1.8129993E-02    1.0728202E+00   -1.0728202E+00
 2.1800    1.7593961E-02    1.0507187E+00   -1.0507187E+00
 2.1900    1.7073931E-02    1.0290385E+00   -1.0290385E+00
 2.2000    1.6569369E-02    1.0077695E+00   -1.0077695E+00
 2.2100    1.6079760E-02    9.8690186E-01   -9.8690186E-01
 2.2200    1.5604607E-02    9.6642609E-01   -9.6642609E-01
 2.2300    1.5143442E-02    9.4633345E-01   -9.4633345E-01
 2.2400    1.4695823E-02    9.2661603E-01   -9.2661603E-01
 2.2500    1.4261329E-02    9.0726657E-01   -9.0726657E-01
 2.2600    1.3839558E-02    8.8827814E-01   -8.8827814E-01
 2.2700    1.3430120E-02    8.6964396E-01   -8.6964396E-01
 2.2800    1.3032639E-02    8.5135740E-01   -8.5135740E-01
 2.2900    1.2646753E-02    8.3341224E-01   -8.3341224E-01
 2.3000    1.2272123E-02    8.1580286E-01   -8.1580286E-01
 2.3100    1.1908425E-02    7.9852435E-01   -7.9852435E-01
 2.3200    1.1555358E-02    7.8157243E-01   -7.8157243E-01
 2.3300    1.1212632E-02    7.6494333E-01   -7.6494333E-01
 2.3400    1.0879970E-02    7.4863351E-01   -7.4863351E-01
 2.3500    1.0557102E-02    7.3263944E-01   -7.3263944E-01
 2.3600    1.0243762E-02    7.1695737E-01   -7.1695737E-01
 2.3700    9.9396881E-03    7.0158341E-01   -7.0158341E-01
 2.3800    9.6446279E-03    6.8651377E-01   -6.8651377E-01
 2.3900    9.3583403E-03    6.7174509E-01   -6.7174509E-01
 2.4000    9.0805981E-03    6.5727453E-01   -6.5727453E-01
 2.4100    8.8111839E-03    6.4309957E-01   -6.4309957E-01
 2.4200    8.5498844E-03    6.2921757E-01   -6.2921757E-01
 2.4300    8.2964857E-03    6.1562547E-01   -6.1562547E-01
 2.4400    8.0507731E-03    6.0231975E-01   -6.0231975E-01
 2.4500    7.8125325E-03    5.8929651E-01   -5.8929651E-01
 2.4600    7.5815526E-03    5.7655167E-01   -5.7655167E-01
 2.4700    7.3576273E-03    5.6408111E-01   -5.6408111E-01
 2.4800    7.1405555E-03    5.5188073E-01   -5.5188073E-01
 2.4900    6.9301409E-03    5.3994637E-01   -5.3994637E-01
 2.5000    6.7261902E-03    5.2827374E-01   -5.2827374E-01
 2.5100    6.5285114E-03    5.1685828E-01   -5.1685828E-01
 2.5200    6.3369133E-03    5.0569506E-01   -5.0569506E-01
 2.5300    6.1512051E-03    4.9477884E-01   -4.9477884E-01
 2.5400    5.9711971E-03    4.8410404E-01   -4.8410404E-01
 2.5500    5.7967014E-03    4.7366484E-01   -4.7366484E-01
 2.5600    5.6275332E-03    4.6345531E-01   -4.6345531E-01
 2.5700    5.4635131E-03    4.5346951E-01   -4.5346951E-01
 2.5800    5.3044681E-03    4.4370173E-01   -4.4370173E-01
 2.5900    5.1502320E-03    4.3414638E-01   -4.3414638E-01
 2.6000    5.0006435E-03    4.2479799E-01   -4.2479799E-01
 2.6100    4.8555447E-03    4.1565100E-01   -4.1565100E-01
 2.6200    4.7147807E-03    4.0669978E-01   -4.0669978E-01
 2.6300    4.5782006E-03    3.9793870E-01   -3.9793870E-01
 2.6400    4.4456594E-03    3.8936231E-01   -3.8936231E-01
 2.6500    4.3170186E-03    3.8096539E-01   -3.8096539E-01
 2.6600    4.1921446E-03    3.7274291E-01   -3.7274291E-01
 2.6700    4.0709076E-03    3.6468981E-01   -3.6468981E-01
 2.6800    3.9531806E-03    3.5680103E-01   -3.5680103E-01
 2.6900    3.8388419E-03    3.4907171E-01   -3.4907171E-01
 2.7000    3.7277782E-03    3.4149745E-01   -3.4149745E-01
 2.7100    3.6198860E-03    3.3407451E-01   -3.3407451E-01
 2.7200    3.5150699E-03    3.2679969E-01   -3.2679969E-01
 2.7300    3.4132397E-03    3.1967005E-01   -3.1967005E-01
 2.7400    3.3143085E-03    3.1268275E-01   -3.1268275E-01
 2.7500    3.2181920E-03    3.0583501E-01   -3.0583501E-01
 2.7600    3.1248110E-03    2.9912436E-01   -2.9912436E-01
 2.7700    3.0340916E-03    2.9254864E-01   -2.9254864E-01
 2.7800    2.9459636E-03    2.8610591E-01   -2.8610591E-01
 2.7900    2.8603575E-03    2.7979412E-01   -2.7979412E-01
 2.8000    2.7772030E-03    2.7361100E-01   -2.7361100E-01
 2.8100    2.6964306E-03    2.6755418E-01   -2.6755418E-01
 2.8200    2.6179740E-03    2.6162149E-01   -2.6162149E-01
 2.8300    2.5417728E-03    2.5581115E-01   -2.5581115E-01
 2.8400    2.4677716E-03    2.5012177E-01   -2.5012177E-01
 2.8500    2.3959188E-03    2.4455226E-01   -2.4455226E-01
 2.8600    2.3261663E-03    2.3910172E-01   -2.3910172E-01
 2.8700    2.2584683E-03    2.3376940E-01   -2.3376940E-01
 2.8800    2.1927801E-03    2.2855457E-01   -2.2855457E-01
 2.8900    2.1290551E-03    2.2345622E-01   -2.2345622E-01
 2.9000    2.0672422E-03    2.1847272E-01   -2.1847272E-01
 2.9100    2.0072854E-03    2.1360183E-01   -2.1360183E-01
 2.9200    1.9491270E-03    2.0884097E-01   -2.0884097E-01
 2.9300    1.8927124E-03    2.0418777E-01   -2.0418777E-01
 2.9400    1.8379931E-03    1.9964038E-01   -1.9964038E-01
 2.9500    1.7849250E-03    1.9519732E-01   -1.9519732E-01
 2.9600    1.7334646E-03    1.9085707E-01   -1.9085707E-01
 2.9700    1.6835647E-03    1.8661759E-01   -1.8661759E-01
 2.9800    1.6351742E-03    1.8247628E-01   -1.8247628E-01
 2.9900    1.5882408E-03    1.7843030E-01   -1.7843030E-01
 3.0000    1.5427151E-03    1.7447697E-01   -1.7447697E-01
 3.0100    1.4985517E-03    1.7061397E-01   -1.7061397E-01
 3.0200    1.4557083E-03    1.6683921E-01   -1.6683921E-01
 3.0300    1.4141429E-03    1.6315050E-01   -1.6315050E-01
 3.0400    1.3738123E-03    1.5954545E-01   -1.5954545E-01
 3.0500    1.3346731E-03    1.5602150E-01   -1.5602150E-01
 3.0600    1.2966830E-03    1.5257611E-01   -1.5257611E-01
 3.0700    1.2598027E-03    1.4920699E-01   -1.4920699E-01
 3.0800    1.2239954E-03    1.4591203E-01   -1.4591203E-01
 3.0900    1.1892254E-03    1.4268917E-01   -1.4268917E-01
 3.1000    1.1554566E-03    1.3953620E-01   -1.3953620E-01
 3.1100    1.1226521E-03    1.3645072E-01   -1.3645072E-01
 3.1200    1.0907756E-03    1.3343030E-01   -1.3343030E-01
 3.1300    1.0597930E-03    1.3047268E-01   -1.3047268E-01
 3.1400    1.0296737E-03    1.2757594E-01   -1.2757594E-01
 3.1500    1.0003906E-03    1.2473851E-01   -1.2473851E-01
 3.1600    9.7191957E-04    1.2195914E-01   -1.2195914E-01
 3.1700    9.4423829E-04    1.1923671E-01   -1.1923671E-01
 3.1800    9.1732490E-04    1.1657013E-01   -1.1657013E-01
 3.1900    8.9115755E-04    1.1395824E-01   -1.1395824E-01
 3.2000    8.6571448E-04    1.1139982E-01   -1.1139982E-01
 3.2100    8.4097490E-04    1.0889375E-01   -1.0889375E-01
 3.2200    8.1691968E-04    1.0643904E-01   -1.0643904E-01
 3.2300    7.9353120E-04    1.0403487E-01   -1.0403487E-01
 3.2400    7.7079266E-04    1.0168045E-01   -1.0168045E-01
 3.2500    7.4868730E-04    9.9374979E-02   -9.9374979E-02
 3.2600    7.2719826E-04    9.7117590E-02   -9.7117590E-02
 3.2700    7.0630918E-04    9.4907431E-02   -9.4907431E-02
 3.2800    6.8600511E-04    9.2743803E-02   -9.2743803E-02
 3.2900    6.6627332E-04    9.0626265E-02   -9.0626265E-02
 3.3000    6.4710333E-04    8.8554652E-02   -8.8554652E-02
 3.3100    6.2848583E-04    8.6528931E-02   -8.6528931E-02
 3.3200    6.1041076E-04    8.4548949E-02   -8.4548949E-02
 3.3300    5.9286562E-04    8.2614180E-02   -8.2614180E-02
 3.3400    5.7583496E-04    8.0723656E-02   -8.0723656E-02
 3.3500    5.5930188E-04    7.8876159E-02   -7.8876159E-02
 3.3600    5.4325030E-04    7.7070539E-02   -7.7070539E-02
 3.3700    5.2766656E-04    7.5305941E-02   -7.5305941E-02
 3.3800    5.1253912E-04    7.3581779E-02   -7.3581779E-02
 3.3900    4.9785722E-04    7.1897546E-02   -7.1897546E-02
 3.4000    4.8360993E-04    7.0252682E-02   -7.0252682E-02
 3.4100    4.6978624E-04    6.8646581E-02   -6.8646581E-02
 3.4200    4.5637567E-04    6.7078688E-02   -6.7078688E-02
 3.4300    4.4336833E-04    6.5548503E-02   -6.5548503E-02
 3.4400    4.3075404E-04    6.4055453E-02   -6.4055453E-02
 3.4500    4.1852124E-04    6.2598736E-02   -6.2598736E-02
 3.4600    4.0665680E-04    6.1177271E-02   -6.1177271E-02
 3.4700    3.9514675E-04    5.9789818E-02   -5.9789818E-02
 3.4800    3.8397760E-04    5.8435161E-02   -5.8435161E-02
 3.4900    3.7313694E-04    5.7112209E-02   -5.7112209E-02
 3.5000    3.6261319E-04    5.5819964E-02   -5.5819964E-02
 3.5100    3.5239483E-04    5.4557395E-02   -5.4557395E-02
 3.5200    3.4246974E-04    5.3323346E-02   -5.3323346E-02
 3.5300    3.3282541E-04    5.2116561E-02   -5.2116561E-02
 3.5400    3.2344997E-04    5.0935844E-02   -5.0935844E-02
 3.5500    3.1433356E-04    4.9780278E-02   -4.9780278E-02
 3.5600    3.0546913E-04    4.8649367E-02   -4.8649367E-02
 3.5700    2.9685214E-04    4.7542990E-02   -4.7542990E-02
 3.5800    2.8847900E-04    4.6461168E-02   -4.6461168E-02
 3.5900    2.8034514E-04    4.5403757E-02   -4.5403757E-02
 3.6000    2.7244370E-04    4.4370225E-02   -4.4370225E-02
 3.6100    2.6476554E-04    4.3359647E-02   -4.3359647E-02
 3.6200    2.5730042E-04    4.2370881E-02   -4.2370881E-02
 3.6300    2.5003852E-04    4.1402831E-02   -4.1402831E-02
 3.6400    2.4297157E-04    4.0454618E-02   -4.0454618E-02
 3.6500    2.3609297E-04    3.9525616E-02   -3.9525616E-02
 3.6600    2.2939719E-04    3.8615364E-02   -3.8615364E-02
 3.6700    2.2287925E-04    3.7723469E-02   -3.7723469E-02
 3.6800    2.1653478E-04    3.6849632E-02   -3.6849632E-02
 3.6900    2.1036084E-04    3.5993783E-02   -3.5993783E-02
 3.7000    2.0435646E-04    3.5156180E-02   -3.5156180E-02
 3.7100    1.9852191E-04    3.4337298E-02   -3.4337298E-02
 3.7200    1.9285679E-04    3.3537499E-02   -3.3537499E-02
 3.7300    1.8735789E-04    3.2756653E-02   -3.2756653E-02
 3.7400    1.8201861E-04    3.1994024E-02   -3.1994024E-02
 3.7500    1.7683055E-04    3.1248537E-02   -3.1248537E-02
 3.7600    1.7178607E-04    3.0519224E-02   -3.0519224E-02
 3.7700    1.6688024E-04    2.9805572E-02   -2.9805572E-02
 3.7800    1.6211085E-04    2.9107542E-02   -2.9107542E-02
 3.7900    1.5747705E-04    2.8425332E-02   -2.8425332E-02
 3.8000    1.5297773E-04    2.7759094E-02   -2.7759094E-02
 3.8100    1.4861076E-04    2.7108786E-02   -2.7108786E-02
 3.8200    1.4437305E-04    2.6474193E-02   -2.6474193E-02
 3.8300    1.4026108E-04    2.5855003E-02   -2.5855003E-02
 3.8400    1.3627103E-04    2.5250842E-02   -2.5250842E-02
 3.8500    1.3239871E-04    2.4661250E-02   -2.4661250E-02
 3.8600    1.2863966E-04    2.4085704E-02   -2.4085704E-02
 3.8700    1.2498967E-04    2.3523715E-02   -2.3523715E-02
 3.8800    1.2144555E-04    2.2974968E-02   -2.2974968E-02
 3.8900    1.1800531E-04    2.2439368E-02   -2.2439368E-02
 3.9000    1.1466754E-04    2.1916922E-02   -2.1916922E-02
 3.9100    1.1143022E-04    2.1407521E-02   -2.1407521E-02
 3.9200    1.0829007E-04    2.0910800E-02   -2.0910800E-02
 3.9300    1.0524273E-04    2.0426176E-02   -2.0426176E-02
 3.9400    1.0228360E-04    1.9953005E-02   -1.9953005E-02
 3.9500    9.9408421E-05    1.9490691E-02   -1.9490691E-02
 3.9600    9.6613362E-05    1.9038706E-02   -1.9038706E-02
 3.9700    9.3894918E-05    1.8596575E-02   -1.8596575E-02
 3.9800    9.1250154E-05    1.8163921E-02   -1.8163921E-02
 3.9900    8.8677104E-05    1.7740553E-02   -1.7740553E-02
 4.0000    8.6174788E-05    1.7326469E-02   -1.7326469E-02
 4.0100    8.3742658E-05    1.6921753E-02   -1.6921753E-02
 4.0200    8.1379966E-05    1.6526446E-02   -1.6526446E-02
 4.0300    7.9085572E-05    1.6140509E-02   -1.6140509E-02
 4.0400    7.6858092E-05    1.5763846E-02   -1.5763846E-02
 4.0500    7.4695853E-05    1.5396301E-02   -1.5396301E-02
 4.0600    7.2596598E-05    1.5037589E-02   -1.5037589E-02
 4.0700    7.0557428E-05    1.4687282E-02   -1.4687282E-02
 4.0800    6.8575355E-05    1.4344924E-02   -1.4344924E-02
 4.0900    6.6648045E-05    1.4010186E-02   -1.4010186E-02
 4.1000    6.4774026E-05    1.3682910E-02   -1.3682910E-02
 4.1100    6.2952147E-05    1.3363003E-02   -1.3363003E-02
 4.1200    6.1180855E-05    1.3050280E-02   -1.3050280E-02
 4.1300    5.9457974E-05    1.2744420E-02   -1.2744420E-02
 4.1400    5.7781138E-05    1.2445050E-02   -1.2445050E-02
 4.1500    5.6148422E-05    1.2151884E-02   -1.2151884E-02
 4.1600    5.4558605E-05    1.1864783E-02   -1.1864783E-02
 4.1700    5.3010915E-05    1.1583699E-02   -1.1583699E-02
 4.1800    5.1504637E-05    1.1308598E-02   -1.1308598E-02
 4.1900    5.0039115E-05    1.1039452E-02   -1.1039452E-02
 4.2000    4.8614159E-05    1.0776338E-02   -1.0776338E-02
 4.2100    4.7230256E-05    1.0519482E-02   -1.0519482E-02
 4.2200    4.5888030E-05    1.0269142E-02   -1.0269142E-02
 4.2300    4.4587239E-05    1.0025388E-02   -1.0025388E-02
 4.2400    4.3326285E-05    9.7879790E-03   -9.7879790E-03
 4.2500    4.2102738E-05    9.5564823E-03   -9.5564823E-03
 4.2600    4.0914375E-05    9.3305015E-03   -9.3305015E-03
 4.2700    3.9759847E-05    9.1098311E-03   -9.1098311E-03
 4.2800    3.8638617E-05    8.8944474E-03   -8.8944474E-03
 4.2900    3.7550484E-05    8.6844035E-03   -8.6844035E-03
 4.3000    3.6495096E-05    8.4797156E-03   -8.4797156E-03
 4.3100    3.5471538E-05    8.2802686E-03   -8.2802686E-03
 4.3200    3.4478045E-05    8.0857440E-03   -8.0857440E-03
 4.3300    3.3512002E-05    7.8956162E-03   -7.8956162E-03
 4.3400    3.2570508E-05    7.7092807E-03   -7.7092807E-03
 4.3500    3.1651493E-05    7.5263183E-03   -7.5263183E-03
 4.3600    3.0754772E-05    7.3467516E-03   -7.3467516E-03
 4.3700    2.9882093E-05    7.1710665E-03   -7.1710665E-03
 4.3800    2.9035826E-05    6.9999071E-03   -6.9999071E-03
 4.3900    2.8217187E-05    6.8336482E-03   -6.8336482E-03
 4.4000    2.7425430E-05    6.6721939E-03   -6.6721939E-03
 4.4100    2.6658565E-05    6.5151409E-03   -6.5151409E-03
 4.4200    2.5914665E-05    6.3620930E-03   -6.3620930E-03
 4.4300    2.5192511E-05    6.2128201E-03   -6.2128201E-03
 4.4400    2.4491283E-05    6.0671865E-03   -6.0671865E-03
 4.4500    2.3810069E-05    5.9250299E-03   -5.9250299E-03
 4.4600    2.3147877E-05    5.7861641E-03   -5.7861641E-03
 4.4700    2.2504000E-05    5.6504708E-03   -5.6504708E-03
 4.4800    2.1878127E-05    5.5179281E-03   -5.5179281E-03
 4.4900    2.1269960E-05    5.3885165E-03   -5.3885165E-03
 4.5000    2.0678775E-05    5.2621074E-03   -5.2621074E-03
 4.5100    2.0103433E-05    5.1384622E-03   -5.1384622E-03
 4.5200    1.9542805E-05    5.0173411E-03   -5.0173411E-03
 4.5300    1.8996184E-05    4.8986075E-03   -4.8986075E-03
 4.5400    1.8463332E-05    4.7822430E-03   -4.7822430E-03
 4.5500    1.7944249E-05    4.6682913E-03   -4.6682913E-03
 4.5600    1.7438977E-05    4.5568062E-03   -4.5568062E-03
 4.5700    1.6947539E-05    4.4478373E-03   -4.4478373E-03
 4.5800    1.6469936E-05    4.3414294E-03   -4.3414294E-03
 4.5900    1.6006080E-05    4.2376025E-03   -4.2376025E-03
 4.6000    1.5555669E-05    4.1363209E-03   -4.1363209E-03
 4.6100    1.5118195E-05    4.0374918E-03   -4.0374918E-03
 4.6200    1.4693141E-05    3.9410184E-03   -3.9410184E-03
 4.6300    1.4280252E-05    3.8468718E-03   -3.8468718E-03
 4.6400    1.3879636E-05    3.7551207E-03   -3.7551207E-03
 4.6500    1.3491576E-05    3.6658819E-03   -3.6658819E-03
 4.6600    1.3116182E-05    3.5792261E-03   -3.5792261E-03
 4.6700    1.2753135E-05    3.4951079E-03   -3.4951079E-03
 4.6800    1.2401708E-05    3.4133675E-03   -3.4133675E-03
 4.6900    1.2061010E-05    3.3337976E-03   -3.3337976E-03
 4.7000    1.1730282E-05    3.2562221E-03   -3.2562221E-03
 4.7100    1.1408996E-05    3.1805270E-03   -3.1805270E-03
 4.7200    1.1096723E-05    3.1066233E-03   -3.1066233E-03
 4.7300    1.0792895E-05    3.0343808E-03   -3.0343808E-03
 4.7400    1.0496694E-05    2.9635965E-03   -2.9635965E-03
 4.7500    1.0207188E-05    2.8940311E-03   -2.8940311E-03
 4.7600    9.9236706E-06    2.8255052E-03   -2.8255052E-03
 4.7700    9.6460417E-06    2.7580095E-03   -2.7580095E-03
 4.7800    9.3749888E-06    2.6917605E-03   -2.6917605E-03
 4.7900    9.1117047E-06    2.6271237E-03   -2.6271237E-03
 4.8000    8.8571333E-06    2.5643985E-03   -2.5643985E-03
 4.8100    8.6111701E-06    2.5035841E-03   -2.5035841E-03
 4.8200    8.3724220E-06    2.4443031E-03   -2.4443031E-03
 4.8300    8.1387437E-06    2.3859509E-03   -2.3859509E-03
 4.8400    7.9081539E-06    2.3279610E-03   -2.3279610E-03
 4.8500    7.6795545E-06    2.2700183E-03   -2.2700183E-03
 4.8600    7.4530582E-06    2.2121619E-03   -2.2121619E-03
 4.8700    7.2301197E-06    2.1548313E-03   -2.1548313E-03
 4.8800    7.0134886E-06    2.0988607E-03   -2.0988607E-03
 4.8900    6.8065852E-06    2.0452993E-03   -2.0452993E-03
 4.9000    6.6120732E-06    1.9949852E-03   -1.9949852E-03
 4.9100    6.4303257E-06    1.9480756E-03   -1.9480756E-03
 4.9200    6.2590348E-06    1.9039145E-03   -1.9039145E-03
 4.9300    6.0944344E-06    1.8613888E-03   -1.8613888E-03
 4.9400    5.9331270E-06    1.8194805E-03   -1.8194805E-03
 4.9500    5.7730366E-06    1.7775612E-03   -1.7775612E-03
 4.9600    5.6131055E-06    1.7353074E-03   -1.7353074E-03
 4.9700    5.4527432E-06    1.6925351E-03   -1.6925351E-03
 4.9800    5.2921107E-06    1.6492917E-03   -1.6492917E-03
 4.9900    5.1330410E-06    1.6061485E-03   -1.6061485E-03
 5.0000    4.9792473E-06    1.5642767E-03   -1.5642767E-03
 5.0100    4.8348724E-06    1.5250017E-03   -1.5250017E-03
 5.0200    4.7021161E-06    1.4890547E-03   -1.4890547E-03
 5.0300    4.5798179E-06    1.4561095E-03   -1.4561095E-03
 5.0400    4.4641530E-06    1.4249841E-03   -1.4249841E-03
 5.0500    4.3508048E-06    1.3943192E-03   -1.3943192E-03
 5.0600    4.2369912E-06    1.3632279E-03   -1.3632279E-03
 5.0700    4.1222677E-06    1.3315638E-03   -1.3315638E-03
 5.0800    4.0081346E-06    1.2998091E-03   -1.2998091E-03
 5.0900    3.8970062E-06    1.2687514E-03   -1.2687514E-03
 5.1000    3.7910204E-06    1.2390999E-03   -1.2390999E-03
 5.1100    3.6910318E-06    1.2111542E-03   -1.2111542E-03
 5.1200    3.5961694E-06    1.1846496E-03   -1.1846496E-03
 5.1300    3.5042525E-06    1.1588841E-03   -1.1588841E-03
 5.1400    3.4129241E-06    1.1330856E-03   -1.1330856E-03
 5.1500    3.3208483E-06    1.1068107E-03   -1.1068107E-03
 5.1600    3.2282486E-06    1.0801305E-03   -1.0801305E-03
 5.1700    3.1365653E-06    1.0535261E-03   -1.0535261E-03
 5.1800    3.0476249E-06    1.0276161E-03   -1.0276161E-03
 5.1900    2.9628893E-06    1.0029055E-03   -1.0029055E-03
 5.2000    2.8830626E-06    9.7964926E-04   -9.7964926E-04
 5.2100    2.8080062E-06    9.5781884E-04   -9.5781884E-04
 5.2200    2.7368567E-06    9.3713665E-04   -9.3713665E-04
 5.2300    2.6683202E-06    9.1717284E-04   -9.1717284E-04
 5.2400    2.6010979E-06    8.9748901E-04   -8.9748901E-04
 5.2500    2.5342705E-06    8.7777144E-04   -8.7777144E-04
 5.2600    2.4674599E-06    8.5788969E-04   -8.5788969E-04
 5.2700    2.4007538E-06    8.3787402E-04   -8.3787402E-04
 5.2800    2.3345488E-06    8.1786319E-04   -8.1786319E-04
 5.2900    2.2694374E-06    7.9806712E-04   -7.9806712E-04
 5.3000    2.2061068E-06    7.7873222E-04   -7.7873222E-04
 5.3100    2.1451405E-06    7.6007185E-04   -7.6007185E-04
 5.3200    2.0867497E-06    7.4217015E-04   -7.4217015E-04
 5.3300    2.0306315E-06    7.2492887E-04   -7.2492887E-04
 5.3400    1.9761196E-06    7.0811794E-04   -7.0811794E-04
 5.3500    1.9225556E-06    6.9150660E-04   -6.9150660E-04
 5.3600    1.8696154E-06    6.7498127E-04   -6.7498127E-04
 5.3700    1.8173808E-06    6.5857369E-04   -6.5857369E-04
 5.3800    1.7661720E-06    6.4240278E-04   -6.4240278E-04
 5.3900    1.7163097E-06    6.2658942E-04   -6.2658942E-04
 5.4000    1.6679453E-06    6.1119415E-04   -6.1119415E-04
 5.4100    1.6209967E-06    5.9619251E-04   -5.9619251E-04
 5.4200    1.5751939E-06    5.8149027E-04   -5.8149027E-04
 5.4300    1.5302387E-06    5.6698124E-04   -5.6698124E-04
 5.4400    1.4860165E-06    5.5262599E-04   -5.5262599E-04
 5.4500    1.4427066E-06    5.3849403E-04   -5.3849403E-04
 5.4600    1.4006732E-06    5.2472525E-04   -5.2472525E-04
 5.4700    1.3602137E-06    5.1143645E-04   -5.1143645E-04
 5.4800    1.3213762E-06    4.9865189E-04   -4.9865189E-04
 5.4900    1.2839779E-06    4.8630877E-04   -4.8630877E-04
 5.5000    1.2477597E-06    4.7431429E-04   -4.7431429E-04
 5.5100    1.2125109E-06    4.6259265E-04   -4.6259265E-04
 5.5200    1.1780792E-06    4.5108926E-04   -4.5108926E-04
 5.5300    1.1443230E-06    4.3975293E-04   -4.3975293E-04
 5.5400    1.1111080E-06    4.2853437E-04   -4.2853437E-04
 5.5500    1.0783778E-06    4.1741377E-04   -4.1741377E-04
 5.5600    1.0462413E-06    4.0643518E-04   -4.0643518E-04
 5.5700    1.0149895E-06    3.9571436E-04   -3.9571436E-04
 5.5800    9.8500272E-07    3.8540353E-04   -3.8540353E-04
 5.5900    9.5658346E-07    3.7562661E-04   -3.7562661E-04
 5.6000    9.2982026E-07    3.6642485E-04   -3.6642485E-04
 5.6100    9.0459306E-07    3.5775757E-04   -3.5775757E-04
 5.6200    8.8074058E-07    3.4956706E-04   -3.4956706E-04
 5.6300    8.5825480E-07    3.4185575E-04   -3.4185575E-04
 5.6400    8.3730603E-07    3.3469736E-04   -3.3469736E-04
 5.6500    8.1804684E-07    3.2815946E-04   -3.2815946E-04
 5.6600    8.0037706E-07    3.2220877E-04   -3.2220877E-04
 5.6700    7.8391589E-07    3.1669809E-04   -3.1669809E-04
 5.6800    7.6823330E-07    3.1145812E-04   -3.1145812E-04
 5.6900    7.5314534E-07    3.0641724E-04   -3.0641724E-04
 5.7000    7.3882810E-07    3.0164976E-04   -3.0164976E-04
 5.7100    7.2568564E-07    2.9732444E-04   -2.9732444E-04
 5.7200    7.1411310E-07    2.9360870E-04   -2.9360870E-04
 5.7300    7.0432970E-07    2.9059966E-04   -2.9059966E-04
