# total charge: 7.000000 
# r(A)     rho (e/A^3)     4*pi*r^2*rho(e/A)  dip  
 0.0000   -4.9221512E-01   -0.0000000E+00    5.5851919E+01
 0.0100   -4.9062072E-01   -6.1653218E-04    5.5573973E+01
 0.0200   -4.8860667E-01   -2.4560050E-03    5.4748433E+01
 0.0300   -4.8608874E-01   -5.4975341E-03    5.3399792E+01
 0.0400   -4.8297757E-01   -9.7108402E-03    5.1567530E+01
 0.0500   -4.7917528E-01   -1.5053735E-02    4.9304199E+01
 0.0600   -4.7457357E-01   -2.1469203E-02    4.6672914E+01
 0.0700   -4.6906282E-01   -2.8882644E-02    4.3744433E+01
 0.0800   -4.6255392E-01   -3.7200794E-02    4.0594018E+01
 0.0900   -4.5500048E-01   -4.6313408E-02    3.7298248E+01
 0.1000   -4.4640535E-01   -5.6096950E-02    3.3931998E+01
 0.1100   -4.3680836E-01   -6.6418058E-02    3.0565723E+01
 0.1200   -4.2626532E-01   -7.7135154E-02    2.7263183E+01
 0.1300   -4.1483078E-01   -8.8098303E-02    2.4079701E+01
 0.1400   -4.0255049E-01   -9.9148533E-02    2.1060994E+01
 0.1500   -3.8946222E-01   -1.1011785E-01    1.8242581E+01
 0.1600   -3.7560076E-01   -1.2083042E-01    1.5649747E+01
 0.1700   -3.6100241E-01   -1.3110456E-01    1.3297975E+01
 0.1800   -3.4570611E-01   -1.4075438E-01    1.1193777E+01
 0.1900   -3.2975086E-01   -1.4959015E-01    9.3358042E+00
 0.2000   -3.1317217E-01   -1.5741750E-01    7.7161528E+00
 0.2100   -2.9600055E-01   -1.6403668E-01    6.3217401E+00
 0.2200   -2.7826355E-01   -1.6924333E-01    5.1356863E+00
 0.2300   -2.5998945E-01   -1.7283085E-01    4.1386161E+00
 0.2400   -2.4120999E-01   -1.7459333E-01    3.3098276E+00
 0.2500   -2.2196105E-01   -1.7432780E-01    2.6282899E+00
 0.2600   -2.0228158E-01   -1.7183550E-01    2.0734512E+00
 0.2700   -1.8221196E-01   -1.6692227E-01    1.6258531E+00
 0.2800   -1.6179251E-01   -1.5939854E-01    1.2675618E+00
 0.2900   -1.4106243E-01   -1.4907926E-01    9.8243380E-01
 0.3000   -1.2005960E-01   -1.3578421E-01    7.5624299E-01
 0.3100   -9.8821034E-02   -1.1933907E-01    5.7669374E-01
 0.3200   -7.7383666E-02   -9.9577020E-02    4.3334937E-01
 0.3300   -5.5784864E-02   -7.6340346E-02    3.1750000E-01
 0.3400   -3.4062393E-02   -4.9481500E-02    2.2199218E-01
 0.3500   -1.2254009E-02   -1.8863581E-02    1.4103916E-01
 0.3600    9.6030057E-03    1.5639471E-02    7.0026799E-02
 0.3700    3.1472109E-02    5.4142606E-02    5.3266317E-03
 0.3800    5.3317551E-02    9.6749171E-02   -5.5876601E-02
 0.3900    7.5104296E-02    1.4355022E-01   -1.1573845E-01
 0.4000    9.6797918E-02    1.9462376E-01   -1.7588753E-01
 0.4100    1.1836457E-01    2.5003413E-01   -2.3753750E-01
 0.4200    1.3977105E-01    3.0983157E-01   -3.0157954E-01
 0.4300    1.6098496E-01    3.7405208E-01   -3.6865716E-01
 0.4400    1.8197490E-01    4.4271753E-01   -4.3922558E-01
 0.4500    2.0271059E-01    5.1583563E-01   -5.1359790E-01
 0.4600    2.2316287E-01    5.9339990E-01   -5.9198018E-01
 0.4700    2.4330367E-01    6.7538940E-01   -6.7449762E-01
 0.4800    2.6310587E-01    7.6176825E-01   -7.6121367E-01
 0.4900    2.8254321E-01    8.5248530E-01   -8.5214384E-01
 0.5000    3.0159030E-01    9.4747387E-01   -9.4726573E-01
 0.5100    3.2022275E-01    1.0466522E+00   -1.0465266E+00
 0.5200    3.3841745E-01    1.1499244E+00   -1.1498494E+00
 0.5300    3.5615263E-01    1.2571809E+00   -1.2571365E+00
 0.5400    3.7340784E-01    1.3682984E+00   -1.3682724E+00
 0.5500    3.9016364E-01    1.4831396E+00   -1.4831245E+00
 0.5600    4.0640155E-01    1.6015528E+00   -1.6015442E+00
 0.5700    4.2210405E-01    1.7233722E+00   -1.7233673E+00
 0.5800    4.3725478E-01    1.8484190E+00   -1.8484162E+00
 0.5900    4.5183867E-01    1.9765021E+00   -1.9765006E+00
 0.6000    4.6584193E-01    2.1074192E+00   -2.1074184E+00
 0.6100    4.7925194E-01    2.2409564E+00   -2.2409560E+00
 0.6200    4.9205716E-01    2.3768884E+00   -2.3768882E+00
 0.6300    5.0424713E-01    2.5149792E+00   -2.5149791E+00
 0.6400    5.1581256E-01    2.6549829E+00   -2.6549828E+00
 0.6500    5.2674538E-01    2.7966448E+00   -2.7966448E+00
 0.6600    5.3703880E-01    2.9397026E+00   -2.9397026E+00
 0.6700    5.4668729E-01    3.0838869E+00   -3.0838869E+00
 0.6800    5.5568661E-01    3.2289225E+00   -3.2289225E+00
 0.6900    5.6403379E-01    3.3745290E+00   -3.3745290E+00
 0.7000    5.7172710E-01    3.5204220E+00   -3.5204220E+00
 0.7100    5.7876601E-01    3.6663133E+00   -3.6663133E+00
 0.7200    5.8515106E-01    3.8119119E+00   -3.8119119E+00
 0.7300    5.9088384E-01    3.9569239E+00   -3.9569239E+00
 0.7400    5.9596703E-01    4.1010545E+00   -4.1010545E+00
 0.7500    6.0040447E-01    4.2440091E+00   -4.2440091E+00
 0.7600    6.0420126E-01    4.3854955E+00   -4.3854955E+00
 0.7700    6.0736378E-01    4.5252253E+00   -4.5252253E+00
 0.7800    6.0989963E-01    4.6629143E+00   -4.6629143E+00
 0.7900    6.1181739E-01    4.7982831E+00   -4.7982831E+00
 0.8000    6.1312654E-01    4.9310562E+00   -4.9310562E+00
 0.8100    6.1383733E-01    5.0609634E+00   -5.0609634E+00
 0.8200    6.1396085E-01    5.1877406E+00   -5.1877406E+00
 0.8300    6.1350915E-01    5.3111320E+00   -5.3111320E+00
 0.8400    6.1249520E-01    5.4308915E+00   -5.4308915E+00
 0.8500    6.1093289E-01    5.5467836E+00   -5.5467836E+00
 0.8600    6.0883700E-01    5.6585845E+00   -5.6585845E+00
 0.8700    6.0622308E-01    5.7660823E+00   -5.7660823E+00
 0.8800    6.0310747E-01    5.8690784E+00   -5.8690784E+00
 0.8900    5.9950716E-01    5.9673877E+00   -5.9673877E+00
 0.9000    5.9543968E-01    6.0608377E+00   -6.0608377E+00
 0.9100    5.9092294E-01    6.1492691E+00   -6.1492691E+00
 0.9200    5.8597517E-01    6.2325350E+00   -6.2325350E+00
 0.9300    5.8061490E-01    6.3105025E+00   -6.3105025E+00
 0.9400    5.7486102E-01    6.3830528E+00   -6.3830528E+00
 0.9500    5.6873274E-01    6.4500830E+00   -6.4500830E+00
 0.9600    5.6224959E-01    6.5115065E+00   -6.5115065E+00
 0.9700    5.5543145E-01    6.5672538E+00   -6.5672538E+00
 0.9800    5.4829842E-01    6.6172723E+00   -6.6172723E+00
 0.9900    5.4087069E-01    6.6615256E+00   -6.6615256E+00
 1.0000    5.3316850E-01    6.6999929E+00   -6.6999929E+00
 1.0100    5.2521202E-01    6.7326690E+00   -6.7326690E+00
 1.0200    5.1702140E-01    6.7595647E+00   -6.7595647E+00
 1.0300    5.0861680E-01    6.7807076E+00   -6.7807076E+00
 1.0400    5.0001832E-01    6.7961423E+00   -6.7961423E+00
 1.0500    4.9124602E-01    6.8059305E+00   -6.8059305E+00
 1.0600    4.8231989E-01    6.8101514E+00   -6.8101514E+00
 1.0700    4.7325980E-01    6.8089013E+00   -6.8089013E+00
 1.0800    4.6408548E-01    6.8022933E+00   -6.8022933E+00
 1.0900    4.5481643E-01    6.7904570E+00   -6.7904570E+00
 1.1000    4.4547191E-01    6.7735377E+00   -6.7735377E+00
 1.1100    4.3607092E-01    6.7516971E+00   -6.7516971E+00
 1.1200    4.2663224E-01    6.7251130E+00   -6.7251130E+00
 1.1300    4.1717444E-01    6.6939805E+00   -6.6939805E+00
 1.1400    4.0771585E-01    6.6585116E+00   -6.6585116E+00
 1.1500    3.9827455E-01    6.6189348E+00   -6.6189348E+00
 1.1600    3.8886831E-01    6.5754942E+00   -6.5754942E+00
 1.1700    3.7951454E-01    6.5284489E+00   -6.5284489E+00
 1.1800    3.7023024E-01    6.4780719E+00   -6.4780719E+00
 1.1900    3.6103191E-01    6.4246486E+00   -6.4246486E+00
 1.2000    3.5193545E-01    6.3684738E+00   -6.3684738E+00
 1.2100    3.4295579E-01    6.3098457E+00   -6.3098457E+00
 1.2200    3.3410652E-01    6.2490569E+00   -6.2490569E+00
 1.2300    3.2539935E-01    6.1863824E+00   -6.1863824E+00
 1.2400    3.1684360E-01    6.1220683E+00   -6.1220683E+00
 1.2500    3.0844597E-01    6.0563224E+00   -6.0563224E+00
 1.2600    3.0021057E-01    5.9893120E+00   -5.9893120E+00
 1.2700    2.9213936E-01    5.9211679E+00   -5.9211679E+00
 1.2800    2.8423263E-01    5.8519923E+00   -5.8519923E+00
 1.2900    2.7648969E-01    5.7818687E+00   -5.7818687E+00
 1.3000    2.6890920E-01    5.7108695E+00   -5.7108695E+00
 1.3100    2.6148956E-01    5.6390613E+00   -5.6390613E+00
 1.3200    2.5422900E-01    5.5665077E+00   -5.5665077E+00
 1.3300    2.4712570E-01    5.4932714E+00   -5.4932714E+00
 1.3400    2.4017788E-01    5.4194158E+00   -5.4194158E+00
 1.3500    2.3338385E-01    5.3450060E+00   -5.3450060E+00
 1.3600    2.2674201E-01    5.2701099E+00   -5.2701099E+00
 1.3700    2.2025089E-01    5.1947980E+00   -5.1947980E+00
 1.3800    2.1390911E-01    5.1191437E+00   -5.1191437E+00
 1.3900    2.0771535E-01    5.0432216E+00   -5.0432216E+00
 1.4000    2.0166826E-01    4.9671067E+00   -4.9671067E+00
 1.4100    1.9576646E-01    4.8908729E+00   -4.8908729E+00
 1.4200    1.9000846E-01    4.8145919E+00   -4.8145919E+00
 1.4300    1.8439269E-01    4.7383336E+00   -4.7383336E+00
 1.4400    1.7891755E-01    4.6621667E+00   -4.6621667E+00
 1.4500    1.7358143E-01    4.5861592E+00   -4.5861592E+00
 1.4600    1.6838269E-01    4.5103789E+00   -4.5103789E+00
 1.4700    1.6331969E-01    4.4348924E+00   -4.4348924E+00
 1.4800    1.5839070E-01    4.3597640E+00   -4.3597640E+00
 1.4900    1.5359390E-01    4.2850546E+00   -4.2850546E+00
 1.5000    1.4892733E-01    4.2108210E+00   -4.2108210E+00
 1.5100    1.4438895E-01    4.1371162E+00   -4.1371162E+00
 1.5200    1.3997664E-01    4.0639898E+00   -4.0639898E+00
 1.5300    1.3568823E-01    3.9914887E+00   -3.9914887E+00
 1.5400    1.3152149E-01    3.9196567E+00   -3.9196567E+00
 1.5500    1.2747416E-01    3.8485349E+00   -3.8485349E+00
 1.5600    1.2354390E-01    3.7781602E+00   -3.7781602E+00
 1.5700    1.1972828E-01    3.7085653E+00   -3.7085653E+00
 1.5800    1.1602479E-01    3.6397776E+00   -3.6397776E+00
 1.5900    1.1243083E-01    3.5718197E+00   -3.5718197E+00
 1.6000    1.0894375E-01    3.5047103E+00   -3.5047103E+00
 1.6100    1.0556089E-01    3.4384653E+00   -3.4384653E+00
 1.6200    1.0227962E-01    3.3730982E+00   -3.3730982E+00
 1.6300    9.9097299E-02    3.3086200E+00   -3.3086200E+00
 1.6400    9.6011310E-02    3.2450393E+00   -3.2450393E+00
 1.6500    9.3019006E-02    3.1823610E+00   -3.1823610E+00
 1.6600    9.0117734E-02    3.1205870E+00   -3.1205870E+00
 1.6700    8.7304838E-02    3.0597160E+00   -3.0597160E+00
 1.6800    8.4577688E-02    2.9997443E+00   -2.9997443E+00
 1.6900    8.1933697E-02    2.9406669E+00   -2.9406669E+00
 1.7000    7.9370332E-02    2.8824774E+00   -2.8824774E+00
 1.7100    7.6885123E-02    2.8251688E+00   -2.8251688E+00
 1.7200    7.4475673E-02    2.7687337E+00   -2.7687337E+00
 1.7300    7.2139660E-02    2.7131647E+00   -2.7131647E+00
 1.7400    6.9874842E-02    2.6584543E+00   -2.6584543E+00
 1.7500    6.7679041E-02    2.6045947E+00   -2.6045947E+00
 1.7600    6.5550135E-02    2.5515777E+00   -2.5515777E+00
 1.7700    6.3486057E-02    2.4993941E+00   -2.4993941E+00
 1.7800    6.1484802E-02    2.4480352E+00   -2.4480352E+00
 1.7900    5.9544442E-02    2.3974919E+00   -2.3974919E+00
 1.8000    5.7663120E-02    2.3477563E+00   -2.3477563E+00
 1.8100    5.5839055E-02    2.2988206E+00   -2.2988206E+00
 1.8200    5.4070533E-02    2.2506776E+00   -2.2506776E+00
 1.8300    5.2355917E-02    2.2033212E+00   -2.2033212E+00
 1.8400    5.0693659E-02    2.1567467E+00   -2.1567467E+00
 1.8500    4.9082298E-02    2.1109513E+00   -2.1109513E+00
 1.8600    4.7520435E-02    2.0659327E+00   -2.0659327E+00
 1.8700    4.6006705E-02    2.0216883E+00   -2.0216883E+00
 1.8800    4.4539747E-02    1.9782142E+00   -1.9782142E+00
 1.8900    4.3118220E-02    1.9355050E+00   -1.9355050E+00
 1.9000    4.1740826E-02    1.8935558E+00   -1.8935558E+00
 1.9100    4.0406340E-02    1.8523631E+00   -1.8523631E+00
 1.9200    3.9113606E-02    1.8119249E+00   -1.8119249E+00
 1.9300    3.7861519E-02    1.7722399E+00   -1.7722399E+00
 1.9400    3.6648991E-02    1.7333064E+00   -1.7333064E+00
 1.9500    3.5474938E-02    1.6951211E+00   -1.6951211E+00
 1.9600    3.4338279E-02    1.6576794E+00   -1.6576794E+00
 1.9700    3.3237950E-02    1.6209758E+00   -1.6209758E+00
 1.9800    3.2172911E-02    1.5850049E+00   -1.5850049E+00
 1.9900    3.1142157E-02    1.5497609E+00   -1.5497609E+00
 2.0000    3.0144707E-02    1.5152382E+00   -1.5152382E+00
 2.0100    2.9179597E-02    1.4814304E+00   -1.4814304E+00
 2.0200    2.8245874E-02    1.4483303E+00   -1.4483303E+00
 2.0300    2.7342591E-02    1.4159294E+00   -1.4159294E+00
 2.0400    2.6468814E-02    1.3842186E+00   -1.3842186E+00
 2.0500    2.5623625E-02    1.3531880E+00   -1.3531880E+00
 2.0600    2.4806125E-02    1.3228276E+00   -1.3228276E+00
 2.0700    2.4015432E-02    1.2931263E+00   -1.2931263E+00
 2.0800    2.3250672E-02    1.2640727E+00   -1.2640727E+00
 2.0900    2.2510979E-02    1.2356538E+00   -1.2356538E+00
 2.1000    2.1795498E-02    1.2078562E+00   -1.2078562E+00
 2.1100    2.1103392E-02    1.1806660E+00   -1.1806660E+00
 2.1200    2.0433851E-02    1.1540691E+00   -1.1540691E+00
 2.1300    1.9786092E-02    1.1280519E+00   -1.1280519E+00
 2.1400    1.9159357E-02    1.1026009E+00   -1.1026009E+00
 2.1500    1.8552915E-02    1.0777026E+00   -1.0777026E+00
 2.1600    1.7966052E-02    1.0533435E+00   -1.0533435E+00
 2.1700    1.7398075E-02    1.0295099E+00   -1.0295099E+00
 2.1800    1.6848310E-02    1.0061882E+00   -1.0061882E+00
 2.1900    1.6316104E-02    9.8336459E-01   -9.8336459E-01
 2.2000    1.5800828E-02    9.6102583E-01   -9.6102583E-01
 2.2100    1.5301879E-02    9.3915910E-01   -9.3915910E-01
 2.2200    1.4818687E-02    9.1775245E-01   -9.1775245E-01
 2.2300    1.4350715E-02    8.9679488E-01   -8.9679488E-01
 2.2400    1.3897451E-02    8.7627629E-01   -8.7627629E-01
 2.2500    1.3458410E-02    8.5618706E-01   -8.5618706E-01
 2.2600    1.3033120E-02    8.3651773E-01   -8.3651773E-01
 2.2700    1.2621125E-02    8.1725889E-01   -8.1725889E-01
 2.2800    1.2221984E-02    7.9840137E-01   -7.9840137E-01
 2.2900    1.1835277E-02    7.7993655E-01   -7.7993655E-01
 2.3000    1.1460610E-02    7.6185669E-01   -7.6185669E-01
 2.3100    1.1097614E-02    7.4415505E-01   -7.4415505E-01
 2.3200    1.0745942E-02    7.2682580E-01   -7.2682580E-01
 2.3300    1.0405268E-02    7.0986374E-01   -7.0986374E-01
 2.3400    1.0075277E-02    6.9326389E-01   -6.9326389E-01
 2.3500    9.7556604E-03    6.7702119E-01   -6.7702119E-01
 2.3600    9.4461145E-03    6.6113032E-01   -6.6113032E-01
 2.3700    9.1463425E-03    6.4558587E-01   -6.4558587E-01
 2.3800    8.8560588E-03    6.3038268E-01   -6.3038268E-01
 2.3900    8.5749925E-03    6.1551609E-01   -6.1551609E-01
 2.4000    8.3028862E-03    6.0098195E-01   -6.0098195E-01
 2.4100    8.0394918E-03    5.8677627E-01   -5.8677627E-01
 2.4200    7.7845650E-03    5.7289489E-01   -5.7289489E-01
 2.4300    7.5378634E-03    5.5933330E-01   -5.5933330E-01
 2.4400    7.2991466E-03    5.4608670E-01   -5.4608670E-01
 2.4500    7.0681778E-03    5.3315010E-01   -5.3315010E-01
 2.4600    6.8447245E-03    5.2051836E-01   -5.2051836E-01
 2.4700    6.6285589E-03    5.0818623E-01   -5.0818623E-01
 2.4800    6.4194582E-03    4.9614841E-01   -4.9614841E-01
 2.4900    6.2172049E-03    4.8439956E-01   -4.8439956E-01
 2.5000    6.0215854E-03    4.7293421E-01   -4.7293421E-01
 2.5100    5.8323885E-03    4.6174665E-01   -4.6174665E-01
 2.5200    5.6494037E-03    4.5083078E-01   -4.5083078E-01
 2.5300    5.4724218E-03    4.4018017E-01   -4.4018017E-01
 2.5400    5.3012357E-03    4.2978812E-01   -4.2978812E-01
 2.5500    5.1356420E-03    4.1964781E-01   -4.1964781E-01
 2.5600    4.9754423E-03    4.0975238E-01   -4.0975238E-01
 2.5700    4.8204444E-03    4.0009506E-01   -4.0009506E-01
 2.5800    4.6704621E-03    3.9066916E-01   -3.9066916E-01
 2.5900    4.5253152E-03    3.8146810E-01   -3.8146810E-01
 2.6000    4.3848289E-03    3.7248536E-01   -3.7248536E-01
 2.6100    4.2488328E-03    3.6371442E-01   -3.6371442E-01
 2.6200    4.1171619E-03    3.5514883E-01   -3.5514883E-01
 2.6300    3.9896564E-03    3.4678225E-01   -3.4678225E-01
 2.6400    3.8661629E-03    3.3860851E-01   -3.3860851E-01
 2.6500    3.7465343E-03    3.3062168E-01   -3.3062168E-01
 2.6600    3.6306294E-03    3.2281600E-01   -3.2281600E-01
 2.6700    3.5183122E-03    3.1518588E-01   -3.1518588E-01
 2.6800    3.4094525E-03    3.0772593E-01   -3.0772593E-01
 2.6900    3.3039266E-03    3.0043105E-01   -3.0043105E-01
 2.7000    3.2016189E-03    2.9329660E-01   -2.9329660E-01
 2.7100    3.1024221E-03    2.8631844E-01   -2.8631844E-01
 2.7200    3.0062358E-03    2.7949286E-01   -2.7949286E-01
 2.7300    2.9129652E-03    2.7281639E-01   -2.7281639E-01
 2.7400    2.8225195E-03    2.6628576E-01   -2.6628576E-01
 2.7500    2.7348122E-03    2.5989790E-01   -2.5989790E-01
 2.7600    2.6497622E-03    2.5365004E-01   -2.5365004E-01
 2.7700    2.5672934E-03    2.4753973E-01   -2.4753973E-01
 2.7800    2.4873330E-03    2.4156465E-01   -2.4156465E-01
 2.7900    2.4098089E-03    2.3572241E-01   -2.3572241E-01
 2.8000    2.3346497E-03    2.3001050E-01   -2.3001050E-01
 2.8100    2.2617856E-03    2.2442640E-01   -2.2442640E-01
 2.8200    2.1911516E-03    2.1896792E-01   -2.1896792E-01
 2.8300    2.1226879E-03    2.1363327E-01   -2.1363327E-01
 2.8400    2.0563397E-03    2.0842096E-01   -2.0842096E-01
 2.8500    1.9920545E-03    2.0332969E-01   -2.0332969E-01
 2.8600    1.9297819E-03    1.9835820E-01   -1.9835820E-01
 2.8700    1.8694726E-03    1.9350526E-01   -1.9350526E-01
 2.8800    1.8110780E-03    1.8876957E-01   -1.8876957E-01
 2.8900    1.7545485E-03    1.8414966E-01   -1.8414966E-01
 2.9000    1.6998324E-03    1.7964369E-01   -1.7964369E-01
 2.9100    1.6468755E-03    1.7524943E-01   -1.7524943E-01
 2.9200    1.5956229E-03    1.7096446E-01   -1.7096446E-01
 2.9300    1.5460211E-03    1.6678636E-01   -1.6678636E-01
 2.9400    1.4980198E-03    1.6271293E-01   -1.6271293E-01
 2.9500    1.4515712E-03    1.5874214E-01   -1.5874214E-01
 2.9600    1.4066286E-03    1.5487194E-01   -1.5487194E-01
 2.9700    1.3631441E-03    1.5110002E-01   -1.5110002E-01
 2.9800    1.3210685E-03    1.4742384E-01   -1.4742384E-01
 2.9900    1.2803530E-03    1.4384075E-01   -1.4384075E-01
 3.0000    1.2409502E-03    1.4034816E-01   -1.4034816E-01
 3.0100    1.2028149E-03    1.3694357E-01   -1.3694357E-01
 3.0200    1.1659033E-03    1.3362455E-01   -1.3362455E-01
 3.0300    1.1301722E-03    1.3038863E-01   -1.3038863E-01
 3.0400    1.0955785E-03    1.2723323E-01   -1.2723323E-01
 3.0500    1.0620798E-03    1.2415570E-01   -1.2415570E-01
 3.0600    1.0296347E-03    1.2115348E-01   -1.2115348E-01
 3.0700    9.9820428E-04    1.1822411E-01   -1.1822411E-01
 3.0800    9.6775151E-04    1.1536529E-01   -1.1536529E-01
 3.0900    9.3824092E-04    1.1257480E-01   -1.1257480E-01
 3.1000    9.0963760E-04    1.0985040E-01   -1.0985040E-01
 3.1100    8.8190683E-04    1.0718977E-01   -1.0718977E-01
 3.1200    8.5501437E-04    1.0459056E-01   -1.0459056E-01
 3.1300    8.2892742E-04    1.0205048E-01   -1.0205048E-01
 3.1400    8.0361559E-04    9.9567480E-02   -9.9567480E-02
 3.1500    7.7905160E-04    9.7139798E-02   -9.7139798E-02
 3.1600    7.5521141E-04    9.4766005E-02   -9.4766005E-02
 3.1700    7.3207370E-04    9.2444950E-02   -9.2444950E-02
 3.1800    7.0961881E-04    9.0175638E-02   -9.0175638E-02
 3.1900    6.8782774E-04    8.7957103E-02   -8.7957103E-02
 3.2000    6.6668161E-04    8.5788347E-02   -8.5788347E-02
 3.2100    6.4616184E-04    8.3668356E-02   -8.3668356E-02
 3.2200    6.2625042E-04    8.1596144E-02   -8.1596144E-02
 3.2300    6.0693009E-04    7.9570773E-02   -7.9570773E-02
 3.2400    5.8818422E-04    7.7591340E-02   -7.7591340E-02
 3.2500    5.6999676E-04    7.5656975E-02   -7.5656975E-02
 3.2600    5.5235251E-04    7.3766877E-02   -7.3766877E-02
 3.2700    5.3523737E-04    7.1920350E-02   -7.1920350E-02
 3.2800    5.1863843E-04    7.0116825E-02   -7.0116825E-02
 3.2900    5.0254375E-04    6.8355826E-02   -6.8355826E-02
 3.3000    4.8694206E-04    6.6636938E-02   -6.6636938E-02
 3.3100    4.7182256E-04    6.4959782E-02   -6.4959782E-02
 3.3200    4.5717458E-04    6.3323966E-02   -6.3323966E-02
 3.3300    4.4298699E-04    6.1729008E-02   -6.1729008E-02
 3.3400    4.2924757E-04    6.0174244E-02   -6.0174244E-02
 3.3500    4.1594302E-04    5.8658819E-02   -5.8658819E-02
 3.3600    4.0305969E-04    5.7181795E-02   -5.7181795E-02
 3.3700    3.9058461E-04    5.5742288E-02   -5.5742288E-02
 3.3800    3.7850599E-04    5.4339548E-02   -5.4339548E-02
 3.3900    3.6681307E-04    5.2972938E-02   -5.2972938E-02
 3.4000    3.5549566E-04    5.1641875E-02   -5.1641875E-02
 3.4100    3.4454377E-04    5.0345774E-02   -5.0345774E-02
 3.4200    3.3394736E-04    4.9084016E-02   -4.9084016E-02
 3.4300    3.2369616E-04    4.7855919E-02   -4.7855919E-02
 3.4400    3.1377944E-04    4.6660699E-02   -4.6660699E-02
 3.4500    3.0418583E-04    4.5497448E-02   -4.5497448E-02
 3.4600    2.9490343E-04    4.4365143E-02   -4.4365143E-02
 3.4700    2.8592017E-04    4.3262699E-02   -4.3262699E-02
 3.4800    2.7722430E-04    4.2189040E-02   -4.2189040E-02
 3.4900    2.6880458E-04    4.1143135E-02   -4.1143135E-02
 3.5000    2.6065024E-04    4.0123988E-02   -4.0123988E-02
 3.5100    2.5275061E-04    3.9130583E-02   -3.9130583E-02
 3.5200    2.4509491E-04    3.8161855E-02   -3.8161855E-02
 3.5300    2.3767247E-04    3.7216724E-02   -3.7216724E-02
 3.5400    2.3047341E-04    3.6294199E-02   -3.6294199E-02
 3.5500    2.2348932E-04    3.5393487E-02   -3.5393487E-02
 3.5600    2.1671343E-04    3.4514031E-02   -3.4514031E-02
 3.5700    2.1014021E-04    3.3655454E-02   -3.3655454E-02
 3.5800    2.0376456E-04    3.2817430E-02   -3.2817430E-02
 3.5900    1.9758106E-04    3.1999565E-02   -3.1999565E-02
 3.6000    1.9158343E-04    3.1201308E-02   -3.1201308E-02
 3.6100    1.8576452E-04    3.0421949E-02   -3.0421949E-02
 3.6200    1.8011672E-04    2.9660675E-02   -2.9660675E-02
 3.6300    1.7463273E-04    2.8916702E-02   -2.8916702E-02
 3.6400    1.6930629E-04    2.8189392E-02   -2.8189392E-02
 3.6500    1.6413237E-04    2.7478299E-02   -2.7478299E-02
 3.6600    1.5910697E-04    2.6783124E-02   -2.6783124E-02
 3.6700    1.5422651E-04    2.6103638E-02   -2.6103638E-02
 3.6800    1.4948766E-04    2.5439634E-02   -2.5439634E-02
 3.6900    1.4488736E-04    2.4790945E-02   -2.4790945E-02
 3.7000    1.4042298E-04    2.4157472E-02   -2.4157472E-02
 3.7100    1.3609224E-04    2.3539164E-02   -2.3539164E-02
 3.7200    1.3189270E-04    2.2935938E-02   -2.2935938E-02
 3.7300    1.2782130E-04    2.2347594E-02   -2.2347594E-02
 3.7400    1.2387425E-04    2.1773793E-02   -2.1773793E-02
 3.7500    1.2004741E-04    2.1214128E-02   -2.1214128E-02
 3.7600    1.1633696E-04    2.0668230E-02   -2.0668230E-02
 3.7700    1.1273984E-04    2.0135851E-02   -2.0135851E-02
 3.7800    1.0925372E-04    1.9616869E-02   -1.9616869E-02
 3.7900    1.0587662E-04    1.9111217E-02   -1.9111217E-02
 3.8000    1.0260637E-04    1.8618788E-02   -1.8618788E-02
 3.8100    9.9440408E-05    1.8139391E-02   -1.8139391E-02
 3.8200    9.6375777E-05    1.7672764E-02   -1.7672764E-02
 3.8300    9.3409464E-05    1.7218618E-02   -1.7218618E-02
 3.8400    9.0538527E-05    1.6776669E-02   -1.6776669E-02
 3.8500    8.7760040E-05    1.6346626E-02   -1.6346626E-02
 3.8600    8.5070972E-05    1.5928170E-02   -1.5928170E-02
 3.8700    8.2468244E-05    1.5520959E-02   -1.5520959E-02
 3.8800    7.9948963E-05    1.5124678E-02   -1.5124678E-02
 3.8900    7.7510613E-05    1.4739075E-02   -1.4739075E-02
 3.9000    7.5150922E-05    1.4363934E-02   -1.4363934E-02
 3.9100    7.2867467E-05    1.3999001E-02   -1.3999001E-02
 3.9200    7.0657355E-05    1.3643927E-02   -1.3643927E-02
 3.9300    6.8517305E-05    1.3298273E-02   -1.3298273E-02
 3.9400    6.6443994E-05    1.2961583E-02   -1.2961583E-02
 3.9500    6.4434361E-05    1.2633439E-02   -1.2633439E-02
 3.9600    6.2485676E-05    1.2313477E-02   -1.2313477E-02
 3.9700    6.0595542E-05    1.2001390E-02   -1.2001390E-02
 3.9800    5.8761980E-05    1.1696944E-02   -1.1696944E-02
 3.9900    5.6983504E-05    1.1399999E-02   -1.1399999E-02
 4.0000    5.5258965E-05    1.1110474E-02   -1.1110474E-02
 4.0100    5.3587149E-05    1.0828275E-02   -1.0828275E-02
 4.0200    5.1966502E-05    1.0553231E-02   -1.0553231E-02
 4.0300    5.0395194E-05    1.0285113E-02   -1.0285113E-02
 4.0400    4.8871373E-05    1.0023679E-02   -1.0023679E-02
 4.0500    4.7393247E-05    9.7686910E-03   -9.7686910E-03
 4.0600    4.5958993E-05    9.5199010E-03   -9.5199010E-03
 4.0700    4.4566752E-05    9.2770451E-03   -9.2770451E-03
 4.0800    4.3214868E-05    9.0398948E-03   -9.0398948E-03
 4.0900    4.1902135E-05    8.8083107E-03   -8.8083107E-03
 4.1000    4.0627762E-05    8.5822365E-03   -8.5822365E-03
 4.1100    3.9391049E-05    8.3616321E-03   -8.3616321E-03
 4.1200    3.8191053E-05    8.1464036E-03   -8.1464036E-03
 4.1300    3.7026527E-05    7.9363889E-03   -7.9363889E-03
 4.1400    3.5896136E-05    7.7314019E-03   -7.7314019E-03
 4.1500    3.4798723E-05    7.5312899E-03   -7.5312899E-03
 4.1600    3.3733390E-05    7.3359525E-03   -7.3359525E-03
 4.1700    3.2699376E-05    7.1453159E-03   -7.1453159E-03
 4.1800    3.1695918E-05    6.9593033E-03   -6.9593033E-03
 4.1900    3.0722314E-05    6.7778482E-03   -6.7778482E-03
 4.2000    2.9778143E-05    6.6009442E-03   -6.6009442E-03
 4.2100    2.8863358E-05    6.4286667E-03   -6.4286667E-03
 4.2200    2.7977998E-05    6.2611110E-03   -6.2611110E-03
 4.2300    2.7121696E-05    6.0982811E-03   -6.0982811E-03
 4.2400    2.6293414E-05    5.9400288E-03   -5.9400288E-03
 4.2500    2.5491676E-05    5.7861023E-03   -5.7861023E-03
 4.2600    2.4715077E-05    5.6362602E-03   -5.6362602E-03
 4.2700    2.3962643E-05    5.4903537E-03   -5.4903537E-03
 4.2800    2.3233824E-05    5.3483287E-03   -5.3483287E-03
 4.2900    2.2528259E-05    5.2101723E-03   -5.2101723E-03
 4.3000    2.1845509E-05    5.0758519E-03   -5.0758519E-03
 4.3100    2.1184880E-05    4.9452747E-03   -4.9452747E-03
 4.3200    2.0545368E-05    4.8182716E-03   -4.8182716E-03
 4.3300    1.9925711E-05    4.6946096E-03   -4.6946096E-03
 4.3400    1.9324596E-05    4.5740377E-03   -4.5740377E-03
 4.3500    1.8740979E-05    4.4563640E-03   -4.4563640E-03
 4.3600    1.8174379E-05    4.3415263E-03   -4.3415263E-03
 4.3700    1.7624863E-05    4.2295922E-03   -4.2295922E-03
 4.3800    1.7092653E-05    4.1206674E-03   -4.1206674E-03
 4.3900    1.6577619E-05    4.0147736E-03   -4.0147736E-03
 4.4000    1.6079100E-05    3.9118029E-03   -3.9118029E-03
 4.4100    1.5596184E-05    3.8115830E-03   -3.8115830E-03
 4.4200    1.5128121E-05    3.7139786E-03   -3.7139786E-03
 4.4300    1.4674462E-05    3.6189243E-03   -3.6189243E-03
 4.4400    1.4234843E-05    3.5263749E-03   -3.5263749E-03
 4.4500    1.3808745E-05    3.4362447E-03   -3.4362447E-03
 4.4600    1.3395500E-05    3.3484091E-03   -3.3484091E-03
 4.4700    1.2994502E-05    3.2627556E-03   -3.2627556E-03
 4.4800    1.2605337E-05    3.1792183E-03   -3.1792183E-03
 4.4900    1.2227697E-05    3.0977561E-03   -3.0977561E-03
 4.5000    1.1861203E-05    3.0183085E-03   -3.0183085E-03
 4.5100    1.1505343E-05    2.9407798E-03   -2.9407798E-03
 4.5200    1.1159588E-05    2.8650678E-03   -2.8650678E-03
 4.5300    1.0823546E-05    2.7911029E-03   -2.7911029E-03
 4.5400    1.0497009E-05    2.7188618E-03   -2.7188618E-03
 4.5500    1.0179892E-05    2.6483527E-03   -2.6483527E-03
 4.5600    9.8721450E-06    2.5795923E-03   -2.5795923E-03
 4.5700    9.5736829E-06    2.5125881E-03   -2.5125881E-03
 4.5800    9.2843619E-06    2.4473319E-03   -2.4473319E-03
 4.5900    9.0039737E-06    2.3837980E-03   -2.3837980E-03
 4.6000    8.7322590E-06    2.3219461E-03   -2.3219461E-03
 4.6100    8.4689489E-06    2.2617324E-03   -2.2617324E-03
 4.6200    8.2138319E-06    2.2031275E-03   -2.2031275E-03
 4.6300    7.9668016E-06    2.1461291E-03   -2.1461291E-03
 4.6400    7.7278302E-06    2.0907562E-03   -2.0907562E-03
 4.6500    7.4968729E-06    2.0370229E-03   -2.0370229E-03
 4.6600    7.2737690E-06    1.9849118E-03   -1.9849118E-03
 4.6700    7.0582169E-06    1.9343659E-03   -1.9343659E-03
 4.6800    6.8498335E-06    1.8853049E-03   -1.8853049E-03
 4.6900    6.6482496E-06    1.8376503E-03   -1.8376503E-03
 4.7000    6.4531698E-06    1.7913427E-03   -1.7913427E-03
 4.7100    6.2643537E-06    1.7463366E-03   -1.7463366E-03
 4.7200    6.0815340E-06    1.7025779E-03   -1.7025779E-03
 4.7300    5.9043412E-06    1.6599828E-03   -1.6599828E-03
 4.7400    5.7323073E-06    1.6184378E-03   -1.6184378E-03
 4.7500    5.5649608E-06    1.5778263E-03   -1.5778263E-03
 4.7600    5.4019569E-06    1.5380657E-03   -1.5380657E-03
 4.7700    5.2431713E-06    1.4991347E-03   -1.4991347E-03
 4.7800    5.0887042E-06    1.4610762E-03   -1.4610762E-03
 4.7900    4.9387755E-06    1.4239678E-03   -1.4239678E-03
 4.8000    4.7935380E-06    1.3878691E-03   -1.3878691E-03
 4.8100    4.6528969E-06    1.3527684E-03   -1.3527684E-03
 4.8200    4.5164417E-06    1.3185614E-03   -1.3185614E-03
 4.8300    4.3835277E-06    1.2850732E-03   -1.2850732E-03
 4.8400    4.2534485E-06    1.2521079E-03   -1.2521079E-03
 4.8500    4.1256305E-06    1.2195052E-03   -1.2195052E-03
 4.8600    3.9998405E-06    1.1872032E-03   -1.1872032E-03
 4.8700    3.8764067E-06    1.1553062E-03   -1.1553062E-03
 4.8800    3.7563255E-06    1.1241201E-03   -1.1241201E-03
 4.8900    3.6410212E-06    1.0940843E-03   -1.0940843E-03
 4.9000    3.5316980E-06    1.0655788E-03   -1.0655788E-03
 4.9100    3.4286314E-06    1.0387084E-03   -1.0387084E-03
 4.9200    3.3309475E-06    1.0132296E-03   -1.0132296E-03
 4.9300    3.2370903E-06    9.8868631E-04   -9.8868631E-04
 4.9400    3.1455716E-06    9.6463572E-04   -9.6463572E-04
 4.9500    3.0554020E-06    9.4078117E-04   -9.4078117E-04
 4.9600    2.9660298E-06    9.1695650E-04   -9.1695650E-04
 4.9700    2.8771662E-06    8.9307431E-04   -8.9307431E-04
 4.9800    2.7889168E-06    8.6916877E-04   -8.6916877E-04
 4.9900    2.7021417E-06    8.4551065E-04   -8.4551065E-04
 5.0000    2.6185014E-06    8.2262646E-04   -8.2262646E-04
 5.0100    2.5398099E-06    8.0109962E-04   -8.0109962E-04
 5.0200    2.4670139E-06    7.8124795E-04   -7.8124795E-04
 5.0300    2.3995916E-06    7.6292732E-04   -7.6292732E-04
 5.0400    2.3358628E-06    7.4562125E-04   -7.4562125E-04
 5.0500    2.2739274E-06    7.2873429E-04   -7.2873429E-04
 5.0600    2.2125286E-06    7.1186853E-04   -7.1186853E-04
 5.0700    2.1513835E-06    6.9493409E-04   -6.9493409E-04
 5.0800    2.0910011E-06    6.7809658E-04   -6.7809658E-04
 5.0900    2.0322502E-06    6.6164130E-04   -6.6164130E-04
 5.1000    1.9758961E-06    6.4582421E-04   -6.4582421E-04
 5.1100    1.9222536E-06    6.3075739E-04   -6.3075739E-04
 5.1200    1.8710738E-06    6.1636888E-04   -6.1636888E-04
 5.1300    1.8217160E-06    6.0245590E-04   -6.0245590E-04
 5.1400    1.7735075E-06    5.8880180E-04   -5.8880180E-04
 5.1500    1.7260749E-06    5.7528621E-04   -5.7528621E-04
 5.1600    1.6794612E-06    5.6192614E-04   -5.6192614E-04
 5.1700    1.6340089E-06    5.4883950E-04   -5.4883950E-04
 5.1800    1.5901373E-06    5.3617187E-04   -5.3617187E-04
 5.1900    1.5481541E-06    5.2403316E-04   -5.2403316E-04
 5.2000    1.5081543E-06    5.1246278E-04   -5.1246278E-04
 5.2100    1.4699921E-06    5.0141847E-04   -5.0141847E-04
 5.2200    1.4333089E-06    4.9078431E-04   -4.9078431E-04
 5.2300    1.3976235E-06    4.8040048E-04   -4.8040048E-04
 5.2400    1.3624727E-06    4.7011081E-04   -4.7011081E-04
 5.2500    1.3275459E-06    4.5980957E-04   -4.5980957E-04
 5.2600    1.2927536E-06    4.4946626E-04   -4.4946626E-04
 5.2700    1.2582157E-06    4.3912302E-04   -4.3912302E-04
 5.2800    1.2242002E-06    4.2887442E-04   -4.2887442E-04
 5.2900    1.1910390E-06    4.1883906E-04   -4.1883906E-04
 5.3000    1.1590240E-06    4.0912312E-04   -4.0912312E-04
 5.3100    1.1282906E-06    3.9977889E-04   -3.9977889E-04
 5.3200    1.0987434E-06    3.9077737E-04   -3.9077737E-04
 5.3300    1.0700947E-06    3.8202036E-04   -3.8202036E-04
 5.3400    1.0420186E-06    3.7339444E-04   -3.7339444E-04
 5.3500    1.0143254E-06    3.6483351E-04   -3.6483351E-04
 5.3600    9.8703636E-07    3.5634658E-04   -3.5634658E-04
 5.3700    9.6032390E-07    3.4799754E-04   -3.4799754E-04
 5.3800    9.3438836E-07    3.3986139E-04   -3.3986139E-04
 5.3900    9.0936136E-07    3.3198915E-04   -3.3198915E-04
 5.4000    8.8526706E-07    3.2439316E-04   -3.2439316E-04
 5.4100    8.6202852E-07    3.1704874E-04   -3.1704874E-04
 5.4200    8.3951168E-07    3.0990971E-04   -3.0990971E-04
 5.4300    8.1760284E-07    3.0293672E-04   -3.0293672E-04
 5.4400    7.9628084E-07    2.9612422E-04   -2.9612422E-04
 5.4500    7.7562549E-07    2.8950425E-04   -2.8950425E-04
 5.4600    7.5574976E-07    2.8312171E-04   -2.8312171E-04
 5.4700    7.3671341E-07    2.7700212E-04   -2.7700212E-04
 5.4800    7.1848594E-07    2.7113729E-04   -2.7113729E-04
 5.4900    7.0097063E-07    2.6549380E-04   -2.6549380E-04
 5.5000    6.8405263E-07    2.6003078E-04   -2.6003078E-04
 5.5100    6.6763595E-07    2.5471397E-04   -2.5471397E-04
 5.5200    6.5166250E-07    2.4952309E-04   -2.4952309E-04
 5.5300    6.3611838E-07    2.4445452E-04   -2.4445452E-04
 5.5400    6.2102940E-07    2.3951988E-04   -2.3951988E-04
 5.5500    6.0644863E-07    2.3474149E-04   -2.3474149E-04
 5.5600    5.9244486E-07    2.3014810E-04   -2.3014810E-04
 5.5700    5.7909399E-07    2.2577160E-04   -2.2577160E-04
 5.5800    5.6646022E-07    2.2163976E-04   -2.2163976E-04
 5.5900    5.5455818E-07    2.1776125E-04   -2.1776125E-04
 5.6000    5.4331958E-07    2.1411213E-04   -2.1411213E-04
 5.6100    5.3261199E-07    2.1064275E-04   -2.1064275E-04
 5.6200    5.2232504E-07    2.0731147E-04   -2.0731147E-04
 5.6300    5.1246453E-07    2.0412230E-04   -2.0412230E-04
 5.6400    5.0315849E-07    2.0112816E-04   -2.0112816E-04
 5.6500    4.9454197E-07    1.9838549E-04   -1.9838549E-04
 5.6600    4.8659884E-07    1.9589069E-04   -1.9589069E-04
 5.6700    4.7908681E-07    1.9354867E-04   -1.9354867E-04
 5.6800    4.7160688E-07    1.9119946E-04   -1.9119946E-04
 5.6900    4.6376845E-07    1.8868423E-04   -1.8868423E-04
 5.7000    4.5533873E-07    1.8590633E-04   -1.8590633E-04
 5.7100    4.4628507E-07    1.8284978E-04   -1.8284978E-04
 5.7200    4.3669881E-07    1.7954939E-04   -1.7954939E-04
 5.7300    4.2667899E-07    1.7604365E-04   -1.7604365E-04
 5.7400    4.1629275E-07    1.7235842E-04   -1.7235842E-04
 5.7500    4.0567084E-07    1.6854635E-04   -1.6854635E-04
 5.7600    3.9516011E-07    1.6475095E-04   -1.6475095E-04
 5.7700    3.8535242E-07    1.6122025E-04   -1.6122025E-04
 5.7800    3.7687020E-07    1.5821853E-04   -1.5821853E-04
 5.7900    3.7000736E-07    1.5587532E-04   -1.5587532E-04
 5.8000    3.6450250E-07    1.5408713E-04   -1.5408713E-04
 5.8100    3.5964870E-07    1.5255998E-04   -1.5255998E-04
 5.8200    3.5466744E-07    1.5096531E-04   -1.5096531E-04
 5.8300    3.4907291E-07    1.4909502E-04   -1.4909502E-04
 5.8400    3.4280851E-07    1.4692211E-04   -1.4692211E-04
 5.8500    3.3614441E-07    1.4455978E-04   -1.4455978E-04
 5.8600    3.2946841E-07    1.4217357E-04   -1.4217357E-04
 5.8700    3.2310653E-07    1.3990454E-04   -1.3990454E-04
 5.8800    3.1724001E-07    1.3783277E-04   -1.3783277E-04
 5.8900    3.1191268E-07    1.3597952E-04   -1.3597952E-04
 5.9000    3.0707801E-07    1.3432678E-04   -1.3432678E-04
 5.9100    3.0263887E-07    1.3283409E-04   -1.3283409E-04
 5.9200    2.9847521E-07    1.3145029E-04   -1.3145029E-04
 5.9300    2.9448175E-07    1.3013006E-04   -1.3013006E-04
 5.9400    2.9061406E-07    1.2885443E-04   -1.2885443E-04
 5.9500    2.8690386E-07    1.2763806E-04   -1.2763806E-04
 5.9600    2.8341553E-07    1.2651034E-04   -1.2651034E-04
 5.9700    2.8017213E-07    1.2548259E-04   -1.2548259E-04
 5.9800    2.7711490E-07    1.2452946E-04   -1.2452946E-04
 5.9900    2.7413122E-07    1.2360101E-04   -1.2360101E-04
 6.0000    2.7112469E-07    1.2265392E-04   -1.2265392E-04
 6.0100    2.6807037E-07    1.2167675E-04   -1.2167675E-04
 6.0200    2.6502105E-07    1.2069331E-04   -1.2069331E-04
 6.0300    2.6207224E-07    1.1974724E-04   -1.1974724E-04
 6.0400    2.5931574E-07    1.1888104E-04   -1.1888104E-04
 6.0500    2.5680661E-07    1.1812092E-04   -1.1812092E-04
 6.0600    2.5455478E-07    1.1747254E-04   -1.1747254E-04
 6.0700    2.5254038E-07    1.1692788E-04   -1.1692788E-04
 6.0800    2.5073907E-07    1.1647670E-04   -1.1647670E-04
 6.0900    2.4913050E-07    1.1611046E-04   -1.1611046E-04
 6.1000    2.4767280E-07    1.1581048E-04   -1.1581048E-04
 6.1100    2.4626552E-07    1.1553030E-04   -1.1553030E-04
 6.1200    2.4475185E-07    1.1519634E-04   -1.1519634E-04
 6.1300    2.4298058E-07    1.1473671E-04   -1.1473671E-04
 6.1400    2.4088127E-07    1.1411682E-04   -1.1411682E-04
 6.1500    2.3848379E-07    1.1334933E-04   -1.1334933E-04
 6.1600    2.3586898E-07    1.1247140E-04   -1.1247140E-04
 6.1700    2.3310607E-07    1.1151513E-04   -1.1151513E-04
 6.1800    2.3023405E-07    1.1049849E-04   -1.1049849E-04
 6.1900    2.2728883E-07    1.0943828E-04   -1.0943828E-04
 6.2000    2.2433630E-07    1.0836594E-04   -1.0836594E-04
 6.2100    2.2148105E-07    1.0733210E-04   -1.0733210E-04
 6.2200    2.1885060E-07    1.0639920E-04   -1.0639920E-04
 6.2300    2.1656407E-07    1.0562637E-04   -1.0562637E-04
 6.2400    2.1468652E-07    1.0504704E-04   -1.0504704E-04
 6.2500    2.1317740E-07    1.0464321E-04   -1.0464321E-04
 6.2600    2.1186697E-07    1.0433302E-04   -1.0433302E-04
 6.2700    2.1050050E-07    1.0399156E-04   -1.0399156E-04
 6.2800    2.0884749E-07    1.0350431E-04   -1.0350431E-04
 6.2900    2.0681097E-07    1.0282169E-04   -1.0282169E-04
 6.3000    2.0445949E-07    1.0197606E-04   -1.0197606E-04
 6.3100    2.0196723E-07    1.0105306E-04   -1.0105306E-04
 6.3200    1.9952658E-07    1.0014858E-04   -1.0014858E-04
 6.3300    1.9730472E-07    9.9347000E-05   -9.9347000E-05
 6.3400    1.9544715E-07    9.8722857E-05   -9.8722857E-05
 6.3500    1.9407372E-07    9.8338603E-05   -9.8338603E-05
 6.3600    1.9323269E-07    9.8221077E-05   -9.8221077E-05
 6.3700    1.9283946E-07    9.8329682E-05   -9.8329682E-05
 6.3800    1.9265495E-07    9.8544276E-05   -9.8544276E-05
 6.3900    1.9233575E-07    9.8689648E-05   -9.8689648E-05
 6.4000    1.9154420E-07    9.8591350E-05   -9.8591350E-05
 6.4100    1.9006827E-07    9.8137624E-05   -9.8137624E-05
 6.4200    1.8788621E-07    9.7313886E-05   -9.7313886E-05
 6.4300    1.8514274E-07    9.6191900E-05   -9.6191900E-05
 6.4400    1.8207056E-07    9.4890193E-05   -9.4890193E-05
 6.4500    1.7892908E-07    9.3542769E-05   -9.3542769E-05
 6.4600    1.7599476E-07    9.2294248E-05   -9.2294248E-05
 6.4700    1.7356217E-07    9.1300572E-05   -9.1300572E-05
 6.4800    1.7189070E-07    9.0701037E-05   -9.0701037E-05
 6.4900    1.7108903E-07    9.0556874E-05   -9.0556874E-05
 6.5000    1.7100946E-07    9.0793906E-05   -9.0793906E-05
 6.5100    1.7124254E-07    9.1197618E-05   -9.1197618E-05
 6.5200    1.7123972E-07    9.1476506E-05   -9.1476506E-05
 6.5300    1.7050920E-07    9.1365880E-05   -9.1365880E-05
 6.5400    1.6880070E-07    9.0727639E-05   -9.0727639E-05
 6.5500    1.6621596E-07    8.9611796E-05   -8.9611796E-05
 6.5600    1.6320175E-07    8.8255614E-05   -8.8255614E-05
 6.5700    1.6039673E-07    8.7003378E-05   -8.7003378E-05
 6.5800    1.5836349E-07    8.6162187E-05   -8.6162187E-05
 6.5900    1.5733640E-07    8.5863761E-05   -8.5863761E-05
 6.6000    1.5714503E-07    8.6019790E-05   -8.6019790E-05
 6.6100    1.5735856E-07    8.6397895E-05   -8.6397895E-05
 6.6200    1.5753453E-07    8.6756416E-05   -8.6756416E-05
 6.6300    1.5740552E-07    8.6947454E-05   -8.6947454E-05
 6.6400    1.5692968E-07    8.6946300E-05   -8.6946300E-05
 6.6500    1.5624172E-07    8.6826074E-05   -8.6826074E-05
 6.6600    1.5556988E-07    8.6712928E-05   -8.6712928E-05
 6.6700    1.5514994E-07    8.6738746E-05   -8.6738746E-05
 6.6800    1.5513916E-07    8.6992982E-05   -8.6992982E-05
 6.6900    1.5554009E-07    8.7479128E-05   -8.7479128E-05
 6.7000    1.5616637E-07    8.8094134E-05   -8.8094134E-05
 6.7100    1.5668927E-07    8.8653151E-05   -8.8653151E-05
 6.7200    1.5677018E-07    8.8963502E-05   -8.8963502E-05
 6.7300    1.5622146E-07    8.8916160E-05   -8.8916160E-05
 6.7400    1.5509979E-07    8.8540273E-05   -8.8540273E-05
 6.7500    1.5366895E-07    8.7983968E-05   -8.7983968E-05
 6.7600    1.5225564E-07    8.7433254E-05   -8.7433254E-05
 6.7700    1.5108900E-07    8.7020196E-05   -8.7020196E-05
 6.7800    1.5021410E-07    8.6772068E-05   -8.6772068E-05
 6.7900    1.4951234E-07    8.6621647E-05   -8.6621647E-05
 6.8000    1.4879935E-07    8.6462686E-05   -8.6462686E-05
 6.8100    1.4793819E-07    8.6215311E-05   -8.6215311E-05
 6.8200    1.4690909E-07    8.5867194E-05   -8.5867194E-05
 6.8300    1.4580397E-07    8.5471361E-05   -8.5471361E-05
 6.8400    1.4475191E-07    8.5103294E-05   -8.5103294E-05
 6.8500    1.4381996E-07    8.4802795E-05   -8.4802795E-05
 6.8600    1.4295566E-07    8.4539457E-05   -8.4539457E-05
 6.8700    1.4201880E-07    8.4230461E-05   -8.4230461E-05
 6.8800    1.4088975E-07    8.3804267E-05   -8.3804267E-05
 6.8900    1.3957951E-07    8.3266436E-05   -8.3266436E-05
 6.9000    1.3825695E-07    8.2717048E-05   -8.2717048E-05
 6.9100    1.3716957E-07    8.2304530E-05   -8.2304530E-05
 6.9200    1.3651970E-07    8.2151858E-05   -8.2151858E-05
 6.9300    1.3638898E-07    8.2310572E-05   -8.2310572E-05
 6.9400    1.3674444E-07    8.2763430E-05   -8.2763430E-05
 6.9500    1.3747302E-07    8.3444354E-05   -8.3444354E-05
 6.9600    1.3838136E-07    8.4237588E-05   -8.4237588E-05
 6.9700    1.3918013E-07    8.4967467E-05   -8.4967467E-05
 6.9800    1.3953568E-07    8.5429128E-05   -8.5429128E-05
 6.9900    1.3921014E-07    8.5474208E-05   -8.5474208E-05
 7.0000    1.3818293E-07    8.5086438E-05   -8.5086438E-05
 7.0100    1.3661987E-07    8.4364505E-05   -8.4364505E-05
 7.0200    1.3470135E-07    8.3417282E-05   -8.3417282E-05
 7.0300    1.3248730E-07    8.2280091E-05   -8.2280091E-05
 7.0400    1.2998085E-07    8.0953301E-05   -8.0953301E-05
 7.0500    1.2734340E-07    7.9536145E-05   -7.9536145E-05
 7.0600    1.2502414E-07    7.8309262E-05   -7.8309262E-05
 7.0700    1.2361136E-07    7.7643855E-05   -7.7643855E-05
 7.0800    1.2347049E-07    7.7774914E-05   -7.7774914E-05
 7.0900    1.2445704E-07    7.8617967E-05   -7.8617967E-05
 7.1000    1.2595517E-07    7.9788913E-05   -7.9788913E-05
 7.1100    1.2722327E-07    8.0819402E-05   -8.0819402E-05
 7.1200    1.2778291E-07    8.1403418E-05   -8.1403418E-05
 7.1300    1.2757991E-07    8.1502554E-05   -8.1502554E-05
 7.1400    1.2685777E-07    8.1268711E-05   -8.1268711E-05
 7.1500    1.2590313E-07    8.0883225E-05   -8.0883225E-05
 7.1600    1.2487000E-07    8.0444068E-05   -8.0444068E-05
 7.1700    1.2376960E-07    7.9958043E-05   -7.9958043E-05
 7.1800    1.2257118E-07    7.9404869E-05   -7.9404869E-05
 7.1900    1.2131005E-07    7.8806931E-05   -7.8806931E-05
 7.2000    1.2012937E-07    7.8257157E-05   -7.8257157E-05
 7.2100    1.1923591E-07    7.7891036E-05   -7.7891036E-05
 7.2200    1.1879850E-07    7.7820718E-05   -7.7820718E-05
 7.2300    1.1885190E-07    7.8071511E-05   -7.8071511E-05
 7.2400    1.1926253E-07    7.8558106E-05   -7.8558106E-05
 7.2500    1.1976877E-07    7.9109648E-05   -7.9109648E-05
 7.2600    1.2006893E-07    7.9526843E-05   -7.9526843E-05
 7.2700    1.1992486E-07    7.9650387E-05   -7.9650387E-05
 7.2800    1.1925534E-07    7.9423766E-05   -7.9423766E-05
 7.2900    1.1818292E-07    7.8925920E-05   -7.8925920E-05
 7.3000    1.1699035E-07    7.8343979E-05   -7.8343979E-05
 7.3100    1.1598230E-07    7.7881862E-05   -7.7881862E-05
 7.3200    1.1532224E-07    7.7650650E-05   -7.7650650E-05
 7.3300    1.1495151E-07    7.7612645E-05   -7.7612645E-05
 7.3400    1.1464659E-07    7.7618119E-05   -7.7618119E-05
 7.3500    1.1416893E-07    7.7505494E-05   -7.7505494E-05
 7.3600    1.1339871E-07    7.7192230E-05   -7.7192230E-05
 7.3700    1.1237061E-07    7.6700388E-05   -7.6700388E-05
 7.3800    1.1121412E-07    7.6117148E-05   -7.6117148E-05
 7.3900    1.1006325E-07    7.5533753E-05   -7.5533753E-05
 7.4000    1.0899673E-07    7.5004408E-05   -7.5004408E-05
 7.4100    1.0802434E-07    7.4536312E-05   -7.4536312E-05
 7.4200    1.0710588E-07    7.4102183E-05   -7.4102183E-05
 7.4300    1.0619276E-07    7.3668600E-05   -7.3668600E-05
 7.4400    1.0528245E-07    7.3233828E-05   -7.3233828E-05
 7.4500    1.0445487E-07    7.2853613E-05   -7.2853613E-05
 7.4600    1.0384893E-07    7.2625571E-05   -7.2625571E-05
 7.4700    1.0357560E-07    7.2628742E-05   -7.2628742E-05
 7.4800    1.0362493E-07    7.2858008E-05   -7.2858008E-05
 7.4900    1.0384152E-07    7.3205642E-05   -7.3205642E-05
 7.5000    1.0398889E-07    7.3505416E-05   -7.3505416E-05
 7.5100    1.0385541E-07    7.3606960E-05   -7.3606960E-05
 7.5200    1.0334013E-07    7.3436935E-05   -7.3436935E-05
 7.5300    1.0248684E-07    7.3024387E-05   -7.3024387E-05
 7.5400    1.0145711E-07    7.2482810E-05   -7.2482810E-05
 7.5500    1.0044280E-07    7.1948640E-05   -7.1948640E-05
 7.5600    9.9556959E-08    7.1503134E-05   -7.1503134E-05
 7.5700    9.8784339E-08    7.1136046E-05   -7.1136046E-05
 7.5800    9.8040765E-08    7.0787238E-05   -7.0787238E-05
 7.5900    9.7284107E-08    7.0426372E-05   -7.0426372E-05
 7.6000    9.6561116E-08    7.0087299E-05   -7.0087299E-05
 7.6100    9.5943765E-08    6.9822587E-05   -6.9822587E-05
 7.6200    9.5430497E-08    6.9631699E-05   -6.9631699E-05
 7.6300    9.4925438E-08    6.9445091E-05   -6.9445091E-05
 7.6400    9.4326091E-08    6.9187625E-05   -6.9187625E-05
 7.6500    9.3635331E-08    6.8860867E-05   -6.8860867E-05
 7.6600    9.2982587E-08    6.8559719E-05   -6.8559719E-05
 7.6700    9.2526256E-08    6.8401493E-05   -6.8401493E-05
 7.6800    9.2328193E-08    6.8433167E-05   -6.8433167E-05
 7.6900    9.2315152E-08    6.8601804E-05   -6.8601804E-05
 7.7000    9.2347116E-08    6.8804152E-05   -6.8804152E-05
 7.7100    9.2308373E-08    6.8954040E-05   -6.8954040E-05
 7.7200    9.2137105E-08    6.9004756E-05   -6.9004756E-05
 7.7300    9.1797643E-08    6.8928747E-05   -6.8928747E-05
 7.7400    9.1262157E-08    6.8704078E-05   -6.8704078E-05
 7.7500    9.0535104E-08    6.8332967E-05   -6.8332967E-05
 7.7600    8.9681447E-08    6.7863447E-05   -6.7863447E-05
 7.7700    8.8810976E-08    6.7378066E-05   -6.7378066E-05
 7.7800    8.8028523E-08    6.6956458E-05   -6.6956458E-05
 7.7900    8.7395077E-08    6.6645641E-05   -6.6645641E-05
