# total charge: 8.000000 
# r(A)     rho (e/A^3)     4*pi*r^2*rho(e/A)  dip  
 0.0000   -6.8338912E-01   -0.0000000E+00    6.3830765E+01
 0.0100   -6.8112620E-01   -8.5592842E-04    6.3513264E+01
 0.0200   -6.7826751E-01   -3.4093443E-03    6.2570240E+01
 0.0300   -6.7469335E-01   -7.6306021E-03    6.1029681E+01
 0.0400   -6.7027657E-01   -1.3476710E-02    5.8936699E+01
 0.0500   -6.6487780E-01   -2.0887752E-02    5.6351340E+01
 0.0600   -6.5834278E-01   -2.9782726E-02    5.3345719E+01
 0.0700   -6.5051540E-01   -4.0055626E-02    5.0000685E+01
 0.0800   -6.4126885E-01   -5.1573901E-02    4.6402222E+01
 0.0900   -6.3053701E-01   -6.4180850E-02    4.2637821E+01
 0.1000   -6.1832374E-01   -7.7700852E-02    3.8793017E+01
 0.1100   -6.0468524E-01   -9.1944256E-02    3.4948293E+01
 0.1200   -5.8970021E-01   -1.0670964E-01    3.1176478E+01
 0.1300   -5.7344546E-01   -1.2178357E-01    2.7540758E+01
 0.1400   -5.5598534E-01   -1.3693967E-01    2.4093334E+01
 0.1500   -5.3737317E-01   -1.5193868E-01    2.0874754E+01
 0.1600   -5.1765845E-01   -1.6653025E-01    1.7913864E+01
 0.1700   -4.9689327E-01   -1.8045579E-01    1.5228308E+01
 0.1800   -4.7513388E-01   -1.9345095E-01    1.2825476E+01
 0.1900   -4.5243702E-01   -2.0524623E-01    1.0703777E+01
 0.2000   -4.2885474E-01   -2.1556590E-01    8.8541205E+00
 0.2100   -4.0443236E-01   -2.2412709E-01    7.2615024E+00
 0.2200   -3.7921133E-01   -2.3064101E-01    5.9065759E+00
 0.2300   -3.5323446E-01   -2.3481650E-01    4.7671425E+00
 0.2400   -3.2654993E-01   -2.3636434E-01    3.8194892E+00
 0.2500   -2.9921213E-01   -2.3500066E-01    3.0395287E+00
 0.2600   -2.7128014E-01   -2.3044886E-01    2.4037239E+00
 0.2700   -2.4281539E-01   -2.2244036E-01    1.8897899E+00
 0.2800   -2.1387942E-01   -2.1071475E-01    1.4771870E+00
 0.2900   -1.8453256E-01   -1.9501987E-01    1.1474251E+00
 0.3000   -1.5483349E-01   -1.7511255E-01    8.8420830E-01
 0.3100   -1.2483993E-01   -1.5076022E-01    6.7345127E-01
 0.3200   -9.4609628E-02   -1.2174332E-01    5.0319744E-01
 0.3300   -6.4201018E-02   -8.7857665E-02    3.6346870E-01
 0.3400   -3.3673125E-02   -4.8916021E-02    2.4607109E-01
 0.3500   -3.0849608E-03   -4.7489282E-03    1.4437816E-01
 0.3600    2.7505194E-02    4.4795005E-02    5.3109304E-02
 0.3700    5.8040274E-02    9.9848780E-02   -3.1883937E-02
 0.3800    8.8464580E-02    1.6052640E-01   -1.1381490E-01
 0.3900    1.1872369E-01    2.2692194E-01   -1.9513706E-01
 0.4000    1.4876431E-01    2.9910839E-01   -2.7769556E-01
 0.4100    1.7853419E-01    3.7713686E-01   -3.6285499E-01
 0.4200    2.0798234E-01    4.6103607E-01   -4.5160518E-01
 0.4300    2.3705937E-01    5.5081264E-01   -5.4464701E-01
 0.4400    2.6571785E-01    6.4645150E-01   -6.4246070E-01
 0.4500    2.9391257E-01    7.4791639E-01   -7.4535899E-01
 0.4600    3.2160057E-01    8.5515006E-01   -8.5352753E-01
 0.4700    3.4874106E-01    9.6807425E-01   -9.6705508E-01
 0.4800    3.7529530E-01    1.0865894E+00   -1.0859556E+00
 0.4900    4.0122638E-01    1.2105745E+00   -1.2101842E+00
 0.5000    4.2649923E-01    1.3398868E+00   -1.3396490E+00
 0.5100    4.5108081E-01    1.4743635E+00   -1.4742199E+00
 0.5200    4.7494054E-01    1.6138226E+00   -1.6137368E+00
 0.5300    4.9805048E-01    1.7580651E+00   -1.7580144E+00
 0.5400    5.2038520E-01    1.9068754E+00   -1.9068457E+00
 0.5500    5.4192150E-01    2.0600209E+00   -2.0600037E+00
 0.5600    5.6263808E-01    2.2172519E+00   -2.2172420E+00
 0.5700    5.8251558E-01    2.3783027E+00   -2.3782970E+00
 0.5800    6.0153664E-01    2.5428921E+00   -2.5428890E+00
 0.5900    6.1968600E-01    2.7107257E+00   -2.7107239E+00
 0.6000    6.3695050E-01    2.8814962E+00   -2.8814952E+00
 0.6100    6.5331897E-01    3.0548846E+00   -3.0548840E+00
 0.6200    6.6878219E-01    3.2305610E+00   -3.2305607E+00
 0.6300    6.8333286E-01    3.4081859E+00   -3.4081857E+00
 0.6400    6.9696560E-01    3.5874112E+00   -3.5874111E+00
 0.6500    7.0967696E-01    3.7678819E+00   -3.7678819E+00
 0.6600    7.2146543E-01    3.9492376E+00   -3.9492376E+00
 0.6700    7.3233129E-01    4.1311129E+00   -4.1311128E+00
 0.6800    7.4227653E-01    4.3131386E+00   -4.3131386E+00
 0.6900    7.5130465E-01    4.4949423E+00   -4.4949423E+00
 0.7000    7.5942064E-01    4.6761490E+00   -4.6761490E+00
 0.7100    7.6663092E-01    4.8563826E+00   -4.8563826E+00
 0.7200    7.7294356E-01    5.0352685E+00   -5.0352685E+00
 0.7300    7.7836820E-01    5.2124352E+00   -5.2124352E+00
 0.7400    7.8291599E-01    5.3875147E+00   -5.3875147E+00
 0.7500    7.8659926E-01    5.5601425E+00   -5.5601425E+00
 0.7600    7.8943134E-01    5.7299577E+00   -5.7299577E+00
 0.7700    7.9142655E-01    5.8966035E+00   -5.8966035E+00
 0.7800    7.9260028E-01    6.0597303E+00   -6.0597303E+00
 0.7900    7.9296917E-01    6.2189971E+00   -6.2189971E+00
 0.8000    7.9255118E-01    6.3740748E+00   -6.3740748E+00
 0.8100    7.9136566E-01    6.5246482E+00   -6.5246482E+00
 0.8200    7.8943324E-01    6.6704169E+00   -6.6704169E+00
 0.8300    7.8677549E-01    6.8110940E+00   -6.8110940E+00
 0.8400    7.8341450E-01    6.9464041E+00   -6.9464041E+00
 0.8500    7.7937263E-01    7.0760821E+00   -7.0760821E+00
 0.8600    7.7467268E-01    7.1998758E+00   -7.1998758E+00
 0.8700    7.6933830E-01    7.3175504E+00   -7.3175504E+00
 0.8800    7.6339426E-01    7.4288929E+00   -7.4288929E+00
 0.8900    7.5686634E-01    7.5337129E+00   -7.5337129E+00
 0.9000    7.4978090E-01    7.6318400E+00   -7.6318400E+00
 0.9100    7.4216444E-01    7.7231201E+00   -7.7231201E+00
 0.9200    7.3404331E-01    7.8074140E+00   -7.8074140E+00
 0.9300    7.2544386E-01    7.8845983E+00   -7.8845983E+00
 0.9400    7.1639259E-01    7.9545690E+00   -7.9545690E+00
 0.9500    7.0691637E-01    8.0172442E+00   -8.0172442E+00
 0.9600    6.9704259E-01    8.0725667E+00   -8.0725667E+00
 0.9700    6.8679907E-01    8.1205048E+00   -8.1205048E+00
 0.9800    6.7621395E-01    8.1610519E+00   -8.1610519E+00
 0.9900    6.6531544E-01    8.1942244E+00   -8.1942244E+00
 1.0000    6.5413146E-01    8.2200583E+00   -8.2200583E+00
 1.0100    6.4268936E-01    8.2386058E+00   -8.2386058E+00
 1.0200    6.3101577E-01    8.2499330E+00   -8.2499330E+00
 1.0300    6.1913672E-01    8.2541218E+00   -8.2541218E+00
 1.0400    6.0707792E-01    8.2512735E+00   -8.2512735E+00
 1.0500    5.9486507E-01    8.2415127E+00   -8.2415127E+00
 1.0600    5.8252385E-01    8.2249886E+00   -8.2249886E+00
 1.0700    5.7007968E-01    8.2018719E+00   -8.2018719E+00
 1.0800    5.5755747E-01    8.1723511E+00   -8.1723511E+00
 1.0900    5.4498136E-01    8.1366289E+00   -8.1366289E+00
 1.1000    5.3237473E-01    8.0949220E+00   -8.0949220E+00
 1.1100    5.1976027E-01    8.0474614E+00   -8.0474614E+00
 1.1200    5.0716004E-01    7.9944933E+00   -7.9944933E+00
 1.1300    4.9459547E-01    7.9362783E+00   -7.9362783E+00
 1.1400    4.8208734E-01    7.8730915E+00   -7.8730915E+00
 1.1500    4.6965577E-01    7.8052210E+00   -7.8052210E+00
 1.1600    4.5732015E-01    7.7329675E+00   -7.7329675E+00
 1.1700    4.4509918E-01    7.6566427E+00   -7.6566427E+00
 1.1800    4.3301079E-01    7.5765693E+00   -7.5765693E+00
 1.1900    4.2107220E-01    7.4930797E+00   -7.4930797E+00
 1.2000    4.0929989E-01    7.4065163E+00   -7.4065163E+00
 1.2100    3.9770958E-01    7.3172293E+00   -7.3172293E+00
 1.2200    3.8631614E-01    7.2255744E+00   -7.2255744E+00
 1.2300    3.7513326E-01    7.1319068E+00   -7.1319068E+00
 1.2400    3.6417315E-01    7.0365724E+00   -7.0365724E+00
 1.2500    3.5344608E-01    6.9398976E+00   -6.9398976E+00
 1.2600    3.4295996E-01    6.8421782E+00   -6.8421782E+00
 1.2700    3.3272015E-01    6.7436716E+00   -6.7436716E+00
 1.2800    3.2272946E-01    6.6445934E+00   -6.6445934E+00
 1.2900    3.1298838E-01    6.5451184E+00   -6.5451184E+00
 1.3000    3.0349559E-01    6.4453864E+00   -6.4453864E+00
 1.3100    2.9424837E-01    6.3455099E+00   -6.3455099E+00
 1.3200    2.8524314E-01    6.2455824E+00   -6.2455824E+00
 1.3300    2.7647582E-01    6.1456851E+00   -6.1456851E+00
 1.3400    2.6794207E-01    6.0458919E+00   -6.0458919E+00
 1.3500    2.5963744E-01    5.9462713E+00   -5.9462713E+00
 1.3600    2.5155740E-01    5.8468881E+00   -5.8468881E+00
 1.3700    2.4369744E-01    5.7478041E+00   -5.7478041E+00
 1.3800    2.3605305E-01    5.6490791E+00   -5.6490791E+00
 1.3900    2.2861984E-01    5.5507718E+00   -5.5507718E+00
 1.4000    2.2139347E-01    5.4529403E+00   -5.4529403E+00
 1.4100    2.1436968E-01    5.3556408E+00   -5.3556408E+00
 1.4200    2.0754418E-01    5.2589265E+00   -5.2589265E+00
 1.4300    2.0091267E-01    5.1628472E+00   -5.1628472E+00
 1.4400    1.9447087E-01    5.0674492E+00   -5.0674492E+00
 1.4500    1.8821452E-01    4.9727771E+00   -4.9727771E+00
 1.4600    1.8213947E-01    4.8788745E+00   -4.8788745E+00
 1.4700    1.7624169E-01    4.7857849E+00   -4.7857849E+00
 1.4800    1.7051721E-01    4.6935508E+00   -4.6935508E+00
 1.4900    1.6496215E-01    4.6022128E+00   -4.6022128E+00
 1.5000    1.5957261E-01    4.5118093E+00   -4.5118093E+00
 1.5100    1.5434475E-01    4.4223755E+00   -4.4223755E+00
 1.5200    1.4927473E-01    4.3339444E+00   -4.3339444E+00
 1.5300    1.4435879E-01    4.2465473E+00   -4.2465473E+00
 1.5400    1.3959323E-01    4.1602138E+00   -4.1602138E+00
 1.5500    1.3497438E-01    4.0749719E+00   -4.0749719E+00
 1.5600    1.3049866E-01    3.9908472E+00   -3.9908472E+00
 1.5700    1.2616246E-01    3.9078629E+00   -3.9078629E+00
 1.5800    1.2196226E-01    3.8260399E+00   -3.8260399E+00
 1.5900    1.1789453E-01    3.7453962E+00   -3.7453962E+00
 1.6000    1.1395580E-01    3.6659478E+00   -3.6659478E+00
 1.6100    1.1014264E-01    3.5877081E+00   -3.5877081E+00
 1.6200    1.0645165E-01    3.5106884E+00   -3.5106884E+00
 1.6300    1.0287947E-01    3.4348975E+00   -3.4348975E+00
 1.6400    9.9422793E-02    3.3603423E+00   -3.3603423E+00
 1.6500    9.6078367E-02    3.2870277E+00   -3.2870277E+00
 1.6600    9.2843002E-02    3.2149573E+00   -3.2149573E+00
 1.6700    8.9713571E-02    3.1441333E+00   -3.1441333E+00
 1.6800    8.6686992E-02    3.0745557E+00   -3.0745557E+00
 1.6900    8.3760215E-02    3.0062221E+00   -3.0062221E+00
 1.7000    8.0930213E-02    2.9391273E+00   -2.9391273E+00
 1.7100    7.8194000E-02    2.8732639E+00   -2.8732639E+00
 1.7200    7.5548654E-02    2.8086233E+00   -2.8086233E+00
 1.7300    7.2991330E-02    2.7451959E+00   -2.7451959E+00
 1.7400    7.0519263E-02    2.6829719E+00   -2.6829719E+00
 1.7500    6.8129750E-02    2.6219401E+00   -2.6219401E+00
 1.7600    6.5820141E-02    2.5620878E+00   -2.5620878E+00
 1.7700    6.3587835E-02    2.5034011E+00   -2.5034011E+00
 1.7800    6.1430298E-02    2.4458651E+00   -2.4458651E+00
 1.7900    5.9345080E-02    2.3894649E+00   -2.3894649E+00
 1.8000    5.7329819E-02    2.3341859E+00   -2.3341859E+00
 1.8100    5.5382237E-02    2.2800140E+00   -2.2800140E+00
 1.8200    5.3500120E-02    2.2269343E+00   -2.2269343E+00
 1.8300    5.1681312E-02    2.1749314E+00   -2.1749314E+00
 1.8400    4.9923713E-02    2.1239896E+00   -2.1239896E+00
 1.8500    4.8225292E-02    2.0740928E+00   -2.0740928E+00
 1.8600    4.6584092E-02    2.0252255E+00   -2.0252255E+00
 1.8700    4.4998220E-02    1.9773722E+00   -1.9773722E+00
 1.8800    4.3465844E-02    1.9305172E+00   -1.9305172E+00
 1.8900    4.1985182E-02    1.8846448E+00   -1.8846448E+00
 1.9000    4.0554512E-02    1.8397392E+00   -1.8397392E+00
 1.9100    3.9172180E-02    1.7957850E+00   -1.7957850E+00
 1.9200    3.7836595E-02    1.7527677E+00   -1.7527677E+00
 1.9300    3.6546226E-02    1.7106731E+00   -1.7106731E+00
 1.9400    3.5299597E-02    1.6694871E+00   -1.6694871E+00
 1.9500    3.4095271E-02    1.6291956E+00   -1.6291956E+00
 1.9600    3.2931860E-02    1.5897846E+00   -1.5897846E+00
 1.9700    3.1808018E-02    1.5512397E+00   -1.5512397E+00
 1.9800    3.0722442E-02    1.5135472E+00   -1.5135472E+00
 1.9900    2.9673874E-02    1.4766932E+00   -1.4766932E+00
 2.0000    2.8661101E-02    1.4406641E+00   -1.4406641E+00
 2.0100    2.7682947E-02    1.4054465E+00   -1.4054465E+00
 2.0200    2.6738274E-02    1.3710269E+00   -1.3710269E+00
 2.0300    2.5825974E-02    1.3373918E+00   -1.3373918E+00
 2.0400    2.4944971E-02    1.3045274E+00   -1.3045274E+00
 2.0500    2.4094217E-02    1.2724198E+00   -1.2724198E+00
 2.0600    2.3272700E-02    1.2410551E+00   -1.2410551E+00
 2.0700    2.2479439E-02    1.2104198E+00   -1.2104198E+00
 2.0800    2.1713488E-02    1.1805004E+00   -1.1805004E+00
 2.0900    2.0973931E-02    1.1512834E+00   -1.1512834E+00
 2.1000    2.0259875E-02    1.1227556E+00   -1.1227556E+00
 2.1100    1.9570455E-02    1.0949031E+00   -1.0949031E+00
 2.1200    1.8904825E-02    1.0677123E+00   -1.0677123E+00
 2.1300    1.8262163E-02    1.0411692E+00   -1.0411692E+00
 2.1400    1.7641675E-02    1.0152599E+00   -1.0152599E+00
 2.1500    1.7042588E-02    9.8997066E-01   -9.8997066E-01
 2.1600    1.6464152E-02    9.6528763E-01   -9.6528763E-01
 2.1700    1.5905643E-02    9.4119704E-01   -9.4119704E-01
 2.1800    1.5366357E-02    9.1768529E-01   -9.1768529E-01
 2.1900    1.4845618E-02    8.9473899E-01   -8.9473899E-01
 2.2000    1.4342771E-02    8.7234501E-01   -8.7234501E-01
 2.2100    1.3857186E-02    8.5049048E-01   -8.5049048E-01
 2.2200    1.3388255E-02    8.2916275E-01   -8.2916275E-01
 2.2300    1.2935389E-02    8.0834934E-01   -8.0834934E-01
 2.2400    1.2498023E-02    7.8803808E-01   -7.8803808E-01
 2.2500    1.2075609E-02    7.6821707E-01   -7.6821707E-01
 2.2600    1.1667624E-02    7.4887470E-01   -7.4887470E-01
 2.2700    1.1273559E-02    7.2999963E-01   -7.2999963E-01
 2.2800    1.0892927E-02    7.1158070E-01   -7.1158070E-01
 2.2900    1.0525255E-02    6.9360698E-01   -6.9360698E-01
 2.3000    1.0170088E-02    6.7606777E-01   -6.7606777E-01
 2.3100    9.8269888E-03    6.5895277E-01   -6.5895277E-01
 2.3200    9.4955418E-03    6.4225217E-01   -6.4225217E-01
 2.3300    9.1753483E-03    6.2595666E-01   -6.2595666E-01
 2.3400    8.8660261E-03    6.1005724E-01   -6.1005724E-01
 2.3500    8.5672061E-03    5.9454510E-01   -5.9454510E-01
 2.3600    8.2785301E-03    5.7941149E-01   -5.7941149E-01
 2.3700    7.9996500E-03    5.6464767E-01   -5.6464767E-01
 2.3800    7.7302286E-03    5.5024502E-01   -5.5024502E-01
 2.3900    7.4699414E-03    5.3619513E-01   -5.3619513E-01
 2.4000    7.2184773E-03    5.2248995E-01   -5.2248995E-01
 2.4100    6.9755393E-03    5.0912185E-01   -5.0912185E-01
 2.4200    6.7408429E-03    4.9608352E-01   -4.9608352E-01
 2.4300    6.5141154E-03    4.8336796E-01   -4.8336796E-01
 2.4400    6.2950933E-03    4.7096831E-01   -4.7096831E-01
 2.4500    6.0835212E-03    4.5887782E-01   -4.5887782E-01
 2.4600    5.8791505E-03    4.4708969E-01   -4.4708969E-01
 2.4700    5.6817384E-03    4.3559712E-01   -4.3559712E-01
 2.4800    5.4910491E-03    4.2439334E-01   -4.2439334E-01
 2.4900    5.3068543E-03    4.1347163E-01   -4.1347163E-01
 2.5000    5.1289329E-03    4.0282544E-01   -4.0282544E-01
 2.5100    4.9570712E-03    3.9244831E-01   -3.9244831E-01
 2.5200    4.7910628E-03    3.8233390E-01   -3.8233390E-01
 2.5300    4.6307076E-03    3.7247598E-01   -3.7247598E-01
 2.5400    4.4758123E-03    3.6286841E-01   -3.6286841E-01
 2.5500    4.3261893E-03    3.5350515E-01   -3.5350515E-01
 2.5600    4.1816568E-03    3.4438021E-01   -3.4438021E-01
 2.5700    4.0420384E-03    3.3548766E-01   -3.3548766E-01
 2.5800    3.9071626E-03    3.2682160E-01   -3.2682160E-01
 2.5900    3.7768633E-03    3.1837624E-01   -3.1837624E-01
 2.6000    3.6509796E-03    3.1014584E-01   -3.1014584E-01
 2.6100    3.5293560E-03    3.0212478E-01   -3.0212478E-01
 2.6200    3.4118423E-03    2.9430754E-01   -2.9430754E-01
 2.6300    3.2982938E-03    2.8668878E-01   -2.8668878E-01
 2.6400    3.1885713E-03    2.7926329E-01   -2.7926329E-01
 2.6500    3.0825410E-03    2.7202604E-01   -2.7202604E-01
 2.6600    2.9800740E-03    2.6497212E-01   -2.6497212E-01
 2.6700    2.8810456E-03    2.5809674E-01   -2.5809674E-01
 2.6800    2.7853352E-03    2.5139517E-01   -2.5139517E-01
 2.6900    2.6928262E-03    2.4486276E-01   -2.4486276E-01
 2.7000    2.6034059E-03    2.3849500E-01   -2.3849500E-01
 2.7100    2.5169664E-03    2.3228751E-01   -2.3228751E-01
 2.7200    2.4334044E-03    2.2623613E-01   -2.2623613E-01
 2.7300    2.3526211E-03    2.2033685E-01   -2.2033685E-01
 2.7400    2.2745220E-03    2.1458587E-01   -2.1458587E-01
 2.7500    2.1990165E-03    2.0897953E-01   -2.0897953E-01
 2.7600    2.1260176E-03    2.0351428E-01   -2.0351428E-01
 2.7700    2.0554416E-03    1.9818672E-01   -1.9818672E-01
 2.7800    1.9872081E-03    1.9299355E-01   -1.9299355E-01
 2.7900    1.9212392E-03    1.8793156E-01   -1.8793156E-01
 2.8000    1.8574599E-03    1.8299759E-01   -1.8299759E-01
 2.8100    1.7957974E-03    1.7818857E-01   -1.7818857E-01
 2.8200    1.7361816E-03    1.7350150E-01   -1.7350150E-01
 2.8300    1.6785453E-03    1.6893351E-01   -1.6893351E-01
 2.8400    1.6228244E-03    1.6448188E-01   -1.6448188E-01
 2.8500    1.5689575E-03    1.6014404E-01   -1.6014404E-01
 2.8600    1.5168859E-03    1.5591750E-01   -1.5591750E-01
 2.8700    1.4665525E-03    1.5179983E-01   -1.5179983E-01
 2.8800    1.4179017E-03    1.4778861E-01   -1.4778861E-01
 2.8900    1.3708786E-03    1.4388136E-01   -1.4388136E-01
 2.9000    1.3254295E-03    1.4007560E-01   -1.4007560E-01
 2.9100    1.2815020E-03    1.3636884E-01   -1.3636884E-01
 2.9200    1.2390456E-03    1.3275866E-01   -1.3275866E-01
 2.9300    1.1980117E-03    1.2924275E-01   -1.2924275E-01
 2.9400    1.1583538E-03    1.2581887E-01   -1.2581887E-01
 2.9500    1.1200269E-03    1.2248484E-01   -1.2248484E-01
 2.9600    1.0829867E-03    1.1923847E-01   -1.1923847E-01
 2.9700    1.0471897E-03    1.1607752E-01   -1.1607752E-01
 2.9800    1.0125932E-03    1.1299973E-01   -1.1299973E-01
 2.9900    9.7915593E-04    1.1000289E-01   -1.1000289E-01
 3.0000    9.4683809E-04    1.0708487E-01   -1.0708487E-01
 3.0100    9.1560170E-04    1.0424361E-01   -1.0424361E-01
 3.0200    8.8540993E-04    1.0147712E-01   -1.0147712E-01
 3.0300    8.5622684E-04    9.8783397E-02   -9.8783397E-02
 3.0400    8.2801725E-04    9.6160434E-02   -9.6160434E-02
 3.0500    8.0074691E-04    9.3606242E-02   -9.3606242E-02
 3.0600    7.7438273E-04    9.1118880E-02   -9.1118880E-02
 3.0700    7.4889298E-04    8.8696478E-02   -8.8696478E-02
 3.0800    7.2424728E-04    8.6337242E-02   -8.6337242E-02
 3.0900    7.0041642E-04    8.4039439E-02   -8.4039439E-02
 3.1000    6.7737214E-04    8.1801371E-02   -8.1801371E-02
 3.1100    6.5508704E-04    7.9621371E-02   -7.9621371E-02
 3.1200    6.3353464E-04    7.7497808E-02   -7.7497808E-02
 3.1300    6.1268957E-04    7.5429117E-02   -7.5429117E-02
 3.1400    5.9252757E-04    7.3413804E-02   -7.3413804E-02
 3.1500    5.7302552E-04    7.1450445E-02   -7.1450445E-02
 3.1600    5.5416127E-04    6.9537680E-02   -6.9537680E-02
 3.1700    5.3591360E-04    6.7674206E-02   -6.7674206E-02
 3.1800    5.1826218E-04    6.5858771E-02   -6.5858771E-02
 3.1900    5.0118744E-04    6.4090168E-02   -6.4090168E-02
 3.2000    4.8467059E-04    6.2367235E-02   -6.2367235E-02
 3.2100    4.6869358E-04    6.0688853E-02   -6.0688853E-02
 3.2200    4.5323911E-04    5.9053954E-02   -5.9053954E-02
 3.2300    4.3829056E-04    5.7461509E-02   -5.7461509E-02
 3.2400    4.2383188E-04    5.5910516E-02   -5.5910516E-02
 3.2500    4.0984749E-04    5.4399996E-02   -5.4399996E-02
 3.2600    3.9632231E-04    5.2928988E-02   -5.2928988E-02
 3.2700    3.8324178E-04    5.1496560E-02   -5.1496560E-02
 3.2800    3.7059186E-04    5.0101811E-02   -5.0101811E-02
 3.2900    3.5835912E-04    4.8743883E-02   -4.8743883E-02
 3.3000    3.4653077E-04    4.7421965E-02   -4.7421965E-02
 3.3100    3.3509463E-04    4.6135297E-02   -4.6135297E-02
 3.3200    3.2403891E-04    4.4883136E-02   -4.4883136E-02
 3.3300    3.1335191E-04    4.3664720E-02   -4.3664720E-02
 3.3400    3.0302171E-04    4.2479221E-02   -4.2479221E-02
 3.3500    2.9303620E-04    4.1325750E-02   -4.1325750E-02
 3.3600    2.8338339E-04    4.0203402E-02   -4.0203402E-02
 3.3700    2.7405183E-04    3.9111311E-02   -3.9111311E-02
 3.3800    2.6503083E-04    3.8048686E-02   -3.8048686E-02
 3.3900    2.5631042E-04    3.7014809E-02   -3.7014809E-02
 3.4000    2.4788115E-04    3.6009012E-02   -3.6009012E-02
 3.4100    2.3973387E-04    3.5030636E-02   -3.5030636E-02
 3.4200    2.3185944E-04    3.4079002E-02   -3.4079002E-02
 3.4300    2.2424871E-04    3.3153398E-02   -3.3153398E-02
 3.4400    2.1689245E-04    3.2253080E-02   -3.2253080E-02
 3.4500    2.0978160E-04    3.1377290E-02   -3.1377290E-02
 3.4600    2.0290732E-04    3.0525288E-02   -3.0525288E-02
 3.4700    1.9626120E-04    2.9696363E-02   -2.9696363E-02
 3.4800    1.8983525E-04    2.8889844E-02   -2.8889844E-02
 3.4900    1.8362184E-04    2.8105095E-02   -2.8105095E-02
 3.5000    1.7761359E-04    2.7341488E-02   -2.7341488E-02
 3.5100    1.7180321E-04    2.6598391E-02   -2.6598391E-02
 3.5200    1.6618349E-04    2.5875161E-02   -2.5875161E-02
 3.5300    1.6074737E-04    2.5171156E-02   -2.5171156E-02
 3.5400    1.5548814E-04    2.4485763E-02   -2.4485763E-02
 3.5500    1.5039952E-04    2.3818424E-02   -2.3818424E-02
 3.5600    1.4547579E-04    2.3168642E-02   -2.3168642E-02
 3.5700    1.4071168E-04    2.2535980E-02   -2.2535980E-02
 3.5800    1.3610226E-04    2.1920035E-02   -2.1920035E-02
 3.5900    1.3164277E-04    2.1320420E-02   -2.1320420E-02
 3.6000    1.2732846E-04    2.0736734E-02   -2.0736734E-02
 3.6100    1.2315448E-04    2.0168540E-02   -2.0168540E-02
 3.6200    1.1911583E-04    1.9615369E-02   -1.9615369E-02
 3.6300    1.1520755E-04    1.9076735E-02   -1.9076735E-02
 3.6400    1.1142491E-04    1.8552179E-02   -1.8552179E-02
 3.6500    1.0776363E-04    1.8041299E-02   -1.8041299E-02
 3.6600    1.0421994E-04    1.7543767E-02   -1.7543767E-02
 3.6700    1.0079057E-04    1.7059326E-02   -1.7059326E-02
 3.6800    9.7472564E-05    1.6587766E-02   -1.6587766E-02
 3.6900    9.4263086E-05    1.6128882E-02   -1.6128882E-02
 3.7000    9.1159139E-05    1.5682436E-02   -1.5682436E-02
 3.7100    8.8157449E-05    1.5248134E-02   -1.5248134E-02
 3.7200    8.5254551E-05    1.4825635E-02   -1.4825635E-02
 3.7300    8.2447026E-05    1.4414598E-02   -1.4414598E-02
 3.7400    7.9731734E-05    1.4014715E-02   -1.4014715E-02
 3.7500    7.7105873E-05    1.3625732E-02   -1.3625732E-02
 3.7600    7.4566900E-05    1.3247430E-02   -1.3247430E-02
 3.7700    7.2112399E-05    1.2879604E-02   -1.2879604E-02
 3.7800    6.9739974E-05    1.2522044E-02   -1.2522044E-02
 3.7900    6.7447182E-05    1.2174527E-02   -1.2174527E-02
 3.8000    6.5231492E-05    1.1836802E-02   -1.1836802E-02
 3.8100    6.3090291E-05    1.1508596E-02   -1.1508596E-02
 3.8200    6.1020954E-05    1.1189626E-02   -1.1189626E-02
 3.8300    5.9020965E-05    1.0879620E-02   -1.0879620E-02
 3.8400    5.7087991E-05    1.0578329E-02   -1.0578329E-02
 3.8500    5.5219868E-05    1.0285530E-02   -1.0285530E-02
 3.8600    5.3414492E-05    1.0001003E-02   -1.0001003E-02
 3.8700    5.1669715E-05    9.7245129E-03   -9.7245129E-03
 3.8800    4.9983327E-05    9.4558042E-03   -9.4558042E-03
 3.8900    4.8353133E-05    9.1946179E-03   -9.1946179E-03
 3.9000    4.6777039E-05    8.9407059E-03   -8.9407059E-03
 3.9100    4.5253065E-05    8.6938347E-03   -8.6938347E-03
 3.9200    4.3779299E-05    8.4537772E-03   -8.4537772E-03
 3.9300    4.2353873E-05    8.2203081E-03   -8.2203081E-03
 3.9400    4.0974996E-05    7.9932100E-03   -7.9932100E-03
 3.9500    3.9640993E-05    7.7722826E-03   -7.7722826E-03
 3.9600    3.8350316E-05    7.5573439E-03   -7.5573439E-03
 3.9700    3.7101483E-05    7.3482199E-03   -7.3482199E-03
 3.9800    3.5893008E-05    7.1447308E-03   -7.1447308E-03
 3.9900    3.4723377E-05    6.9466850E-03   -6.9466850E-03
 4.0000    3.3591067E-05    6.7538848E-03   -6.7538848E-03
 4.0100    3.2494645E-05    6.5661441E-03   -6.5661441E-03
 4.0200    3.1432874E-05    6.3833118E-03   -6.3833118E-03
 4.0300    3.0404773E-05    6.2052848E-03   -6.2052848E-03
 4.0400    2.9409553E-05    6.0319957E-03   -6.0319957E-03
 4.0500    2.8446442E-05    5.8633775E-03   -5.8633775E-03
 4.0600    2.7514523E-05    5.6993315E-03   -5.6993315E-03
 4.0700    2.6612730E-05    5.5397237E-03   -5.5397237E-03
 4.0800    2.5739968E-05    5.3844108E-03   -5.3844108E-03
 4.0900    2.4895247E-05    5.2332673E-03   -5.2332673E-03
 4.1000    2.4077708E-05    5.0861916E-03   -5.0861916E-03
 4.1100    2.3286557E-05    4.9430931E-03   -4.9430931E-03
 4.1200    2.2521006E-05    4.8038792E-03   -4.8038792E-03
 4.1300    2.1780266E-05    4.6684546E-03   -4.6684546E-03
 4.1400    2.1063593E-05    4.5367308E-03   -4.5367308E-03
 4.1500    2.0370308E-05    4.4086301E-03   -4.4086301E-03
 4.1600    1.9699774E-05    4.2840820E-03   -4.2840820E-03
 4.1700    1.9051358E-05    4.1630144E-03   -4.1630144E-03
 4.1800    1.8424411E-05    4.0453493E-03   -4.0453493E-03
 4.1900    1.7818291E-05    3.9310084E-03   -3.9310084E-03
 4.2000    1.7232403E-05    3.8199202E-03   -3.8199202E-03
 4.2100    1.6666201E-05    3.7120231E-03   -3.7120231E-03
 4.2200    1.6119152E-05    3.6072560E-03   -3.6072560E-03
 4.2300    1.5590681E-05    3.5055460E-03   -3.5055460E-03
 4.2400    1.5080140E-05    3.4068024E-03   -3.4068024E-03
 4.2500    1.4586855E-05    3.3109253E-03   -3.3109253E-03
 4.2600    1.4110191E-05    3.2178214E-03   -3.2178214E-03
 4.2700    1.3649592E-05    3.1274134E-03   -3.1274134E-03
 4.2800    1.3204572E-05    3.0396370E-03   -3.0396370E-03
 4.2900    1.2774654E-05    2.9544293E-03   -2.9544293E-03
 4.3000    1.2359330E-05    2.8717174E-03   -2.8717174E-03
 4.3100    1.1958043E-05    2.7914158E-03   -2.7914158E-03
 4.3200    1.1570221E-05    2.7134324E-03   -2.7134324E-03
 4.3300    1.1195314E-05    2.6376789E-03   -2.6376789E-03
 4.3400    1.0832829E-05    2.5640779E-03   -2.5640779E-03
 4.3500    1.0482339E-05    2.4925654E-03   -2.4925654E-03
 4.3600    1.0143463E-05    2.4230874E-03   -2.4230874E-03
 4.3700    9.8158321E-06    2.3555908E-03   -2.3555908E-03
 4.3800    9.4990396E-06    2.2900121E-03   -2.2900121E-03
 4.3900    9.1926052E-06    2.2262683E-03   -2.2262683E-03
 4.4000    8.8959936E-06    2.1642612E-03   -2.1642612E-03
 4.4100    8.6086972E-06    2.1038970E-03   -2.1038970E-03
 4.4200    8.3303333E-06    2.0451105E-03   -2.0451105E-03
 4.4300    8.0606774E-06    1.9878740E-03   -1.9878740E-03
 4.4400    7.7995864E-06    1.9321791E-03   -1.9321791E-03
 4.4500    7.5468683E-06    1.8780046E-03   -1.8780046E-03
 4.4600    7.3022036E-06    1.8252969E-03   -1.8252969E-03
 4.4700    7.0651820E-06    1.7739781E-03   -1.7739781E-03
 4.4800    6.8354141E-06    1.7239740E-03   -1.7239740E-03
 4.4900    6.6126216E-06    1.6752368E-03   -1.6752368E-03
 4.5000    6.3966457E-06    1.6277481E-03   -1.6277481E-03
 4.5100    6.1873913E-06    1.5815049E-03   -1.5815049E-03
 4.5200    5.9847641E-06    1.5365043E-03   -1.5365043E-03
 4.5300    5.7886449E-06    1.4927366E-03   -1.4927366E-03
 4.5400    5.5988963E-06    1.4501870E-03   -1.4501870E-03
 4.5500    5.4153702E-06    1.4088372E-03   -1.4088372E-03
 4.5600    5.2378943E-06    1.3686622E-03   -1.3686622E-03
 4.5700    5.0662541E-06    1.3296252E-03   -1.3296252E-03
 4.5800    4.9002025E-06    1.2916797E-03   -1.2916797E-03
 4.5900    4.7395052E-06    1.2547819E-03   -1.2547819E-03
 4.6000    4.5839894E-06    1.2189030E-03   -1.2189030E-03
 4.6100    4.4335601E-06    1.1840344E-03   -1.1840344E-03
 4.6200    4.2881723E-06    1.1501806E-03   -1.1501806E-03
 4.6300    4.1477784E-06    1.1173453E-03   -1.1173453E-03
 4.6400    4.0122829E-06    1.0855189E-03   -1.0855189E-03
 4.6500    3.8815273E-06    1.0546744E-03   -1.0546744E-03
 4.6600    3.7553140E-06    1.0247737E-03   -1.0247737E-03
 4.6700    3.6334518E-06    9.9577915E-04   -9.9577915E-04
 4.6800    3.5157893E-06    9.6766360E-04   -9.6766360E-04
 4.6900    3.4022110E-06    9.4040905E-04   -9.4040905E-04
 4.7000    3.2926043E-06    9.1399773E-04   -9.1399773E-04
 4.7100    3.1868270E-06    8.8840332E-04   -8.8840332E-04
 4.7200    3.0847072E-06    8.6359042E-04   -8.6359042E-04
 4.7300    2.9860747E-06    8.3952342E-04   -8.3952342E-04
 4.7400    2.8908029E-06    8.1617827E-04   -8.1617827E-04
 4.7500    2.7988258E-06    7.9354754E-04   -7.9354754E-04
 4.7600    2.7101003E-06    7.7163004E-04   -7.7163004E-04
 4.7700    2.6245204E-06    7.5040649E-04   -7.5040649E-04
 4.7800    2.5418483E-06    7.2981920E-04   -7.2981920E-04
 4.7900    2.4617454E-06    7.0978045E-04   -7.0978045E-04
 4.8000    2.3839201E-06    6.9021442E-04   -6.9021442E-04
 4.8100    2.3082824E-06    6.7110266E-04   -6.7110266E-04
 4.8200    2.2349668E-06    6.5249173E-04   -6.5249173E-04
 4.8300    2.1641799E-06    6.3445013E-04   -6.3445013E-04
 4.8400    2.0959914E-06    6.1700698E-04   -6.1700698E-04
 4.8500    2.0302305E-06    6.0012081E-04   -6.0012081E-04
 4.8600    1.9665646E-06    5.8370125E-04   -5.8370125E-04
 4.8700    1.9046848E-06    5.6766340E-04   -5.6766340E-04
 4.8800    1.8444573E-06    5.5197335E-04   -5.5197335E-04
 4.8900    1.7859461E-06    5.3665593E-04   -5.3665593E-04
 4.9000    1.7293119E-06    5.2176548E-04   -5.2176548E-04
 4.9100    1.6746680E-06    5.0734287E-04   -5.0734287E-04
 4.9200    1.6219788E-06    4.9338419E-04   -4.9338419E-04
 4.9300    1.5710454E-06    4.7983557E-04   -4.7983557E-04
 4.9400    1.5215731E-06    4.6661273E-04   -4.6661273E-04
 4.9500    1.4732758E-06    4.5363265E-04   -4.5363265E-04
 4.9600    1.4259692E-06    4.4084240E-04   -4.4084240E-04
 4.9700    1.3796249E-06    4.2823648E-04   -4.2823648E-04
 4.9800    1.3343850E-06    4.1586243E-04   -4.1586243E-04
 4.9900    1.2905381E-06    4.0381437E-04   -4.0381437E-04
 5.0000    1.2484383E-06    3.9220845E-04   -3.9220845E-04
 5.0100    1.2083626E-06    3.8113829E-04   -3.8113829E-04
 5.0200    1.1703678E-06    3.7062924E-04   -3.7062924E-04
 5.0300    1.1342551E-06    3.6062560E-04   -3.6062560E-04
 5.0400    1.0996847E-06    3.5102586E-04   -3.5102586E-04
 5.0500    1.0663566E-06    3.4173942E-04   -3.4173942E-04
 5.0600    1.0341102E-06    3.3271909E-04   -3.3271909E-04
 5.0700    1.0028821E-06    3.2394827E-04   -3.2394827E-04
 5.0800    9.7258804E-07    3.1540328E-04   -3.1540328E-04
 5.0900    9.4305046E-07    3.0702968E-04   -3.0702968E-04
 5.1000    9.1404575E-07    2.9875704E-04   -2.9875704E-04
 5.1100    8.8545158E-07    2.9054706E-04   -2.9054706E-04
 5.1200    8.5739111E-07    2.8244166E-04   -2.8244166E-04
 5.1300    8.3024945E-07    2.7457007E-04   -2.7457007E-04
 5.1400    8.0451362E-07    2.6709730E-04   -2.6709730E-04
 5.1500    7.8052225E-07    2.6014148E-04   -2.6014148E-04
 5.1600    7.5828820E-07    2.5371349E-04   -2.5371349E-04
 5.1700    7.3749762E-07    2.4771458E-04   -2.4771458E-04
 5.1800    7.1765400E-07    2.4198280E-04   -2.4198280E-04
 5.1900    6.9826019E-07    2.3635340E-04   -2.3635340E-04
 5.2000    6.7895781E-07    2.3070624E-04   -2.3070624E-04
 5.2100    6.5959899E-07    2.2499108E-04   -2.2499108E-04
 5.2200    6.4024554E-07    2.1922871E-04   -2.1922871E-04
 5.2300    6.2109557E-07    2.1348712E-04   -2.1348712E-04
 5.2400    6.0236648E-07    2.0784196E-04   -2.0784196E-04
 5.2500    5.8420132E-07    2.0234431E-04   -2.0234431E-04
 5.2600    5.6665680E-07    1.9701598E-04   -1.9701598E-04
 5.2700    5.4976289E-07    1.9186975E-04   -1.9186975E-04
 5.2800    5.3357595E-07    1.8692783E-04   -1.8692783E-04
 5.2900    5.1815526E-07    1.8221374E-04   -1.8221374E-04
 5.3000    5.0347764E-07    1.7772224E-04   -1.7772224E-04
 5.3100    4.8938189E-07    1.7339908E-04   -1.7339908E-04
 5.3200    4.7561819E-07    1.6915763E-04   -1.6915763E-04
 5.3300    4.6198016E-07    1.6492542E-04   -1.6492542E-04
 5.3400    4.4841628E-07    1.6068441E-04   -1.6068441E-04
 5.3500    4.3503460E-07    1.5647366E-04   -1.5647366E-04
 5.3600    4.2200897E-07    1.5235655E-04   -1.5235655E-04
 5.3700    4.0947228E-07    1.4838259E-04   -1.4838259E-04
 5.3800    3.9747308E-07    1.4457132E-04   -1.4457132E-04
 5.3900    3.8600059E-07    1.4092088E-04   -1.4092088E-04
 5.4000    3.7502972E-07    1.3742415E-04   -1.3742415E-04
 5.4100    3.6454943E-07    1.3407902E-04   -1.3407902E-04
 5.4200    3.5457138E-07    1.3089170E-04   -1.3089170E-04
 5.4300    3.4512112E-07    1.2787365E-04   -1.2787365E-04
 5.4400    3.3620541E-07    1.2502946E-04   -1.2502946E-04
 5.4500    3.2777102E-07    1.2234139E-04   -1.2234139E-04
 5.4600    3.1969833E-07    1.1976654E-04   -1.1976654E-04
 5.4700    3.1185078E-07    1.1725499E-04   -1.1725499E-04
 5.4800    3.0414174E-07    1.1477492E-04   -1.1477492E-04
 5.4900    2.9656085E-07    1.1232292E-04   -1.1232292E-04
 5.5000    2.8914940E-07    1.0991514E-04   -1.0991514E-04
 5.5100    2.8196652E-07    1.0757482E-04   -1.0757482E-04
 5.5200    2.7508133E-07    1.0532929E-04   -1.0532929E-04
 5.5300    2.6857975E-07    1.0321276E-04   -1.0321276E-04
 5.5400    2.6255397E-07    1.0126235E-04   -1.0126235E-04
 5.5500    2.5706630E-07    9.9504102E-05   -9.9504102E-05
 5.5600    2.5211067E-07    9.7937875E-05   -9.7937875E-05
 5.5700    2.4759872E-07    9.6531410E-05   -9.6531410E-05
 5.5800    2.4338035E-07    9.5227804E-05   -9.5227804E-05
 5.5900    2.3929391E-07    9.3964785E-05   -9.3964785E-05
 5.6000    2.3523138E-07    9.2700309E-05   -9.2700309E-05
 5.6100    2.3118812E-07    9.1432608E-05   -9.1432608E-05
 5.6200    2.2726089E-07    9.0200138E-05   -9.0200138E-05
 5.6300    2.2358907E-07    8.9058879E-05   -8.9058879E-05
 5.6400    2.2028226E-07    8.8053698E-05   -8.8053698E-05
 5.6500    2.1738435E-07    8.7203725E-05   -8.7203725E-05
 5.6600    2.1488268E-07    8.6505584E-05   -8.6505584E-05
