# total charge: 9.000000 
# r(A)     rho (e/A^3)     4*pi*r^2*rho(e/A)  dip  
 0.0000   -8.9387718E-01   -0.0000000E+00    7.1809610E+01
 0.0100   -8.9056032E-01   -1.1191111E-03    7.1452578E+01
 0.0200   -8.8637068E-01   -4.4553850E-03    7.0392140E+01
 0.0300   -8.8113343E-01   -9.9653843E-03    6.8659772E+01
 0.0400   -8.7466338E-01   -1.7586151E-02    6.6306211E+01
 0.0500   -8.6675822E-01   -2.7230013E-02    6.3398989E+01
 0.0600   -8.5719477E-01   -3.8778578E-02    6.0019207E+01
 0.0700   -8.4574799E-01   -5.2077115E-02    5.6257785E+01
 0.0800   -8.3223660E-01   -6.6932439E-02    5.2211412E+01
 0.0900   -8.1656898E-01   -8.3116598E-02    4.7978462E+01
 0.1000   -7.9875663E-01   -1.0037472E-01    4.3655105E+01
 0.1100   -7.7888834E-01   -1.1843237E-01    3.9331824E+01
 0.1200   -7.5708637E-01   -1.3699912E-01    3.5090489E+01
 0.1300   -7.3347073E-01   -1.5576840E-01    3.1002115E+01
 0.1400   -7.0814361E-01   -1.7441638E-01    2.7125360E+01
 0.1500   -6.8119138E-01   -1.9260232E-01    2.3505770E+01
 0.1600   -6.5269471E-01   -2.0997129E-01    2.0175722E+01
 0.1700   -6.2273785E-01   -2.2615853E-01    1.7154992E+01
 0.1800   -5.9141066E-01   -2.4079309E-01    1.4451822E+01
 0.1900   -5.5880346E-01   -2.5349894E-01    1.2064346E+01
 0.2000   -5.2499971E-01   -2.6389364E-01    9.9822676E+00
 0.2100   -4.9007326E-01   -2.7158730E-01    8.1886346E+00
 0.2200   -4.5409247E-01   -2.7618464E-01    6.6616114E+00
 0.2300   -4.1712760E-01   -2.7729016E-01    5.3761570E+00
 0.2400   -3.7925626E-01   -2.7451439E-01    4.3055298E+00
 0.2500   -3.4056437E-01   -2.6747863E-01    3.4225727E+00
 0.2600   -3.0114389E-01   -2.5581771E-01    2.7007522E+00
 0.2700   -2.6108948E-01   -2.3918105E-01    2.1149493E+00
 0.2800   -2.2049578E-01   -2.1723320E-01    1.6420145E+00
 0.2900   -1.7945569E-01   -1.8965447E-01    1.2611103E+00
 0.3000   -1.3805995E-01   -1.5614213E-01    9.5387484E-01
 0.3100   -9.6397817E-02   -1.1641272E-01    7.0444015E-01
 0.3200   -5.4557997E-02   -7.0205032E-02    4.9934091E-01
 0.3300   -1.2629365E-02   -1.7283005E-02    3.2734541E-01
 0.3400    2.9299131E-02    4.2562041E-02    1.7923741E-01
 0.3500    7.1139115E-02    1.0951016E-01    4.7572725E-02
 0.3600    1.1280363E-01    1.8371217E-01   -7.3569827E-02
 0.3700    1.5420779E-01    2.6528924E-01   -1.8882879E-01
 0.3800    1.9526904E-01    3.5433206E-01   -3.0178161E-01
 0.3900    2.3590692E-01    4.5089951E-01   -4.1514153E-01
 0.4000    2.7604282E-01    5.5501703E-01   -5.3092759E-01
 0.4100    3.1559989E-01    6.6667539E-01   -6.5060829E-01
 0.4200    3.5450346E-01    7.8583057E-01   -7.7522082E-01
 0.4300    3.9268173E-01    9.1240460E-01   -9.0546826E-01
 0.4400    4.3006645E-01    1.0462869E+00   -1.0417972E+00
 0.4500    4.6659325E-01    1.1873352E+00   -1.1844581E+00
 0.4600    5.0220157E-01    1.3353761E+00   -1.3335507E+00
 0.4700    5.3683446E-01    1.4902048E+00   -1.4890583E+00
 0.4800    5.7043816E-01    1.6515849E+00   -1.6508719E+00
 0.4900    6.0296191E-01    1.8192480E+00   -1.8188090E+00
 0.5000    6.3435797E-01    1.9928943E+00   -1.9926267E+00
 0.5100    6.6458225E-01    2.1721957E+00   -2.1720342E+00
 0.5200    6.9359509E-01    2.3567991E+00   -2.3567026E+00
 0.5300    7.2136158E-01    2.5463296E+00   -2.5462725E+00
 0.5400    7.4785125E-01    2.7403915E+00   -2.7403581E+00
 0.5500    7.7303733E-01    2.9385678E+00   -2.9385484E+00
 0.5600    7.9689634E-01    3.1404201E+00   -3.1404090E+00
 0.5700    8.1940824E-01    3.3454913E+00   -3.3454850E+00
 0.5800    8.4055679E-01    3.5533085E+00   -3.5533049E+00
 0.5900    8.6032973E-01    3.7633865E+00   -3.7633845E+00
 0.6000    8.7871861E-01    3.9752293E+00   -3.9752282E+00
 0.6100    8.9571846E-01    4.1883316E+00   -4.1883310E+00
 0.6200    9.1132773E-01    4.4021803E+00   -4.4021800E+00
 0.6300    9.2554832E-01    4.6162579E+00   -4.6162577E+00
 0.6400    9.3838576E-01    4.8300455E+00   -4.8300454E+00
 0.6500    9.4984918E-01    5.0430263E+00   -5.0430262E+00
 0.6600    9.5995111E-01    5.2546870E+00   -5.2546870E+00
 0.6700    9.6870722E-01    5.4645198E+00   -5.4645198E+00
 0.6800    9.7613614E-01    5.6720243E+00   -5.6720243E+00
 0.6900    9.8225933E-01    5.8767093E+00   -5.8767093E+00
 0.7000    9.8710096E-01    6.0780955E+00   -6.0780955E+00
 0.7100    9.9068764E-01    6.2757164E+00   -6.2757164E+00
 0.7200    9.9304815E-01    6.4691193E+00   -6.4691193E+00
 0.7300    9.9421308E-01    6.6578661E+00   -6.6578661E+00
 0.7400    9.9421476E-01    6.8415343E+00   -6.8415343E+00
 0.7500    9.9308719E-01    7.0197197E+00   -7.0197197E+00
 0.7600    9.9086613E-01    7.1920390E+00   -7.1920390E+00
 0.7700    9.8758916E-01    7.3581329E+00   -7.3581329E+00
 0.7800    9.8329555E-01    7.5176680E+00   -7.5176680E+00
 0.7900    9.7802590E-01    7.6703363E+00   -7.6703363E+00
 0.8000    9.7182173E-01    7.8158541E+00   -7.8158541E+00
 0.8100    9.6472519E-01    7.9539621E+00   -7.9539621E+00
 0.8200    9.5677898E-01    8.0844261E+00   -8.0844261E+00
 0.8300    9.4802639E-01    8.2070386E+00   -8.2070386E+00
 0.8400    9.3851119E-01    8.3216202E+00   -8.3216202E+00
 0.8500    9.2827747E-01    8.4280194E+00   -8.4280194E+00
 0.8600    9.1736937E-01    8.5261114E+00   -8.5261114E+00
 0.8700    9.0583081E-01    8.6157970E+00   -8.6157970E+00
 0.8800    8.9370532E-01    8.6970017E+00   -8.6970017E+00
 0.8900    8.8103594E-01    8.7696751E+00   -8.7696751E+00
 0.9000    8.6786510E-01    8.8337907E+00   -8.8337907E+00
 0.9100    8.5423452E-01    8.8893451E+00   -8.8893451E+00
 0.9200    8.4018513E-01    8.9363570E+00   -8.9363570E+00
 0.9300    8.2575699E-01    8.9748670E+00   -8.9748670E+00
 0.9400    8.1098932E-01    9.0049376E+00   -9.0049376E+00
 0.9500    7.9592056E-01    9.0266540E+00   -9.0266540E+00
 0.9600    7.8058831E-01    9.0401237E+00   -9.0401237E+00
 0.9700    7.6502923E-01    9.0454747E+00   -9.0454747E+00
 0.9800    7.4927884E-01    9.0428533E+00   -9.0428533E+00
 0.9900    7.3337138E-01    9.0324219E+00   -9.0324219E+00
 1.0000    7.1733978E-01    9.0143576E+00   -9.0143576E+00
 1.0100    7.0121562E-01    8.9888513E+00   -8.9888513E+00
 1.0200    6.8502914E-01    8.9561065E+00   -8.9561065E+00
 1.0300    6.6880915E-01    8.9163380E+00   -8.9163380E+00
 1.0400    6.5258314E-01    8.8697707E+00   -8.8697707E+00
 1.0500    6.3637732E-01    8.8166410E+00   -8.8166410E+00
 1.0600    6.2021676E-01    8.7571965E+00   -8.7571965E+00
 1.0700    6.0412547E-01    8.6916967E+00   -8.6916967E+00
 1.0800    5.8812627E-01    8.6204106E+00   -8.6204106E+00
 1.0900    5.7224075E-01    8.5436144E+00   -8.5436144E+00
 1.1000    5.5648924E-01    8.4615905E+00   -8.4615905E+00
 1.1100    5.4089083E-01    8.3746263E+00   -8.3746263E+00
 1.1200    5.2546345E-01    8.2830146E+00   -8.2830146E+00
 1.1300    5.1022396E-01    8.1870530E+00   -8.1870530E+00
 1.1400    4.9518821E-01    8.0870450E+00   -8.0870450E+00
 1.1500    4.8037110E-01    7.9832993E+00   -7.9832993E+00
 1.1600    4.6578665E-01    7.8761300E+00   -7.8761300E+00
 1.1700    4.5144799E-01    7.7658556E+00   -7.7658556E+00
 1.1800    4.3736737E-01    7.6527981E+00   -7.6527981E+00
 1.1900    4.2355616E-01    7.5372825E+00   -7.5372825E+00
 1.2000    4.1002487E-01    7.4196353E+00   -7.4196353E+00
 1.2100    3.9678316E-01    7.3001845E+00   -7.3001845E+00
 1.2200    3.8383985E-01    7.1792584E+00   -7.1792584E+00
 1.2300    3.7120286E-01    7.0571834E+00   -7.0571834E+00
 1.2400    3.5887901E-01    6.9342787E+00   -6.9342787E+00
 1.2500    3.4687365E-01    6.8108482E+00   -6.8108482E+00
 1.2600    3.3519038E-01    6.6871720E+00   -6.6871720E+00
 1.2700    3.2383081E-01    6.5634997E+00   -6.5634997E+00
 1.2800    3.1279461E-01    6.4400474E+00   -6.4400474E+00
 1.2900    3.0207968E-01    6.3169989E+00   -6.3169989E+00
 1.3000    2.9168250E-01    6.1945098E+00   -6.1945098E+00
 1.3100    2.8159846E-01    6.0727125E+00   -6.0727125E+00
 1.3200    2.7182217E-01    5.9517215E+00   -5.9517215E+00
 1.3300    2.6234777E-01    5.8316376E+00   -5.8316376E+00
 1.3400    2.5316909E-01    5.7125516E+00   -5.7125516E+00
 1.3500    2.4427977E-01    5.5945468E+00   -5.5945468E+00
 1.3600    2.3567341E-01    5.4777004E+00   -5.4777004E+00
 1.3700    2.2734363E-01    5.3620861E+00   -5.3620861E+00
 1.3800    2.1928409E-01    5.2477744E+00   -5.2477744E+00
 1.3900    2.1148857E-01    5.1348335E+00   -5.1348335E+00
 1.4000    2.0395088E-01    5.0233277E+00   -5.0233277E+00
 1.4100    1.9666480E-01    4.9133162E+00   -4.9133162E+00
 1.4200    1.8962407E-01    4.8048521E+00   -4.8048521E+00
 1.4300    1.8282240E-01    4.6979819E+00   -4.6979819E+00
 1.4400    1.7625346E-01    4.5927467E+00   -4.5927467E+00
 1.4500    1.6991097E-01    4.4891829E+00   -4.4891829E+00
 1.4600    1.6378877E-01    4.3873238E+00   -4.3873238E+00
 1.4700    1.5788078E-01    4.2872005E+00   -4.2872005E+00
 1.4800    1.5218108E-01    4.1888419E+00   -4.1888419E+00
 1.4900    1.4668385E-01    4.0922740E+00   -4.0922740E+00
 1.5000    1.4138330E-01    3.9975185E+00   -3.9975185E+00
 1.5100    1.3627365E-01    3.9045918E+00   -3.9045918E+00
 1.5200    1.3134918E-01    3.8135056E+00   -3.8135056E+00
 1.5300    1.2660421E-01    3.7242676E+00   -3.7242676E+00
 1.5400    1.2203319E-01    3.6368826E+00   -3.6368826E+00
 1.5500    1.1763068E-01    3.5513533E+00   -3.5513533E+00
 1.5600    1.1339135E-01    3.4676798E+00   -3.4676798E+00
 1.5700    1.0930996E-01    3.3858592E+00   -3.3858592E+00
 1.5800    1.0538132E-01    3.3058844E+00   -3.3058844E+00
 1.5900    1.0160031E-01    3.2277443E+00   -3.2277443E+00
 1.6000    9.7961885E-02    3.1514249E+00   -3.1514249E+00
 1.6100    9.4461150E-02    3.0769103E+00   -3.0769103E+00
 1.6200    9.1093336E-02    3.0041838E+00   -3.0041838E+00
 1.6300    8.7853806E-02    2.9332269E+00   -2.9332269E+00
 1.6400    8.4738016E-02    2.8640187E+00   -2.8640187E+00
 1.6500    8.1741499E-02    2.7965356E+00   -2.7965356E+00
 1.6600    7.8859887E-02    2.7307515E+00   -2.7307515E+00
 1.6700    7.6088923E-02    2.6666391E+00   -2.6666391E+00
 1.6800    7.3424488E-02    2.6041701E+00   -2.6041701E+00
 1.6900    7.0862591E-02    2.5433159E+00   -2.5433159E+00
 1.7000    6.8399351E-02    2.4840463E+00   -2.4840463E+00
 1.7100    6.6030986E-02    2.4263300E+00   -2.4263300E+00
 1.7200    6.3753811E-02    2.3701341E+00   -2.3701341E+00
 1.7300    6.1564259E-02    2.3154251E+00   -2.3154251E+00
 1.7400    5.9458897E-02    2.2621699E+00   -2.2621699E+00
 1.7500    5.7434434E-02    2.2103360E+00   -2.2103360E+00
 1.7600    5.5487705E-02    2.1598917E+00   -2.1598917E+00
 1.7700    5.3615658E-02    2.1108046E+00   -2.1108046E+00
 1.7800    5.1815327E-02    2.0630422E+00   -2.0630422E+00
 1.7900    5.0083837E-02    2.0165710E+00   -2.0165710E+00
 1.8000    4.8418420E-02    1.9713579E+00   -1.9713579E+00
 1.8100    4.6816432E-02    1.9273710E+00   -1.9273710E+00
 1.8200    4.5275356E-02    1.8845797E+00   -1.8845797E+00
 1.8300    4.3792770E-02    1.8429538E+00   -1.8429538E+00
 1.8400    4.2366306E-02    1.8024620E+00   -1.8024620E+00
 1.8500    4.0993638E-02    1.7630709E+00   -1.7630709E+00
 1.8600    3.9672516E-02    1.7247474E+00   -1.7247474E+00
 1.8700    3.8400834E-02    1.6874609E+00   -1.6874609E+00
 1.8800    3.7176664E-02    1.6511859E+00   -1.6511859E+00
 1.8900    3.5998237E-02    1.6159008E+00   -1.6159008E+00
 1.9000    3.4863861E-02    1.5815850E+00   -1.5815850E+00
 1.9100    3.3771867E-02    1.5482164E+00   -1.5482164E+00
 1.9200    3.2720595E-02    1.5157707E+00   -1.5157707E+00
 1.9300    3.1708430E-02    1.4842232E+00   -1.4842232E+00
 1.9400    3.0733844E-02    1.4535508E+00   -1.4535508E+00
 1.9500    2.9795412E-02    1.4237327E+00   -1.4237327E+00
 1.9600    2.8891800E-02    1.3947507E+00   -1.3947507E+00
 1.9700    2.8021736E-02    1.3665872E+00   -1.3665872E+00
 1.9800    2.7183969E-02    1.3392236E+00   -1.3392236E+00
 1.9900    2.6377242E-02    1.3126393E+00   -1.3126393E+00
 2.0000    2.5600290E-02    1.2868109E+00   -1.2868109E+00
 2.0100    2.4851863E-02    1.2617140E+00   -1.2617140E+00
 2.0200    2.4130781E-02    1.2373256E+00   -1.2373256E+00
 2.0300    2.3435965E-02    1.2136257E+00   -1.2136257E+00
 2.0400    2.2766438E-02    1.1905984E+00   -1.1905984E+00
 2.0500    2.2121302E-02    1.1682298E+00   -1.1682298E+00
 2.0600    2.1499689E-02    1.1465064E+00   -1.1465064E+00
 2.0700    2.0900725E-02    1.1254130E+00   -1.1254130E+00
 2.0800    2.0323526E-02    1.1049321E+00   -1.1049321E+00
 2.0900    1.9767221E-02    1.0850457E+00   -1.0850457E+00
 2.1000    1.9230990E-02    1.0657371E+00   -1.0657371E+00
 2.1100    1.8714091E-02    1.0469924E+00   -1.0469924E+00
 2.1200    1.8215847E-02    1.0288000E+00   -1.0288000E+00
 2.1300    1.7735610E-02    1.0111491E+00   -1.0111491E+00
 2.1400    1.7272724E-02    9.9402714E-01   -9.9402714E-01
 2.1500    1.6826500E-02    9.7741856E-01   -9.7741856E-01
 2.1600    1.6396212E-02    9.6130431E-01   -9.6130431E-01
 2.1700    1.5981101E-02    9.4566218E-01   -9.4566218E-01
 2.1800    1.5580407E-02    9.3046844E-01   -9.3046844E-01
 2.1900    1.5193418E-02    9.1570080E-01   -9.1570080E-01
 2.2000    1.4819521E-02    9.0134154E-01   -9.0134154E-01
 2.2100    1.4458219E-02    8.8737910E-01   -8.8737910E-01
 2.2200    1.4109110E-02    8.7380682E-01   -8.7380682E-01
 2.2300    1.3771833E-02    8.6061981E-01   -8.6061981E-01
 2.2400    1.3446013E-02    8.4781174E-01   -8.4781174E-01
 2.2500    1.3131238E-02    8.3537326E-01   -8.3537326E-01
 2.2600    1.2827068E-02    8.2329245E-01   -8.2329245E-01
 2.2700    1.2533057E-02    8.1155619E-01   -8.1155619E-01
 2.2800    1.2248770E-02    8.0015115E-01   -8.0015115E-01
 2.2900    1.1973778E-02    7.8906363E-01   -7.8906363E-01
 2.3000    1.1707651E-02    7.7827896E-01   -7.7827896E-01
 2.3100    1.1449956E-02    7.6778153E-01   -7.6778153E-01
 2.3200    1.1200274E-02    7.5755557E-01   -7.5755557E-01
 2.3300    1.0958209E-02    7.4758619E-01   -7.4758619E-01
 2.3400    1.0723404E-02    7.3786051E-01   -7.3786051E-01
 2.3500    1.0495566E-02    7.2836897E-01   -7.2836897E-01
 2.3600    1.0274469E-02    7.1910656E-01   -7.1910656E-01
 2.3700    1.0059958E-02    7.1007254E-01   -7.1007254E-01
 2.3800    9.8519014E-03    7.0126770E-01   -7.0126770E-01
 2.3900    9.6501338E-03    6.9269013E-01   -6.9269013E-01
 2.4000    9.4544138E-03    6.8433217E-01   -6.8433217E-01
 2.4100    9.2644348E-03    6.7618087E-01   -6.7618087E-01
 2.4200    9.0798756E-03    6.6822157E-01   -6.6822157E-01
 2.4300    8.9004563E-03    6.6044200E-01   -6.6044200E-01
 2.4400    8.7259646E-03    6.5283430E-01   -6.5283430E-01
 2.4500    8.5562473E-03    6.4539465E-01   -6.4539465E-01
 2.4600    8.3911881E-03    6.3812173E-01   -6.3812173E-01
 2.4700    8.2306892E-03    6.3101542E-01   -6.3101542E-01
 2.4800    8.0746565E-03    6.2407572E-01   -6.2407572E-01
 2.4900    7.9229798E-03    6.1730118E-01   -6.1730118E-01
 2.5000    7.7755081E-03    6.1068698E-01   -6.1068698E-01
 2.5100    7.6320406E-03    6.0422401E-01   -6.0422401E-01
 2.5200    7.4923475E-03    5.9790042E-01   -5.9790042E-01
 2.5300    7.3562157E-03    5.9170516E-01   -5.9170516E-01
 2.5400    7.2234945E-03    5.8563179E-01   -5.8563179E-01
 2.5500    7.0941128E-03    5.7968000E-01   -5.7968000E-01
 2.5600    6.9680530E-03    5.7385377E-01   -5.7385377E-01
 2.5700    6.8452909E-03    5.6815655E-01   -5.6815655E-01
 2.5800    6.7257404E-03    5.6258659E-01   -5.6258659E-01
 2.5900    6.6092414E-03    5.5713572E-01   -5.5713572E-01
 2.6000    6.4956037E-03    5.5179287E-01   -5.5179287E-01
 2.6100    6.3846722E-03    5.4654948E-01   -5.4654948E-01
 2.6200    6.2763535E-03    5.4140199E-01   -5.4140199E-01
 2.6300    6.1705786E-03    5.3634872E-01   -5.3634872E-01
 2.6400    6.0672351E-03    5.3138408E-01   -5.3138408E-01
 2.6500    5.9661466E-03    5.2649655E-01   -5.2649655E-01
 2.6600    5.8671360E-03    5.2167412E-01   -5.2167412E-01
 2.6700    5.7701291E-03    5.1691355E-01   -5.1691355E-01
 2.6800    5.6752017E-03    5.1222498E-01   -5.1222498E-01
 2.6900    5.5825206E-03    5.0762705E-01   -5.0762705E-01
 2.7000    5.4922179E-03    5.0313572E-01   -5.0313572E-01
 2.7100    5.4042920E-03    4.9875498E-01   -4.9875498E-01
 2.7200    5.3185991E-03    4.9447567E-01   -4.9447567E-01
 2.7300    5.2349296E-03    4.9028206E-01   -4.9028206E-01
 2.7400    5.1531025E-03    4.8616062E-01   -4.8616062E-01
 2.7500    5.0730090E-03    4.8210416E-01   -4.8210416E-01
 2.7600    4.9945841E-03    4.7810948E-01   -4.7810948E-01
 2.7700    4.9177526E-03    4.7417219E-01   -4.7417219E-01
 2.7800    4.8424084E-03    4.7028472E-01   -4.7028472E-01
 2.7900    4.7684478E-03    4.6643948E-01   -4.6643948E-01
 2.8000    4.6958222E-03    4.6263403E-01   -4.6263403E-01
 2.8100    4.6245638E-03    4.5887381E-01   -4.5887381E-01
 2.8200    4.5547650E-03    4.5517044E-01   -4.5517044E-01
 2.8300    4.4865255E-03    4.5153651E-01   -4.5153651E-01
 2.8400    4.4198891E-03    4.4797927E-01   -4.4797927E-01
 2.8500    4.3547933E-03    4.4449525E-01   -4.4449525E-01
 2.8600    4.2910478E-03    4.4106773E-01   -4.4106773E-01
 2.8700    4.2283639E-03    4.3766923E-01   -4.3766923E-01
 2.8800    4.1664433E-03    4.3427049E-01   -4.3427049E-01
 2.8900    4.1051065E-03    4.3085385E-01   -4.3085385E-01
 2.9000    4.0443882E-03    4.2742379E-01   -4.2742379E-01
 2.9100    3.9845168E-03    4.2400551E-01   -4.2400551E-01
 2.9200    3.9257591E-03    4.2062900E-01   -4.2062900E-01
 2.9300    3.8682222E-03    4.1730781E-01   -4.1730781E-01
 2.9400    3.8117558E-03    4.1402789E-01   -4.1402789E-01
 2.9500    3.7560378E-03    4.1075594E-01   -4.1075594E-01
 2.9600    3.7007918E-03    4.0746277E-01   -4.0746277E-01
 2.9700    3.6459778E-03    4.0414460E-01   -4.0414460E-01
 2.9800    3.5918120E-03    4.0082610E-01   -4.0082610E-01
 2.9900    3.5386035E-03    3.9754303E-01   -3.9754303E-01
 3.0000    3.4865436E-03    3.9431879E-01   -3.9431879E-01
 3.0100    3.4356127E-03    3.9115335E-01   -3.9115335E-01
 3.0200    3.3856555E-03    3.8803108E-01   -3.8803108E-01
 3.0300    3.3365315E-03    3.8493761E-01   -3.8493761E-01
 3.0400    3.2882067E-03    3.8187052E-01   -3.8187052E-01
 3.0500    3.2407250E-03    3.7883642E-01   -3.7883642E-01
 3.0600    3.1941129E-03    3.7583998E-01   -3.7583998E-01
 3.0700    3.1483191E-03    3.7287680E-01   -3.7287680E-01
 3.0800    3.1032436E-03    3.6993649E-01   -3.6993649E-01
 3.0900    3.0588214E-03    3.6701257E-01   -3.6701257E-01
 3.1000    3.0150789E-03    3.6410943E-01   -3.6410943E-01
 3.1100    2.9721078E-03    3.6123948E-01   -3.6123948E-01
 3.1200    2.9299776E-03    3.5841267E-01   -3.5841267E-01
 3.1300    2.8886578E-03    3.5562692E-01   -3.5562692E-01
 3.1400    2.8480115E-03    3.5286688E-01   -3.5286688E-01
 3.1500    2.8078615E-03    3.5011172E-01   -3.5011172E-01
 3.1600    2.7680784E-03    3.4734610E-01   -3.4734610E-01
 3.1700    2.7286405E-03    3.4456782E-01   -3.4456782E-01
 3.1800    2.6896394E-03    3.4178907E-01   -3.4178907E-01
 3.1900    2.6512359E-03    3.3903115E-01   -3.3903115E-01
 3.2000    2.6135835E-03    3.3631497E-01   -3.3631497E-01
 3.2100    2.5767535E-03    3.3365129E-01   -3.3365129E-01
 3.2200    2.5407003E-03    3.3103587E-01   -3.3103587E-01
 3.2300    2.5052894E-03    3.2845268E-01   -3.2845268E-01
 3.2400    2.4703708E-03    3.2588324E-01   -3.2588324E-01
 3.2500    2.4358575E-03    3.2331694E-01   -3.2331694E-01
 3.2600    2.4017675E-03    3.2075692E-01   -3.2075692E-01
 3.2700    2.3681986E-03    3.1821708E-01   -3.1821708E-01
 3.2800    2.3352375E-03    3.1571020E-01   -3.1571020E-01
 3.2900    2.3028513E-03    3.1323304E-01   -3.1323304E-01
 3.3000    2.2708477E-03    3.1076046E-01   -3.1076046E-01
 3.3100    2.2389604E-03    3.0825651E-01   -3.0825651E-01
 3.3200    2.2070174E-03    3.0569744E-01   -3.0569744E-01
 3.3300    2.1750693E-03    3.0308987E-01   -3.0308987E-01
 3.3400    2.1433692E-03    3.0046908E-01   -3.0046908E-01
 3.3500    2.1122172E-03    2.9787775E-01   -2.9787775E-01
 3.3600    2.0817854E-03    2.9534143E-01   -2.9534143E-01
 3.3700    2.0520572E-03    2.9285937E-01   -2.9285937E-01
 3.3800    2.0229092E-03    2.9041541E-01   -2.9041541E-01
 3.3900    1.9942420E-03    2.8799644E-01   -2.8799644E-01
 3.4000    1.9660378E-03    2.8560090E-01   -2.8560090E-01
 3.4100    1.9383101E-03    2.8323172E-01   -2.8323172E-01
 3.4200    1.9110170E-03    2.8088376E-01   -2.8088376E-01
 3.4300    1.8840404E-03    2.7854048E-01   -2.7854048E-01
 3.4400    1.8572553E-03    2.7618390E-01   -2.7618390E-01
 3.4500    1.8306207E-03    2.7380818E-01   -2.7380818E-01
 3.4600    1.8042034E-03    2.7142357E-01   -2.7142357E-01
 3.4700    1.7781166E-03    2.6904755E-01   -2.6904755E-01
 3.4800    1.7524355E-03    2.6669225E-01   -2.6669225E-01
 3.4900    1.7271634E-03    2.6435903E-01   -2.6435903E-01
 3.5000    1.7022631E-03    2.6204304E-01   -2.6204304E-01
 3.5100    1.6777156E-03    2.5974215E-01   -2.5974215E-01
 3.5200    1.6535634E-03    2.5746372E-01   -2.5746372E-01
 3.5300    1.6299129E-03    2.5522527E-01   -2.5522527E-01
 3.5400    1.6068898E-03    2.5304775E-01   -2.5304775E-01
 3.5500    1.5845577E-03    2.5094273E-01   -2.5094273E-01
 3.5600    1.5628412E-03    2.4889989E-01   -2.4889989E-01
 3.5700    1.5415141E-03    2.4688449E-01   -2.4688449E-01
 3.5800    1.5202833E-03    2.4485018E-01   -2.4485018E-01
 3.5900    1.4989267E-03    2.4276113E-01   -2.4276113E-01
 3.6000    1.4773954E-03    2.4060885E-01   -2.4060885E-01
 3.6100    1.4558109E-03    2.3841262E-01   -2.3841262E-01
 3.6200    1.4343763E-03    2.3620556E-01   -2.3620556E-01
 3.6300    1.4132764E-03    2.3401852E-01   -2.3401852E-01
 3.6400    1.3926330E-03    2.3187253E-01   -2.3187253E-01
 3.6500    1.3725206E-03    2.2978118E-01   -2.2978118E-01
 3.6600    1.3530038E-03    2.2775665E-01   -2.2775665E-01
 3.6700    1.3341448E-03    2.2581092E-01   -2.2581092E-01
 3.6800    1.3159559E-03    2.2394782E-01   -2.2394782E-01
 3.6900    1.2983219E-03    2.2214932E-01   -2.2214932E-01
 3.7000    1.2809586E-03    2.2036793E-01   -2.2036793E-01
 3.7100    1.2634789E-03    2.1853735E-01   -2.1853735E-01
 3.7200    1.2455695E-03    2.1660262E-01   -2.1660262E-01
 3.7300    1.2271744E-03    2.1455261E-01   -2.1455261E-01
 3.7400    1.2085471E-03    2.1243039E-01   -2.1243039E-01
 3.7500    1.1901135E-03    2.1031041E-01   -2.1031041E-01
 3.7600    1.1722376E-03    2.0825777E-01   -2.0825777E-01
 3.7700    1.1550544E-03    2.0629799E-01   -2.0629799E-01
 3.7800    1.1384653E-03    2.0441523E-01   -2.0441523E-01
 3.7900    1.1222601E-03    2.0257311E-01   -2.0257311E-01
 3.8000    1.1062500E-03    2.0073834E-01   -2.0073834E-01
 3.8100    1.0903279E-03    1.9889183E-01   -1.9889183E-01
 3.8200    1.0744581E-03    1.9702714E-01   -1.9702714E-01
 3.8300    1.0586505E-03    1.9514617E-01   -1.9514617E-01
 3.8400    1.0429598E-03    1.9325907E-01   -1.9325907E-01
 3.8500    1.0274914E-03    1.9138571E-01   -1.9138571E-01
 3.8600    1.0123770E-03    1.8955129E-01   -1.8955129E-01
 3.8700    9.9771160E-04    1.8777459E-01   -1.8777459E-01
 3.8800    9.8349050E-04    1.8605592E-01   -1.8605592E-01
 3.8900    9.6960119E-04    1.8437507E-01   -1.8437507E-01
 3.9000    9.5588534E-04    1.8270266E-01   -1.8270266E-01
 3.9100    9.4222886E-04    1.8101717E-01   -1.8101717E-01
 3.9200    9.2861225E-04    1.7931491E-01   -1.7931491E-01
 3.9300    9.1509230E-04    1.7760691E-01   -1.7760691E-01
 3.9400    9.0174945E-04    1.7590905E-01   -1.7590905E-01
 3.9500    8.8865718E-04    1.7423617E-01   -1.7423617E-01
 3.9600    8.7588989E-04    1.7260356E-01   -1.7260356E-01
 3.9700    8.6353578E-04    1.7102957E-01   -1.7102957E-01
 3.9800    8.5167686E-04    1.6953168E-01   -1.6953168E-01
 3.9900    8.4034119E-04    1.6811687E-01   -1.6811687E-01
 4.0000    8.2947016E-04    1.6677487E-01   -1.6677487E-01
 4.0100    8.1893170E-04    1.6548030E-01   -1.6548030E-01
 4.0200    8.0856420E-04    1.6420126E-01   -1.6420126E-01
 4.0300    7.9821320E-04    1.6290667E-01   -1.6290667E-01
 4.0400    7.8774837E-04    1.6156977E-01   -1.6156977E-01
 4.0500    7.7708056E-04    1.6017176E-01   -1.6017176E-01
 4.0600    7.6618879E-04    1.5870760E-01   -1.5870760E-01
 4.0700    7.5513129E-04    1.5718864E-01   -1.5718864E-01
 4.0800    7.4401254E-04    1.5563614E-01   -1.5563614E-01
 4.0900    7.3292349E-04    1.5406895E-01   -1.5406895E-01
 4.1000    7.2190794E-04    1.5249633E-01   -1.5249633E-01
 4.1100    7.1098380E-04    1.5092223E-01   -1.5092223E-01
 4.1200    7.0019084E-04    1.4935533E-01   -1.4935533E-01
 4.1300    6.8961268E-04    1.4781388E-01   -1.4781388E-01
 4.1400    6.7935105E-04    1.4632037E-01   -1.4632037E-01
 4.1500    6.6947717E-04    1.4489114E-01   -1.4489114E-01
 4.1600    6.6000305E-04    1.4352993E-01   -1.4352993E-01
 4.1700    6.5089316E-04    1.4223015E-01   -1.4223015E-01
 4.1800    6.4209596E-04    1.4098158E-01   -1.4098158E-01
 4.1900    6.3355430E-04    1.3977251E-01   -1.3977251E-01
 4.2000    6.2518354E-04    1.3858492E-01   -1.3858492E-01
 4.2100    6.1685801E-04    1.3739131E-01   -1.3739131E-01
 4.2200    6.0844977E-04    1.3616312E-01   -1.3616312E-01
 4.2300    5.9990061E-04    1.3488694E-01   -1.3488694E-01
 4.2400    5.9125557E-04    1.3357243E-01   -1.3357243E-01
 4.2500    5.8261928E-04    1.3224296E-01   -1.3224296E-01
 4.2600    5.7407773E-04    1.3091812E-01   -1.3091812E-01
 4.2700    5.6565471E-04    1.2960359E-01   -1.2960359E-01
 4.2800    5.5732205E-04    1.2829320E-01   -1.2829320E-01
 4.2900    5.4903288E-04    1.2697634E-01   -1.2697634E-01
 4.3000    5.4075204E-04    1.2564492E-01   -1.2564492E-01
 4.3100    5.3248664E-04    1.2430057E-01   -1.2430057E-01
 4.3200    5.2431980E-04    1.2296276E-01   -1.2296276E-01
 4.3300    5.1642193E-04    1.2167191E-01   -1.2167191E-01
 4.3400    5.0900055E-04    1.2047795E-01   -1.2047795E-01
 4.3500    5.0218410E-04    1.1941293E-01   -1.1941293E-01
 4.3600    4.9590658E-04    1.1846300E-01   -1.1846300E-01
 4.3700    4.8989709E-04    1.1756488E-01   -1.1756488E-01
 4.3800    4.8381395E-04    1.1663703E-01   -1.1663703E-01
 4.3900    4.7743184E-04    1.1562461E-01   -1.1562461E-01
 4.4000    4.7073136E-04    1.1452185E-01   -1.1452185E-01
 4.4100    4.6383350E-04    1.1335721E-01   -1.1335721E-01
 4.4200    4.5686948E-04    1.1216221E-01   -1.1216221E-01
 4.4300    4.4991302E-04    1.1095475E-01   -1.1095475E-01
 4.4400    4.4300289E-04    1.0974440E-01   -1.0974440E-01
 4.4500    4.3618302E-04    1.0854221E-01   -1.0854221E-01
 4.4600    4.2949648E-04    1.0735918E-01   -1.0735918E-01
 4.4700    4.2295147E-04    1.0619778E-01   -1.0619778E-01
 4.4800    4.1651824E-04    1.0505093E-01   -1.0505093E-01
 4.4900    4.1017243E-04    1.0391279E-01   -1.0391279E-01
 4.5000    4.0393778E-04    1.0278964E-01   -1.0278964E-01
 4.5100    3.9787981E-04    1.0169857E-01   -1.0169857E-01
 4.5200    3.9205865E-04    1.0065556E-01   -1.0065556E-01
 4.5300    3.8649132E-04    9.9665766E-02   -9.9665766E-02
 4.5400    3.8115529E-04    9.8724178E-02   -9.8724178E-02
 4.5500    3.7601668E-04    9.7822728E-02   -9.7822728E-02
 4.5600    3.7104659E-04    9.6954504E-02   -9.6954504E-02
 4.5700    3.6621432E-04    9.6111994E-02   -9.6111994E-02
 4.5800    3.6147788E-04    9.5284562E-02   -9.5284562E-02
 4.5900    3.5679362E-04    9.4460952E-02   -9.4460952E-02
 4.6000    3.5214084E-04    9.3635801E-02   -9.3635801E-02
 4.6100    3.4753445E-04    9.2813163E-02   -9.2813163E-02
 4.6200    3.4300611E-04    9.2001662E-02   -9.2001662E-02
 4.6300    3.3856410E-04    9.1203762E-02   -9.1203762E-02
 4.6400    3.3416556E-04    9.0408135E-02   -9.0408135E-02
 4.6500    3.2972782E-04    8.9592440E-02   -8.9592440E-02
 4.6600    3.2517346E-04    8.8735374E-02   -8.8735374E-02
 4.6700    3.2047607E-04    8.7829261E-02   -8.7829261E-02
 4.6800    3.1567398E-04    8.6884109E-02   -8.6884109E-02
 4.6900    3.1084425E-04    8.5920814E-02   -8.5920814E-02
 4.7000    3.0605969E-04    8.4959453E-02   -8.4959453E-02
 4.7100    3.0136231E-04    8.4011863E-02   -8.4011863E-02
 4.7200    2.9676994E-04    8.3083305E-02   -8.3083305E-02
 4.7300    2.9230401E-04    8.2180148E-02   -8.2180148E-02
 4.7400    2.8801188E-04    8.1316175E-02   -8.1316175E-02
 4.7500    2.8396296E-04    8.0511659E-02   -8.0511659E-02
 4.7600    2.8021226E-04    7.9783098E-02   -7.9783098E-02
 4.7700    2.7674338E-04    7.9126847E-02   -7.9126847E-02
 4.7800    2.7343061E-04    7.8507796E-02   -7.8507796E-02
 4.7900    2.7007161E-04    7.7868143E-02   -7.7868143E-02
 4.8000    2.6650050E-04    7.7159671E-02   -7.7159671E-02
 4.8100    2.6271164E-04    7.6379943E-02   -7.6379943E-02
 4.8200    2.5889172E-04    7.5582647E-02   -7.5582647E-02
 4.8300    2.5532498E-04    7.4850969E-02   -7.4850969E-02
 4.8400    2.5224226E-04    7.4253757E-02   -7.4253757E-02
 4.8500    2.4971925E-04    7.3815126E-02   -7.3815126E-02
 4.8600    2.4766243E-04    7.3509342E-02   -7.3509342E-02
 4.8700    2.4584165E-04    7.3269503E-02   -7.3269503E-02
 4.8800    2.4393065E-04    7.2998827E-02   -7.2998827E-02
 4.8900    2.4157763E-04    7.2591254E-02   -7.2591254E-02
 4.9000    2.3853498E-04    7.1970429E-02   -7.1970429E-02
 4.9100    2.3479309E-04    7.1130877E-02   -7.1130877E-02
 4.9200    2.3060061E-04    7.0145613E-02   -7.0145613E-02
 4.9300    2.2632888E-04    6.9126359E-02   -6.9126359E-02
 4.9400    2.2228916E-04    6.8168233E-02   -6.8168233E-02
 4.9500    2.1865426E-04    6.7325284E-02   -6.7325284E-02
 4.9600    2.1551210E-04    6.6626175E-02   -6.6626175E-02
 4.9700    2.1292921E-04    6.6093367E-02   -6.6093367E-02
 4.9800    2.1090451E-04    6.5728604E-02   -6.5728604E-02
 4.9900    2.0924740E-04    6.5474326E-02   -6.5474326E-02
 5.0000    2.0754382E-04    6.5201813E-02   -6.5201813E-02
 5.0100    2.0532036E-04    6.4761563E-02   -6.4761563E-02
 5.0200    2.0231869E-04    6.4069790E-02   -6.4069790E-02
 5.0300    1.9866163E-04    6.3162575E-02   -6.3162575E-02
 5.0400    1.9477654E-04    6.2173826E-02   -6.2173826E-02
 5.0500    1.9114694E-04    6.1257599E-02   -6.1257599E-02
 5.0600    1.8807571E-04    6.0512293E-02   -6.0512293E-02
 5.0700    1.8558448E-04    5.9946999E-02   -5.9946999E-02
 5.0800    1.8345206E-04    5.9492181E-02   -5.9492181E-02
 5.0900    1.8133550E-04    5.9037542E-02   -5.9037542E-02
 5.1000    1.7892426E-04    5.8481628E-02   -5.8481628E-02
 5.1100    1.7608545E-04    5.7779680E-02   -5.7779680E-02
 5.1200    1.7294162E-04    5.6970406E-02   -5.6970406E-02
 5.1300    1.6982511E-04    5.6162509E-02   -5.6162509E-02
 5.1400    1.6711297E-04    5.5481253E-02   -5.5481253E-02
 5.1500    1.6503281E-04    5.5004042E-02   -5.5004042E-02
 5.1600    1.6355752E-04    5.4724246E-02   -5.4724246E-02
 5.1700    1.6244047E-04    5.4561359E-02   -5.4561359E-02
 5.1800    1.6134299E-04    5.4402580E-02   -5.4402580E-02
 5.1900    1.5996589E-04    5.4146697E-02   -5.4146697E-02
 5.2000    1.5813143E-04    5.3732214E-02   -5.3732214E-02
 5.2100    1.5581240E-04    5.3148051E-02   -5.3148051E-02
 5.2200    1.5311930E-04    5.2430113E-02   -5.2430113E-02
 5.2300    1.5024999E-04    5.1644928E-02   -5.1644928E-02
 5.2400    1.4741428E-04    5.0864173E-02   -5.0864173E-02
 5.2500    1.4476559E-04    5.0141094E-02   -5.0141094E-02
 5.2600    1.4237292E-04    4.9500405E-02   -4.9500405E-02
 5.2700    1.4023530E-04    4.8942758E-02   -4.8942758E-02
 5.2800    1.3830848E-04    4.8453652E-02   -4.8453652E-02
 5.2900    1.3651714E-04    4.8007422E-02   -4.8007422E-02
 5.3000    1.3475855E-04    4.7568333E-02   -4.7568333E-02
 5.3100    1.3292430E-04    4.7098088E-02   -4.7098088E-02
 5.3200    1.3094648E-04    4.6572223E-02   -4.6572223E-02
 5.3300    1.2883774E-04    4.5994656E-02   -4.5994656E-02
 5.3400    1.2668653E-04    4.5396547E-02   -4.5396547E-02
 5.3500    1.2460486E-04    4.4817992E-02   -4.4817992E-02
 5.3600    1.2266676E-04    4.4285986E-02   -4.4285986E-02
 5.3700    1.2088087E-04    4.3804226E-02   -4.3804226E-02
 5.3800    1.1920768E-04    4.3358940E-02   -4.3358940E-02
 5.3900    1.1759874E-04    4.2932885E-02   -4.2932885E-02
 5.4000    1.1602984E-04    4.2517435E-02   -4.2517435E-02
 5.4100    1.1451501E-04    4.2117910E-02   -4.2117910E-02
 5.4200    1.1309955E-04    4.1751235E-02   -4.1751235E-02
 5.4300    1.1183208E-04    4.1435820E-02   -4.1435820E-02
 5.4400    1.1072583E-04    4.1177180E-02   -4.1177180E-02
 5.4500    1.0973615E-04    4.0959305E-02   -4.0959305E-02
 5.4600    1.0877836E-04    4.0750942E-02   -4.0750942E-02
 5.4700    1.0777674E-04    4.0523744E-02   -4.0523744E-02
 5.4800    1.0670540E-04    4.0267753E-02   -4.0267753E-02
 5.4900    1.0559084E-04    3.9992706E-02   -3.9992706E-02
 5.5000    1.0448392E-04    3.9717758E-02   -3.9717758E-02
 5.5100    1.0343343E-04    3.9461538E-02   -3.9461538E-02
 5.5200    1.0248056E-04    3.9240045E-02   -3.9240045E-02
 5.5300    1.0166518E-04    3.9069005E-02   -3.9069005E-02
 5.5400    1.0102284E-04    3.8962695E-02   -3.8962695E-02
 5.5500    1.0056542E-04    3.8926423E-02   -3.8926423E-02
 5.5600    1.0025879E-04    3.8947708E-02   -3.8947708E-02
 5.5700    1.0001752E-04    3.8993871E-02   -3.8993871E-02
 5.5800    9.9726172E-05    3.9020013E-02   -3.9020013E-02
 5.5900    9.9279481E-05    3.8984591E-02   -3.8984591E-02
 5.6000    9.8618986E-05    3.8863906E-02   -3.8863906E-02
 5.6100    9.7740260E-05    3.8655302E-02   -3.8655302E-02
 5.6200    9.6663243E-05    3.8365765E-02   -3.8365765E-02
 5.6300    9.5391858E-05    3.7996007E-02   -3.7996007E-02
 5.6400    9.3905692E-05    3.7537037E-02   -3.7537037E-02
 5.6500    9.2198377E-05    3.6985376E-02   -3.6985376E-02
 5.6600    9.0328062E-05    3.6363478E-02   -3.6363478E-02
 5.6700    8.8431230E-05    3.5725774E-02   -3.5725774E-02
 5.6800    8.6686466E-05    3.5144538E-02   -3.5144538E-02
 5.6900    8.5255779E-05    3.4686320E-02   -3.4686320E-02
 5.7000    8.4240442E-05    3.4393804E-02   -3.4393804E-02
 5.7100    8.3674653E-05    3.4282777E-02   -3.4282777E-02
 5.7200    8.3558912E-05    3.4355375E-02   -3.4355375E-02
 5.7300    8.3901270E-05    3.4616858E-02   -3.4616858E-02
 5.7400    8.4704720E-05    3.5070444E-02   -3.5070444E-02
 5.7500    8.5866714E-05    3.5675527E-02   -3.5675527E-02
 5.7600    8.7059494E-05    3.6297020E-02   -3.6297020E-02
 5.7700    8.7745997E-05    3.6710374E-02   -3.6710374E-02
 5.7800    8.7421036E-05    3.6701304E-02   -3.6701304E-02
 5.7900    8.5952997E-05    3.6209958E-02   -3.6209958E-02
 5.8000    8.3743276E-05    3.5401022E-02   -3.5401022E-02
 5.8100    8.1526681E-05    3.4582938E-02   -3.4582938E-02
 5.8200    7.9940874E-05    3.4027083E-02   -3.4027083E-02
 5.8300    7.9191020E-05    3.3823840E-02   -3.3823840E-02
 5.8400    7.9030949E-05    3.3871369E-02   -3.3871369E-02
 5.8500    7.9007056E-05    3.3977191E-02   -3.3977191E-02
 5.8600    7.8741295E-05    3.3978770E-02   -3.3978770E-02
 5.8700    7.8074461E-05    3.3806099E-02   -3.3806099E-02
 5.8800    7.7044371E-05    3.3473832E-02   -3.3473832E-02
 5.8900    7.5788437E-05    3.3040256E-02   -3.3040256E-02
 5.9000    7.4471374E-05    3.2576412E-02   -3.2576412E-02
 5.9100    7.3264271E-05    3.2157113E-02   -3.2157113E-02
 5.9200    7.2320032E-05    3.1850180E-02   -3.1850180E-02
 5.9300    7.1695600E-05    3.1681939E-02   -3.1681939E-02
 5.9400    7.1266562E-05    3.1598653E-02   -3.1598653E-02
 5.9500    7.0744108E-05    3.1472705E-02   -3.1472705E-02
 5.9600    6.9832019E-05    3.1171448E-02   -3.1171448E-02
 5.9700    6.8414904E-05    3.0641446E-02   -3.0641446E-02
 5.9800    6.6620534E-05    2.9937832E-02   -2.9937832E-02
 5.9900    6.4715243E-05    2.9178979E-02   -2.9178979E-02
 6.0000    6.2943450E-05    2.8474946E-02   -2.8474946E-02
 6.0100    6.1447296E-05    2.7890839E-02   -2.7890839E-02
 6.0200    6.0296005E-05    2.7459422E-02   -2.7459422E-02
 6.0300    5.9551287E-05    2.7210445E-02   -2.7210445E-02
 6.0400    5.9292085E-05    2.7181941E-02   -2.7181941E-02
 6.0500    5.9588571E-05    2.7408394E-02   -2.7408394E-02
 6.0600    6.0462682E-05    2.7902462E-02   -2.7902462E-02
 6.0700    6.1858649E-05    2.8640967E-02   -2.8640967E-02
 6.0800    6.3608972E-05    2.9548497E-02   -2.9548497E-02
 6.0900    6.5389038E-05    3.0475399E-02   -3.0475399E-02
 6.1000    6.6716670E-05    3.1196358E-02   -3.1196358E-02
 6.1100    6.7077964E-05    3.1468218E-02   -3.1468218E-02
 6.1200    6.6162095E-05    3.1140240E-02   -3.1140240E-02
 6.1300    6.4043688E-05    3.0241766E-02   -3.0241766E-02
 6.1400    6.1148264E-05    2.8968815E-02   -2.8968815E-02
 6.1500    5.8016378E-05    2.7574695E-02   -2.7574695E-02
 6.1600    5.5057055E-05    2.6253322E-02   -2.6253322E-02
 6.1700    5.2460729E-05    2.5096579E-02   -2.5096579E-02
 6.1800    5.0268588E-05    2.4125899E-02   -2.4125899E-02
 6.1900    4.8472757E-05    2.3339357E-02   -2.3339357E-02
 6.2000    4.7058572E-05    2.2731704E-02   -2.2731704E-02
 6.2100    4.6005408E-05    2.2294716E-02   -2.2294716E-02
 6.2200    4.5295972E-05    2.2021668E-02   -2.2021668E-02
 6.2300    4.4932107E-05    2.1915064E-02   -2.1915064E-02
 6.2400    4.4916175E-05    2.1977678E-02   -2.1977678E-02
 6.2500    4.5191791E-05    2.2183469E-02   -2.2183469E-02
 6.2600    4.5598384E-05    2.2454738E-02   -2.2454738E-02
 6.2700    4.5899446E-05    2.2675266E-02   -2.2675266E-02
 6.2800    4.5881162E-05    2.2738591E-02   -2.2738591E-02
 6.2900    4.5451089E-05    2.2597242E-02   -2.2597242E-02
 6.3000    4.4664233E-05    2.2276699E-02   -2.2276699E-02
 6.3100    4.3669076E-05    2.1849555E-02   -2.1849555E-02
 6.3200    4.2632427E-05    2.1398537E-02   -2.1398537E-02
 6.3300    4.1702011E-05    2.0997824E-02   -2.0997824E-02
 6.3400    4.1006825E-05    2.0713072E-02   -2.0713072E-02
 6.3500    4.0651404E-05    2.0598370E-02   -2.0598370E-02
 6.3600    4.0678282E-05    2.0676960E-02   -2.0676960E-02
 6.3700    4.1019860E-05    2.0916206E-02   -2.0916206E-02
 6.3800    4.1480736E-05    2.1217669E-02   -2.1217669E-02
 6.3900    4.1775639E-05    2.1435553E-02   -2.1435553E-02
 6.4000    4.1619852E-05    2.1422509E-02   -2.1422509E-02
 6.4100    4.0839453E-05    2.1086565E-02   -2.1086565E-02
 6.4200    3.9446182E-05    2.0430777E-02   -2.0430777E-02
 6.4300    3.7631423E-05    1.9551606E-02   -1.9551606E-02
 6.4400    3.5684592E-05    1.8597833E-02   -1.8597833E-02
 6.4500    3.3891784E-05    1.7718368E-02   -1.7718368E-02
 6.4600    3.2470166E-05    1.7027834E-02   -1.7027834E-02
 6.4700    3.1547359E-05    1.6595159E-02   -1.6595159E-02
 6.4800    3.1156942E-05    1.6440488E-02   -1.6440488E-02
 6.4900    3.1228214E-05    1.6528994E-02   -1.6528994E-02
 6.5000    3.1582546E-05    1.6768094E-02   -1.6768094E-02
 6.5100    3.1965228E-05    1.7023531E-02   -1.7023531E-02
 6.5200    3.2119363E-05    1.7158210E-02   -1.7158210E-02
 6.5300    3.1871002E-05    1.7077801E-02   -1.7077801E-02
 6.5400    3.1182685E-05    1.6760188E-02   -1.6760188E-02
 6.5500    3.0154914E-05    1.6257380E-02   -1.6257380E-02
 6.5600    2.8983290E-05    1.5673473E-02   -1.5673473E-02
 6.5700    2.7889376E-05    1.5127927E-02   -1.5127927E-02
 6.5800    2.7044923E-05    1.4714564E-02   -1.4714564E-02
 6.5900    2.6516600E-05    1.4471000E-02   -1.4471000E-02
 6.6000    2.6259013E-05    1.4373950E-02   -1.4373950E-02
 6.6100    2.6159270E-05    1.4362777E-02   -1.4362777E-02
 6.6200    2.6101920E-05    1.4374683E-02   -1.4374683E-02
 6.6300    2.6014606E-05    1.4369914E-02   -1.4369914E-02
 6.6400    2.5879138E-05    1.4338240E-02   -1.4338240E-02
 6.6500    2.5719762E-05    1.4292892E-02   -1.4292892E-02
 6.6600    2.5585094E-05    1.4260848E-02   -1.4260848E-02
 6.6700    2.5528979E-05    1.4272333E-02   -1.4272333E-02
 6.6800    2.5588309E-05    1.4348430E-02   -1.4348430E-02
 6.6900    2.5759921E-05    1.4487939E-02   -1.4487939E-02
 6.7000    2.5987479E-05    1.4659651E-02   -1.4659651E-02
 6.7100    2.6171864E-05    1.4807767E-02   -1.4807767E-02
 6.7200    2.6208322E-05    1.4872625E-02   -1.4872625E-02
 6.7300    2.6034611E-05    1.4818051E-02   -1.4818051E-02
 6.7400    2.5662164E-05    1.4649504E-02   -1.4649504E-02
 6.7500    2.5170025E-05    1.4411230E-02   -1.4411230E-02
 6.7600    2.4664668E-05    1.4163759E-02   -1.4163759E-02
 6.7700    2.4229976E-05    1.3955333E-02   -1.3955333E-02
 6.7800    2.3895510E-05    1.3803384E-02   -1.3803384E-02
 6.7900    2.3637283E-05    1.3694525E-02   -1.3694525E-02
 6.8000    2.3405082E-05    1.3599967E-02   -1.3599967E-02
 6.8100    2.3157298E-05    1.3495593E-02   -1.3495593E-02
 6.8200    2.2883531E-05    1.3375242E-02   -1.3375242E-02
 6.8300    2.2603954E-05    1.3250604E-02   -1.3250604E-02
 6.8400    2.2347408E-05    1.3138604E-02   -1.3138604E-02
 6.8500    2.2123087E-05    1.3044779E-02   -1.3044779E-02
 6.8600    2.1906764E-05    1.2954967E-02   -1.2954967E-02
 6.8700    2.1654484E-05    1.2843139E-02   -1.2843139E-02
 6.8800    2.1336342E-05    1.2691318E-02   -1.2691318E-02
 6.8900    2.0965441E-05    1.2506976E-02   -1.2506976E-02
 6.9000    2.0598124E-05    1.2323547E-02   -1.2323547E-02
 6.9100    2.0302826E-05    1.2182108E-02   -1.2182108E-02
 6.9200    2.0120490E-05    1.2107671E-02   -1.2107671E-02
 6.9300    2.0046959E-05    1.2098314E-02   -1.2098314E-02
 6.9400    2.0047026E-05    1.2133295E-02   -1.2133295E-02
 6.9500    2.0079463E-05    1.2187975E-02   -1.2187975E-02
 6.9600    2.0105453E-05    1.2238895E-02   -1.2238895E-02
 6.9700    2.0079084E-05    1.2257991E-02   -1.2257991E-02
 6.9800    1.9945411E-05    1.2211350E-02   -1.2211350E-02
 6.9900    1.9662669E-05    1.2072763E-02   -1.2072763E-02
 7.0000    1.9230226E-05    1.1841053E-02   -1.1841053E-02
 7.0100    1.8689767E-05    1.1541169E-02   -1.1541169E-02
 7.0200    1.8095286E-05    1.1205972E-02   -1.1205972E-02
 7.0300    1.7483625E-05    1.0858054E-02   -1.0858054E-02
 7.0400    1.6876624E-05    1.0510920E-02   -1.0510920E-02
 7.0500    1.6309173E-05    1.0186384E-02   -1.0186384E-02
 7.0600    1.5846961E-05    9.9257938E-03   -9.9257938E-03
 7.0700    1.5566083E-05    9.7775046E-03   -9.7775046E-03
 7.0800    1.5504424E-05    9.7663443E-03   -9.7663443E-03
 7.0900    1.5624427E-05    9.8697562E-03   -9.8697562E-03
 7.1000    1.5820958E-05    1.0022114E-02   -1.0022114E-02
 7.1100    1.5972318E-05    1.0146517E-02   -1.0146517E-02
 7.1200    1.5998711E-05    1.0191893E-02   -1.0191893E-02
 7.1300    1.5889159E-05    1.0150556E-02   -1.0150556E-02
 7.1400    1.5685292E-05    1.0048446E-02   -1.0048446E-02
 7.1500    1.5442659E-05    9.9207391E-03   -9.9207391E-03
 7.1600    1.5200131E-05    9.7922666E-03   -9.7922666E-03
 7.1700    1.4972614E-05    9.6726572E-03   -9.6726572E-03
 7.1800    1.4761344E-05    9.5627908E-03   -9.5627908E-03
 7.1900    1.4567619E-05    9.4635963E-03   -9.4635963E-03
 7.2000    1.4400088E-05    9.3808029E-03   -9.3808029E-03
 7.2100    1.4273062E-05    9.3238987E-03   -9.3238987E-03
 7.2200    1.4198214E-05    9.3007501E-03   -9.3007501E-03
 7.2300    1.4174501E-05    9.3109553E-03   -9.3109553E-03
 7.2400    1.4181557E-05    9.3413776E-03   -9.3413776E-03
 7.2500    1.4180869E-05    9.3667456E-03   -9.3667456E-03
 7.2600    1.4126921E-05    9.3568705E-03   -9.3568705E-03
 7.2700    1.3986149E-05    9.2891686E-03   -9.2891686E-03
 7.2800    1.3755141E-05    9.1608902E-03   -9.1608902E-03
 7.2900    1.3466137E-05    8.9930696E-03   -8.9930696E-03
 7.3000    1.3173311E-05    8.8216644E-03   -8.8216644E-03
 7.3100    1.2925962E-05    8.6797557E-03   -8.6797557E-03
 7.3200    1.2744818E-05    8.5815487E-03   -8.5815487E-03
 7.3300    1.2616019E-05    8.5180495E-03   -8.5180495E-03
 7.3400    1.2504878E-05    8.4660618E-03   -8.4660618E-03
 7.3500    1.2378282E-05    8.4032045E-03   -8.4032045E-03
 7.3600    1.2220799E-05    8.3188843E-03   -8.3188843E-03
 7.3700    1.2036747E-05    8.2158781E-03   -8.2158781E-03
 7.3800    1.1841497E-05    8.1045557E-03   -8.1045557E-03
 7.3900    1.1650659E-05    7.9955661E-03   -7.9955661E-03
 7.4000    1.1473239E-05    7.8951311E-03   -7.8951311E-03
 7.4100    1.1309633E-05    7.8035963E-03   -7.8035963E-03
 7.4200    1.1153489E-05    7.7166433E-03   -7.7166433E-03
 7.4300    1.0997246E-05    7.6290668E-03   -7.6290668E-03
 7.4400    1.0839835E-05    7.5401228E-03   -7.5401228E-03
 7.4500    1.0691634E-05    7.4570405E-03   -7.4570405E-03
 7.4600    1.0571285E-05    7.3929081E-03   -7.3929081E-03
 7.4700    1.0494502E-05    7.3589000E-03   -7.3589000E-03
 7.4800    1.0462132E-05    7.3558563E-03   -7.3558563E-03
 7.4900    1.0456464E-05    7.3715419E-03   -7.3715419E-03
 7.5000    1.0448841E-05    7.3858505E-03   -7.3858505E-03
 7.5100    1.0413503E-05    7.3805138E-03   -7.3805138E-03
 7.5200    1.0339279E-05    7.3474361E-03   -7.3474361E-03
 7.5300    1.0233098E-05    7.2913334E-03   -7.2913334E-03
 7.5400    1.0113560E-05    7.2253124E-03   -7.2253124E-03
 7.5500    9.9975527E-06    7.1613924E-03   -7.1613924E-03
 7.5600    9.8883890E-06    7.1019727E-03   -7.1019727E-03
 7.5700    9.7755218E-06    7.0394961E-03   -7.0394961E-03
 7.5800    9.6474149E-06    6.9656112E-03   -6.9656112E-03
 7.5900    9.5060189E-06    6.8816422E-03   -6.8816422E-03
 7.6000    9.3682518E-06    6.7997916E-03   -6.7997916E-03
 7.6100    9.2522151E-06    6.7332525E-03   -6.7332525E-03
 7.6200    9.1608902E-06    6.6843239E-03   -6.6843239E-03
 7.6300    9.0784364E-06    6.6415584E-03   -6.6415584E-03
 7.6400    8.9826223E-06    6.5886998E-03   -6.5886998E-03
 7.6500    8.8627478E-06    6.5178015E-03   -6.5178015E-03
 7.6600    8.7280199E-06    6.4355124E-03   -6.4355124E-03
 7.6700    8.6002729E-06    6.3578873E-03   -6.3578873E-03
 7.6800    8.4986900E-06    6.2991840E-03   -6.2991840E-03
 7.6900    8.4295950E-06    6.2642525E-03   -6.2642525E-03
 7.7000    8.3871663E-06    6.2489430E-03   -6.2489430E-03
 7.7100    8.3602204E-06    6.2450561E-03   -6.2450561E-03
 7.7200    8.3372339E-06    6.2440511E-03   -6.2440511E-03
 7.7300    8.3073811E-06    6.2378221E-03   -6.2378221E-03
 7.7400    8.2611261E-06    6.2191501E-03   -6.2191501E-03
 7.7500    8.1931976E-06    6.1839604E-03   -6.1839604E-03
 7.7600    8.1057841E-06    6.1337820E-03   -6.1337820E-03
 7.7700    8.0075609E-06    6.0750821E-03   -6.0750821E-03
 7.7800    7.9077281E-06    6.0147944E-03   -6.0147944E-03
 7.7900    7.8095238E-06    5.9553780E-03   -5.9553780E-03
 7.8000    7.7089078E-06    5.8937529E-03   -5.8937529E-03
 7.8100    7.6000302E-06    5.8254201E-03   -5.8254201E-03
 7.8200    7.4833919E-06    5.7507152E-03   -5.7507152E-03
 7.8300    7.3699713E-06    5.6780496E-03   -5.6780496E-03
 7.8400    7.2772119E-06    5.6209149E-03   -5.6209149E-03
 7.8500    7.2189279E-06    5.5901297E-03   -5.5901297E-03
 7.8600    7.1960820E-06    5.5866448E-03   -5.5866448E-03
 7.8700    7.1947570E-06    5.5998379E-03   -5.5998379E-03
 7.8800    7.1920444E-06    5.6119612E-03   -5.6119612E-03
 7.8900    7.1654314E-06    5.6053949E-03   -5.6053949E-03
 7.9000    7.1007837E-06    5.5689117E-03   -5.5689117E-03
 7.9100    6.9965422E-06    5.5010588E-03   -5.5010588E-03
 7.9200    6.8634640E-06    5.4100788E-03   -5.4100788E-03
 7.9300    6.7200955E-06    5.3104544E-03   -5.3104544E-03
 7.9400    6.5861320E-06    5.2177263E-03   -5.2177263E-03
 7.9500    6.4773750E-06    5.1444999E-03   -5.1444999E-03
 7.9600    6.4039711E-06    5.0990041E-03   -5.0990041E-03
 7.9700    6.3698317E-06    5.0845727E-03   -5.0845727E-03
 7.9800    6.3711389E-06    5.0983861E-03   -5.0983861E-03
 7.9900    6.3958949E-06    5.1310322E-03   -5.1310322E-03
 8.0000    6.4278554E-06    5.1695881E-03   -5.1695881E-03
 8.0100    6.4534143E-06    5.2031272E-03   -5.2031272E-03
 8.0200    6.4655681E-06    5.2259505E-03   -5.2259505E-03
 8.0300    6.4621640E-06    5.2362326E-03   -5.2362326E-03
 8.0400    6.4423373E-06    5.2331770E-03   -5.2331770E-03
 8.0500    6.4058556E-06    5.2164947E-03   -5.2164947E-03
 8.0600    6.3545910E-06    5.1876128E-03   -5.1876128E-03
 8.0700    6.2922504E-06    5.1494747E-03   -5.1494747E-03
 8.0800    6.2215788E-06    5.1042647E-03   -5.1042647E-03
 8.0900    6.1419406E-06    5.0514088E-03   -5.0514088E-03
 8.1000    6.0496733E-06    4.9878321E-03   -4.9878321E-03
 8.1100    5.9410601E-06    4.9103847E-03   -4.9103847E-03
 8.1200    5.8166369E-06    4.8194100E-03   -4.8194100E-03
 8.1300    5.6852258E-06    4.7221380E-03   -4.7221380E-03
 8.1400    5.5649601E-06    4.6336234E-03   -4.6336234E-03
 8.1500    5.4783494E-06    4.5727221E-03   -4.5727221E-03
 8.1600    5.4418983E-06    4.5534503E-03   -4.5534503E-03
 8.1700    5.4561047E-06    4.5765338E-03   -4.5765338E-03
 8.1800    5.5029198E-06    4.6271082E-03   -4.6271082E-03
 8.1900    5.5525813E-06    4.6802882E-03   -4.6802882E-03
 8.2000    5.5751949E-06    4.7108320E-03   -4.7108320E-03
 8.2100    5.5507178E-06    4.7015962E-03   -4.7015962E-03
 8.2200    5.4738457E-06    4.6477852E-03   -4.6477852E-03
 8.2300    5.3533643E-06    4.5565520E-03   -4.5565520E-03
 8.2400    5.2071318E-06    4.4428623E-03   -4.4428623E-03
 8.2500    5.0552585E-06    4.3237555E-03   -4.3237555E-03
 8.2600    4.9149718E-06    4.2139656E-03   -4.2139656E-03
 8.2700    4.7993467E-06    4.1248011E-03   -4.1248011E-03
 8.2800    4.7190084E-06    4.0655686E-03   -4.0655686E-03
 8.2900    4.6836931E-06    4.0448959E-03   -4.0448959E-03
 8.3000    4.7007687E-06    4.0694427E-03   -4.0694427E-03
 8.3100    4.7700660E-06    4.1393895E-03   -4.1393895E-03
 8.3200    4.8773853E-06    4.2427123E-03   -4.2427123E-03
 8.3300    4.9912721E-06    4.3522228E-03   -4.3522228E-03
 8.3400    5.0676147E-06    4.4294067E-03   -4.4294067E-03
 8.3500    5.0635174E-06    4.4364452E-03   -4.4364452E-03
 8.3600    4.9559730E-06    4.3526260E-03   -4.3526260E-03
 8.3700    4.7549904E-06    4.1861079E-03   -4.1861079E-03
 8.3800    4.5010745E-06    3.9720445E-03   -3.9720445E-03
 8.3900    4.2465708E-06    3.7564028E-03   -3.7564028E-03
 8.4000    4.0325678E-06    3.5756097E-03   -3.5756097E-03
 8.4100    3.8759928E-06    3.4449650E-03   -3.4449650E-03
 8.4200    3.7725146E-06    3.3609726E-03   -3.3609726E-03
 8.4300    3.7093266E-06    3.3125320E-03   -3.3125320E-03
 8.4400    3.6772532E-06    3.2916852E-03   -3.2916852E-03
 8.4500    3.6745074E-06    3.2970263E-03   -3.2970263E-03
 8.4600    3.7009101E-06    3.3285810E-03   -3.3285810E-03
 8.4700    3.7483517E-06    3.3792242E-03   -3.3792242E-03
 8.4800    3.7970165E-06    3.4311844E-03   -3.4311844E-03
 8.4900    3.8229509E-06    3.4627726E-03   -3.4627726E-03
 8.5000    3.8121692E-06    3.4611457E-03   -3.4611457E-03
 8.5100    3.7692418E-06    3.4302280E-03   -3.4302280E-03
 8.5200    3.7126064E-06    3.3866316E-03   -3.3866316E-03
 8.5300    3.6608252E-06    3.3472405E-03   -3.3472405E-03
 8.5400    3.6212057E-06    3.3187826E-03   -3.3187826E-03
 8.5500    3.5883623E-06    3.2963884E-03   -3.2963884E-03
 8.5600    3.5514197E-06    3.2700876E-03   -3.2700876E-03
 8.5700    3.5033576E-06    3.2333743E-03   -3.2333743E-03
 8.5800    3.4463535E-06    3.1881905E-03   -3.1881905E-03
 8.5900    3.3901940E-06    3.1435527E-03   -3.1435527E-03
 8.6000    3.3452598E-06    3.1091138E-03   -3.1091138E-03
 8.6100    3.3157625E-06    3.0888696E-03   -3.0888696E-03
 8.6200    3.2990349E-06    3.0804297E-03   -3.0804297E-03
 8.6300    3.2909864E-06    3.0800484E-03   -3.0800484E-03
 8.6400    3.2914762E-06    3.0876500E-03   -3.0876500E-03
 8.6500    3.3036441E-06    3.1062423E-03   -3.1062423E-03
 8.6600    3.3281608E-06    3.1365337E-03   -3.1365337E-03
 8.6700    3.3589458E-06    3.1728611E-03   -3.1728611E-03
 8.6800    3.3849659E-06    3.2048198E-03   -3.2048198E-03
 8.6900    3.3960726E-06    3.2227482E-03   -3.2227482E-03
 8.7000    3.3872464E-06    3.2217747E-03   -3.2217747E-03
 8.7100    3.3585091E-06    3.2017889E-03   -3.2017889E-03
 8.7200    3.3127417E-06    3.1654132E-03   -3.1654132E-03
 8.7300    3.2546400E-06    3.1170323E-03   -3.1170323E-03
 8.7400    3.1908622E-06    3.0629562E-03   -3.0629562E-03
 8.7500    3.1292859E-06    3.0107259E-03   -3.0107259E-03
 8.7600    3.0769399E-06    2.9671336E-03   -2.9671336E-03
 8.7700    3.0382634E-06    2.9365302E-03   -2.9365302E-03
 8.7800    3.0143121E-06    2.9200287E-03   -2.9200287E-03
 8.7900    3.0017871E-06    2.9145231E-03   -2.9145231E-03
 8.8000    2.9922325E-06    2.9118604E-03   -2.9118604E-03
 8.8100    2.9741954E-06    2.9008895E-03   -2.9008895E-03
 8.8200    2.9391449E-06    2.8732143E-03   -2.8732143E-03
 8.8300    2.8868016E-06    2.8284481E-03   -2.8284481E-03
 8.8400    2.8246918E-06    2.7738659E-03   -2.7738659E-03
 8.8500    2.7623669E-06    2.7188032E-03   -2.7188032E-03
 8.8600    2.7058806E-06    2.6692296E-03   -2.6692296E-03
 8.8700    2.6567562E-06    2.6266899E-03   -2.6266899E-03
 8.8800    2.6146014E-06    2.5908442E-03   -2.5908442E-03
 8.8900    2.5798957E-06    2.5622148E-03   -2.5622148E-03
 8.9000    2.5545872E-06    2.5427907E-03   -2.5427907E-03
 8.9100    2.5403141E-06    2.5342689E-03   -2.5342689E-03
 8.9200    2.5357365E-06    2.5353837E-03   -2.5353837E-03
 8.9300    2.5354302E-06    2.5407646E-03   -2.5407646E-03
 8.9400    2.5319614E-06    2.5429744E-03   -2.5429744E-03
 8.9500    2.5199254E-06    2.5365511E-03   -2.5365511E-03
 8.9600    2.4986726E-06    2.5207817E-03   -2.5207817E-03
 8.9700    2.4718419E-06    2.4992830E-03   -2.4992830E-03
 8.9800    2.4449717E-06    2.4776295E-03   -2.4776295E-03
 8.9900    2.4234832E-06    2.4613267E-03   -2.4613267E-03
 9.0000    2.4116077E-06    2.4547176E-03   -2.4547176E-03
 9.0100    2.4113694E-06    2.4599325E-03   -2.4599325E-03
 9.0200    2.4214272E-06    2.4756792E-03   -2.4756792E-03
 9.0300    2.4368739E-06    2.4969993E-03   -2.4969993E-03
 9.0400    2.4508198E-06    2.5168545E-03   -2.5168545E-03
 9.0500    2.4569725E-06    2.5287582E-03   -2.5287582E-03
 9.0600    2.4515403E-06    2.5287465E-03   -2.5287465E-03
 9.0700    2.4336839E-06    2.5158724E-03   -2.5158724E-03
 9.0800    2.4051580E-06    2.4918688E-03   -2.4918688E-03
 9.0900    2.3699490E-06    2.4608017E-03   -2.4608017E-03
 9.1000    2.3337539E-06    2.4285537E-03   -2.4285537E-03
 9.1100    2.3027106E-06    2.4015187E-03   -2.4015187E-03
 9.1200    2.2815119E-06    2.3846370E-03   -2.3846370E-03
 9.1300    2.2717659E-06    2.3796605E-03   -2.3796605E-03
 9.1400    2.2712806E-06    2.3843667E-03   -2.3843667E-03
 9.1500    2.2744618E-06    2.3929339E-03   -2.3929339E-03
 9.1600    2.2739564E-06    2.3976343E-03   -2.3976343E-03
 9.1700    2.2634804E-06    2.3918022E-03   -2.3918022E-03
 9.1800    2.2407471E-06    2.3729471E-03   -2.3729471E-03
 9.1900    2.2085294E-06    2.3439270E-03   -2.3439270E-03
 9.2000    2.1728124E-06    2.3110415E-03   -2.3110415E-03
 9.2100    2.1393737E-06    2.2804249E-03   -2.2804249E-03
 9.2200    2.1114769E-06    2.2555790E-03   -2.2555790E-03
 9.2300    2.0900606E-06    2.2375469E-03   -2.2375469E-03
 9.2400    2.0752662E-06    2.2265252E-03   -2.2265252E-03
 9.2500    2.0671410E-06    2.2226109E-03   -2.2226109E-03
 9.2600    2.0648040E-06    2.2249009E-03   -2.2249009E-03
 9.2700    2.0654347E-06    2.2303900E-03   -2.2303900E-03
 9.2800    2.0648349E-06    2.2345555E-03   -2.2345555E-03
 9.2900    2.0596538E-06    2.2337549E-03   -2.2337549E-03
 9.3000    2.0494631E-06    2.2274905E-03   -2.2274905E-03
 9.3100    2.0366910E-06    2.2183720E-03   -2.2183720E-03
 9.3200    2.0242712E-06    2.2095833E-03   -2.2095833E-03
 9.3300    2.0129959E-06    2.2019936E-03   -2.2019936E-03
 9.3400    2.0009246E-06    2.1934834E-03   -2.1934834E-03
 9.3500    1.9853906E-06    2.1811174E-03   -2.1811174E-03
 9.3600    1.9658208E-06    2.1642403E-03   -2.1642403E-03
 9.3700    1.9448403E-06    2.1457197E-03   -2.1457197E-03
 9.3800    1.9266318E-06    2.1301700E-03   -2.1301700E-03
 9.3900    1.9139256E-06    2.1206359E-03   -2.1206359E-03
 9.4000    1.9061266E-06    2.1164953E-03   -2.1164953E-03
 9.4100    1.8999829E-06    2.1141646E-03   -2.1141646E-03
 9.4200    1.8919808E-06    2.1097374E-03   -2.1097374E-03
 9.4300    1.8804029E-06    2.1012812E-03   -2.1012812E-03
 9.4400    1.8657135E-06    2.0892904E-03   -2.0892904E-03
 9.4500    1.8495966E-06    2.0756327E-03   -2.0756327E-03
 9.4600    1.8337967E-06    2.0622595E-03   -2.0622595E-03
