# total charge: 10.000000 
# r(A)     rho (e/A^3)     4*pi*r^2*rho(e/A)  dip  
 0.0000   -1.2398091E+00   -0.0000000E+00    7.9788456E+01
 0.0100   -1.2350037E+00   -1.5519514E-03    7.9392061E+01
 0.0200   -1.2289349E+00   -6.1773004E-03    7.8214716E+01
 0.0300   -1.2213506E+00   -1.3813150E-02    7.6291376E+01
 0.0400   -1.2119851E+00   -2.4368407E-02    7.3678396E+01
 0.0500   -1.2005492E+00   -3.7716365E-02    7.0450782E+01
 0.0600   -1.1867246E+00   -5.3686155E-02    6.6698607E+01
 0.0700   -1.1701915E+00   -7.2054793E-02    6.2522841E+01
 0.0800   -1.1506938E+00   -9.2544287E-02    5.8030855E+01
 0.0900   -1.1281056E+00   -1.1482716E-01    5.3331877E+01
 0.1000   -1.1024507E+00   -1.3853805E-01    4.8532683E+01
 0.1100   -1.0738659E+00   -1.6328463E-01    4.3733720E+01
 0.1200   -1.0425376E+00   -1.8865316E-01    3.9025864E+01
 0.1300   -1.0086502E+00   -2.1420872E-01    3.4487927E+01
 0.1400   -9.7236337E-01   -2.3949394E-01    3.0184987E+01
 0.1500   -9.3381417E-01   -2.6402974E-01    2.6167549E+01
 0.1600   -8.9313084E-01   -2.8731938E-01    2.2471486E+01
 0.1700   -8.5044550E-01   -3.0885469E-01    1.9118670E+01
 0.1800   -8.0589746E-01   -3.2812148E-01    1.6118153E+01
 0.1900   -7.5962662E-01   -3.4460156E-01    1.3467765E+01
 0.2000   -7.1176405E-01   -3.5777163E-01    1.1155965E+01
 0.2100   -6.6242829E-01   -3.6710249E-01    9.1638217E+00
 0.2200   -6.1173072E-01   -3.7206217E-01    7.4669807E+00
 0.2300   -5.5978518E-01   -3.7212336E-01    6.0375309E+00
 0.2400   -5.0671503E-01   -3.6677196E-01    4.8456780E+00
 0.2500   -4.5265412E-01   -3.5551371E-01    3.8611738E+00
 0.2600   -3.9774353E-01   -3.3787782E-01    3.0544717E+00
 0.2700   -3.4212716E-01   -3.1341872E-01    2.3976057E+00
 0.2800   -2.8594819E-01   -2.8171715E-01    1.8648075E+00
 0.2900   -2.2934720E-01   -2.4238141E-01    1.4328879E+00
 0.3000   -1.7246152E-01   -1.9504938E-01    1.0814191E+00
 0.3100   -1.1542569E-01   -1.3939132E-01    7.9275513E-01
 0.3200   -5.8372200E-02   -7.5113134E-02    5.5193077E-01
 0.3300   -1.4320863E-03   -1.9597782E-03    3.4647357E-01
 0.3400    5.5265139E-02    8.0282144E-02    1.6616169E-01
 0.3500    1.1159209E-01    1.7178267E-01    2.7538655E-03
 0.3600    1.6742455E-01    2.7266789E-01   -1.5028750E-01
 0.3700    2.2264249E-01    3.8301992E-01   -2.9806386E-01
 0.3800    2.7713052E-01    5.0287659E-01   -4.4448720E-01
 0.3900    3.3077758E-01    6.3223006E-01   -5.9249897E-01
 0.4000    3.8347624E-01    7.7102473E-01   -7.4425869E-01
 0.4100    4.3512245E-01    9.1915566E-01   -9.0130332E-01
 0.4200    4.8561605E-01    1.0764689E+00   -1.0646803E+00
 0.4300    5.3486201E-01    1.2427636E+00   -1.2350566E+00
 0.4400    5.8277159E-01    1.4177955E+00   -1.4128070E+00
 0.4500    6.2926296E-01    1.6012792E+00   -1.5980824E+00
 0.4600    6.7426118E-01    1.7928902E+00   -1.7908620E+00
 0.4700    7.1769776E-01    1.9922653E+00   -1.9909913E+00
 0.4800    7.5950994E-01    2.1990029E+00   -2.1982106E+00
 0.4900    7.9964001E-01    2.4126623E+00   -2.4121745E+00
 0.5000    8.3803522E-01    2.6327653E+00   -2.6324680E+00
 0.5100    8.7464840E-01    2.8587997E+00   -2.8586202E+00
 0.5200    9.0943903E-01    3.0902253E+00   -3.0901181E+00
 0.5300    9.4237389E-01    3.3264795E+00   -3.3264160E+00
 0.5400    9.7342659E-01    3.5669793E+00   -3.5669422E+00
 0.5500    1.0025765E+00    3.8111212E+00   -3.8110997E+00
 0.5600    1.0298078E+00    4.0582807E+00   -4.0582683E+00
 0.5700    1.0551092E+00    4.3078145E+00   -4.3078075E+00
 0.5800    1.0784749E+00    4.5590661E+00   -4.5590622E+00
 0.5900    1.0999043E+00    4.8113705E+00   -4.8113683E+00
 0.6000    1.1194027E+00    5.0640583E+00   -5.0640571E+00
 0.6100    1.1369801E+00    5.3164579E+00   -5.3164572E+00
 0.6200    1.1526513E+00    5.5678970E+00   -5.5678966E+00
 0.6300    1.1664356E+00    5.8177055E+00   -5.8177053E+00
 0.6400    1.1783566E+00    6.0652201E+00   -6.0652200E+00
 0.6500    1.1884427E+00    6.3097887E+00   -6.3097886E+00
 0.6600    1.1967263E+00    6.5507730E+00   -6.5507730E+00
 0.6700    1.2032437E+00    6.7875504E+00   -6.7875504E+00
 0.6800    1.2080346E+00    7.0195141E+00   -7.0195141E+00
 0.6900    1.2111412E+00    7.2460751E+00   -7.2460751E+00
 0.7000    1.2126088E+00    7.4666648E+00   -7.4666648E+00
 0.7100    1.2124852E+00    7.6807388E+00   -7.6807388E+00
 0.7200    1.2108208E+00    7.8877792E+00   -7.8877792E+00
 0.7300    1.2076686E+00    8.0872963E+00   -8.0872963E+00
 0.7400    1.2030830E+00    8.2788285E+00   -8.2788285E+00
 0.7500    1.1971199E+00    8.4619423E+00   -8.4619423E+00
 0.7600    1.1898368E+00    8.6362346E+00   -8.6362346E+00
 0.7700    1.1812920E+00    8.8013351E+00   -8.8013351E+00
 0.7800    1.1715452E+00    8.9569084E+00   -8.9569084E+00
 0.7900    1.1606572E+00    9.1026538E+00   -9.1026538E+00
 0.8000    1.1486890E+00    9.2383048E+00   -9.2383048E+00
 0.8100    1.1357018E+00    9.3636290E+00   -9.3636290E+00
 0.8200    1.1217571E+00    9.4784295E+00   -9.4784295E+00
 0.8300    1.1069165E+00    9.5825460E+00   -9.5825460E+00
 0.8400    1.0912415E+00    9.6758539E+00   -9.6758539E+00
 0.8500    1.0747929E+00    9.7582624E+00   -9.7582624E+00
 0.8600    1.0576308E+00    9.8297130E+00   -9.8297130E+00
 0.8700    1.0398144E+00    9.8901798E+00   -9.8901798E+00
 0.8800    1.0214022E+00    9.9396711E+00   -9.9396711E+00
 0.8900    1.0024521E+00    9.9782295E+00   -9.9782295E+00
 0.9000    9.8302056E-01    1.0005931E+01   -1.0005931E+01
 0.9100    9.6316324E-01    1.0022880E+01   -1.0022880E+01
 0.9200    9.4293421E-01    1.0029214E+01   -1.0029214E+01
 0.9300    9.2238623E-01    1.0025097E+01   -1.0025097E+01
 0.9400    9.0157074E-01    1.0010721E+01   -1.0010721E+01
 0.9500    8.8053775E-01    9.9863103E+00   -9.9863103E+00
 0.9600    8.5933582E-01    9.9521117E+00   -9.9521117E+00
 0.9700    8.3801189E-01    9.9083996E+00   -9.9083996E+00
 0.9800    8.1661130E-01    9.8554713E+00   -9.8554713E+00
 0.9900    7.9517767E-01    9.7936466E+00   -9.7936466E+00
 1.0000    7.7375296E-01    9.7232664E+00   -9.7232664E+00
 1.0100    7.5237743E-01    9.6446922E+00   -9.6446922E+00
 1.0200    7.3108970E-01    9.5583047E+00   -9.5583047E+00
 1.0300    7.0992672E-01    9.4645035E+00   -9.4645035E+00
 1.0400    6.8892373E-01    9.3637043E+00   -9.3637043E+00
 1.0500    6.6811422E-01    9.2563374E+00   -9.2563374E+00
 1.0600    6.4752981E-01    9.1428451E+00   -9.1428451E+00
 1.0700    6.2720040E-01    9.0236813E+00   -9.0236813E+00
 1.0800    6.0715433E-01    8.8993127E+00   -8.8993127E+00
 1.0900    5.8741852E-01    8.7702201E+00   -8.7702201E+00
 1.1000    5.6801862E-01    8.6368983E+00   -8.6368983E+00
 1.1100    5.4897893E-01    8.4998546E+00   -8.4998546E+00
 1.1200    5.3032225E-01    8.3596050E+00   -8.3596050E+00
 1.1300    5.1206981E-01    8.2166714E+00   -8.2166714E+00
 1.1400    4.9424119E-01    8.0715791E+00   -8.0715791E+00
 1.1500    4.7685430E-01    7.9248536E+00   -7.9248536E+00
 1.1600    4.5992511E-01    7.7770155E+00   -7.7770155E+00
 1.1700    4.4346720E-01    7.6285693E+00   -7.6285693E+00
 1.1800    4.2749112E-01    7.4799892E+00   -7.4799892E+00
 1.1900    4.1200366E-01    7.3317030E+00   -7.3317030E+00
 1.2000    3.9700754E-01    7.1840792E+00   -7.1840792E+00
 1.2100    3.8250138E-01    7.0374223E+00   -7.0374223E+00
 1.2200    3.6848030E-01    6.8919767E+00   -6.8919767E+00
 1.2300    3.5493670E-01    6.7479367E+00   -6.7479367E+00
 1.2400    3.4186111E-01    6.6054579E+00   -6.6054579E+00
 1.2500    3.2924282E-01    6.4646676E+00   -6.4646676E+00
 1.2600    3.1707044E-01    6.3256727E+00   -6.3256727E+00
 1.2700    3.0533223E-01    6.1885649E+00   -6.1885649E+00
 1.2800    2.9401634E-01    6.0534265E+00   -6.0534265E+00
 1.2900    2.8311102E-01    5.9203320E+00   -5.9203320E+00
 1.3000    2.7260463E-01    5.7893499E+00   -5.7893499E+00
 1.3100    2.6248565E-01    5.6605421E+00   -5.6605421E+00
 1.3200    2.5274268E-01    5.5339638E+00   -5.5339638E+00
 1.3300    2.4336437E-01    5.4096621E+00   -5.4096621E+00
 1.3400    2.3433947E-01    5.2876767E+00   -5.2876767E+00
 1.3500    2.2565679E-01    5.1680392E+00   -5.1680392E+00
 1.3600    2.1730531E-01    5.0507749E+00   -5.0507749E+00
 1.3700    2.0927423E-01    4.9359045E+00   -4.9359045E+00
 1.3800    2.0155307E-01    4.8234465E+00   -4.8234465E+00
 1.3900    1.9413168E-01    4.7134171E+00   -4.7134171E+00
 1.4000    1.8700016E-01    4.6058302E+00   -4.6058302E+00
 1.4100    1.8014884E-01    4.5006948E+00   -4.5006948E+00
 1.4200    1.7356816E-01    4.3980140E+00   -4.3980140E+00
 1.4300    1.6724869E-01    4.2977848E+00   -4.2977848E+00
 1.4400    1.6118120E-01    4.1999996E+00   -4.1999996E+00
 1.4500    1.5535670E-01    4.1046474E+00   -4.1046474E+00
 1.4600    1.4976647E-01    4.0117158E+00   -4.0117158E+00
 1.4700    1.4440208E-01    3.9211910E+00   -3.9211910E+00
 1.4800    1.3925539E-01    3.8330573E+00   -3.8330573E+00
 1.4900    1.3431846E-01    3.7472970E+00   -3.7472970E+00
 1.5000    1.2958355E-01    3.6638885E+00   -3.6638885E+00
 1.5100    1.2504306E-01    3.5828064E+00   -3.5828064E+00
 1.5200    1.2068958E-01    3.5040218E+00   -3.5040218E+00
 1.5300    1.1651587E-01    3.4275029E+00   -3.4275029E+00
 1.5400    1.1251493E-01    3.3532155E+00   -3.3532155E+00
 1.5500    1.0867994E-01    3.2811242E+00   -3.2811242E+00
 1.5600    1.0500431E-01    3.2111915E+00   -3.2111915E+00
 1.5700    1.0148165E-01    3.1433786E+00   -3.1433786E+00
 1.5800    9.8105752E-02    3.0776449E+00   -3.0776449E+00
 1.5900    9.4870602E-02    3.0139481E+00   -3.0139481E+00
 1.6000    9.1770378E-02    2.9522447E+00   -2.9522447E+00
 1.6100    8.8799452E-02    2.8924902E+00   -2.8924902E+00
 1.6200    8.5952383E-02    2.8346394E+00   -2.8346394E+00
 1.6300    8.3223900E-02    2.7786454E+00   -2.7786454E+00
 1.6400    8.0608892E-02    2.7244605E+00   -2.7244605E+00
 1.6500    7.8102413E-02    2.6720354E+00   -2.6720354E+00
 1.6600    7.5699699E-02    2.6213209E+00   -2.6213209E+00
 1.6700    7.3396181E-02    2.5722683E+00   -2.5722683E+00
 1.6800    7.1187482E-02    2.5248295E+00   -2.5248295E+00
 1.6900    6.9069390E-02    2.4789564E+00   -2.4789564E+00
 1.7000    6.7037834E-02    2.4346003E+00   -2.4346003E+00
 1.7100    6.5088867E-02    2.3917115E+00   -2.3917115E+00
 1.7200    6.3218672E-02    2.3502395E+00   -2.3502395E+00
 1.7300    6.1423579E-02    2.3101341E+00   -2.3101341E+00
 1.7400    5.9700094E-02    2.2713464E+00   -2.2713464E+00
 1.7500    5.8044905E-02    2.2338297E+00   -2.2338297E+00
 1.7600    5.6454874E-02    2.1975392E+00   -2.1975392E+00
 1.7700    5.4927010E-02    2.1624315E+00   -2.1624315E+00
 1.7800    5.3458445E-02    2.1284634E+00   -2.1284634E+00
 1.7900    5.2046418E-02    2.0955922E+00   -2.0955922E+00
 1.8000    5.0688288E-02    2.0637757E+00   -2.0637757E+00
 1.8100    4.9381545E-02    2.0329734E+00   -2.0329734E+00
 1.8200    4.8123817E-02    2.0031465E+00   -2.0031465E+00
 1.8300    4.6912843E-02    1.9742575E+00   -1.9742575E+00
 1.8400    4.5746443E-02    1.9462689E+00   -1.9462689E+00
 1.8500    4.4622501E-02    1.9191425E+00   -1.9191425E+00
 1.8600    4.3538990E-02    1.8928409E+00   -1.8928409E+00
 1.8700    4.2494022E-02    1.8673293E+00   -1.8673293E+00
 1.8800    4.1485878E-02    1.8425779E+00   -1.8425779E+00
 1.8900    4.0512983E-02    1.8185602E+00   -1.8185602E+00
 1.9000    3.9573847E-02    1.7952517E+00   -1.7952517E+00
 1.9100    3.8667016E-02    1.7726266E+00   -1.7726266E+00
 1.9200    3.7791057E-02    1.7506582E+00   -1.7506582E+00
 1.9300    3.6944592E-02    1.7293200E+00   -1.7293200E+00
 1.9400    3.6126329E-02    1.7085872E+00   -1.7085872E+00
 1.9500    3.5335074E-02    1.6884379E+00   -1.6884379E+00
 1.9600    3.4569723E-02    1.6688523E+00   -1.6688523E+00
 1.9700    3.3829232E-02    1.6498120E+00   -1.6498120E+00
 1.9800    3.3112585E-02    1.6312981E+00   -1.6312981E+00
 1.9900    3.2418765E-02    1.6132902E+00   -1.6132902E+00
 2.0000    3.1746755E-02    1.5957660E+00   -1.5957660E+00
 2.0100    3.1095555E-02    1.5787025E+00   -1.5787025E+00
 2.0200    3.0464224E-02    1.5620780E+00   -1.5620780E+00
 2.0300    2.9851908E-02    1.5458738E+00   -1.5458738E+00
 2.0400    2.9257843E-02    1.5300742E+00   -1.5300742E+00
 2.0500    2.8681336E-02    1.5146663E+00   -1.5146663E+00
 2.0600    2.8121726E-02    1.4996374E+00   -1.4996374E+00
 2.0700    2.7578355E-02    1.4849742E+00   -1.4849742E+00
 2.0800    2.7050555E-02    1.4706615E+00   -1.4706615E+00
 2.0900    2.6537670E-02    1.4566836E+00   -1.4566836E+00
 2.1000    2.6039082E-02    1.4430259E+00   -1.4430259E+00
 2.1100    2.5554234E-02    1.4296760E+00   -1.4296760E+00
 2.1200    2.5082622E-02    1.4166238E+00   -1.4166238E+00
 2.1300    2.4623773E-02    1.4038596E+00   -1.4038596E+00
 2.1400    2.4177208E-02    1.3913730E+00   -1.3913730E+00
 2.1500    2.3742432E-02    1.3791515E+00   -1.3791515E+00
 2.1600    2.3318918E-02    1.3671802E+00   -1.3671802E+00
 2.1700    2.2906119E-02    1.3554417E+00   -1.3554417E+00
 2.1800    2.2503488E-02    1.3439177E+00   -1.3439177E+00
 2.1900    2.2110514E-02    1.3325912E+00   -1.3325912E+00
 2.2000    2.1726767E-02    1.3214488E+00   -1.3214488E+00
 2.2100    2.1351903E-02    1.3104818E+00   -1.3104818E+00
 2.2200    2.0985652E-02    1.2996855E+00   -1.2996855E+00
 2.2300    2.0627771E-02    1.2890563E+00   -1.2890563E+00
 2.2400    2.0278005E-02    1.2785895E+00   -1.2785895E+00
 2.2500    1.9936077E-02    1.2682784E+00   -1.2682784E+00
 2.2600    1.9601690E-02    1.2581148E+00   -1.2581148E+00
 2.2700    1.9274546E-02    1.2480895E+00   -1.2480895E+00
 2.2800    1.8954355E-02    1.2381936E+00   -1.2381936E+00
 2.2900    1.8640835E-02    1.2284181E+00   -1.2284181E+00
 2.3000    1.8333701E-02    1.2187529E+00   -1.2187529E+00
 2.3100    1.8032668E-02    1.2091880E+00   -1.2091880E+00
 2.3200    1.7737462E-02    1.1997129E+00   -1.1997129E+00
 2.3300    1.7447828E-02    1.1903182E+00   -1.1903182E+00
 2.3400    1.7163538E-02    1.1809959E+00   -1.1809959E+00
 2.3500    1.6884410E-02    1.1717406E+00   -1.1717406E+00
 2.3600    1.6610313E-02    1.1625501E+00   -1.1625501E+00
 2.3700    1.6341164E-02    1.1534255E+00   -1.1534255E+00
 2.3800    1.6076901E-02    1.1443691E+00   -1.1443691E+00
 2.3900    1.5817440E-02    1.1353816E+00   -1.1353816E+00
 2.4000    1.5562638E-02    1.1264595E+00   -1.1264595E+00
 2.4100    1.5312307E-02    1.1175953E+00   -1.1175953E+00
 2.4200    1.5066244E-02    1.1087805E+00   -1.1087805E+00
 2.4300    1.4824277E-02    1.1000083E+00   -1.1000083E+00
 2.4400    1.4586284E-02    1.0912750E+00   -1.0912750E+00
 2.4500    1.4352186E-02    1.0825802E+00   -1.0825802E+00
 2.4600    1.4121931E-02    1.0739255E+00   -1.0739255E+00
 2.4700    1.3895482E-02    1.0653134E+00   -1.0653134E+00
 2.4800    1.3672804E-02    1.0567465E+00   -1.0567465E+00
 2.4900    1.3453846E-02    1.0482262E+00   -1.0482262E+00
 2.5000    1.3238526E-02    1.0397514E+00   -1.0397514E+00
 2.5100    1.3026725E-02    1.0313179E+00   -1.0313179E+00
 2.5200    1.2818299E-02    1.0229193E+00   -1.0229193E+00
 2.5300    1.2613118E-02    1.0145498E+00   -1.0145498E+00
 2.5400    1.2411094E-02    1.0062071E+00   -1.0062071E+00
 2.5500    1.2212198E-02    9.9789320E-01   -9.9789320E-01
 2.5600    1.2016439E-02    9.8961340E-01   -9.8961340E-01
 2.5700    1.1823820E-02    9.8137262E-01   -9.8137262E-01
 2.5800    1.1634301E-02    9.7317197E-01   -9.7317197E-01
 2.5900    1.1447785E-02    9.6500785E-01   -9.6500785E-01
 2.6000    1.1264150E-02    9.5687452E-01   -9.5687452E-01
 2.6100    1.1083302E-02    9.4876803E-01   -9.4876803E-01
 2.6200    1.0905189E-02    9.4068811E-01   -9.4068811E-01
 2.6300    1.0729779E-02    9.3263592E-01   -9.3263592E-01
 2.6400    1.0557007E-02    9.2460988E-01   -9.2460988E-01
 2.6500    1.0386762E-02    9.1660406E-01   -9.1660406E-01
 2.6600    1.0218927E-02    9.0861195E-01   -9.0861195E-01
 2.6700    1.0053458E-02    9.0063300E-01   -9.0063300E-01
 2.6800    9.8904127E-03    8.9267602E-01   -8.9267602E-01
 2.6900    9.7299144E-03    8.8475585E-01   -8.8475585E-01
 2.7000    9.5720624E-03    8.7688555E-01   -8.7688555E-01
 2.7100    9.4168626E-03    8.6906984E-01   -8.6906984E-01
 2.7200    9.2642204E-03    8.6130417E-01   -8.6130417E-01
 2.7300    9.1139932E-03    8.5357927E-01   -8.5357927E-01
 2.7400    8.9660577E-03    8.4588733E-01   -8.4588733E-01
 2.7500    8.8203408E-03    8.3822501E-01   -8.3822501E-01
 2.7600    8.6768011E-03    8.3059186E-01   -8.3059186E-01
 2.7700    8.5353904E-03    8.2298665E-01   -8.2298665E-01
 2.7800    8.3960378E-03    8.1540588E-01   -8.1540588E-01
 2.7900    8.2586721E-03    8.0784584E-01   -8.0784584E-01
 2.8000    8.1232585E-03    8.0030623E-01   -8.0030623E-01
 2.8100    7.9898170E-03    7.9279214E-01   -7.9279214E-01
 2.8200    7.8584091E-03    7.8531287E-01   -7.8531287E-01
 2.8300    7.7291005E-03    7.7787836E-01   -7.7787836E-01
 2.8400    7.6019179E-03    7.7049481E-01   -7.7049481E-01
 2.8500    7.4768160E-03    7.6316119E-01   -7.6316119E-01
 2.8600    7.3536648E-03    7.5586766E-01   -7.5586766E-01
 2.8700    7.2322701E-03    7.4859737E-01   -7.4859737E-01
 2.8800    7.1124327E-03    7.4133245E-01   -7.4133245E-01
 2.8900    6.9940327E-03    7.3406278E-01   -7.3406278E-01
 2.9000    6.8770918E-03    7.2679291E-01   -7.2679291E-01
 2.9100    6.7617592E-03    7.1954099E-01   -7.1954099E-01
 2.9200    6.6482087E-03    7.1232832E-01   -7.1232832E-01
 2.9300    6.5365078E-03    7.0516523E-01   -7.0516523E-01
 2.9400    6.4265529E-03    6.9804370E-01   -6.9804370E-01
 2.9500    6.3181257E-03    6.9094290E-01   -6.9094290E-01
 2.9600    6.2110373E-03    6.8384460E-01   -6.8384460E-01
 2.9700    6.1052538E-03    6.7674722E-01   -6.7674722E-01
 2.9800    6.0009100E-03    6.6966794E-01   -6.6966794E-01
 2.9900    5.8982030E-03    6.6263131E-01   -6.6263131E-01
 3.0000    5.7972529E-03    6.5565386E-01   -6.5565386E-01
 3.0100    5.6980425E-03    6.4873680E-01   -6.4873680E-01
 3.0200    5.6004641E-03    6.4187102E-01   -6.4187102E-01
 3.0300    5.5044193E-03    6.3504811E-01   -6.3504811E-01
 3.0400    5.4098780E-03    6.2826737E-01   -6.2826737E-01
 3.0500    5.3168616E-03    6.2153402E-01   -6.2153402E-01
 3.0600    5.2253809E-03    6.1485211E-01   -6.1485211E-01
 3.0700    5.1353958E-03    6.0821977E-01   -6.0821977E-01
 3.0800    5.0468334E-03    6.0163109E-01   -6.0163109E-01
 3.0900    4.9596417E-03    5.9508243E-01   -5.9508243E-01
 3.1000    4.8738259E-03    5.8857697E-01   -5.8857697E-01
 3.1100    4.7894341E-03    5.8212312E-01   -5.8212312E-01
 3.1200    4.7065015E-03    5.7572787E-01   -5.7572787E-01
 3.1300    4.6250014E-03    5.6939076E-01   -5.6939076E-01
 3.1400    4.5448401E-03    5.6310291E-01   -5.6310291E-01
 3.1500    4.4658971E-03    5.5685187E-01   -5.5685187E-01
 3.1600    4.3880809E-03    5.5062846E-01   -5.5062846E-01
 3.1700    4.3113664E-03    5.4443160E-01   -5.4443160E-01
 3.1800    4.2357995E-03    5.3826916E-01   -5.3826916E-01
 3.1900    4.1614690E-03    5.3215469E-01   -5.3215469E-01
 3.2000    4.0884599E-03    5.2610153E-01   -5.2610153E-01
 3.2100    4.0168058E-03    5.2011666E-01   -5.2011666E-01
 3.2200    3.9464681E-03    5.1419779E-01   -5.1419779E-01
 3.2300    3.8773527E-03    5.0833524E-01   -5.0833524E-01
 3.2400    3.8093555E-03    5.0251772E-01   -5.0251772E-01
 3.2500    3.7424110E-03    4.9673878E-01   -4.9673878E-01
 3.2600    3.6765187E-03    4.9100040E-01   -4.9100040E-01
 3.2700    3.6117282E-03    4.8531133E-01   -4.8531133E-01
 3.2800    3.5480834E-03    4.7967974E-01   -4.7967974E-01
 3.2900    3.4855552E-03    4.7410401E-01   -4.7410401E-01
 3.3000    3.4240162E-03    4.6856900E-01   -4.6856900E-01
 3.3100    3.3632929E-03    4.6305283E-01   -4.6305283E-01
 3.3200    3.3032690E-03    4.5754095E-01   -4.5754095E-01
 3.3300    3.2439641E-03    4.5203740E-01   -4.5203740E-01
 3.3400    3.1855224E-03    4.4656374E-01   -4.4656374E-01
 3.3500    3.1281171E-03    4.4114614E-01   -4.4114614E-01
 3.3600    3.0718442E-03    4.3580038E-01   -4.3580038E-01
 3.3700    3.0166846E-03    4.3052618E-01   -4.3052618E-01
 3.3800    2.9625540E-03    4.2531386E-01   -4.2531386E-01
 3.3900    2.9093823E-03    4.2015550E-01   -4.2015550E-01
 3.4000    2.8571487E-03    4.1505011E-01   -4.1505011E-01
 3.4100    2.8058516E-03    4.0999949E-01   -4.0999949E-01
 3.4200    2.7554563E-03    4.0500054E-01   -4.0500054E-01
 3.4300    2.7058821E-03    4.0004327E-01   -4.0004327E-01
 3.4400    2.6570432E-03    3.9511667E-01   -3.9511667E-01
 3.4500    2.6089037E-03    3.9021693E-01   -3.9021693E-01
 3.4600    2.5614929E-03    3.8534987E-01   -3.8534987E-01
 3.4700    2.5148687E-03    3.8052582E-01   -3.8052582E-01
 3.4800    2.4690681E-03    3.7575210E-01   -3.7575210E-01
 3.4900    2.4240859E-03    3.7102973E-01   -3.7102973E-01
 3.5000    2.3798929E-03    3.6635605E-01   -3.6635605E-01
 3.5100    2.3364704E-03    3.6172988E-01   -3.6172988E-01
 3.5200    2.2938351E-03    3.5715554E-01   -3.5715554E-01
 3.5300    2.2520411E-03    3.5264326E-01   -3.5264326E-01
 3.5400    2.2111533E-03    3.4820519E-01   -3.4820519E-01
 3.5500    2.1711999E-03    3.4384790E-01   -3.4384790E-01
 3.5600    2.1321270E-03    3.3956501E-01   -3.3956501E-01
 3.5700    2.0937922E-03    3.3533577E-01   -3.3533577E-01
 3.5800    2.0560135E-03    3.3113255E-01   -3.3113255E-01
 3.5900    2.0186507E-03    3.2693389E-01   -3.2693389E-01
 3.6000    1.9816652E-03    3.2273431E-01   -3.2273431E-01
 3.6100    1.9451190E-03    3.1854474E-01   -3.1854474E-01
 3.6200    1.9091236E-03    3.1438444E-01   -3.1438444E-01
 3.6300    1.8737818E-03    3.1027167E-01   -3.1027167E-01
 3.6400    1.8391605E-03    3.0621909E-01   -3.0621909E-01
 3.6500    1.8052987E-03    3.0223494E-01   -3.0223494E-01
 3.6600    1.7722280E-03    2.9832636E-01   -2.9832636E-01
 3.6700    1.7399766E-03    2.9450006E-01   -2.9450006E-01
 3.6800    1.7085421E-03    2.9075767E-01   -2.9075767E-01
 3.6900    1.6778466E-03    2.8708787E-01   -2.8708787E-01
 3.7000    1.6477128E-03    2.8346199E-01   -2.8346199E-01
 3.7100    1.6179046E-03    2.7984052E-01   -2.7984052E-01
 3.7200    1.5882306E-03    2.7619085E-01   -2.7619085E-01
 3.7300    1.5586520E-03    2.7250639E-01   -2.7250639E-01
 3.7400    1.5293130E-03    2.6881248E-01   -2.6881248E-01
 3.7500    1.5004581E-03    2.6515283E-01   -2.6515283E-01
 3.7600    1.4722950E-03    2.6156546E-01   -2.6156546E-01
 3.7700    1.4448960E-03    2.5806503E-01   -2.5806503E-01
 3.7800    1.4181960E-03    2.5464181E-01   -2.5464181E-01
 3.7900    1.3920644E-03    2.5127403E-01   -2.5127403E-01
 3.8000    1.3663835E-03    2.4794175E-01   -2.4794175E-01
 3.8100    1.3410847E-03    2.4463355E-01   -2.4463355E-01
 3.8200    1.3161419E-03    2.4134556E-01   -2.4134556E-01
 3.8300    1.2915564E-03    2.3807884E-01   -2.3807884E-01
 3.8400    1.2673550E-03    2.3483921E-01   -2.3483921E-01
 3.8500    1.2435928E-03    2.3163785E-01   -2.3163785E-01
 3.8600    1.2203394E-03    2.2848891E-01   -2.2848891E-01
 3.8700    1.1976429E-03    2.2540271E-01   -2.2540271E-01
 3.8800    1.1754940E-03    2.2237898E-01   -2.2237898E-01
 3.8900    1.1538213E-03    2.1940556E-01   -2.1940556E-01
 3.9000    1.1325271E-03    2.1646500E-01   -2.1646500E-01
 3.9100    1.1115391E-03    2.1354437E-01   -2.1354437E-01
 3.9200    1.0908402E-03    2.1064112E-01   -2.1064112E-01
 3.9300    1.0704588E-03    2.0776142E-01   -2.0776142E-01
 3.9400    1.0504379E-03    2.0491449E-01   -2.0491449E-01
 3.9500    1.0308174E-03    2.0210907E-01   -2.0210907E-01
 3.9600    1.0116375E-03    1.9935409E-01   -1.9935409E-01
 3.9700    9.9294465E-04    1.9665995E-01   -1.9665995E-01
 3.9800    9.7478074E-04    1.9403628E-01   -1.9403628E-01
 3.9900    9.5715621E-04    1.9148664E-01   -1.9148664E-01
 4.0000    9.4003191E-04    1.8900463E-01   -1.8900463E-01
 4.0100    9.2332677E-04    1.8657525E-01   -1.8657525E-01
 4.0200    9.0694256E-04    1.8417970E-01   -1.8417970E-01
 4.0300    8.9078465E-04    1.8179950E-01   -1.8179950E-01
 4.0400    8.7477231E-04    1.7941867E-01   -1.7941867E-01
 4.0500    8.5884962E-04    1.7702599E-01   -1.7702599E-01
 4.0600    8.4300154E-04    1.7461852E-01   -1.7461852E-01
 4.0700    8.2725973E-04    1.7220294E-01   -1.7220294E-01
 4.0800    8.1168232E-04    1.6979163E-01   -1.6979163E-01
 4.0900    7.9631875E-04    1.6739536E-01   -1.6739536E-01
 4.1000    7.8119084E-04    1.6501929E-01   -1.6501929E-01
 4.1100    7.6630564E-04    1.6266553E-01   -1.6266553E-01
 4.1200    7.5168293E-04    1.6033893E-01   -1.6033893E-01
 4.1300    7.3736685E-04    1.5804966E-01   -1.5804966E-01
 4.1400    7.2341048E-04    1.5581001E-01   -1.5581001E-01
 4.1500    7.0984829E-04    1.5362843E-01   -1.5362843E-01
 4.1600    6.9668104E-04    1.5150624E-01   -1.5150624E-01
 4.1700    6.8388379E-04    1.4943911E-01   -1.4943911E-01
 4.1800    6.7142439E-04    1.4742106E-01   -1.4742106E-01
 4.1900    6.5926882E-04    1.4544555E-01   -1.4544555E-01
 4.2000    6.4736777E-04    1.4350252E-01   -1.4350252E-01
 4.2100    6.3564797E-04    1.4157635E-01   -1.4157635E-01
 4.2200    6.2403393E-04    1.3965065E-01   -1.3965065E-01
 4.2300    6.1248928E-04    1.3771749E-01   -1.3771749E-01
 4.2400    6.0103640E-04    1.3578205E-01   -1.3578205E-01
 4.2500    5.8973176E-04    1.3385736E-01   -1.3385736E-01
 4.2600    5.7862124E-04    1.3195427E-01   -1.3195427E-01
 4.2700    5.6771489E-04    1.3007562E-01   -1.3007562E-01
 4.2800    5.5699287E-04    1.2821742E-01   -1.2821742E-01
 4.2900    5.4642487E-04    1.2637318E-01   -1.2637318E-01
 4.3000    5.3598816E-04    1.2453803E-01   -1.2453803E-01
 4.3100    5.2568515E-04    1.2271287E-01   -1.2271287E-01
 4.3200    5.1556190E-04    1.2090887E-01   -1.2090887E-01
 4.3300    5.0571355E-04    1.1914896E-01   -1.1914896E-01
 4.3400    4.9625513E-04    1.1746117E-01   -1.1746117E-01
 4.3500    4.8725576E-04    1.1586316E-01   -1.1586316E-01
 4.3600    4.7867368E-04    1.1434637E-01   -1.1434637E-01
 4.3700    4.7035097E-04    1.1287423E-01   -1.1287423E-01
 4.3800    4.6209024E-04    1.1139992E-01   -1.1139992E-01
 4.3900    4.5376142E-04    1.0989210E-01   -1.0989210E-01
 4.4000    4.4535282E-04    1.0834763E-01   -1.0834763E-01
 4.4100    4.3693348E-04    1.0678306E-01   -1.0678306E-01
 4.4200    4.2857809E-04    1.0521663E-01   -1.0521663E-01
 4.4300    4.2032753E-04    1.0365856E-01   -1.0365856E-01
 4.4400    4.1220158E-04    1.0211404E-01   -1.0211404E-01
 4.4500    4.0422249E-04    1.0058897E-01   -1.0058897E-01
 4.4600    3.9641227E-04    9.9089280E-02   -9.9089280E-02
 4.4700    3.8877359E-04    9.7616147E-02   -9.7616147E-02
 4.4800    3.8128751E-04    9.6165318E-02   -9.6165318E-02
 4.4900    3.7393779E-04    9.4733134E-02   -9.4733134E-02
 4.5000    3.6673524E-04    9.3322751E-02   -9.3322751E-02
 4.5100    3.5971473E-04    9.1943530E-02   -9.1943530E-02
 4.5200    3.5290887E-04    9.0604404E-02   -9.0604404E-02
 4.5300    3.4632634E-04    8.9308293E-02   -8.9308293E-02
 4.5400    3.3995325E-04    8.8052311E-02   -8.8052311E-02
 4.5500    3.3376836E-04    8.6831604E-02   -8.6831604E-02
 4.5600    3.2775238E-04    8.5641723E-02   -8.5641723E-02
 4.5700    3.2188479E-04    8.4477824E-02   -8.4477824E-02
 4.5800    3.1613951E-04    8.3333496E-02   -8.3333496E-02
 4.5900    3.1049094E-04    8.2202338E-02   -8.2202338E-02
 4.6000    3.0492751E-04    8.1081567E-02   -8.1081567E-02
 4.6100    2.9945785E-04    7.9973742E-02   -7.9973742E-02
 4.6200    2.9409915E-04    7.8883756E-02   -7.8883756E-02
 4.6300    2.8885431E-04    7.7812738E-02   -7.7812738E-02
 4.6400    2.8369698E-04    7.6753914E-02   -7.6753914E-02
 4.6500    2.7857867E-04    7.5694378E-02   -7.5694378E-02
 4.6600    2.7345424E-04    7.4621909E-02   -7.4621909E-02
 4.6700    2.6830728E-04    7.3531950E-02   -7.3531950E-02
 4.6800    2.6315765E-04    7.2429848E-02   -7.2429848E-02
 4.6900    2.5804739E-04    7.1327174E-02   -7.1327174E-02
 4.7000    2.5301733E-04    7.0235365E-02   -7.0235365E-02
 4.7100    2.4809235E-04    6.9161603E-02   -6.9161603E-02
 4.7200    2.4328419E-04    6.8109510E-02   -6.8109510E-02
 4.7300    2.3860552E-04    6.7083025E-02   -6.7083025E-02
 4.7400    2.3408115E-04    6.6089581E-02   -6.6089581E-02
 4.7500    2.2974579E-04    6.5139534E-02   -6.5139534E-02
 4.7600    2.2562507E-04    6.4240827E-02   -6.4240827E-02
 4.7700    2.2170610E-04    6.3390514E-02   -6.3390514E-02
 4.7800    2.1791804E-04    6.2568946E-02   -6.2568946E-02
 4.7900    2.1414992E-04    6.1744576E-02   -6.1744576E-02
 4.8000    2.1031133E-04    6.0891268E-02   -6.0891268E-02
 4.8100    2.0639891E-04    6.0007761E-02   -6.0007761E-02
 4.8200    2.0251389E-04    5.9123312E-02   -5.9123312E-02
 4.8300    1.9881120E-04    5.8283413E-02   -5.8283413E-02
 4.8400    1.9541800E-04    5.7526130E-02   -5.7526130E-02
 4.8500    1.9237784E-04    5.6865438E-02   -5.6865438E-02
 4.8600    1.8964101E-04    5.6287851E-02   -5.6287851E-02
 4.8700    1.8707932E-04    5.5756251E-02   -5.5756251E-02
 4.8800    1.8450621E-04    5.5215436E-02   -5.5215436E-02
 4.8900    1.8171697E-04    5.4603826E-02   -5.4603826E-02
 4.9000    1.7856513E-04    5.3876415E-02   -5.3876415E-02
 4.9100    1.7504187E-04    5.3029165E-02   -5.3029165E-02
 4.9200    1.7128913E-04    5.2103858E-02   -5.2103858E-02
 4.9300    1.6752181E-04    5.1165244E-02   -5.1165244E-02
 4.9400    1.6392134E-04    5.0268884E-02   -5.0268884E-02
 4.9500    1.6058909E-04    4.9446583E-02   -4.9446583E-02
 4.9600    1.5757599E-04    4.8715061E-02   -4.8715061E-02
 4.9700    1.5491891E-04    4.8086933E-02   -4.8086933E-02
 4.9800    1.5261472E-04    4.7562531E-02   -4.7562531E-02
 4.9900    1.5055070E-04    4.7107900E-02   -4.7107900E-02
 5.0000    1.4848559E-04    4.6648125E-02   -4.6648125E-02
 5.0100    1.4614444E-04    4.6096464E-02   -4.6096464E-02
 5.0200    1.4337709E-04    4.5404309E-02   -4.5404309E-02
 5.0300    1.4025412E-04    4.4592463E-02   -4.4592463E-02
 5.0400    1.3702238E-04    4.3738354E-02   -4.3738354E-02
 5.0500    1.3396118E-04    4.2931056E-02   -4.2931056E-02
 5.0600    1.3124540E-04    4.2227464E-02   -4.2227464E-02
 5.0700    1.2888785E-04    4.1633007E-02   -4.1633007E-02
 5.0800    1.2676244E-04    4.1108143E-02   -4.1108143E-02
 5.0900    1.2467474E-04    4.0590453E-02   -4.0590453E-02
 5.1000    1.2245012E-04    4.0022981E-02   -4.0022981E-02
 5.1100    1.2001451E-04    3.9380880E-02   -3.9380880E-02
 5.1200    1.1743571E-04    3.8685657E-02   -3.8685657E-02
 5.1300    1.1489587E-04    3.7996973E-02   -3.7996973E-02
 5.1400    1.1259947E-04    3.7382854E-02   -3.7382854E-02
 5.1500    1.1066768E-04    3.6884604E-02   -3.6884604E-02
 5.1600    1.0908273E-04    3.6497682E-02   -3.6497682E-02
 5.1700    1.0770882E-04    3.6177804E-02   -3.6177804E-02
 5.1800    1.0636175E-04    3.5863681E-02   -3.5863681E-02
 5.1900    1.0487944E-04    3.5500539E-02   -3.5500539E-02
 5.2000    1.0316534E-04    3.5055032E-02   -3.5055032E-02
 5.2100    1.0120402E-04    3.4520975E-02   -3.4520975E-02
 5.2200    9.9055006E-05    3.3917771E-02   -3.3917771E-02
 5.2300    9.6826592E-05    3.3281883E-02   -3.3281883E-02
 5.2400    9.4635132E-05    3.2653131E-02   -3.2653131E-02
 5.2500    9.2567205E-05    3.2061632E-02   -3.2061632E-02
 5.2600    9.0662806E-05    3.1521764E-02   -3.1521764E-02
 5.2700    8.8921469E-05    3.1033998E-02   -3.1033998E-02
 5.2800    8.7315862E-05    3.0589393E-02   -3.0589393E-02
 5.2900    8.5799016E-05    3.0171959E-02   -3.0171959E-02
 5.3000    8.4308710E-05    2.9760077E-02   -2.9760077E-02
 5.3100    8.2782399E-05    2.9331678E-02   -2.9331678E-02
 5.3200    8.1184264E-05    2.8873869E-02   -2.8873869E-02
 5.3300    7.9526093E-05    2.8390558E-02   -2.8390558E-02
 5.3400    7.7861504E-05    2.7900704E-02   -2.7900704E-02
 5.3500    7.6254212E-05    2.7427187E-02   -2.7427187E-02
 5.3600    7.4743550E-05    2.6984425E-02   -2.6984425E-02
 5.3700    7.3330933E-05    2.6573309E-02   -2.6573309E-02
 5.3800    7.1991353E-05    2.6185131E-02   -2.6185131E-02
 5.3900    7.0696068E-05    2.5809682E-02   -2.5809682E-02
 5.4000    6.9431010E-05    2.5441978E-02   -2.5441978E-02
 5.4100    6.8204227E-05    2.5085091E-02   -2.5085091E-02
 5.4200    6.7041315E-05    2.4748619E-02   -2.4748619E-02
 5.4300    6.5969137E-05    2.4442765E-02   -2.4442765E-02
 5.4400    6.4994175E-05    2.4170303E-02   -2.4170303E-02
 5.4500    6.4090965E-05    2.3922121E-02   -2.3922121E-02
 5.4600    6.3213106E-05    2.3681122E-02   -2.3681122E-02
 5.4700    6.2320492E-05    2.3432325E-02   -2.3432325E-02
 5.4800    6.1400931E-05    2.3171062E-02   -2.3171062E-02
 5.4900    6.0470513E-05    2.2903308E-02   -2.2903308E-02
 5.5000    5.9557860E-05    2.2639891E-02   -2.2639891E-02
 5.5100    5.8689698E-05    2.2391075E-02   -2.2391075E-02
 5.5200    5.7887942E-05    2.2165428E-02   -2.2165428E-02
 5.5300    5.7173121E-05    2.1971111E-02   -2.1971111E-02
 5.5400    5.6562908E-05    2.1815297E-02   -2.1815297E-02
 5.5500    5.6061876E-05    2.1700186E-02   -2.1700186E-02
 5.5600    5.5649501E-05    2.1618259E-02   -2.1618259E-02
 5.5700    5.5277251E-05    2.1550963E-02   -2.1550963E-02
 5.5800    5.4880399E-05    2.1473138E-02   -2.1473138E-02
 5.5900    5.4400658E-05    2.1361789E-02   -2.1361789E-02
 5.6000    5.3806913E-05    2.1204303E-02   -2.1204303E-02
 5.6100    5.3099114E-05    2.1000172E-02   -2.1000172E-02
 5.6200    5.2290659E-05    2.0754229E-02   -2.0754229E-02
 5.6300    5.1384331E-05    2.0467149E-02   -2.0467149E-02
 5.6400    5.0366756E-05    2.0133165E-02   -2.0133165E-02
 5.6500    4.9230523E-05    1.9748823E-02   -1.9748823E-02
 5.6600    4.8004540E-05    1.9325246E-02   -1.9325246E-02
 5.6700    4.6763971E-05    1.8892410E-02   -1.8892410E-02
 5.6800    4.5610611E-05    1.8491512E-02   -1.8491512E-02
 5.6900    4.4638722E-05    1.8161267E-02   -1.8161267E-02
 5.7000    4.3908279E-05    1.7926933E-02   -1.7926933E-02
 5.7100    4.3440316E-05    1.7798158E-02   -1.7798158E-02
 5.7200    4.3235792E-05    1.7776463E-02   -1.7776463E-02
 5.7300    4.3299311E-05    1.7864880E-02   -1.7864880E-02
 5.7400    4.3632256E-05    1.8065139E-02   -1.8065139E-02
 5.7500    4.4176059E-05    1.8354076E-02   -1.8354076E-02
 5.7600    4.4744274E-05    1.8654873E-02   -1.8654873E-02
 5.7700    4.5030658E-05    1.8839518E-02   -1.8839518E-02
 5.7800    4.4744477E-05    1.8784731E-02   -1.8784731E-02
 5.7900    4.3803998E-05    1.8453585E-02   -1.8453585E-02
 5.8000    4.2429426E-05    1.7936306E-02   -1.7936306E-02
 5.8100    4.1034545E-05    1.7406512E-02   -1.7406512E-02
 5.8200    3.9986610E-05    1.7020426E-02   -1.7020426E-02
 5.8300    3.9415770E-05    1.6835150E-02   -1.6835150E-02
 5.8400    3.9198617E-05    1.6799885E-02   -1.6799885E-02
 5.8500    3.9088606E-05    1.6810157E-02   -1.6810157E-02
 5.8600    3.8871713E-05    1.6774083E-02   -1.6774083E-02
 5.8700    3.8448696E-05    1.6648215E-02   -1.6648215E-02
 5.8800    3.7827993E-05    1.6435307E-02   -1.6435307E-02
 5.8900    3.7075954E-05    1.6163403E-02   -1.6163403E-02
 5.9000    3.6278636E-05    1.5869558E-02   -1.5869558E-02
 5.9100    3.5529978E-05    1.5594798E-02   -1.5594798E-02
 5.9200    3.4917179E-05    1.5377737E-02   -1.5377737E-02
 5.9300    3.4476605E-05    1.5235045E-02   -1.5235045E-02
 5.9400    3.4145528E-05    1.5139676E-02   -1.5139676E-02
 5.9500    3.3770249E-05    1.5023740E-02   -1.5023740E-02
 5.9600    3.3191540E-05    1.4815960E-02   -1.4815960E-02
 5.9700    3.2347745E-05    1.4487803E-02   -1.4487803E-02
 5.9800    3.1309157E-05    1.4069660E-02   -1.4069660E-02
 5.9900    3.0220815E-05    1.3626041E-02   -1.3626041E-02
 6.0000    2.9214463E-05    1.3216311E-02   -1.3216311E-02
 6.0100    2.8364400E-05    1.2874561E-02   -1.2874561E-02
 6.0200    2.7703893E-05    1.2616638E-02   -1.2616638E-02
 6.0300    2.7261969E-05    1.2456663E-02   -1.2456663E-02
 6.0400    2.7078475E-05    1.2413891E-02   -1.2413891E-02
 6.0500    2.7191222E-05    1.2506890E-02   -1.2506890E-02
 6.0600    2.7614684E-05    1.2743690E-02   -1.2743690E-02
 6.0700    2.8322243E-05    1.3113387E-02   -1.3113387E-02
 6.0800    2.9224584E-05    1.3575798E-02   -1.3575798E-02
 6.0900    3.0142957E-05    1.4048511E-02   -1.4048511E-02
 6.1000    3.0810573E-05    1.4406859E-02   -1.4406859E-02
 6.1100    3.0945908E-05    1.4517623E-02   -1.4517623E-02
 6.1200    3.0384155E-05    1.4300785E-02   -1.4300785E-02
 6.1300    2.9175044E-05    1.3776609E-02   -1.3776609E-02
 6.1400    2.7558538E-05    1.3055779E-02   -1.3055779E-02
 6.1500    2.5831929E-05    1.2277697E-02   -1.2277697E-02
 6.1600    2.4215510E-05    1.1546887E-02   -1.1546887E-02
 6.1700    2.2808217E-05    1.0911175E-02   -1.0911175E-02
 6.1800    2.1628103E-05    1.0380189E-02   -1.0380189E-02
 6.1900    2.0667610E-05    9.9513368E-03   -9.9513368E-03
 6.2000    1.9915885E-05    9.6203939E-03   -9.6203939E-03
 6.2100    1.9358206E-05    9.3811954E-03   -9.3811954E-03
 6.2200    1.8980416E-05    9.2277615E-03   -9.2277615E-03
 6.2300    1.8778064E-05    9.1587618E-03   -9.1587618E-03
 6.2400    1.8748532E-05    9.1737377E-03   -9.1737377E-03
 6.2500    1.8861912E-05    9.2588192E-03   -9.2588192E-03
 6.2600    1.9037897E-05    9.3751344E-03   -9.3751344E-03
 6.2700    1.9159230E-05    9.4650518E-03   -9.4650518E-03
 6.2800    1.9120432E-05    9.4760392E-03   -9.4760392E-03
 6.2900    1.8876713E-05    9.3850700E-03   -9.3850700E-03
 6.3000    1.8456663E-05    9.2054316E-03   -9.2054316E-03
 6.3100    1.7934975E-05    8.9736546E-03   -8.9736546E-03
 6.3200    1.7394696E-05    8.7309372E-03   -8.7309372E-03
 6.3300    1.6908638E-05    8.5138483E-03   -8.5138483E-03
 6.3400    1.6540026E-05    8.3545790E-03   -8.3545790E-03
 6.3500    1.6340377E-05    8.2797914E-03   -8.2797914E-03
 6.3600    1.6331321E-05    8.3012865E-03   -8.3012865E-03
 6.3700    1.6480469E-05    8.4034632E-03   -8.4034632E-03
 6.3800    1.6691720E-05    8.5379247E-03   -8.5379247E-03
 6.3900    1.6823132E-05    8.6321392E-03   -8.6321392E-03
 6.4000    1.6731825E-05    8.6121807E-03   -8.6121807E-03
 6.4100    1.6330107E-05    8.4316961E-03   -8.4316961E-03
 6.4200    1.5624511E-05    8.0925680E-03   -8.0925680E-03
 6.4300    1.4713463E-05    7.6444583E-03   -7.6444583E-03
 6.4400    1.3745171E-05    7.1636067E-03   -7.1636067E-03
 6.4500    1.2864270E-05    6.7253429E-03   -6.7253429E-03
 6.4600    1.2176800E-05    6.3856934E-03   -6.3856934E-03
 6.4700    1.1739818E-05    6.1756090E-03   -6.1756090E-03
 6.4800    1.1561660E-05    6.1007058E-03   -6.1007058E-03
 6.4900    1.1600802E-05    6.1402674E-03   -6.1402674E-03
 6.5000    1.1767435E-05    6.2476746E-03   -6.2476746E-03
 6.5100    1.1940282E-05    6.3589649E-03   -6.3589649E-03
 6.5200    1.2001325E-05    6.4111251E-03   -6.4111251E-03
 6.5300    1.1874119E-05    6.3626442E-03   -6.3626442E-03
 6.5400    1.1546116E-05    6.2058503E-03   -6.2058503E-03
 6.5500    1.1066401E-05    5.9662145E-03   -5.9662145E-03
 6.5600    1.0523959E-05    5.6911061E-03   -5.6911061E-03
 6.5700    1.0016283E-05    5.4330939E-03   -5.4330939E-03
 6.5800    9.6174054E-06    5.2326246E-03   -5.2326246E-03
 6.5900    9.3558823E-06    5.1058193E-03   -5.1058193E-03
 6.6000    9.2130169E-06    5.0431235E-03   -5.0431235E-03
 6.6100    9.1419324E-06    5.0193883E-03   -5.0193883E-03
 6.6200    9.0945568E-06    5.0084966E-03   -5.0084966E-03
 6.6300    9.0403744E-06    4.9937102E-03   -4.9937102E-03
 6.6400    8.9708894E-06    4.9702876E-03   -4.9702876E-03
 6.6500    8.8948476E-06    4.9430120E-03   -4.9430120E-03
 6.6600    8.8310283E-06    4.9223172E-03   -4.9223172E-03
 6.6700    8.8006151E-06    4.9201071E-03   -4.9201071E-03
 6.6800    8.8180958E-06    4.9446733E-03   -4.9446733E-03
 6.6900    8.8815009E-06    4.9951492E-03   -4.9951492E-03
 6.7000    8.9666898E-06    5.0581490E-03   -5.0581490E-03
 6.7100    9.0315963E-06    5.1099826E-03   -5.1099826E-03
 6.7200    9.0318752E-06    5.1253831E-03   -5.1253831E-03
 6.7300    8.9412357E-06    5.0890596E-03   -5.0890596E-03
 6.7400    8.7646462E-06    5.0033864E-03   -5.0033864E-03
 6.7500    8.5359043E-06    4.8872769E-03   -4.8872769E-03
 6.7600    8.3008240E-06    4.7667729E-03   -4.7667729E-03
 6.7700    8.0961061E-06    4.6629783E-03   -4.6629783E-03
 6.7800    7.9357134E-06    4.5841121E-03   -4.5841121E-03
 6.7900    7.8108733E-06    4.5253170E-03   -4.5253170E-03
 6.8000    7.7013360E-06    4.4750074E-03   -4.4750074E-03
 6.8100    7.5898860E-06    4.4232282E-03   -4.4232282E-03
 6.8200    7.4717954E-06    4.3672051E-03   -4.3672051E-03
 6.8300    7.3546308E-06    4.3113387E-03   -4.3113387E-03
 6.8400    7.2492825E-06    4.2620358E-03   -4.2620358E-03
 6.8500    7.1584122E-06    4.2209257E-03   -4.2209257E-03
 6.8600    7.0709857E-06    4.1815573E-03   -4.1815573E-03
 6.8700    6.9681616E-06    4.1327730E-03   -4.1327730E-03
 6.8800    6.8373868E-06    4.0670254E-03   -4.0670254E-03
 6.8900    6.6843081E-06    3.9875374E-03   -3.9875374E-03
 6.9000    6.5325868E-06    3.9083481E-03   -3.9083481E-03
 6.9100    6.4105576E-06    3.8464648E-03   -3.8464648E-03
 6.9200    6.3344195E-06    3.8117892E-03   -3.8117892E-03
 6.9300    6.3008756E-06    3.8025702E-03   -3.8025702E-03
 6.9400    6.2935480E-06    3.8091173E-03   -3.8091173E-03
 6.9500    6.2944642E-06    3.8206587E-03   -3.8206587E-03
 6.9600    6.2885217E-06    3.8280439E-03   -3.8280439E-03
 6.9700    6.2595724E-06    3.8213788E-03   -3.8213788E-03
 6.9800    6.1884833E-06    3.7888284E-03   -3.7888284E-03
 6.9900    6.0607072E-06    3.7212386E-03   -3.7212386E-03
 7.0000    5.8769055E-06    3.6187172E-03   -3.6187172E-03
 7.0100    5.6538926E-06    3.4913505E-03   -3.4913505E-03
 7.0200    5.4135813E-06    3.3524997E-03   -3.3524997E-03
 7.0300    5.1715677E-06    3.2117573E-03   -3.2117573E-03
 7.0400    4.9370641E-06    3.0748501E-03   -3.0748501E-03
 7.0500    4.7224444E-06    2.9495445E-03   -2.9495445E-03
 7.0600    4.5495963E-06    2.8496540E-03   -2.8496540E-03
 7.0700    4.4432821E-06    2.7909534E-03   -2.7909534E-03
 7.0800    4.4148693E-06    2.7809567E-03   -2.7809567E-03
 7.0900    4.4499250E-06    2.8109623E-03   -2.8109623E-03
 7.1000    4.5111109E-06    2.8576567E-03   -2.8576567E-03
 7.1100    4.5557482E-06    2.8940683E-03   -2.8940683E-03
 7.1200    4.5559865E-06    2.9023667E-03   -2.9023667E-03
 7.1300    4.5082031E-06    2.8799994E-03   -2.8799994E-03
 7.1400    4.4274745E-06    2.8363665E-03   -2.8363665E-03
 7.1500    4.3340467E-06    2.7842969E-03   -2.7842969E-03
 7.1600    4.2423759E-06    2.7330341E-03   -2.7330341E-03
 7.1700    4.1582044E-06    2.6862969E-03   -2.6862969E-03
 7.1800    4.0819099E-06    2.6443697E-03   -2.6443697E-03
 7.1900    4.0133061E-06    2.6071735E-03   -2.6071735E-03
 7.2000    3.9544215E-06    2.5760709E-03   -2.5760709E-03
 7.2100    3.9092660E-06    2.5537338E-03   -2.5537338E-03
 7.2200    3.8812543E-06    2.5424731E-03   -2.5424731E-03
 7.2300    3.8697801E-06    2.5419836E-03   -2.5419836E-03
 7.2400    3.8677355E-06    2.5476734E-03   -2.5476734E-03
 7.2500    3.8616934E-06    2.5507252E-03   -2.5507252E-03
 7.2600    3.8358168E-06    2.5406273E-03   -2.5406273E-03
 7.2700    3.7787355E-06    2.5097195E-03   -2.5097195E-03
 7.2800    3.6900373E-06    2.4575557E-03   -2.4575557E-03
 7.2900    3.5818939E-06    2.3920907E-03   -2.3920907E-03
 7.3000    3.4737361E-06    2.3262287E-03   -2.3262287E-03
 7.3100    3.3826423E-06    2.2714370E-03   -2.2714370E-03
 7.3200    3.3153611E-06    2.2323530E-03   -2.2323530E-03
 7.3300    3.2667628E-06    2.2056440E-03   -2.2056440E-03
 7.3400    3.2249288E-06    2.1833438E-03   -2.1833438E-03
 7.3500    3.1787859E-06    2.1579721E-03   -2.1579721E-03
 7.3600    3.1233110E-06    2.1260855E-03   -2.1260855E-03
 7.3700    3.0600050E-06    2.0886563E-03   -2.0886563E-03
 7.3800    2.9939065E-06    2.0490890E-03   -2.0490890E-03
 7.3900    2.9300254E-06    2.0108058E-03   -2.0108058E-03
 7.4000    2.8711183E-06    1.9757154E-03   -1.9757154E-03
 7.4100    2.8170650E-06    1.9437622E-03   -1.9437622E-03
 7.4200    2.7655496E-06    1.9133707E-03   -1.9133707E-03
 7.4300    2.7139409E-06    1.8827293E-03   -1.8827293E-03
 7.4400    2.6618084E-06    1.8515376E-03   -1.8515376E-03
 7.4500    2.6124696E-06    1.8221061E-03   -1.8221061E-03
 7.4600    2.5719193E-06    1.7986425E-03   -1.7986425E-03
 7.4700    2.5452440E-06    1.7847627E-03   -1.7847627E-03
 7.4800    2.5328264E-06    1.7808137E-03   -1.7808137E-03
 7.4900    2.5291527E-06    1.7829886E-03   -1.7829886E-03
 7.5000    2.5252106E-06    1.7849662E-03   -1.7849662E-03
 7.5100    2.5129166E-06    1.7810160E-03   -1.7810160E-03
 7.5200    2.4888720E-06    1.7686753E-03   -1.7686753E-03
 7.5300    2.4554169E-06    1.7495447E-03   -1.7495447E-03
 7.5400    2.4184000E-06    1.7277492E-03   -1.7277492E-03
 7.5500    2.3827825E-06    1.7068217E-03   -1.7068217E-03
 7.5600    2.3489753E-06    1.6870653E-03   -1.6870653E-03
 7.5700    2.3130803E-06    1.6656829E-03   -1.6656829E-03
 7.5800    2.2712823E-06    1.6399076E-03   -1.6399076E-03
 7.5900    2.2244891E-06    1.6103626E-03   -1.6103626E-03
 7.6000    2.1785956E-06    1.5812978E-03   -1.5812978E-03
 7.6100    2.1398455E-06    1.5572617E-03   -1.5572617E-03
 7.6200    2.1094871E-06    1.5392057E-03   -1.5392057E-03
 7.6300    2.0825335E-06    1.5235298E-03   -1.5235298E-03
 7.6400    2.0517047E-06    1.5049132E-03   -1.5049132E-03
 7.6500    2.0131894E-06    1.4805305E-03   -1.4805305E-03
 7.6600    1.9694992E-06    1.4521892E-03   -1.4521892E-03
 7.6700    1.9274143E-06    1.4248714E-03   -1.4248714E-03
 7.6800    1.8932669E-06    1.4032794E-03   -1.4032794E-03
 7.6900    1.8695708E-06    1.3893270E-03   -1.3893270E-03
 7.7000    1.8549408E-06    1.3820424E-03   -1.3820424E-03
 7.7100    1.8460196E-06    1.3789703E-03   -1.3789703E-03
 7.7200    1.8391010E-06    1.3773682E-03   -1.3773682E-03
 7.7300    1.8306486E-06    1.3745921E-03   -1.3745921E-03
 7.7400    1.8175880E-06    1.3683186E-03   -1.3683186E-03
 7.7500    1.7981630E-06    1.3571952E-03   -1.3571952E-03
 7.7600    1.7728248E-06    1.3415261E-03   -1.3415261E-03
 7.7700    1.7439805E-06    1.3231026E-03   -1.3231026E-03
 7.7800    1.7143465E-06    1.3039702E-03   -1.3039702E-03
 7.7900    1.6850904E-06    1.2850144E-03   -1.2850144E-03
 7.8000    1.6553381E-06    1.2655689E-03   -1.2655689E-03
 7.8100    1.6235669E-06    1.2444634E-03   -1.2444634E-03
 7.8200    1.5898324E-06    1.2217285E-03   -1.2217285E-03
 7.8300    1.5569837E-06    1.1995475E-03   -1.1995475E-03
 7.8400    1.5296776E-06    1.1815223E-03   -1.1815223E-03
 7.8500    1.5116943E-06    1.1706125E-03   -1.1706125E-03
 7.8600    1.5034323E-06    1.1671826E-03   -1.1671826E-03
 7.8700    1.5013095E-06    1.1685023E-03   -1.1685023E-03
 7.8800    1.4992785E-06    1.1698889E-03   -1.1698889E-03
 7.8900    1.4912863E-06    1.1666079E-03   -1.1666079E-03
 7.9000    1.4733989E-06    1.1555384E-03   -1.1555384E-03
 7.9100    1.4449814E-06    1.1361223E-03   -1.1361223E-03
 7.9200    1.4087326E-06    1.1104239E-03   -1.1104239E-03
 7.9300    1.3695506E-06    1.0822667E-03   -1.0822667E-03
 7.9400    1.3327496E-06    1.0558432E-03   -1.0558432E-03
 7.9500    1.3026323E-06    1.0345845E-03   -1.0345845E-03
 7.9600    1.2819458E-06    1.0207177E-03   -1.0207177E-03
 7.9700    1.2717256E-06    1.0151259E-03   -1.0151259E-03
 7.9800    1.2709513E-06    1.0170552E-03   -1.0170552E-03
 7.9900    1.2764682E-06    1.0240317E-03   -1.0240317E-03
 8.0000    1.2840181E-06    1.0326686E-03   -1.0326686E-03
 8.0100    1.2900226E-06    1.0400931E-03   -1.0400931E-03
 8.0200    1.2926146E-06    1.0447867E-03   -1.0447867E-03
 8.0300    1.2911943E-06    1.0462430E-03   -1.0462430E-03
 8.0400    1.2855159E-06    1.0442378E-03   -1.0442378E-03
 8.0500    1.2755177E-06    1.0386952E-03   -1.0386952E-03
 8.0600    1.2616937E-06    1.0299921E-03   -1.0299921E-03
 8.0700    1.2450120E-06    1.0188975E-03   -1.0188975E-03
 8.0800    1.2261925E-06    1.0059844E-03   -1.0059844E-03
 8.0900    1.2050950E-06    9.9112448E-04   -9.9112448E-04
 8.1000    1.1808153E-06    9.7355813E-04   -9.7355813E-04
 8.1100    1.1524277E-06    9.5250059E-04   -9.5250059E-04
 8.1200    1.1200552E-06    9.2802860E-04   -9.2802860E-04
 8.1300    1.0858962E-06    9.0194336E-04   -9.0194336E-04
 8.1400    1.0545316E-06    8.7804805E-04   -8.7804805E-04
 8.1500    1.0317360E-06    8.6117943E-04   -8.6117943E-04
 8.1600    1.0218541E-06    8.5502550E-04   -8.5502550E-04
 8.1700    1.0251833E-06    8.5991493E-04   -8.5991493E-04
 8.1800    1.0371946E-06    8.7212097E-04   -8.7212097E-04
 8.1900    1.0501802E-06    8.8520021E-04   -8.8520021E-04
 8.2000    1.0562374E-06    8.9248131E-04   -8.9248131E-04
 8.2100    1.0499666E-06    8.8934787E-04   -8.8934787E-04
 8.2200    1.0298849E-06    8.7446448E-04   -8.7446448E-04
 8.2300    9.9832392E-07    8.4973012E-04   -8.4973012E-04
 8.2400    9.6007553E-07    8.1916179E-04   -8.1916179E-04
 8.2500    9.2051168E-07    7.8731235E-04   -7.8731235E-04
 8.2600    8.8417533E-07    7.5806833E-04   -7.5806833E-04
 8.2700    8.5444323E-07    7.3435168E-04   -7.3435168E-04
 8.2800    8.3399814E-07    7.1851464E-04   -7.1851464E-04
 8.2900    8.2526214E-07    7.1270671E-04   -7.1270671E-04
 8.3000    8.3004109E-07    7.1856430E-04   -7.1856430E-04
 8.3100    8.4823859E-07    7.3608834E-04   -7.3608834E-04
 8.3200    8.7624428E-07    7.6222240E-04   -7.6222240E-04
 8.3300    9.0612338E-07    7.9010936E-04   -7.9010936E-04
 8.3400    9.2673101E-07    8.1001985E-04   -8.1001985E-04
 8.3500    9.2714825E-07    8.1232907E-04   -8.1232907E-04
 8.3600    9.0138167E-07    7.9164622E-04   -7.9164622E-04
 8.3700    8.5174881E-07    7.4984641E-04   -7.4984641E-04
 8.3800    7.8835219E-07    6.9569387E-04   -6.9569387E-04
 8.3900    7.2443419E-07    6.4081509E-04   -6.4081509E-04
 8.4000    6.7052467E-07    5.9454290E-04   -5.9454290E-04
 8.4100    6.3110283E-07    5.6092137E-04   -5.6092137E-04
 8.4200    6.0524103E-07    5.3921555E-04   -5.3921555E-04
 8.4300    5.8976527E-07    5.2667682E-04   -5.2667682E-04
 8.4400    5.8228003E-07    5.2122669E-04   -5.2122669E-04
 8.4500    5.8214204E-07    5.2233875E-04   -5.2233875E-04
 8.4600    5.8909863E-07    5.2983251E-04   -5.2983251E-04
 8.4700    6.0101243E-07    5.4182637E-04   -5.4182637E-04
 8.4800    6.1297824E-07    5.5391946E-04   -5.5391946E-04
 8.4900    6.1916705E-07    5.6083238E-04   -5.6083238E-04
 8.5000    6.1622747E-07    5.5948542E-04   -5.5948542E-04
 8.5100    6.0533973E-07    5.5089415E-04   -5.5089415E-04
 8.5200    5.9106482E-07    5.3916807E-04   -5.3916807E-04
 8.5300    5.7801902E-07    5.2850616E-04   -5.2850616E-04
 8.5400    5.6812146E-07    5.2067509E-04   -5.2067509E-04
 8.5500    5.6022302E-07    5.1463941E-04   -5.1463941E-04
 8.5600    5.5179222E-07    5.0808101E-04   -5.0808101E-04
 8.5700    5.4110798E-07    4.9940794E-04   -4.9940794E-04
 8.5800    5.2852282E-07    4.8893169E-04   -4.8893169E-04
 8.5900    5.1612661E-07    4.7857768E-04   -4.7857768E-04
 8.6000    5.0616271E-07    4.7043206E-04   -4.7043206E-04
 8.6100    4.9950136E-07    4.6532120E-04   -4.6532120E-04
 8.6200    4.9549941E-07    4.6266594E-04   -4.6266594E-04
 8.6300    4.9326330E-07    4.6164725E-04   -4.6164725E-04
 8.6400    4.9286791E-07    4.6234684E-04   -4.6234684E-04
 8.6500    4.9516426E-07    4.6557684E-04   -4.6557684E-04
 8.6600    5.0041659E-07    4.7160386E-04   -4.7160386E-04
 8.6700    5.0729309E-07    4.7918919E-04   -4.7918919E-04
 8.6800    5.1327448E-07    4.8595828E-04   -4.8595828E-04
 8.6900    5.1600639E-07    4.8967112E-04   -4.8967112E-04
 8.7000    5.1429806E-07    4.8917387E-04   -4.8917387E-04
 8.7100    5.0812189E-07    4.8441109E-04   -4.8441109E-04
 8.7200    4.9809136E-07    4.7593960E-04   -4.7593960E-04
 8.7300    4.8513719E-07    4.6462537E-04   -4.6462537E-04
 8.7400    4.7046800E-07    4.5160923E-04   -4.5160923E-04
 8.7500    4.5547215E-07    4.3821556E-04   -4.3821556E-04
 8.7600    4.4143954E-07    4.2568594E-04   -4.2568594E-04
