# total charge: 11.000000 
# r(A)     rho (e/A^3)     4*pi*r^2*rho(e/A)  dip  
 0.0000    7.6711025E-01    0.0000000E+00    8.7767302E+01
 0.0100    7.6813012E-01    9.6526078E-04    8.7328595E+01
 0.0200    7.6941845E-01    3.8675190E-03    8.6025525E+01
 0.0300    7.7102910E-01    8.7201337E-03    8.3896599E+01
 0.0400    7.7301927E-01    1.5542475E-02    8.1003888E+01
 0.0500    7.7545162E-01    2.4361531E-02    7.7430010E+01
 0.0600    7.7839554E-01    3.5213785E-02    7.3274199E+01
 0.0700    7.8192136E-01    4.8146977E-02    6.8647718E+01
 0.0800    7.8608644E-01    6.3220823E-02    6.3668921E+01
 0.0900    7.9092101E-01    8.0505953E-02    5.8458249E+01
 0.1000    7.9642386E-01    1.0008157E-01    5.3133478E+01
 0.1100    8.0256999E-01    1.2203324E-01    4.7805446E+01
 0.1200    8.0932377E-01    1.4645178E-01    4.2574480E+01
 0.1300    8.1664980E-01    1.7343328E-01    3.7527657E+01
 0.1400    8.2451785E-01    2.0307946E-01    3.2736963E+01
 0.1500    8.3290268E-01    2.3549769E-01    2.8258373E+01
 0.1600    8.4178120E-01    2.7080024E-01    2.4131783E+01
 0.1700    8.5112954E-01    3.0910311E-01    2.0381694E+01
 0.1800    8.6092203E-01    3.5052475E-01    1.7018510E+01
 0.1900    8.7113215E-01    3.9518560E-01    1.4040294E+01
 0.2000    8.8173441E-01    4.4320806E-01    1.1434805E+01
 0.2100    8.9270528E-01    4.9471669E-01    9.1816744E+00
 0.2200    9.0402260E-01    5.4983770E-01    7.2545727E+00
 0.2300    9.1566423E-01    6.0869787E-01    5.6232504E+00
 0.2400    9.2760665E-01    6.7142298E-01    4.2553737E+00
 0.2500    9.3982351E-01    7.3813565E-01    3.1180905E+00
 0.2600    9.5228420E-01    8.0895272E-01    2.1793005E+00
 0.2700    9.6495337E-01    8.8398261E-01    1.4086230E+00
 0.2800    9.7779250E-01    9.6332455E-01    7.7807480E-01
 0.2900    9.9076323E-01    1.0470701E+00    2.6248707E-01
 0.3000    1.0038307E+00    1.1353058E+00   -1.6029911E-01
 0.3100    1.0169647E+00    1.2281152E+00   -5.0941503E-01
 0.3200    1.0301382E+00    1.3255781E+00   -8.0107869E-01
 0.3300    1.0433244E+00    1.4277662E+00   -1.0488010E+00
 0.3400    1.0564930E+00    1.5347382E+00   -1.2636500E+00
 0.3500    1.0696089E+00    1.6465350E+00   -1.4545448E+00
 0.3600    1.0826333E+00    1.7631784E+00   -1.6285599E+00
 0.3700    1.0955261E+00    1.8846731E+00   -1.7912214E+00
 0.3800    1.1082494E+00    2.0110115E+00   -1.9467832E+00
 0.3900    1.1207694E+00    2.1421770E+00   -2.0984728E+00
 0.4000    1.1330557E+00    2.2781437E+00   -2.2487011E+00
 0.4100    1.1450781E+00    2.4188708E+00   -2.3992332E+00
 0.4200    1.1568019E+00    2.5642918E+00   -2.5513243E+00
 0.4300    1.1681868E+00    2.7143075E+00   -2.7058298E+00
 0.4400    1.1791893E+00    2.8687899E+00   -2.8633026E+00
 0.4500    1.1897714E+00    3.0275995E+00   -3.0240831E+00
 0.4600    1.1999070E+00    3.1906057E+00   -3.1883747E+00
 0.4700    1.2095817E+00    3.3576915E+00   -3.3562901E+00
 0.4800    1.2187835E+00    3.5287338E+00   -3.5278624E+00
 0.4900    1.2274922E+00    3.7035719E+00   -3.7030353E+00
 0.5000    1.2356758E+00    3.8819900E+00   -3.8816629E+00
 0.5100    1.2432972E+00    4.0637332E+00   -4.0635358E+00
 0.5200    1.2503270E+00    4.2485444E+00   -4.2484264E+00
 0.5300    1.2567487E+00    4.4361892E+00   -4.4361194E+00
 0.5400    1.2625537E+00    4.6264432E+00   -4.6264023E+00
 0.5500    1.2677271E+00    4.8190455E+00   -4.8190218E+00
 0.5600    1.2722388E+00    5.0136563E+00   -5.0136427E+00
 0.5700    1.2760459E+00    5.2098577E+00   -5.2098500E+00
 0.5800    1.2791070E+00    5.4072035E+00   -5.4071992E+00
 0.5900    1.2813978E+00    5.6052872E+00   -5.6052848E+00
 0.6000    1.2829169E+00    5.8037793E+00   -5.8037779E+00
 0.6100    1.2836778E+00    6.0024085E+00   -6.0024078E+00
 0.6200    1.2836943E+00    6.2009021E+00   -6.2009017E+00
 0.6300    1.2829691E+00    6.3989272E+00   -6.3989270E+00
 0.6400    1.2814913E+00    6.5960731E+00   -6.5960730E+00
 0.6500    1.2792438E+00    6.7918782E+00   -6.7918781E+00
 0.6600    1.2762133E+00    6.9858781E+00   -6.9858781E+00
 0.6700    1.2723955E+00    7.1776386E+00   -7.1776386E+00
 0.6800    1.2677938E+00    7.3667567E+00   -7.3667567E+00
 0.6900    1.2624151E+00    7.5528392E+00   -7.5528392E+00
 0.7000    1.2562651E+00    7.7354793E+00   -7.7354793E+00
 0.7100    1.2493462E+00    7.9142426E+00   -7.9142426E+00
 0.7200    1.2416588E+00    8.0886704E+00   -8.0886704E+00
 0.7300    1.2332042E+00    8.2582984E+00   -8.2582984E+00
 0.7400    1.2239875E+00    8.4226800E+00   -8.4226800E+00
 0.7500    1.2140196E+00    8.5813990E+00   -8.5813990E+00
 0.7600    1.2033151E+00    8.7340648E+00   -8.7340648E+00
 0.7700    1.1918901E+00    8.8802976E+00   -8.8802976E+00
 0.7800    1.1797610E+00    9.0197214E+00   -9.0197214E+00
 0.7900    1.1669451E+00    9.1519676E+00   -9.1519676E+00
 0.8000    1.1534610E+00    9.2766834E+00   -9.2766834E+00
 0.8100    1.1393290E+00    9.3935353E+00   -9.3935353E+00
 0.8200    1.1245711E+00    9.5022074E+00   -9.5022074E+00
 0.8300    1.1092103E+00    9.6024033E+00   -9.6024033E+00
 0.8400    1.0932717E+00    9.6938559E+00   -9.6938559E+00
 0.8500    1.0767842E+00    9.7763419E+00   -9.7763419E+00
 0.8600    1.0597798E+00    9.8496864E+00   -9.8496864E+00
 0.8700    1.0422925E+00    9.9137502E+00   -9.9137502E+00
 0.8800    1.0243550E+00    9.9684056E+00   -9.9684056E+00
 0.8900    1.0059978E+00    1.0013523E+01   -1.0013523E+01
 0.9000    9.8724985E-01    1.0048979E+01   -1.0048979E+01
 0.9100    9.6814041E-01    1.0074674E+01   -1.0074674E+01
 0.9200    9.4869962E-01    1.0090536E+01   -1.0090536E+01
 0.9300    9.2895695E-01    1.0096512E+01   -1.0096512E+01
 0.9400    9.0894004E-01    1.0092548E+01   -1.0092548E+01
 0.9500    8.8867569E-01    1.0078604E+01   -1.0078604E+01
 0.9600    8.6819288E-01    1.0054687E+01   -1.0054687E+01
 0.9700    8.4752516E-01    1.0020882E+01   -1.0020882E+01
 0.9800    8.2671124E-01    9.9773650E+00   -9.9773650E+00
 0.9900    8.0579520E-01    9.9244153E+00   -9.9244153E+00
 1.0000    7.8482657E-01    9.8624215E+00   -9.8624215E+00
 1.0100    7.6385794E-01    9.7918603E+00   -9.7918603E+00
 1.0200    7.4293809E-01    9.7132112E+00   -9.7132112E+00
 1.0300    7.2210393E-01    9.6268460E+00   -9.6268460E+00
 1.0400    7.0137783E-01    9.5329777E+00   -9.5329777E+00
 1.0500    6.8077347E-01    9.4317241E+00   -9.4317241E+00
 1.0600    6.6030652E-01    9.3232467E+00   -9.3232467E+00
 1.0700    6.4000254E-01    9.2078687E+00   -9.2078687E+00
 1.0800    6.1989769E-01    9.0860975E+00   -9.0860975E+00
 1.0900    6.0003291E-01    8.9585543E+00   -8.9585543E+00
 1.1000    5.8044707E-01    8.8258767E+00   -8.8258767E+00
 1.1100    5.6117400E-01    8.6886712E+00   -8.6886712E+00
 1.1200    5.4224433E-01    8.5475359E+00   -8.5475359E+00
 1.1300    5.2368855E-01    8.4031058E+00   -8.4031058E+00
 1.1400    5.0553713E-01    8.2560559E+00   -8.2560559E+00
 1.1500    4.8781744E-01    8.1070502E+00   -8.1070502E+00
 1.1600    4.7055099E-01    7.9566918E+00   -7.9566918E+00
 1.1700    4.5375394E-01    7.8055228E+00   -7.8055228E+00
 1.1800    4.3743964E-01    7.6540626E+00   -7.6540626E+00
 1.1900    4.2161981E-01    7.5028246E+00   -7.5028246E+00
 1.2000    4.0630302E-01    7.3522863E+00   -7.3522863E+00
 1.2100    3.9149237E-01    7.2028422E+00   -7.2028422E+00
 1.2200    3.7718492E-01    7.0547860E+00   -7.0547860E+00
 1.2300    3.6337323E-01    6.9083292E+00   -6.9083292E+00
 1.2400    3.5004732E-01    6.7636323E+00   -6.7636323E+00
 1.2500    3.3719588E-01    6.6208256E+00   -6.6208256E+00
 1.2600    3.2480708E-01    6.4800213E+00   -6.4800213E+00
 1.2700    3.1286937E-01    6.3413300E+00   -6.3413300E+00
 1.2800    3.0137275E-01    6.2048856E+00   -6.2048856E+00
 1.2900    2.9030933E-01    6.0708608E+00   -6.0708608E+00
 1.3000    2.7967242E-01    5.9394498E+00   -5.9394498E+00
 1.3100    2.6945363E-01    5.8108076E+00   -5.8108076E+00
 1.3200    2.5963961E-01    5.6849764E+00   -5.6849764E+00
 1.3300    2.5021138E-01    5.5618619E+00   -5.5618619E+00
 1.3400    2.4114800E-01    5.4413057E+00   -5.4413057E+00
 1.3500    2.3243255E-01    5.3232192E+00   -5.3232192E+00
 1.3600    2.2405586E-01    5.2076765E+00   -5.2076765E+00
 1.3700    2.1601493E-01    5.0948895E+00   -5.0948895E+00
 1.3800    2.0830720E-01    4.9850822E+00   -4.9850822E+00
 1.3900    2.0092507E-01    4.8783571E+00   -4.8783571E+00
 1.4000    1.9385442E-01    4.7746512E+00   -4.7746512E+00
 1.4100    1.8707802E-01    4.6738078E+00   -4.6738078E+00
 1.4200    1.8058102E-01    4.5757117E+00   -4.5757117E+00
 1.4300    1.7435446E-01    4.4803817E+00   -4.4803817E+00
 1.4400    1.6839411E-01    4.3879507E+00   -4.3879507E+00
 1.4500    1.6269586E-01    4.2985540E+00   -4.2985540E+00
 1.4600    1.5725179E-01    4.2122212E+00   -4.2122212E+00
 1.4700    1.5204947E-01    4.1288531E+00   -4.1288531E+00
 1.4800    1.4707480E-01    4.0482895E+00   -4.0482895E+00
 1.4900    1.4231546E-01    3.9704019E+00   -3.9704019E+00
 1.5000    1.3776235E-01    3.8951387E+00   -3.8951387E+00
 1.5100    1.3340818E-01    3.8224886E+00   -3.8224886E+00
 1.5200    1.2924444E-01    3.7523980E+00   -3.7523980E+00
 1.5300    1.2525947E-01    3.6847099E+00   -3.6847099E+00
 1.5400    1.2143915E-01    3.6191786E+00   -3.6191786E+00
 1.5500    1.1776987E-01    3.5555553E+00   -3.5555553E+00
 1.5600    1.1424171E-01    3.4936850E+00   -3.4936850E+00
 1.5700    1.1084942E-01    3.4335438E+00   -3.4335438E+00
 1.5800    1.0759062E-01    3.3751916E+00   -3.3751916E+00
 1.5900    1.0446261E-01    3.3186770E+00   -3.3186770E+00
 1.6000    1.0146034E-01    3.2639699E+00   -3.2639699E+00
 1.6100    9.8576658E-02    3.2109660E+00   -3.2109660E+00
 1.6200    9.5804186E-02    3.1595438E+00   -3.1595438E+00
 1.6300    9.3136985E-02    3.1096195E+00   -3.1096195E+00
 1.6400    9.0571082E-02    3.0611676E+00   -3.0611676E+00
 1.6500    8.8103907E-02    3.0142059E+00   -3.0142059E+00
 1.6600    8.5733079E-02    2.9687557E+00   -2.9687557E+00
 1.6700    8.3455078E-02    2.9247959E+00   -2.9247959E+00
 1.6800    8.1264650E-02    2.8822397E+00   -2.8822397E+00
 1.6900    7.9155632E-02    2.8409598E+00   -2.8409598E+00
 1.7000    7.7122806E-02    2.8008544E+00   -2.8008544E+00
 1.7100    7.5163370E-02    2.7619024E+00   -2.7619024E+00
 1.7200    7.3276693E-02    2.7241600E+00   -2.7241600E+00
 1.7300    7.1462370E-02    2.6876919E+00   -2.6876919E+00
 1.7400    6.9717953E-02    2.6524853E+00   -2.6524853E+00
 1.7500    6.8038044E-02    2.6184108E+00   -2.6184108E+00
 1.7600    6.6415535E-02    2.5852639E+00   -2.5852639E+00
 1.7700    6.4844284E-02    2.5528665E+00   -2.5528665E+00
 1.7800    6.3321392E-02    2.5211595E+00   -2.5211595E+00
 1.7900    6.1847295E-02    2.4902138E+00   -2.4902138E+00
 1.8000    6.0423355E-02    2.4601394E+00   -2.4601394E+00
 1.8100    5.9048699E-02    2.4309574E+00   -2.4309574E+00
 1.8200    5.7718964E-02    2.4025430E+00   -2.4025430E+00
 1.8300    5.6428327E-02    2.3747026E+00   -2.3747026E+00
 1.8400    5.5173400E-02    2.3473360E+00   -2.3473360E+00
 1.8500    5.3955613E-02    2.3205448E+00   -2.3205448E+00
 1.8600    5.2779673E-02    2.2945760E+00   -2.2945760E+00
 1.8700    5.1649051E-02    2.2696319E+00   -2.2696319E+00
 1.8800    5.0562281E-02    2.2457025E+00   -2.2457025E+00
 1.8900    4.9513118E-02    2.2225613E+00   -2.2225613E+00
 1.9000    4.8494080E-02    2.1999144E+00   -2.1999144E+00
 1.9100    4.7500089E-02    2.1775645E+00   -2.1775645E+00
 1.9200    4.6529462E-02    2.1554619E+00   -2.1554619E+00
 1.9300    4.5582276E-02    2.1336368E+00   -2.1336368E+00
 1.9400    4.4658091E-02    2.1120951E+00   -2.1120951E+00
 1.9500    4.3754859E-02    2.0907657E+00   -2.0907657E+00
 1.9600    4.2869394E-02    2.0695187E+00   -2.0695187E+00
 1.9700    4.1998809E-02    2.0482327E+00   -2.0482327E+00
 1.9800    4.1142081E-02    2.0268728E+00   -2.0268728E+00
 1.9900    4.0300934E-02    2.0055391E+00   -2.0055391E+00
 2.0000    3.9479401E-02    1.9844512E+00   -1.9844512E+00
 2.0100    3.8682101E-02    1.9638668E+00   -1.9638668E+00
 2.0200    3.7912084E-02    1.9439731E+00   -1.9439731E+00
 2.0300    3.7169507E-02    1.9248139E+00   -1.9248139E+00
 2.0400    3.6451793E-02    1.9062906E+00   -1.9062906E+00
 2.0500    3.5755035E-02    1.8882295E+00   -1.8882295E+00
 2.0600    3.5075757E-02    1.8704726E+00   -1.8704726E+00
 2.0700    3.4412093E-02    1.8529412E+00   -1.8529412E+00
 2.0800    3.3763761E-02    1.8356393E+00   -1.8356393E+00
 2.0900    3.3130968E-02    1.8185974E+00   -1.8185974E+00
 2.1000    3.2513154E-02    1.8018040E+00   -1.8018040E+00
 2.1100    3.1908519E-02    1.7851776E+00   -1.7851776E+00
 2.1200    3.1314581E-02    1.7685942E+00   -1.7685942E+00
 2.1300    3.0729160E-02    1.7519421E+00   -1.7519421E+00
 2.1400    3.0151121E-02    1.7351654E+00   -1.7351654E+00
 2.1500    2.9580656E-02    1.7182826E+00   -1.7182826E+00
 2.1600    2.9019288E-02    1.7013910E+00   -1.7013910E+00
 2.1700    2.8469670E-02    1.6846581E+00   -1.6846581E+00
 2.1800    2.7934968E-02    1.6682880E+00   -1.6682880E+00
 2.1900    2.7417707E-02    1.6524534E+00   -1.6524534E+00
 2.2000    2.6918519E-02    1.6372175E+00   -1.6372175E+00
 2.2100    2.6435608E-02    1.6224963E+00   -1.6224963E+00
 2.2200    2.5965389E-02    1.6080911E+00   -1.6080911E+00
 2.2300    2.5503921E-02    1.5937733E+00   -1.5937733E+00
 2.2400    2.5048251E-02    1.5793679E+00   -1.5793679E+00
 2.2500    2.4596977E-02    1.5647921E+00   -1.5647921E+00
 2.2600    2.4149978E-02    1.5500421E+00   -1.5500421E+00
 2.2700    2.3707722E-02    1.5351521E+00   -1.5351521E+00
 2.2800    2.3270761E-02    1.5201629E+00   -1.5201629E+00
 2.2900    2.2839654E-02    1.5051173E+00   -1.5051173E+00
 2.3000    2.2415116E-02    1.4900695E+00   -1.4900695E+00
 2.3100    2.1998057E-02    1.4750888E+00   -1.4750888E+00
 2.3200    2.1589430E-02    1.4602493E+00   -1.4602493E+00
 2.3300    2.1190031E-02    1.4456172E+00   -1.4456172E+00
 2.3400    2.0800328E-02    1.4312377E+00   -1.4312377E+00
 2.3500    2.0420232E-02    1.4171188E+00   -1.4171188E+00
 2.3600    2.0048868E-02    1.4032134E+00   -1.4032134E+00
 2.3700    1.9684604E-02    1.3894190E+00   -1.3894190E+00
 2.3800    1.9325564E-02    1.3756120E+00   -1.3756120E+00
 2.3900    1.8970443E-02    1.3617053E+00   -1.3617053E+00
 2.4000    1.8619090E-02    1.3476925E+00   -1.3476925E+00
 2.4100    1.8272424E-02    1.3336446E+00   -1.3336446E+00
 2.4200    1.7931769E-02    1.3196651E+00   -1.3196651E+00
 2.4300    1.7598107E-02    1.3058352E+00   -1.3058352E+00
 2.4400    1.7271711E-02    1.2921856E+00   -1.2921856E+00
 2.4500    1.6952224E-02    1.2787002E+00   -1.2787002E+00
 2.4600    1.6638950E-02    1.2653364E+00   -1.2653364E+00
 2.4700    1.6331108E-02    1.2520435E+00   -1.2520435E+00
 2.4800    1.6027998E-02    1.2387752E+00   -1.2387752E+00
 2.4900    1.5729166E-02    1.2255027E+00   -1.2255027E+00
 2.5000    1.5434579E-02    1.2122290E+00   -1.2122290E+00
 2.5100    1.5144668E-02    1.1989941E+00   -1.1989941E+00
 2.5200    1.4860144E-02    1.1858615E+00   -1.1858615E+00
 2.5300    1.4581616E-02    1.1728881E+00   -1.1728881E+00
 2.5400    1.4309236E-02    1.1600955E+00   -1.1600955E+00
 2.5500    1.4042567E-02    1.1474578E+00   -1.1474578E+00
 2.5600    1.3780788E-02    1.1349163E+00   -1.1349163E+00
 2.5700    1.3523128E-02    1.1224145E+00   -1.1224145E+00
 2.5800    1.3269285E-02    1.1099331E+00   -1.1099331E+00
 2.5900    1.3019523E-02    1.0974999E+00   -1.0974999E+00
 2.6000    1.2774377E-02    1.0851662E+00   -1.0851662E+00
 2.6100    1.2534197E-02    1.0729695E+00   -1.0729695E+00
 2.6200    1.2298931E-02    1.0609131E+00   -1.0609131E+00
 2.6300    1.2068319E-02    1.0489823E+00   -1.0489823E+00
 2.6400    1.1842301E-02    1.0371792E+00   -1.0371792E+00
 2.6500    1.1621188E-02    1.0255389E+00   -1.0255389E+00
 2.6600    1.1405346E-02    1.0141019E+00   -1.0141019E+00
 2.6700    1.1194650E-02    1.0028660E+00   -1.0028660E+00
 2.6800    1.0988213E-02    9.9175985E-01   -9.9175985E-01
 2.6900    1.0784702E-02    9.8066927E-01   -9.8066927E-01
 2.7000    1.0582992E-02    9.6949561E-01   -9.6949561E-01
 2.7100    1.0382679E-02    9.5820376E-01   -9.5820376E-01
 2.7200    1.0184116E-02    9.4682782E-01   -9.4682782E-01
 2.7300    9.9880251E-03    9.3543752E-01   -9.3543752E-01
 2.7400    9.7950206E-03    9.2409441E-01   -9.2409441E-01
 2.7500    9.6053721E-03    9.1282903E-01   -9.1282903E-01
 2.7600    9.4190982E-03    9.0164868E-01   -9.0164868E-01
 2.7700    9.2362035E-03    8.9055940E-01   -8.9055940E-01
 2.7800    9.0567925E-03    8.7957702E-01   -8.7957702E-01
 2.7900    8.8809729E-03    8.6871799E-01   -8.6871799E-01
 2.8000    8.7086776E-03    8.5798193E-01   -8.5798193E-01
 2.8100    8.5395856E-03    8.4734310E-01   -8.4734310E-01
 2.8200    8.3732047E-03    8.3675783E-01   -8.3675783E-01
 2.8300    8.2090566E-03    8.2618249E-01   -8.2618249E-01
 2.8400    8.0468663E-03    8.1559270E-01   -8.1559270E-01
 2.8500    7.8866873E-03    8.0499690E-01   -8.0499690E-01
 2.8600    7.7289273E-03    7.9444010E-01   -7.9444010E-01
 2.8700    7.5742419E-03    7.8399416E-01   -7.8399416E-01
 2.8800    7.4232884E-03    7.7373309E-01   -7.7373309E-01
 2.8900    7.2764054E-03    7.6369938E-01   -7.6369938E-01
 2.9000    7.1333923E-03    7.5387956E-01   -7.5387956E-01
 2.9100    6.9935759E-03    7.4420937E-01   -7.4420937E-01
 2.9200    6.8561901E-03    7.3461268E-01   -7.3461268E-01
 2.9300    6.7208397E-03    7.2505114E-01   -7.2505114E-01
 2.9400    6.5877193E-03    7.1554938E-01   -7.1554938E-01
 2.9500    6.4574184E-03    7.0617579E-01   -7.0617579E-01
 2.9600    6.3304466E-03    6.9699175E-01   -6.9699175E-01
 2.9700    6.2068256E-03    6.8800613E-01   -6.8800613E-01
 2.9800    6.0860445E-03    6.7916847E-01   -6.7916847E-01
 2.9900    5.9673897E-03    6.7040407E-01   -6.7040407E-01
 3.0000    5.8503721E-03    6.6166149E-01   -6.6166149E-01
 3.0100    5.7349243E-03    6.5293590E-01   -6.5293590E-01
 3.0200    5.6212714E-03    6.4425575E-01   -6.4425575E-01
 3.0300    5.5096479E-03    6.3565134E-01   -6.3565134E-01
 3.0400    5.4001168E-03    6.2713377E-01   -6.2713377E-01
 3.0500    5.2925963E-03    6.1869743E-01   -6.1869743E-01
 3.0600    5.1870060E-03    6.1033667E-01   -6.1033667E-01
 3.0700    5.0833649E-03    6.0205740E-01   -6.0205740E-01
 3.0800    4.9817545E-03    5.9387306E-01   -5.9387306E-01
 3.0900    4.8822034E-03    5.8579100E-01   -5.8579100E-01
 3.1000    4.7846147E-03    5.7780358E-01   -5.7780358E-01
 3.1100    4.6888086E-03    5.6989277E-01   -5.6989277E-01
 3.1200    4.5946425E-03    5.6204460E-01   -5.6204460E-01
 3.1300    4.5021081E-03    5.5426117E-01   -5.5426117E-01
 3.1400    4.4113294E-03    5.4656101E-01   -5.4656101E-01
 3.1500    4.3224713E-03    5.3896814E-01   -5.3896814E-01
 3.1600    4.2356296E-03    5.3149846E-01   -5.3149846E-01
 3.1700    4.1507701E-03    5.2415178E-01   -5.2415178E-01
 3.1800    4.0677351E-03    5.1691218E-01   -5.1691218E-01
 3.1900    3.9863032E-03    5.0975508E-01   -5.0975508E-01
 3.2000    3.9062716E-03    5.0265760E-01   -5.0265760E-01
 3.2100    3.8275277E-03    4.9560796E-01   -4.9560796E-01
 3.2200    3.7500757E-03    4.8860921E-01   -4.8860921E-01
 3.2300    3.6740028E-03    4.8167532E-01   -4.8167532E-01
 3.2400    3.5994073E-03    4.7482205E-01   -4.7482205E-01
 3.2500    3.5263310E-03    4.6805798E-01   -4.6805798E-01
 3.2600    3.4547315E-03    4.6138064E-01   -4.6138064E-01
 3.2700    3.3845085E-03    4.5477960E-01   -4.5477960E-01
 3.2800    3.3155686E-03    4.4824512E-01   -4.4824512E-01
 3.2900    3.2478950E-03    4.4177755E-01   -4.4177755E-01
 3.3000    3.1815681E-03    4.3539051E-01   -4.3539051E-01
 3.3100    3.1167116E-03    4.2910391E-01   -4.2910391E-01
 3.3200    3.0533944E-03    4.2293043E-01   -4.2293043E-01
 3.3300    2.9915594E-03    4.1686551E-01   -4.1686551E-01
 3.3400    2.9310366E-03    4.1088855E-01   -4.1088855E-01
 3.3500    2.8716325E-03    4.0497512E-01   -4.0497512E-01
 3.3600    2.8132275E-03    3.9911061E-01   -3.9911061E-01
 3.3700    2.7558116E-03    3.9329569E-01   -3.9329569E-01
 3.3800    2.6994414E-03    3.8754057E-01   -3.8754057E-01
 3.3900    2.6441677E-03    3.8185480E-01   -3.8185480E-01
 3.4000    2.5899952E-03    3.7624147E-01   -3.7624147E-01
 3.4100    2.5368998E-03    3.7069944E-01   -3.7069944E-01
 3.4200    2.4848663E-03    3.6522888E-01   -3.6522888E-01
 3.4300    2.4339045E-03    3.5983354E-01   -3.5983354E-01
 3.4400    2.3840264E-03    3.5451761E-01   -3.5451761E-01
 3.4500    2.3352153E-03    3.4928102E-01   -3.4928102E-01
 3.4600    2.2874198E-03    3.4411843E-01   -3.4411843E-01
 3.4700    2.2405783E-03    3.3902282E-01   -3.3902282E-01
 3.4800    2.1946497E-03    3.3399008E-01   -3.3399008E-01
 3.4900    2.1496233E-03    3.2902059E-01   -3.2902059E-01
 3.5000    2.1055048E-03    3.2411728E-01   -3.2411728E-01
 3.5100    2.0622958E-03    3.1928245E-01   -3.1928245E-01
 3.5200    2.0199810E-03    3.1451580E-01   -3.1451580E-01
 3.5300    1.9785282E-03    3.0981434E-01   -3.0981434E-01
 3.5400    1.9378975E-03    3.0517376E-01   -3.0517376E-01
 3.5500    1.8980565E-03    3.0059081E-01   -3.0059081E-01
 3.5600    1.8589939E-03    2.9606552E-01   -2.9606552E-01
 3.5700    1.8207228E-03    2.9160174E-01   -2.9160174E-01
 3.5800    1.7832656E-03    2.8720497E-01   -2.8720497E-01
 3.5900    1.7466310E-03    2.8287849E-01   -2.8287849E-01
 3.6000    1.7107975E-03    2.7862076E-01   -2.7862076E-01
 3.6100    1.6757194E-03    2.7442620E-01   -2.7442620E-01
 3.6200    1.6413482E-03    2.7028860E-01   -2.7028860E-01
 3.6300    1.6076528E-03    2.6620449E-01   -2.6620449E-01
 3.6400    1.5746246E-03    2.6217402E-01   -2.6217402E-01
 3.6500    1.5422676E-03    2.5819946E-01   -2.5819946E-01
 3.6600    1.5105853E-03    2.5428298E-01   -2.5428298E-01
 3.6700    1.4795717E-03    2.5042519E-01   -2.5042519E-01
 3.6800    1.4492090E-03    2.4662467E-01   -2.4662467E-01
 3.6900    1.4194688E-03    2.4287814E-01   -2.4287814E-01
 3.7000    1.3903159E-03    2.3918107E-01   -2.3918107E-01
 3.7100    1.3617164E-03    2.3552898E-01   -2.3552898E-01
 3.7200    1.3336475E-03    2.3191925E-01   -2.3191925E-01
 3.7300    1.3061040E-03    2.2835225E-01   -2.2835225E-01
 3.7400    1.2790965E-03    2.2483110E-01   -2.2483110E-01
 3.7500    1.2526398E-03    2.2135972E-01   -2.2135972E-01
 3.7600    1.2267400E-03    2.1794056E-01   -2.1794056E-01
 3.7700    1.2013878E-03    2.1457335E-01   -2.1457335E-01
 3.7800    1.1765612E-03    2.1125548E-01   -2.1125548E-01
 3.7900    1.1522343E-03    2.0798359E-01   -2.0798359E-01
 3.8000    1.1283856E-03    2.0475504E-01   -2.0475504E-01
 3.8100    1.1050025E-03    2.0156869E-01   -2.0156869E-01
 3.8200    1.0820797E-03    1.9842475E-01   -1.9842475E-01
 3.8300    1.0596166E-03    1.9532425E-01   -1.9532425E-01
 3.8400    1.0376143E-03    1.9226856E-01   -1.9226856E-01
 3.8500    1.0160751E-03    1.8925925E-01   -1.8925925E-01
 3.8600    9.9499999E-04    1.8629772E-01   -1.8629772E-01
 3.8700    9.7438516E-04    1.8338443E-01   -1.8338443E-01
 3.8800    9.5421650E-04    1.8051788E-01   -1.8051788E-01
 3.8900    9.3446844E-04    1.7769439E-01   -1.7769439E-01
 3.9000    9.1511005E-04    1.7490910E-01   -1.7490910E-01
 3.9100    8.9611597E-04    1.7215815E-01   -1.7215815E-01
 3.9200    8.7747492E-04    1.6944030E-01   -1.6944030E-01
 3.9300    8.5919044E-04    1.6675712E-01   -1.6675712E-01
 3.9400    8.4127535E-04    1.6411205E-01   -1.6411205E-01
 3.9500    8.2374565E-04    1.6150917E-01   -1.6150917E-01
 3.9600    8.0661703E-04    1.5895260E-01   -1.5895260E-01
 3.9700    7.8990260E-04    1.5644598E-01   -1.5644598E-01
 3.9800    7.7360921E-04    1.5399182E-01   -1.5399182E-01
 3.9900    7.5773273E-04    1.5159040E-01   -1.5159040E-01
 4.0000    7.4225527E-04    1.4923928E-01   -1.4923928E-01
 4.0100    7.2714684E-04    1.4693347E-01   -1.4693347E-01
 4.0200    7.1236943E-04    1.4466626E-01   -1.4466626E-01
 4.0300    6.9788111E-04    1.4242998E-01   -1.4242998E-01
 4.0400    6.8364136E-04    1.4021708E-01   -1.4021708E-01
 4.0500    6.6962024E-04    1.3802205E-01   -1.3802205E-01
 4.0600    6.5580801E-04    1.3584343E-01   -1.3584343E-01
 4.0700    6.4221609E-04    1.3368413E-01   -1.3368413E-01
 4.0800    6.2886514E-04    1.3154905E-01   -1.3154905E-01
 4.0900    6.1576938E-04    1.2944181E-01   -1.2944181E-01
 4.1000    6.0293103E-04    1.2736357E-01   -1.2736357E-01
 4.1100    5.9034855E-04    1.2531470E-01   -1.2531470E-01
 4.1200    5.7802741E-04    1.2329706E-01   -1.2329706E-01
 4.1300    5.6598155E-04    1.2131437E-01   -1.2131437E-01
 4.1400    5.5422439E-04    1.1937027E-01   -1.1937027E-01
 4.1500    5.4275883E-04    1.1746621E-01   -1.1746621E-01
 4.1600    5.3157540E-04    1.1560095E-01   -1.1560095E-01
 4.1700    5.2065925E-04    1.1377204E-01   -1.1377204E-01
 4.1800    5.0999809E-04    1.1197755E-01   -1.1197755E-01
 4.1900    4.9958179E-04    1.1021597E-01   -1.1021597E-01
 4.2000    4.8939355E-04    1.0848425E-01   -1.0848425E-01
 4.2100    4.7940436E-04    1.0677659E-01   -1.0677659E-01
 4.2200    4.6958198E-04    1.0508632E-01   -1.0508632E-01
 4.2300    4.5990884E-04    1.0340996E-01   -1.0340996E-01
 4.2400    4.5039080E-04    1.0174922E-01   -1.0174922E-01
 4.2500    4.4104678E-04    1.0010883E-01   -1.0010883E-01
 4.2600    4.3188999E-04    9.8492282E-02   -9.8492282E-02
 4.2700    4.2291768E-04    9.6899483E-02   -9.6899483E-02
 4.2800    4.1411468E-04    9.5327462E-02   -9.5327462E-02
 4.2900    4.0546323E-04    9.3772592E-02   -9.3772592E-02
 4.3000    3.9695227E-04    9.2232731E-02   -9.2232731E-02
 4.3100    3.8858571E-04    9.0709177E-02   -9.0709177E-02
 4.3200    3.8038915E-04    8.9208345E-02   -8.9208345E-02
 4.3300    3.7240958E-04    8.7741792E-02   -8.7741792E-02
 4.3400    3.6469948E-04    8.6322590E-02   -8.6322590E-02
 4.3500    3.5728566E-04    8.4957938E-02   -8.4957938E-02
 4.3600    3.5014010E-04    8.3642055E-02   -8.3642055E-02
 4.3700    3.4317962E-04    8.2355808E-02   -8.2355808E-02
 4.3800    3.3630479E-04    8.1075780E-02   -8.1075780E-02
 4.3900    3.2945273E-04    7.9786978E-02   -7.9786978E-02
 4.4000    3.2262186E-04    7.8489038E-02   -7.8489038E-02
 4.4100    3.1585163E-04    7.7191621E-02   -7.7191621E-02
 4.4200    3.0918288E-04    7.5904905E-02   -7.5904905E-02
 4.4300    3.0263630E-04    7.4634279E-02   -7.4634279E-02
 4.4400    2.9621882E-04    7.3381815E-02   -7.3381815E-02
 4.4500    2.8993733E-04    7.2149617E-02   -7.2149617E-02
 4.4600    2.8379955E-04    7.0940017E-02   -7.0940017E-02
 4.4700    2.7780494E-04    6.9753318E-02   -6.9753318E-02
 4.4800    2.7194269E-04    6.8587234E-02   -6.8587234E-02
 4.4900    2.6620284E-04    6.7439637E-02   -6.7439637E-02
 4.5000    2.6058850E-04    6.6311696E-02   -6.6311696E-02
 4.5100    2.5511535E-04    6.5207799E-02   -6.5207799E-02
 4.5200    2.4979912E-04    6.4132422E-02   -6.4132422E-02
 4.5300    2.4464436E-04    6.3087231E-02   -6.3087231E-02
 4.5400    2.3964375E-04    6.2070848E-02   -6.2070848E-02
 4.5500    2.3478462E-04    6.1080461E-02   -6.1080461E-02
 4.5600    2.3005346E-04    6.0112989E-02   -6.0112989E-02
 4.5700    2.2543571E-04    5.9165016E-02   -5.9165016E-02
 4.5800    2.2091547E-04    5.8232702E-02   -5.8232702E-02
 4.5900    2.1647976E-04    5.7312920E-02   -5.7312920E-02
 4.6000    2.1212493E-04    5.6404953E-02   -5.6404953E-02
 4.6100    2.0785774E-04    5.5510856E-02   -5.5510856E-02
 4.6200    2.0368739E-04    5.4633367E-02   -5.4633367E-02
 4.6300    1.9961325E-04    5.3772622E-02   -5.3772622E-02
 4.6400    1.9561838E-04    5.2924344E-02   -5.2924344E-02
 4.6500    1.9167478E-04    5.2081172E-02   -5.2081172E-02
 4.6600    1.8775709E-04    5.1236334E-02   -5.1236334E-02
 4.6700    1.8385525E-04    5.0387134E-02   -5.0387134E-02
 4.6800    1.7997815E-04    4.9536048E-02   -4.9536048E-02
 4.6900    1.7614706E-04    4.8689011E-02   -4.8689011E-02
 4.7000    1.7238458E-04    4.7852430E-02   -4.7852430E-02
 4.7100    1.6870711E-04    4.7031093E-02   -4.7031093E-02
 4.7200    1.6512501E-04    4.6228171E-02   -4.6228171E-02
 4.7300    1.6164757E-04    4.5446591E-02   -4.5446591E-02
 4.7400    1.5828692E-04    4.4690125E-02   -4.4690125E-02
 4.7500    1.5505642E-04    4.3962951E-02   -4.3962951E-02
 4.7600    1.5196262E-04    4.3267375E-02   -4.3267375E-02
 4.7700    1.4899330E-04    4.2600368E-02   -4.2600368E-02
 4.7800    1.4611005E-04    4.1951331E-02   -4.1951331E-02
 4.7900    1.4325753E-04    4.1304593E-02   -4.1304593E-02
 4.8000    1.4039217E-04    4.0647630E-02   -4.0647630E-02
 4.8100    1.3751379E-04    3.9980321E-02   -3.9980321E-02
 4.8200    1.3467409E-04    3.9317689E-02   -3.9317689E-02
 4.8300    1.3195234E-04    3.8683095E-02   -3.8683095E-02
 4.8400    1.2941573E-04    3.8096727E-02   -3.8096727E-02
 4.8500    1.2709088E-04    3.7567104E-02   -3.7567104E-02
 4.8600    1.2495557E-04    3.7088395E-02   -3.7088395E-02
 4.8700    1.2294101E-04    3.6640768E-02   -3.6640768E-02
 4.8800    1.2093847E-04    3.6192116E-02   -3.6192116E-02
 4.8900    1.1882256E-04    3.5704792E-02   -3.5704792E-02
 4.9000    1.1650013E-04    3.5150251E-02   -3.5150251E-02
 4.9100    1.1396180E-04    3.4524878E-02   -3.4524878E-02
 4.9200    1.1129239E-04    3.3853653E-02   -3.3853653E-02
 4.9300    1.0862407E-04    3.3176441E-02   -3.3176441E-02
 4.9400    1.0607046E-04    3.2528064E-02   -3.2528064E-02
 4.9500    1.0369594E-04    3.1928756E-02   -3.1928756E-02
 4.9600    1.0153193E-04    3.1388881E-02   -3.1388881E-02
 4.9700    9.9598841E-05    3.0915546E-02   -3.0915546E-02
 4.9800    9.7891624E-05    3.0508024E-02   -3.0508024E-02
 4.9900    9.6339048E-05    3.0144862E-02   -3.0144862E-02
 5.0000    9.4792898E-05    2.9780067E-02   -2.9780067E-02
 5.0100    9.3085576E-05    2.9360788E-02   -2.9360788E-02
 5.0200    9.1126022E-05    2.8857567E-02   -2.8857567E-02
 5.0300    8.8957669E-05    2.8283245E-02   -2.8283245E-02
 5.0400    8.6731073E-05    2.7685072E-02   -2.7685072E-02
 5.0500    8.4616100E-05    2.7117249E-02   -2.7117249E-02
 5.0600    8.2718706E-05    2.6614274E-02   -2.6614274E-02
 5.0700    8.1046579E-05    2.6179447E-02   -2.6179447E-02
 5.0800    7.9524520E-05    2.5789228E-02   -2.5789228E-02
 5.0900    7.8038249E-05    2.5406974E-02   -2.5406974E-02
 5.1000    7.6487133E-05    2.4999919E-02   -2.4999919E-02
 5.1100    7.4830129E-05    2.4554334E-02   -2.4554334E-02
 5.1200    7.3106773E-05    2.4082823E-02   -2.4082823E-02
 5.1300    7.1418643E-05    2.3618711E-02   -2.3618711E-02
 5.1400    6.9876454E-05    2.3198877E-02   -2.3198877E-02
 5.1500    6.8542396E-05    2.2844602E-02   -2.2844602E-02
 5.1600    6.7402195E-05    2.2551909E-02   -2.2551909E-02
 5.1700    6.6378981E-05    2.2295722E-02   -2.2295722E-02
 5.1800    6.5372014E-05    2.2042520E-02   -2.2042520E-02
 5.1900    6.4294019E-05    2.1762819E-02   -2.1762819E-02
 5.2000    6.3093398E-05    2.1438800E-02   -2.1438800E-02
 5.2100    6.1762201E-05    2.1067261E-02   -2.1067261E-02
 5.2200    6.0333396E-05    2.0658969E-02   -2.0658969E-02
 5.2300    5.8867558E-05    2.0234350E-02   -2.0234350E-02
 5.2400    5.7431029E-05    1.9816139E-02   -1.9816139E-02
 5.2500    5.6074519E-05    1.9422004E-02   -1.9422004E-02
 5.2600    5.4822376E-05    1.9060716E-02   -1.9060716E-02
 5.2700    5.3674229E-05    1.8732550E-02   -1.8732550E-02
 5.2800    5.2611431E-05    1.8431379E-02   -1.8431379E-02
 5.2900    5.1601638E-05    1.8146158E-02   -1.8146158E-02
 5.3000    5.0603769E-05    1.7862592E-02   -1.7862592E-02
 5.3100    4.9579728E-05    1.7567220E-02   -1.7567220E-02
 5.3200    4.8511496E-05    1.7253523E-02   -1.7253523E-02
 5.3300    4.7411673E-05    1.6925814E-02   -1.6925814E-02
 5.3400    4.6316552E-05    1.6596962E-02   -1.6596962E-02
 5.3500    4.5264808E-05    1.6280889E-02   -1.6280889E-02
 5.3600    4.4277261E-05    1.5985278E-02   -1.5985278E-02
 5.3700    4.3351035E-05    1.5709339E-02   -1.5709339E-02
 5.3800    4.2468409E-05    1.5446867E-02   -1.5446867E-02
 5.3900    4.1610938E-05    1.5191299E-02   -1.5191299E-02
 5.4000    4.0770074E-05    1.4939597E-02   -1.4939597E-02
 5.4100    3.9951125E-05    1.4693776E-02   -1.4693776E-02
 5.4200    3.9170026E-05    1.4459800E-02   -1.4459800E-02
 5.4300    3.8443092E-05    1.4243865E-02   -1.4243865E-02
 5.4400    3.7774074E-05    1.4047579E-02   -1.4047579E-02
 5.4500    3.7148022E-05    1.3865597E-02   -1.3865597E-02
 5.4600    3.6538632E-05    1.3688234E-02   -1.3688234E-02
 5.4700    3.5924266E-05    1.3507420E-02   -1.3507420E-02
 5.4800    3.5299740E-05    1.3321174E-02   -1.3321174E-02
 5.4900    3.4675663E-05    1.3133465E-02   -1.3133465E-02
 5.5000    3.4069041E-05    1.2950757E-02   -1.2950757E-02
 5.5100    3.3495117E-05    1.2778932E-02   -1.2778932E-02
 5.5200    3.2965842E-05    1.2622698E-02   -1.2622698E-02
 5.5300    3.2491932E-05    1.2486354E-02   -1.2486354E-02
 5.5400    3.2082193E-05    1.2373525E-02   -1.2373525E-02
 5.5500    3.1737916E-05    1.2284974E-02   -1.2284974E-02
 5.5600    3.1446125E-05    1.2215931E-02   -1.2215931E-02
 5.5700    3.1177888E-05    1.2155336E-02   -1.2155336E-02
 5.5800    3.0895190E-05    1.2088409E-02   -1.2088409E-02
 5.5900    3.0564317E-05    1.2001849E-02   -1.2001849E-02
 5.6000    3.0168189E-05    1.1888722E-02   -1.1888722E-02
 5.6100    2.9708452E-05    1.1749398E-02   -1.1749398E-02
 5.6200    2.9194333E-05    1.1587268E-02   -1.1587268E-02
 5.6300    2.8627437E-05    1.1402738E-02   -1.1402738E-02
 5.6400    2.7997966E-05    1.1191661E-02   -1.1191661E-02
 5.6500    2.7298393E-05    1.0950749E-02   -1.0950749E-02
 5.6600    2.6543064E-05    1.0685474E-02   -1.0685474E-02
 5.6700    2.5775764E-05    1.0413279E-02   -1.0413279E-02
 5.6800    2.5058541E-05    1.0159265E-02   -1.0159265E-02
 5.6900    2.4450362E-05    9.9476317E-03   -9.9476317E-03
 5.7000    2.3989611E-05    9.7945116E-03   -9.7945116E-03
 5.7100    2.3690432E-05    9.7063300E-03   -9.7063300E-03
 5.7200    2.3554079E-05    9.6842959E-03   -9.6842959E-03
 5.7300    2.3583469E-05    9.7303128E-03   -9.7303128E-03
 5.7400    2.3779184E-05    9.8453371E-03   -9.8453371E-03
 5.7500    2.4105365E-05    1.0015192E-02   -1.0015192E-02
 5.7600    2.4448704E-05    1.0193203E-02   -1.0193203E-02
 5.7700    2.4622717E-05    1.0301429E-02   -1.0301429E-02
 5.7800    2.4448422E-05    1.0263994E-02   -1.0263994E-02
 5.7900    2.3870942E-05    1.0056261E-02   -1.0056261E-02
 5.8000    2.3017496E-05    9.7302485E-03   -9.7302485E-03
 5.8100    2.2135746E-05    9.3897990E-03   -9.3897990E-03
 5.8200    2.1452113E-05    9.1311592E-03   -9.1311592E-03
 5.8300    2.1056551E-05    8.9936134E-03   -8.9936134E-03
 5.8400    2.0888013E-05    8.9522599E-03   -8.9522599E-03
 5.8500    2.0806660E-05    8.9479586E-03   -8.9479586E-03
 5.8600    2.0683646E-05    8.9254924E-03   -8.9254924E-03
 5.8700    2.0451457E-05    8.8554437E-03   -8.8554437E-03
 5.8800    2.0104019E-05    8.7346880E-03   -8.7346880E-03
 5.8900    1.9671411E-05    8.5758259E-03   -8.5758259E-03
 5.9000    1.9199347E-05    8.3984732E-03   -8.3984732E-03
 5.9100    1.8742228E-05    8.2263282E-03   -8.2263282E-03
 5.9200    1.8353670E-05    8.0830672E-03   -8.0830672E-03
 5.9300    1.8059647E-05    7.9804706E-03   -7.9804706E-03
 5.9400    1.7829133E-05    7.9052021E-03   -7.9052021E-03
 5.9500    1.7577591E-05    7.8199349E-03   -7.8199349E-03
 5.9600    1.7215741E-05    7.6847211E-03   -7.6847211E-03
 5.9700    1.6709228E-05    7.4836750E-03   -7.4836750E-03
 5.9800    1.6098872E-05    7.2344859E-03   -7.2344859E-03
 5.9900    1.5467811E-05    6.9741672E-03   -6.9741672E-03
 6.0000    1.4890462E-05    6.7362862E-03   -6.7362862E-03
 6.0100    1.4406865E-05    6.5392553E-03   -6.5392553E-03
 6.0200    1.4032498E-05    6.3905442E-03   -6.3905442E-03
 6.0300    1.3780478E-05    6.2966384E-03   -6.2966384E-03
 6.0400    1.3671426E-05    6.2675462E-03   -6.2675462E-03
 6.0500    1.3726941E-05    6.3138519E-03   -6.3138519E-03
 6.0600    1.3957329E-05    6.4410611E-03   -6.4410611E-03
 6.0700    1.4350109E-05    6.6441961E-03   -6.6441961E-03
 6.0800    1.4855420E-05    6.9008400E-03   -6.9008400E-03
 6.0900    1.5369218E-05    7.1630209E-03   -7.1630209E-03
 6.1000    1.5735229E-05    7.3577090E-03   -7.3577090E-03
 6.1100    1.5790495E-05    7.4077793E-03   -7.4077793E-03
 6.1200    1.5443537E-05    7.2687458E-03   -7.2687458E-03
 6.1300    1.4729555E-05    6.9553734E-03   -6.9553734E-03
 6.1400    1.3792480E-05    6.5341481E-03   -6.5341481E-03
 6.1500    1.2805225E-05    6.0862154E-03   -6.0862154E-03
 6.1600    1.1892280E-05    5.6706965E-03   -5.6706965E-03
 6.1700    1.1106395E-05    5.3131650E-03   -5.3131650E-03
 6.1800    1.0454069E-05    5.0173245E-03   -5.0173245E-03
 6.1900    9.9282505E-06    4.7803961E-03   -4.7803961E-03
 6.2000    9.5209325E-06    4.5990987E-03   -4.5990987E-03
 6.2100    9.2219515E-06    4.4690570E-03   -4.4690570E-03
 6.2200    9.0206303E-06    4.3855848E-03   -4.3855848E-03
 6.2300    8.9110325E-06    4.3462428E-03   -4.3462428E-03
 6.2400    8.8889741E-06    4.3494134E-03   -4.3494134E-03
 6.2500    8.9376705E-06    4.3872687E-03   -4.3872687E-03
 6.2600    9.0157512E-06    4.4397698E-03   -4.4397698E-03
 6.2700    9.0636536E-06    4.4776304E-03   -4.4776304E-03
 6.2800    9.0281863E-06    4.4743470E-03   -4.4743470E-03
 6.2900    8.8873927E-06    4.4186085E-03   -4.4186085E-03
 6.3000    8.6568979E-06    4.3177079E-03   -4.3177079E-03
 6.3100    8.3756430E-06    4.1907016E-03   -4.1907016E-03
 6.3200    8.0862113E-06    4.0587201E-03   -4.0587201E-03
 6.3300    7.8252060E-06    3.9401528E-03   -3.9401528E-03
 6.3400    7.6239475E-06    3.8509535E-03   -3.8509535E-03
 6.3500    7.5080715E-06    3.8043960E-03   -3.8043960E-03
 6.3600    7.4887873E-06    3.8065855E-03   -3.8065855E-03
 6.3700    7.5505221E-06    3.8500442E-03   -3.8500442E-03
 6.3800    7.6453053E-06    3.9106239E-03   -3.9106239E-03
 6.3900    7.7010901E-06    3.9515164E-03   -3.9515164E-03
 6.4000    7.6444502E-06    3.9347403E-03   -3.9347403E-03
 6.4100    7.4299104E-06    3.8362730E-03   -3.8362730E-03
 6.4200    7.0609531E-06    3.6571540E-03   -3.6571540E-03
 6.4300    6.5892700E-06    3.4234904E-03   -3.4234904E-03
 6.4400    6.0924952E-06    3.1752417E-03   -3.1752417E-03
 6.4500    5.6454274E-06    2.9513867E-03   -2.9513867E-03
 6.4600    5.3009653E-06    2.7799044E-03   -2.7799044E-03
 6.4700    5.0848620E-06    2.6748387E-03   -2.6748387E-03
 6.4800    4.9972235E-06    2.6368696E-03   -2.6368696E-03
 6.4900    5.0139355E-06    2.6538600E-03   -2.6538600E-03
 6.5000    5.0890812E-06    2.7019416E-03   -2.7019416E-03
 6.5100    5.1638528E-06    2.7500823E-03   -2.7500823E-03
 6.5200    5.1830903E-06    2.7688143E-03   -2.7688143E-03
 6.5300    5.1127201E-06    2.7396069E-03   -2.7396069E-03
 6.5400    4.9490747E-06    2.6600473E-03   -2.6600473E-03
 6.5500    4.7164755E-06    2.5427874E-03   -2.5427874E-03
 6.5600    4.4561649E-06    2.4097878E-03   -2.4097878E-03
 6.5700    4.2118152E-06    2.2845986E-03   -2.2845986E-03
 6.5800    4.0158774E-06    2.1849530E-03   -2.1849530E-03
 6.5900    3.8808235E-06    2.1178958E-03   -2.1178958E-03
 6.6000    3.7989496E-06    2.0795112E-03   -2.0795112E-03
 6.6100    3.7506291E-06    2.0592871E-03   -2.0592871E-03
 6.6200    3.7156022E-06    2.0462329E-03   -2.0462329E-03
 6.6300    3.6807371E-06    2.0331608E-03   -2.0331608E-03
 6.6400    3.6418884E-06    2.0177746E-03   -2.0177746E-03
 6.6500    3.6020115E-06    2.0016966E-03   -2.0016966E-03
 6.6600    3.5683221E-06    1.9889432E-03   -1.9889432E-03
 6.6700    3.5492208E-06    1.9842416E-03   -1.9842416E-03
 6.6800    3.5504427E-06    1.9908810E-03   -1.9908810E-03
 6.6900    3.5707850E-06    2.0082871E-03   -2.0082871E-03
 6.7000    3.5995465E-06    2.0305200E-03   -2.0305200E-03
 6.7100    3.6183361E-06    2.0472167E-03   -2.0472167E-03
 6.7200    3.6078768E-06    2.0473878E-03   -2.0473878E-03
 6.7300    3.5568268E-06    2.0244297E-03   -2.0244297E-03
 6.7400    3.4674821E-06    1.9794470E-03   -1.9794470E-03
 6.7500    3.3547343E-06    1.9207708E-03   -1.9207708E-03
 6.7600    3.2388399E-06    1.8599135E-03   -1.8599135E-03
 6.7700    3.1362879E-06    1.8063551E-03   -1.8063551E-03
 6.7800    3.0538256E-06    1.7640605E-03   -1.7640605E-03
 6.7900    2.9883180E-06    1.7313155E-03   -1.7313155E-03
 6.8000    2.9314724E-06    1.7033877E-03   -1.7033877E-03
 6.8100    2.8760053E-06    1.6760762E-03   -1.6760762E-03
 6.8200    2.8196881E-06    1.6480853E-03   -1.6480853E-03
 6.8300    2.7653148E-06    1.6210479E-03   -1.6210479E-03
 6.8400    2.7169607E-06    1.5973697E-03   -1.5973697E-03
 6.8500    2.6751618E-06    1.5773972E-03   -1.5773972E-03
 6.8600    2.6346941E-06    1.5580748E-03   -1.5580748E-03
 6.8700    2.5871927E-06    1.5344478E-03   -1.5344478E-03
 6.8800    2.5272392E-06    1.5032565E-03   -1.5032565E-03
 6.8900    2.4574399E-06    1.4659907E-03   -1.4659907E-03
 6.9000    2.3882127E-06    1.4288316E-03   -1.4288316E-03
 6.9100    2.3318271E-06    1.3991436E-03   -1.3991436E-03
 6.9200    2.2949546E-06    1.3810079E-03   -1.3810079E-03
 6.9300    2.2754717E-06    1.3732442E-03   -1.3732442E-03
 6.9400    2.2655231E-06    1.3711889E-03   -1.3711889E-03
 6.9500    2.2569966E-06    1.3699679E-03   -1.3699679E-03
 6.9600    2.2438441E-06    1.3659067E-03   -1.3659067E-03
 6.9700    2.2203235E-06    1.3554755E-03   -1.3554755E-03
 6.9800    2.1796112E-06    1.3344421E-03   -1.3344421E-03
 6.9900    2.1163946E-06    1.2994539E-03   -1.2994539E-03
 7.0000    2.0311470E-06    1.2506832E-03   -1.2506832E-03
 7.0100    1.9308294E-06    1.1923117E-03   -1.1923117E-03
 7.0200    1.8247515E-06    1.1300244E-03   -1.1300244E-03
 7.0300    1.7199749E-06    1.0681756E-03   -1.0681756E-03
 7.0400    1.6208493E-06    1.0094802E-03   -1.0094802E-03
 7.0500    1.5322036E-06    9.5698377E-04   -9.5698377E-04
 7.0600    1.4615825E-06    9.1546682E-04   -9.1546682E-04
 7.0700    1.4170368E-06    8.9008161E-04   -8.9008161E-04
 7.0800    1.4016432E-06    8.8290474E-04   -8.8290474E-04
 7.0900    1.4093942E-06    8.9029682E-04   -8.9029682E-04
 7.1000    1.4263536E-06    9.0355330E-04   -9.0355330E-04
 7.1100    1.4368787E-06    9.1278644E-04   -9.1278644E-04
 7.1200    1.4307878E-06    9.1147569E-04   -9.1147569E-04
 7.1300    1.4067940E-06    8.9870971E-04   -8.9870971E-04
 7.1400    1.3706202E-06    8.7805843E-04   -8.7805843E-04
 7.1500    1.3301176E-06    8.5449987E-04   -8.5449987E-04
 7.1600    1.2911322E-06    8.3177643E-04   -8.3177643E-04
 7.1700    1.2561830E-06    8.1152349E-04   -8.1152349E-04
 7.1800    1.2254674E-06    7.9389030E-04   -7.9389030E-04
 7.1900    1.1985515E-06    7.7861785E-04   -7.7861785E-04
 7.2000    1.1755149E-06    7.6577822E-04   -7.6577822E-04
 7.2100    1.1571305E-06    7.5589717E-04   -7.5589717E-04
 7.2200    1.1441899E-06    7.4951853E-04   -7.4951853E-04
 7.2300    1.1363510E-06    7.4644696E-04   -7.4644696E-04
 7.2400    1.1310991E-06    7.4505385E-04   -7.4505385E-04
 7.2500    1.1236000E-06    7.4216012E-04   -7.4216012E-04
 7.2600    1.1080740E-06    7.3392534E-04   -7.3392534E-04
 7.2700    1.0804782E-06    7.1762026E-04   -7.1762026E-04
 7.2800    1.0410489E-06    6.9333603E-04   -6.9333603E-04
 7.2900    9.9481328E-07    6.6436461E-04   -6.6436461E-04
 7.3000    9.4933075E-07    6.3573063E-04   -6.3573063E-04
 7.3100    9.1093293E-07    6.1168949E-04   -6.1168949E-04
 7.3200    8.8185296E-07    5.9378361E-04   -5.9378361E-04
 7.3300    8.5992777E-07    5.8060368E-04   -5.8060368E-04
 7.3400    8.4068547E-07    5.6916151E-04   -5.6916151E-04
 7.3500    8.2014568E-07    5.5676964E-04   -5.5676964E-04
 7.3600    7.9657374E-07    5.4223991E-04   -5.4223991E-04
 7.3700    7.7053018E-07    5.2593793E-04   -5.2593793E-04
 7.3800    7.4378621E-07    5.0906204E-04   -5.0906204E-04
 7.3900    7.1810054E-07    4.9281509E-04   -4.9281509E-04
 7.4000    6.9444298E-07    4.7787014E-04   -4.7787014E-04
 7.4100    6.7273239E-07    4.6418234E-04   -4.6418234E-04
 7.4200    6.5205210E-07    4.5112820E-04   -4.5112820E-04
 7.4300    6.3135341E-07    4.3798579E-04   -4.3798579E-04
 7.4400    6.1040371E-07    4.2459307E-04   -4.2459307E-04
 7.4500    5.9034674E-07    4.1174618E-04   -4.1174618E-04
 7.4600    5.7330179E-07    4.0093209E-04   -4.0093209E-04
 7.4700    5.6109104E-07    3.9344533E-04   -3.9344533E-04
 7.4800    5.5391777E-07    3.8945596E-04   -3.8945596E-04
 7.4900    5.4995200E-07    3.8770221E-04   -3.8770221E-04
 7.5000    5.4616378E-07    3.8606043E-04   -3.8606043E-04
 7.5100    5.3988730E-07    3.8264218E-04   -3.8264218E-04
 7.5200    5.3016557E-07    3.7675330E-04   -3.7675330E-04
 7.5300    5.1811021E-07    3.6916623E-04   -3.6916623E-04
 7.5400    5.0606467E-07    3.6154185E-04   -3.6154185E-04
 7.5500    4.9606202E-07    3.5533644E-04   -3.5533644E-04
 7.5600    4.8861723E-07    3.5093140E-04   -3.5093140E-04
 7.5700    4.8268232E-07    3.4758659E-04   -3.4758659E-04
 7.5800    4.7658732E-07    3.4410482E-04   -3.4410482E-04
 7.5900    4.6905919E-07    3.3956355E-04   -3.3956355E-04
