# total charge: 7.000000 
# r(A)     rho (e/A^3)     4*pi*r^2*rho(e/A)  dip  
 0.0000    1.3686632E+01    0.0000000E+00    5.5851919E+01
 0.0100    1.3664956E+01    1.7171890E-02    5.5556185E+01
 0.0200    1.3637572E+01    6.8549912E-02    5.4677427E+01
 0.0300    1.3603331E+01    1.5385005E-01    5.3240444E+01
 0.0400    1.3561013E+01    2.7266035E-01    5.1285159E+01
 0.0500    1.3509278E+01    4.2440650E-01    4.8864739E+01
 0.0600    1.3446642E+01    6.0831176E-01    4.6043133E+01
 0.0700    1.3371601E+01    8.2335923E-01    4.2892191E+01
 0.0800    1.3282933E+01    1.0682769E+00    3.9488541E+01
 0.0900    1.3179998E+01    1.3415604E+00    3.5910375E+01
 0.1000    1.3062827E+01    1.6415233E+00    3.2234378E+01
 0.1100    1.2931956E+01    1.9663438E+00    2.8532961E+01
 0.1200    1.2788136E+01    2.3140866E+00    2.4871961E+01
 0.1300    1.2632100E+01    2.6827002E+00    2.1308903E+01
 0.1400    1.2464464E+01    3.0700084E+00    1.7891837E+01
 0.1500    1.2285740E+01    3.4737112E+00    1.4658752E+01
 0.1600    1.2096406E+01    3.8914028E+00    1.1637514E+01
 0.1700    1.1896970E+01    4.3206001E+00    8.8462707E+00
 0.1800    1.1687984E+01    4.7587676E+00    6.2942545E+00
 0.1900    1.1470012E+01    5.2033248E+00    3.9828893E+00
 0.2000    1.1243577E+01    5.6516384E+00    1.9070969E+00
 0.2100    1.1009150E+01    6.1010170E+00    5.6686412E-02
 0.2200    1.0767173E+01    6.5487273E+00   -1.5822843E+00
 0.2300    1.0518113E+01    6.9920315E+00   -3.0262462E+00
 0.2400    1.0262499E+01    7.4282325E+00   -4.2929983E+00
 0.2500    1.0000927E+01    7.8547096E+00   -5.4007476E+00
 0.2600    9.7340441E+00    8.2689405E+00   -6.3673248E+00
 0.2700    9.4625288E+00    8.6685131E+00   -7.2095822E+00
 0.2800    9.1870694E+00    9.0511325E+00   -7.9429693E+00
 0.2900    8.9083515E+00    9.4146288E+00   -8.5812743E+00
 0.3000    8.6270540E+00    9.7569682E+00   -9.1365094E+00
 0.3100    8.3438525E+00    1.0076272E+01   -9.6189170E+00
 0.3200    8.0594254E+00    1.0370839E+01   -1.0037067E+01
 0.3300    7.7744580E+00    1.0639173E+01   -1.0398013E+01
 0.3400    7.4896403E+00    1.0879994E+01   -1.0707483E+01
 0.3500    7.2056608E+00    1.1092253E+01   -1.0970077E+01
 0.3600    6.9231973E+00    1.1275130E+01   -1.1189464E+01
 0.3700    6.6429105E+00    1.1428039E+01   -1.1368570E+01
 0.3800    6.3654419E+00    1.1550629E+01   -1.1509756E+01
 0.3900    6.0914154E+00    1.1642796E+01   -1.1614984E+01
 0.4000    5.8214374E+00    1.1704694E+01   -1.1685958E+01
 0.4100    5.5560944E+00    1.1736732E+01   -1.1724235E+01
 0.4200    5.2959458E+00    1.1739564E+01   -1.1731312E+01
 0.4300    5.0415156E+00    1.1714072E+01   -1.1708677E+01
 0.4400    4.7932852E+00    1.1661341E+01   -1.1657849E+01
 0.4500    4.5516904E+00    1.1582641E+01   -1.1580403E+01
 0.4600    4.3171209E+00    1.1479415E+01   -1.1477995E+01
 0.4700    4.0899214E+00    1.1353259E+01   -1.1352367E+01
 0.4800    3.8703925E+00    1.1205916E+01   -1.1205361E+01
 0.4900    3.6587917E+00    1.1039254E+01   -1.1038912E+01
 0.5000    3.4553329E+00    1.0855249E+01   -1.0855040E+01
 0.5100    3.2601830E+00    1.0655950E+01   -1.0655825E+01
 0.5200    3.0734568E+00    1.0443442E+01   -1.0443367E+01
 0.5300    2.8952152E+00    1.0219801E+01   -1.0219757E+01
 0.5400    2.7254674E+00    9.9870764E+00   -9.9870504E+00
 0.5500    2.5641769E+00    9.7472752E+00   -9.7472601E+00
 0.5600    2.4112665E+00    9.5023524E+00   -9.5023438E+00
 0.5700    2.2666197E+00    9.2541861E+00   -9.2541811E+00
 0.5800    2.1300795E+00    9.0045428E+00   -9.0045401E+00
 0.5900    2.0014488E+00    8.7550446E+00   -8.7550431E+00
 0.6000    1.8804920E+00    8.5071453E+00   -8.5071444E+00
 0.6100    1.7669404E+00    8.2621189E+00   -8.2621184E+00
 0.6200    1.6604972E+00    8.0210529E+00   -8.0210527E+00
 0.6300    1.5608409E+00    7.7848386E+00   -7.7848385E+00
 0.6400    1.4676286E+00    7.5541567E+00   -7.5541566E+00
 0.6500    1.3804978E+00    7.3294653E+00   -7.3294653E+00
 0.6600    1.2990704E+00    7.1109958E+00   -7.1109958E+00
 0.6700    1.2229584E+00    6.8987618E+00   -6.8987618E+00
 0.6800    1.1517706E+00    6.6925819E+00   -6.6925819E+00
 0.6900    1.0851213E+00    6.4921169E+00   -6.4921169E+00
 0.7000    1.0226393E+00    6.2969233E+00   -6.2969233E+00
 0.7100    9.6397814E-01    6.1065195E+00   -6.1065195E+00
 0.7200    9.0882536E-01    5.9204579E+00   -5.9204579E+00
 0.7300    8.5690815E-01    5.7383873E+00   -5.7383873E+00
 0.7400    8.0799474E-01    5.5600902E+00   -5.5600902E+00
 0.7500    7.6189040E-01    5.3854859E+00   -5.3854859E+00
 0.7600    7.1842972E-01    5.2146040E+00   -5.2146040E+00
 0.7700    6.7746790E-01    5.0475431E+00   -5.0475431E+00
 0.7800    6.3887342E-01    4.8844300E+00   -4.8844300E+00
 0.7900    6.0252287E-01    4.7253892E+00   -4.7253892E+00
 0.8000    5.6829809E-01    4.5705244E+00   -4.5705244E+00
 0.8100    5.3608465E-01    4.4199085E+00   -4.4199085E+00
 0.8200    5.0577139E-01    4.2735799E+00   -4.2735799E+00
 0.8300    4.7725057E-01    4.1315451E+00   -4.1315451E+00
 0.8400    4.5041848E-01    3.9937846E+00   -3.9937846E+00
 0.8500    4.2517592E-01    3.8602584E+00   -3.8602584E+00
 0.8600    4.0142825E-01    3.7309094E+00   -3.7309094E+00
 0.8700    3.7908522E-01    3.6056637E+00   -3.6056637E+00
 0.8800    3.5806074E-01    3.4844314E+00   -3.4844314E+00
 0.8900    3.3827299E-01    3.3671092E+00   -3.3671092E+00
 0.9000    3.1964467E-01    3.2535864E+00   -3.2535864E+00
 0.9100    3.0210322E-01    3.1437500E+00   -3.1437500E+00
 0.9200    2.8558078E-01    3.0374875E+00   -3.0374875E+00
 0.9300    2.7001383E-01    2.9346869E+00   -2.9346869E+00
 0.9400    2.5534285E-01    2.8352364E+00   -2.8352364E+00
 0.9500    2.4151196E-01    2.7390232E+00   -2.7390232E+00
 0.9600    2.2846874E-01    2.6459346E+00   -2.6459346E+00
 0.9700    2.1616413E-01    2.5558595E+00   -2.5558595E+00
 0.9800    2.0455244E-01    2.4686907E+00   -2.4686907E+00
 0.9900    1.9359118E-01    2.3843270E+00   -2.3843270E+00
 1.0000    1.8324099E-01    2.3026742E+00   -2.3026742E+00
 1.0100    1.7346534E-01    2.2236444E+00   -2.2236444E+00
 1.0200    1.6423027E-01    2.1471551E+00   -2.1471551E+00
 1.0300    1.5550408E-01    2.0731279E+00   -2.0731279E+00
 1.0400    1.4725713E-01    2.0014875E+00   -2.0014875E+00
 1.0500    1.3946173E-01    1.9321619E+00   -1.9321619E+00
 1.0600    1.3209202E-01    1.8650831E+00   -1.8650831E+00
 1.0700    1.2512396E-01    1.8001882E+00   -1.8001882E+00
 1.0800    1.1853519E-01    1.7374194E+00   -1.7374194E+00
 1.0900    1.1230485E-01    1.6767232E+00   -1.6767232E+00
 1.1000    1.0641341E-01    1.6180487E+00   -1.6180487E+00
 1.1100    1.0084243E-01    1.5613460E+00   -1.5613460E+00
 1.1200    9.5574561E-02    1.5065662E+00   -1.5065662E+00
 1.1300    9.0593399E-02    1.4536616E+00   -1.4536616E+00
 1.1400    8.5883474E-02    1.4025849E+00   -1.4025849E+00
 1.1500    8.1430142E-02    1.3532896E+00   -1.3532896E+00
 1.1600    7.7219514E-02    1.3057286E+00   -1.3057286E+00
 1.1700    7.3238407E-02    1.2598548E+00   -1.2598548E+00
 1.1800    6.9474323E-02    1.2156210E+00   -1.2156210E+00
 1.1900    6.5915403E-02    1.1729802E+00   -1.1729802E+00
 1.2000    6.2550379E-02    1.1318850E+00   -1.1318850E+00
 1.2100    5.9368523E-02    1.0922872E+00   -1.0922872E+00
 1.2200    5.6359614E-02    1.0541382E+00   -1.0541382E+00
 1.2300    5.3513924E-02    1.0173886E+00   -1.0173886E+00
 1.2400    5.0822216E-02    9.8198947E-01   -9.8198947E-01
 1.2500    4.8275732E-02    9.4789179E-01   -9.4789179E-01
 1.2600    4.5866188E-02    9.1504742E-01   -9.1504742E-01
 1.2700    4.3585752E-02    8.8340906E-01   -8.8340906E-01
 1.2800    4.1427017E-02    8.5293016E-01   -8.5293016E-01
 1.2900    3.9382973E-02    8.2356481E-01   -8.2356481E-01
 1.3000    3.7446974E-02    7.9526761E-01   -7.9526761E-01
 1.3100    3.5612726E-02    7.6799372E-01   -7.6799372E-01
 1.3200    3.3874279E-02    7.4169916E-01   -7.4169916E-01
 1.3300    3.2226035E-02    7.1634134E-01   -7.1634134E-01
 1.3400    3.0662739E-02    6.9187942E-01   -6.9187942E-01
 1.3500    2.9179479E-02    6.6827457E-01   -6.6827457E-01
 1.3600    2.7771658E-02    6.4548995E-01   -6.4548995E-01
 1.3700    2.6434979E-02    6.2349067E-01   -6.2349067E-01
 1.3800    2.5165421E-02    6.0224366E-01   -6.0224366E-01
 1.3900    2.3959223E-02    5.8171759E-01   -5.8171759E-01
 1.4000    2.2812859E-02    5.6188270E-01   -5.6188270E-01
 1.4100    2.1723032E-02    5.4271088E-01   -5.4271088E-01
 1.4200    2.0686667E-02    5.2417593E-01   -5.2417593E-01
 1.4300    1.9700916E-02    5.0625386E-01   -5.0625386E-01
 1.4400    1.8763145E-02    4.8892301E-01   -4.8892301E-01
 1.4500    1.7870910E-02    4.7216364E-01   -4.7216364E-01
 1.4600    1.7021922E-02    4.5595729E-01   -4.5595729E-01
 1.4700    1.6214010E-02    4.4028609E-01   -4.4028609E-01
 1.4800    1.5445100E-02    4.2513223E-01   -4.2513223E-01
 1.4900    1.4713208E-02    4.1047790E-01   -4.1047790E-01
 1.5000    1.4016451E-02    3.9630582E-01   -3.9630582E-01
 1.5100    1.3353079E-02    3.8260018E-01   -3.8260018E-01
 1.5200    1.2721499E-02    3.6934763E-01   -3.6934763E-01
 1.5300    1.2120277E-02    3.5653754E-01   -3.5653754E-01
 1.5400    1.1548101E-02    3.4416117E-01   -3.4416117E-01
 1.5500    1.1003722E-02    3.3221014E-01   -3.3221014E-01
 1.5600    1.0485909E-02    3.2067503E-01   -3.2067503E-01
 1.5700    9.9934254E-03    3.0954482E-01   -3.0954482E-01
 1.5800    9.5250475E-03    2.9880729E-01   -2.9880729E-01
 1.5900    9.0795929E-03    2.8844996E-01   -2.8844996E-01
 1.6000    8.6559475E-03    2.7846104E-01   -2.7846104E-01
 1.6100    8.2530727E-03    2.6882972E-01   -2.6882972E-01
 1.6200    7.8699969E-03    2.5954607E-01   -2.5954607E-01
 1.6300    7.5058020E-03    2.5060064E-01   -2.5060064E-01
 1.6400    7.1596151E-03    2.4198433E-01   -2.4198433E-01
 1.6500    6.8305993E-03    2.3368808E-01   -2.3368808E-01
 1.6600    6.5179342E-03    2.2570231E-01   -2.2570231E-01
 1.6700    6.2207927E-03    2.1801608E-01   -2.1801608E-01
 1.6800    5.9383314E-03    2.1061673E-01   -2.1061673E-01
 1.6900    5.6697140E-03    2.0349063E-01   -2.0349063E-01
 1.7000    5.4141576E-03    1.9662494E-01   -1.9662494E-01
 1.7100    5.1709705E-03    1.9000899E-01   -1.9000899E-01
 1.7200    4.9395463E-03    1.8363431E-01   -1.8363431E-01
 1.7300    4.7193216E-03    1.7749317E-01   -1.7749317E-01
 1.7400    4.5097307E-03    1.7157696E-01   -1.7157696E-01
 1.7500    4.3101931E-03    1.6587567E-01   -1.6587567E-01
 1.7600    4.1201303E-03    1.6037850E-01   -1.6037850E-01
 1.7700    3.9389843E-03    1.5507459E-01   -1.5507459E-01
 1.7800    3.7662166E-03    1.4995300E-01   -1.4995300E-01
 1.7900    3.6012996E-03    1.4500239E-01   -1.4500239E-01
 1.8000    3.4437306E-03    1.4021163E-01   -1.4021163E-01
 1.8100    3.2930704E-03    1.3557139E-01   -1.3557139E-01
 1.8200    3.1489714E-03    1.3107545E-01   -1.3107545E-01
 1.8300    3.0111519E-03    1.2671987E-01   -1.2671987E-01
 1.8400    2.8793257E-03    1.2250006E-01   -1.2250006E-01
 1.8500    2.7531478E-03    1.1840849E-01   -1.1840849E-01
 1.8600    2.6322355E-03    1.1443543E-01   -1.1443543E-01
 1.8700    2.5162491E-03    1.1057240E-01   -1.1057240E-01
 1.8800    2.4049604E-03    1.0681531E-01   -1.0681531E-01
 1.8900    2.2982508E-03    1.0316464E-01   -1.0316464E-01
 1.9000    2.1960533E-03    9.9623077E-02   -9.9623077E-02
 1.9100    2.0982932E-03    9.6192846E-02   -9.6192846E-02
 1.9200    2.0048612E-03    9.2874532E-02   -9.2874532E-02
 1.9300    1.9156155E-03    8.9667036E-02   -8.9667036E-02
 1.9400    1.8303877E-03    8.6567804E-02   -8.6567804E-02
 1.9500    1.7489860E-03    8.3572892E-02   -8.3572892E-02
 1.9600    1.6712024E-03    8.0677245E-02   -8.0677245E-02
 1.9700    1.5968315E-03    7.7875602E-02   -7.7875602E-02
 1.9800    1.5256997E-03    7.5163898E-02   -7.5163898E-02
 1.9900    1.4576880E-03    7.2540508E-02   -7.2540508E-02
 2.0000    1.3927348E-03    7.0006485E-02   -7.0006485E-02
 2.0100    1.3308098E-03    6.7564405E-02   -6.7564405E-02
 2.0200    1.2718715E-03    6.5216250E-02   -6.5216250E-02
 2.0300    1.2158315E-03    6.2961539E-02   -6.2961539E-02
 2.0400    1.1625468E-03    6.0796792E-02   -6.0796792E-02
 2.0500    1.1118414E-03    5.8716536E-02   -5.8716536E-02
 2.0600    1.0635398E-03    5.6715017E-02   -5.6715017E-02
 2.0700    1.0174924E-03    5.4787529E-02   -5.4787529E-02
 2.0800    9.7358057E-04    5.2930797E-02   -5.2930797E-02
 2.0900    9.3170838E-04    5.1142557E-02   -5.1142557E-02
 2.1000    8.9178871E-04    4.9420874E-02   -4.9420874E-02
 2.1100    8.5373463E-04    4.7763668E-02   -4.7763668E-02
 2.1200    8.1745845E-04    4.6168661E-02   -4.6168661E-02
 2.1300    7.8287553E-04    4.4633587E-02   -4.4633587E-02
 2.1400    7.4990660E-04    4.3156338E-02   -4.3156338E-02
 2.1500    7.1847348E-04    4.1734722E-02   -4.1734722E-02
 2.1600    6.8848920E-04    4.0365887E-02   -4.0365887E-02
 2.1700    6.5985022E-04    3.9045833E-02   -3.9045833E-02
 2.1800    6.3244137E-04    3.7769664E-02   -3.7769664E-02
 2.1900    6.0615629E-04    3.6532779E-02   -3.6532779E-02
 2.2000    5.8092248E-04    3.5332422E-02   -3.5332422E-02
 2.2100    5.5671102E-04    3.4168367E-02   -3.4168367E-02
 2.2200    5.3351954E-04    3.3041986E-02   -3.3041986E-02
 2.2300    5.1133840E-04    3.1954203E-02   -3.1954203E-02
 2.2400    4.9012476E-04    3.0903847E-02   -3.0903847E-02
 2.2500    4.6980304E-04    2.9887578E-02   -2.9887578E-02
 2.2600    4.5028901E-04    2.8901348E-02   -2.8901348E-02
 2.2700    4.3151872E-04    2.7942240E-02   -2.7942240E-02
 2.2800    4.1346270E-04    2.7009459E-02   -2.7009459E-02
 2.2900    3.9611816E-04    2.6103911E-02   -2.6103911E-02
 2.3000    3.7948695E-04    2.5226812E-02   -2.5226812E-02
 2.3100    3.6355526E-04    2.4378347E-02   -2.4378347E-02
 2.3200    3.4828813E-04    2.3557246E-02   -2.3557246E-02
 2.3300    3.3363895E-04    2.2761373E-02   -2.2761373E-02
 2.3400    3.1956399E-04    2.1988693E-02   -2.1988693E-02
 2.3500    3.0603132E-04    2.1237895E-02   -2.1237895E-02
 2.3600    2.9302126E-04    2.0508458E-02   -2.0508458E-02
 2.3700    2.8052190E-04    1.9800371E-02   -1.9800371E-02
 2.3800    2.6852416E-04    1.9113805E-02   -1.9113805E-02
 2.3900    2.5701833E-04    1.8448870E-02   -1.8448870E-02
 2.4000    2.4599196E-04    1.7805463E-02   -1.7805463E-02
 2.4100    2.3542828E-04    1.7183142E-02   -1.7183142E-02
 2.4200    2.2530504E-04    1.6581030E-02   -1.6581030E-02
 2.4300    2.1559453E-04    1.5997796E-02   -1.5997796E-02
 2.4400    2.0626605E-04    1.5431824E-02   -1.5431824E-02
 2.4500    1.9728982E-04    1.4881500E-02   -1.4881500E-02
 2.4600    1.8864115E-04    1.4345527E-02   -1.4345527E-02
 2.4700    1.8030497E-04    1.3823292E-02   -1.3823292E-02
 2.4800    1.7228258E-04    1.3315412E-02   -1.3315412E-02
 2.4900    1.6459834E-04    1.2824310E-02   -1.2824310E-02
 2.5000    1.5729791E-04    1.2354149E-02   -1.2354149E-02
 2.5100    1.5043101E-04    1.1909531E-02   -1.1909531E-02
 2.5200    1.4402417E-04    1.1493342E-02   -1.1493342E-02
 2.5300    1.3806095E-04    1.1105081E-02   -1.1105081E-02
 2.5400    1.3248413E-04    1.0740912E-02   -1.0740912E-02
 2.5500    1.2721834E-04    1.0395370E-02   -1.0395370E-02
 2.5600    1.2219742E-04    1.0063564E-02   -1.0063564E-02
 2.5700    1.1738112E-04    9.7425882E-03   -9.7425882E-03
 2.5800    1.1275625E-04    9.4316985E-03   -9.4316985E-03
 2.5900    1.0832728E-04    9.1316072E-03   -9.1316072E-03
 2.6000    1.0410432E-04    8.8435227E-03   -8.8435227E-03
 2.6100    1.0009346E-04    8.5683382E-03   -8.5683382E-03
 2.6200    9.6290106E-05    8.3060417E-03   -8.3060417E-03
 2.6300    9.2674878E-05    8.0553308E-03   -8.0553308E-03
 2.6400    8.9213982E-05    7.8135904E-03   -7.8135904E-03
 2.6500    8.5866588E-05    7.5774978E-03   -7.5774978E-03
 2.6600    8.2598815E-05    7.3442416E-03   -7.3442416E-03
 2.6700    7.9397542E-05    7.1127811E-03   -7.1127811E-03
 2.6800    7.6274331E-05    6.8842694E-03   -6.8842694E-03
 2.6900    7.3254812E-05    6.6611710E-03   -6.6611710E-03
 2.7000    7.0359073E-05    6.4455132E-03   -6.4455132E-03
 2.7100    6.7585586E-05    6.2373847E-03   -6.2373847E-03
 2.7200    6.4909282E-05    6.0346832E-03   -6.0346832E-03
 2.7300    6.2294834E-05    5.8342789E-03   -5.8342789E-03
 2.7400    5.9715817E-05    5.6337863E-03   -5.6337863E-03
 2.7500    5.7167050E-05    5.4327664E-03   -5.4327664E-03
 2.7600    5.4663926E-05    5.2327363E-03   -5.2327363E-03
 2.7700    5.2232776E-05    5.0363107E-03   -5.0363107E-03
 2.7800    4.9900441E-05    4.8462280E-03   -4.8462280E-03
 2.7900    4.7687130E-05    4.6646542E-03   -4.6646542E-03
 2.8000    4.5601674E-05    4.4926927E-03   -4.4926927E-03
 2.8100    4.3638386E-05    4.3300328E-03   -4.3300328E-03
 2.8200    4.1777290E-05    4.1749218E-03   -4.1749218E-03
 2.8300    3.9989330E-05    4.0246384E-03   -4.0246384E-03
 2.8400    3.8245585E-05    3.8763934E-03   -3.8763934E-03
 2.8500    3.6528044E-05    3.7284301E-03   -3.7284301E-03
 2.8600    3.4839367E-05    3.5810648E-03   -3.5810648E-03
 2.8700    3.3207383E-05    3.4372278E-03   -3.4372278E-03
 2.8800    3.1678646E-05    3.3018813E-03   -3.3018813E-03
 2.8900    3.0299514E-05    3.1801032E-03   -3.1801032E-03
 2.9000    2.9093001E-05    3.0746408E-03   -3.0746408E-03
 2.9100    2.8045226E-05    2.9843846E-03   -2.9843846E-03
 2.9200    2.7109386E-05    2.9046597E-03   -2.9046597E-03
 2.9300    2.6223524E-05    2.8290209E-03   -2.8290209E-03
 2.9400    2.5332583E-05    2.7515917E-03   -2.7515917E-03
 2.9500    2.4406815E-05    2.6691009E-03   -2.6691009E-03
 2.9600    2.3450487E-05    2.5819341E-03   -2.5819341E-03
 2.9700    2.2495758E-05    2.4935805E-03   -2.4935805E-03
 2.9800    2.1582269E-05    2.4084603E-03   -2.4084603E-03
 2.9900    2.0733359E-05    2.3292811E-03   -2.3292811E-03
 3.0000    1.9944262E-05    2.2556428E-03   -2.2556428E-03
 3.0100    1.9189327E-05    2.1847543E-03   -2.1847543E-03
 3.0200    1.8440786E-05    2.1135045E-03   -2.1135045E-03
 3.0300    1.7684580E-05    2.0402805E-03   -2.0402805E-03
 3.0400    1.6924359E-05    1.9654829E-03   -1.9654829E-03
 3.0500    1.6175646E-05    1.8909114E-03   -1.8909114E-03
 3.0600    1.5457680E-05    1.8188507E-03   -1.8188507E-03
 3.0700    1.4787678E-05    1.7514051E-03   -1.7514051E-03
 3.0800    1.4177137E-05    1.6900511E-03   -1.6900511E-03
 3.0900    1.3628697E-05    1.6352388E-03   -1.6352388E-03
 3.1000    1.3134543E-05    1.5861645E-03   -1.5861645E-03
 3.1100    1.2678543E-05    1.5409907E-03   -1.5409907E-03
 3.1200    1.2242203E-05    1.4975407E-03   -1.4975407E-03
 3.1300    1.1811452E-05    1.4541253E-03   -1.4541253E-03
 3.1400    1.1380747E-05    1.4100675E-03   -1.4100675E-03
 3.1500    1.0953068E-05    1.3657360E-03   -1.3657360E-03
 3.1600    1.0536900E-05    1.3221992E-03   -1.3221992E-03
 3.1700    1.0142147E-05    1.2807321E-03   -1.2807321E-03
 3.1800    9.7761652E-06    1.2423176E-03   -1.2423176E-03
 3.1900    9.4401721E-06    1.2071775E-03   -1.2071775E-03
 3.2000    9.1268336E-06    1.1744376E-03   -1.1744376E-03
 3.2100    8.8211711E-06    1.1422106E-03   -1.1422106E-03
 3.2200    8.5064925E-06    1.1083378E-03   -1.1083378E-03
 3.2300    8.1735559E-06    1.0715833E-03   -1.0715833E-03
 3.2400    7.8273587E-06    1.0325596E-03   -1.0325596E-03
 3.2500    7.4862267E-06    9.9366401E-04   -9.9366401E-04
 3.2600    7.1727231E-06    9.5791975E-04   -9.5791975E-04
 3.2700    6.9011257E-06    9.2731078E-04   -9.2731078E-04
 3.2800    6.6680721E-06    9.0148362E-04   -9.0148362E-04
 3.2900    6.4514318E-06    8.7752151E-04   -8.7752151E-04
 3.3000    6.2188879E-06    8.5104098E-04   -8.5104098E-04
 3.3100    5.9427939E-06    8.1819444E-04   -8.1819444E-04
 3.3200    5.6136154E-06    7.7755065E-04   -7.7755065E-04
 3.3300    5.2444477E-06    7.3079925E-04   -7.3079925E-04
 3.3400    4.8647567E-06    6.8196788E-04   -6.8196788E-04
 3.3500    4.5079241E-06    6.3573493E-04   -6.3573493E-04
 3.3600    4.1988640E-06    5.9568988E-04   -5.9568988E-04
 3.3700    3.9453870E-06    5.6306596E-04   -5.6306596E-04
 3.3800    3.7350369E-06    5.3621401E-04   -5.3621401E-04
 3.3900    3.5395243E-06    5.1115682E-04   -5.1115682E-04
 3.4000    3.3280862E-06    4.8346191E-04   -4.8346191E-04
 3.4100    3.0860717E-06    4.5094609E-04   -4.5094609E-04
 3.4200    2.8284869E-06    4.1573467E-04   -4.1573467E-04
 3.4300    2.5971349E-06    3.8396586E-04   -3.8396586E-04
 3.4400    2.4391019E-06    3.6270763E-04   -3.6270763E-04
 3.4500    2.3790648E-06    3.5583964E-04   -3.5583964E-04
 3.4600    2.4049126E-06    3.6179400E-04   -3.6179400E-04
 3.4700    2.4764627E-06    3.7471458E-04   -3.7471458E-04
 3.4800    2.5485422E-06    3.8784677E-04   -3.8784677E-04
 3.4900    2.5904609E-06    3.9649504E-04   -3.9649504E-04
 3.5000    2.5913914E-06    3.9891371E-04   -3.9891371E-04
 3.5100    2.5548060E-06    3.9553236E-04   -3.9553236E-04
 3.5200    2.4909534E-06    3.8784732E-04   -3.8784732E-04
 3.5300    2.4124250E-06    3.7775749E-04   -3.7775749E-04
 3.5400    2.3320078E-06    3.6723697E-04   -3.6723697E-04
 3.5500    2.2602947E-06    3.5795765E-04   -3.5795765E-04
 3.5600    2.2023390E-06    3.5074705E-04   -3.5074705E-04
 3.5700    2.1547985E-06    3.4510637E-04   -3.4510637E-04
 3.5800    2.1057515E-06    3.3914314E-04   -3.3914314E-04
 3.5900    2.0384393E-06    3.3013878E-04   -3.3013878E-04
 3.6000    1.9380474E-06    3.1563071E-04   -3.1563071E-04
 3.6100    1.7986530E-06    2.9455856E-04   -2.9455856E-04
 3.6200    1.6271267E-06    2.6794668E-04   -2.6794668E-04
 3.6300    1.4417887E-06    2.3873976E-04   -2.3873976E-04
 3.6400    1.2647796E-06    2.1058502E-04   -2.1058502E-04
 3.6500    1.1090982E-06    1.8568019E-04   -1.8568019E-04
 3.6600    9.6576143E-07    1.6257056E-04   -1.6257056E-04
 3.6700    8.0142283E-07    1.3564497E-04   -1.3564497E-04
 3.6800    5.7537741E-07    9.7917046E-05   -9.7917046E-05
 3.6900    2.7265577E-07    4.6652754E-05   -4.6652754E-05
 3.7000   -6.7487034E-08   -1.1610038E-05    1.1610038E-05
 3.7100   -3.5476868E-07   -6.1362487E-05    6.1362487E-05
 3.7200   -4.9143398E-07   -8.5459614E-05    8.5459614E-05
 3.7300   -4.3034107E-07   -7.5238534E-05    7.5238534E-05
 3.7400   -2.0382353E-07   -3.5826748E-05    3.5826748E-05
 3.7500    9.8542120E-08    1.7413830E-05   -1.7413830E-05
 3.7600    3.8247131E-07    6.7949211E-05   -6.7949211E-05
 3.7700    5.9082366E-07    1.0552381E-04   -1.0552381E-04
 3.7800    7.1223870E-07    1.2788483E-04   -1.2788483E-04
 3.7900    7.6507007E-07    1.3809867E-04   -1.3809867E-04
 3.8000    7.7754389E-07    1.4109186E-04   -1.4109186E-04
 3.8100    7.7590639E-07    1.4153673E-04   -1.4153673E-04
 3.8200    7.7932033E-07    1.4290670E-04   -1.4290670E-04
 3.8300    7.9648023E-07    1.4681905E-04   -1.4681905E-04
 3.8400    8.2315821E-07    1.5253013E-04   -1.5253013E-04
 3.8500    8.4406025E-07    1.5721891E-04   -1.5721891E-04
 3.8600    8.4088977E-07    1.5744307E-04   -1.5744307E-04
 3.8700    8.0277871E-07    1.5108719E-04   -1.5108719E-04
 3.8800    7.3192856E-07    1.3846564E-04   -1.3846564E-04
 3.8900    6.4097975E-07    1.2188587E-04   -1.2188587E-04
 3.9000    5.4568772E-07    1.0429975E-04   -1.0429975E-04
 3.9100    4.5907396E-07    8.8195421E-05   -8.8195421E-05
 3.9200    3.8921915E-07    7.5158169E-05   -7.5158169E-05
 3.9300    3.3821527E-07    6.5642963E-05   -6.5642963E-05
 3.9400    3.0020212E-07    5.8562021E-05   -5.8562021E-05
 3.9500    2.6046150E-07    5.1067853E-05   -5.1067853E-05
 3.9600    1.9959641E-07    3.9332628E-05   -3.9332628E-05
 3.9700    1.0393387E-07    2.0584862E-05   -2.0584862E-05
 3.9800   -2.2527025E-08   -4.4841471E-06    4.4841471E-06
 3.9900   -1.5331609E-07   -3.0672091E-05    3.0672091E-05
 4.0000   -2.4826357E-07   -4.9916353E-05    4.9916353E-05
 4.0100   -2.7312316E-07   -5.5189586E-05    5.5189586E-05
 4.0200   -2.1775522E-07   -4.4221203E-05    4.4221203E-05
 4.0300   -1.0019844E-07   -2.0449416E-05    2.0449416E-05
 4.0400    4.5166103E-08    9.2637157E-06   -9.2637157E-06
 4.0500    1.8499131E-07    3.8130389E-05   -3.8130389E-05
 4.0600    2.9768802E-07    6.1662807E-05   -6.1662807E-05
 4.0700    3.7394657E-07    7.7840969E-05   -7.7840969E-05
 4.0800    4.1230364E-07    8.6247668E-05   -8.6247668E-05
 4.0900    4.1596064E-07    8.7439712E-05   -8.7439712E-05
 4.1000    3.9214496E-07    8.2836973E-05   -8.2836973E-05
 4.1100    3.5151505E-07    7.4616940E-05   -7.4616940E-05
 4.1200    3.0575431E-07    6.5219412E-05   -6.5219412E-05
 4.1300    2.6419443E-07    5.6628313E-05   -5.6628313E-05
 4.1400    2.3153131E-07    4.9867807E-05   -4.9867807E-05
 4.1500    2.0773472E-07    4.4958845E-05   -4.4958845E-05
 4.1600    1.8971057E-07    4.1256088E-05   -4.1256088E-05
 4.1700    1.7355543E-07    3.7924528E-05   -3.7924528E-05
 4.1800    1.5643915E-07    3.4348507E-05   -3.4348507E-05
 4.1900    1.3764101E-07    3.0365871E-05   -3.0365871E-05
 4.2000    1.1857415E-07    2.6284423E-05   -2.6284423E-05
 4.2100    1.0177648E-07    2.2668432E-05   -2.2668432E-05
 4.2200    8.9149240E-08    1.9950437E-05   -1.9950437E-05
 4.2300    8.0280217E-08    1.8050912E-05   -1.8050912E-05
 4.2400    7.2023327E-08    1.6271019E-05   -1.6271019E-05
 4.2500    6.0019109E-08    1.3623142E-05   -1.3623142E-05
 4.2600    4.1592874E-08    9.4852327E-06   -9.4852327E-06
 4.2700    1.8286233E-08    4.1897670E-06   -4.1897670E-06
 4.2800   -3.8682567E-09   -8.9045647E-07    8.9045647E-07
 4.2900   -1.6931885E-08   -3.9158836E-06    3.9158836E-06
 4.3000   -1.5069268E-08   -3.5013776E-06    3.5013776E-06
 4.3100    2.5964808E-09    6.0610730E-07   -6.0610730E-07
 4.3200    3.1926107E-08    7.4872669E-06   -7.4872669E-06
 4.3300    6.5970266E-08    1.5542966E-05   -1.5542966E-05
 4.3400    9.7671483E-08    2.3118365E-05   -2.3118365E-05
 4.3500    1.2194139E-07    2.8996096E-05   -2.8996096E-05
 4.3600    1.3717575E-07    3.2768773E-05   -3.2768773E-05
 4.3700    1.4633522E-07    3.5117339E-05   -3.5117339E-05
 4.3800    1.5682371E-07    3.7806790E-05   -3.7806790E-05
 4.3900    1.7801344E-07    4.3111357E-05   -4.3111357E-05
 4.4000    2.1631145E-07    5.2625318E-05   -5.2625318E-05
 4.4100    2.6973418E-07    6.5920883E-05   -6.5920883E-05
 4.4200    3.2566000E-07    7.9950064E-05   -7.9950064E-05
 4.4300    3.6482207E-07    8.9970144E-05   -8.9970144E-05
 4.4400    3.7071016E-07    9.1835437E-05   -9.1835437E-05
 4.4500    3.3872742E-07    8.4290812E-05   -8.4290812E-05
 4.4600    2.7855907E-07    6.9630080E-05   -6.9630080E-05
 4.4700    2.0818875E-07    5.2273570E-05   -5.2273570E-05
 4.4800    1.4442788E-07    3.6426456E-05   -3.6426456E-05
 4.4900    9.6491611E-08    2.4445116E-05   -2.4445116E-05
 4.5000    6.5231312E-08    1.6599347E-05   -1.6599347E-05
 4.5100    4.5943289E-08    1.1743161E-05   -1.1743161E-05
 4.5200    3.1483322E-08    8.0829014E-06   -8.0829014E-06
 4.5300    1.4399750E-08    3.7133102E-06   -3.7133102E-06
 4.5400   -1.1114885E-08   -2.8788997E-06    2.8788997E-06
 4.5500   -4.6632423E-08   -1.2131671E-05    1.2131671E-05
 4.5600   -8.7229446E-08   -2.2793062E-05    2.2793062E-05
 4.5700   -1.2198579E-07   -3.2014851E-05    3.2014851E-05
 4.5800   -1.3854464E-07   -3.6519981E-05    3.6519981E-05
 4.5900   -1.2959229E-07   -3.4309502E-05    3.4309502E-05
 4.6000   -9.6767456E-08   -2.5730892E-05    2.5730892E-05
 4.6100   -4.9289561E-08   -1.3163357E-05    1.3163357E-05
 4.6200    1.0196687E-09    2.7349721E-07   -2.7349721E-07
 4.6300    4.4315340E-08    1.1937845E-05   -1.1937845E-05
 4.6400    7.4633345E-08    2.0191972E-05   -2.0191972E-05
 4.6500    8.9829341E-08    2.4408101E-05   -2.4408101E-05
 4.6600    9.1078111E-08    2.4853967E-05   -2.4853967E-05
 4.6700    8.2232605E-08    2.2536563E-05   -2.2536563E-05
 4.6800    6.8532281E-08    1.8862391E-05   -1.8862391E-05
 4.6900    5.4777689E-08    1.5141164E-05   -1.5141164E-05
 4.7000    4.3909297E-08    1.2188831E-05   -1.2188831E-05
 4.7100    3.6723352E-08    1.0237502E-05   -1.0237502E-05
 4.7200    3.2567055E-08    9.1174281E-06   -9.1174281E-06
 4.7300    3.0303954E-08    8.5198400E-06   -8.5198400E-06
 4.7400    2.8978238E-08    8.1816053E-06   -8.1816053E-06
 4.7500    2.8034639E-08    7.9486258E-06   -7.9486258E-06
 4.7600    2.7242381E-08    7.7565542E-06   -7.7565542E-06
 4.7700    2.6534632E-08    7.5868185E-06   -7.5868185E-06
 4.7800    2.5897315E-08    7.4356748E-06   -7.4356748E-06
 4.7900    2.5310873E-08    7.2977336E-06   -7.2977336E-06
 4.8000    2.4655852E-08    7.1385887E-06   -7.1385887E-06
 4.8100    2.3541182E-08    6.8442880E-06   -6.8442880E-06
 4.8200    2.1209802E-08    6.1921370E-06   -6.1921370E-06
 4.8300    1.6825201E-08    4.9324691E-06   -4.9324691E-06
 4.8400    1.0259133E-08    3.0200300E-06   -3.0200300E-06
 4.8500    2.9532013E-09    8.7294401E-07   -8.7294401E-07
 4.8600   -2.0131570E-09   -5.9753046E-07    5.9753046E-07
 4.8700   -1.1879129E-09   -3.5404005E-07    3.5404005E-07
 4.8800    7.2265285E-09    2.1626151E-06   -2.1626151E-06
 4.8900    2.2053529E-08    6.6268277E-06   -6.6268277E-06
 4.9000    3.9638192E-08    1.1959578E-05   -1.1959578E-05
 4.9100    5.5942080E-08    1.6947727E-05   -1.6947727E-05
 4.9200    6.9176166E-08    2.1042462E-05   -2.1042462E-05
 4.9300    8.2314428E-08    2.5140833E-05   -2.5140833E-05
 4.9400    1.0544523E-07    3.2336327E-05   -3.2336327E-05
 4.9500    1.5707872E-07    4.8365714E-05   -4.8365714E-05
 4.9600    2.6123399E-07    8.0761226E-05   -8.0761226E-05
 4.9700    4.3633377E-07    1.3543829E-04   -1.3543829E-04
 4.9800    6.7683350E-07    2.1093585E-04   -2.1093585E-04
 4.9900    9.3874948E-07    2.9373836E-04   -2.9373836E-04
 5.0000    1.1460270E-06    3.6003501E-04   -3.6003501E-04
 5.0100    1.2237891E-06    3.8600407E-04   -3.8600407E-04
 5.0200    1.1403795E-06    3.6113261E-04   -3.6113261E-04
 5.0300    9.2660097E-07    2.9460396E-04   -2.9460396E-04
 5.0400    6.5641176E-07    2.0953052E-04   -2.0953052E-04
 5.0500    4.0526473E-07    1.2987676E-04   -1.2987676E-04
 5.0600    2.1756985E-07    7.0001866E-05   -7.0001866E-05
 5.0700    1.0069240E-07    3.2525386E-05   -3.2525386E-05
 5.0800    3.8832348E-08    1.2593050E-05   -1.2593050E-05
 5.0900    9.9631300E-09    3.2437041E-06   -3.2437041E-06
 5.1000   -4.3998172E-09   -1.4380860E-06    1.4380860E-06
 5.1100   -1.6455822E-08   -5.3997201E-06    5.3997201E-06
 5.1200   -3.2106860E-08   -1.0576637E-05    1.0576637E-05
 5.1300   -5.1259190E-08   -1.6951820E-05    1.6951820E-05
 5.1400   -6.8945601E-08   -2.2889835E-05    2.2889835E-05
 5.1500   -7.8324177E-08   -2.6104788E-05    2.6104788E-05
 5.1600   -7.4823816E-08   -2.5035088E-05    2.5035088E-05
 5.1700   -5.8969080E-08   -1.9806845E-05    1.9806845E-05
 5.1800   -3.5938812E-08   -1.2118060E-05    1.2118060E-05
 5.1900   -1.2403157E-08   -4.1983324E-06    4.1983324E-06
 5.2000    6.8678571E-09    2.3336612E-06   -2.3336612E-06
 5.2100    2.0544253E-08    7.0077025E-06   -7.0077025E-06
 5.2200    3.0287725E-08    1.0370926E-05   -1.0370926E-05
 5.2300    3.9491937E-08    1.3574432E-05   -1.3574432E-05
 5.2400    5.2096609E-08    1.7975538E-05   -1.7975538E-05
 5.2500    7.1341377E-08    2.4709842E-05   -2.4709842E-05
 5.2600    9.8034229E-08    3.4084670E-05   -3.4084670E-05
 5.2700    1.2884770E-07    4.4968434E-05   -4.4968434E-05
 5.2800    1.5627119E-07    5.4746533E-05   -5.4746533E-05
 5.2900    1.7142312E-07    6.0282411E-05   -6.0282411E-05
 5.3000    1.6864130E-07    5.9528582E-05   -5.9528582E-05
 5.3100    1.4872563E-07    5.2696859E-05   -5.2696859E-05
 5.3200    1.1837494E-07    4.2101048E-05   -4.2101048E-05
 5.3300    8.6396682E-08    3.0843336E-05   -3.0843336E-05
 5.3400    5.9626690E-08    2.1366485E-05   -2.1366485E-05
 5.3500    4.1023664E-08    1.4755430E-05   -1.4755430E-05
 5.3600    3.0151173E-08    1.0885382E-05   -1.0885382E-05
 5.3700    2.4700135E-08    8.9507157E-06   -8.9507157E-06
 5.3800    2.1826506E-08    7.9388690E-06   -7.9388690E-06
 5.3900    1.8988525E-08    6.9323205E-06   -6.9323205E-06
 5.4000    1.4522292E-08    5.3214813E-06   -5.3214813E-06
 5.4100    8.1107438E-09    2.9830812E-06   -2.9830812E-06
 5.4200    9.5435617E-10    3.5230509E-07   -3.5230509E-07
 5.4300   -4.6864270E-09   -1.7364064E-06    1.7364064E-06
 5.4400   -6.5965615E-09   -2.4531566E-06    2.4531566E-06
 5.4500   -3.8163197E-09   -1.4244513E-06    1.4244513E-06
 5.4600    2.8346778E-09    1.0619372E-06   -1.0619372E-06
 5.4700    1.1272178E-08    4.2383066E-06   -4.2383066E-06
 5.4800    1.9283083E-08    7.2769177E-06   -7.2769177E-06
 5.4900    2.5507139E-08    9.6608713E-06   -9.6608713E-06
 5.5000    2.9823683E-08    1.1336958E-05   -1.1336958E-05
 5.5100    3.3268270E-08    1.2692386E-05   -1.2692386E-05
 5.5200    3.7801197E-08    1.4474167E-05   -1.4474167E-05
 5.5300    4.5964858E-08    1.7663878E-05   -1.7663878E-05
 5.5400    6.0100167E-08    2.3179554E-05   -2.3179554E-05
 5.5500    8.0892329E-08    3.1311449E-05   -3.1311449E-05
 5.5600    1.0579053E-07    4.1096632E-05   -4.1096632E-05
 5.5700    1.2870045E-07    5.0176494E-05   -5.0176494E-05
 5.5800    1.4209027E-07    5.5595880E-05   -5.5595880E-05
 5.5900    1.4083581E-07    5.5302729E-05   -5.5302729E-05
 5.6000    1.2522815E-07    4.9350081E-05   -4.9350081E-05
 5.6100    1.0078908E-07    3.9861079E-05   -3.9861079E-05
 5.6200    7.5064644E-08    2.9793253E-05   -2.9793253E-05
 5.6300    5.3920140E-08    2.1477200E-05   -2.1477200E-05
 5.6400    3.9758286E-08    1.5892628E-05   -1.5892628E-05
 5.6500    3.2049029E-08    1.2856467E-05   -1.2856467E-05
 5.6600    2.8895993E-08    1.1632695E-05   -1.1632695E-05
 5.6700    2.8317978E-08    1.1440321E-05   -1.1440321E-05
 5.6800    2.8815221E-08    1.1682304E-05   -1.1682304E-05
 5.6900    2.9456422E-08    1.1984347E-05   -1.1984347E-05
 5.7000    2.9807079E-08    1.2169676E-05   -1.2169676E-05
 5.7100    2.9838921E-08    1.2225460E-05   -1.2225460E-05
 5.7200    2.9822804E-08    1.2261692E-05   -1.2261692E-05
 5.7300    3.0174527E-08    1.2449720E-05   -1.2449720E-05
 5.7400    3.1254493E-08    1.2940352E-05   -1.2940352E-05
 5.7500    3.3175496E-08    1.3783610E-05   -1.3783610E-05
 5.7600    3.5699013E-08    1.4883705E-05   -1.4883705E-05
 5.7700    3.8275743E-08    1.6013458E-05   -1.6013458E-05
 5.7800    4.0235490E-08    1.6891757E-05   -1.6891757E-05
 5.7900    4.1072232E-08    1.7302756E-05   -1.7302756E-05
 5.8000    4.0699024E-08    1.7204809E-05   -1.7204809E-05
 5.8100    3.9516257E-08    1.6762467E-05   -1.6762467E-05
 5.8200    3.8226460E-08    1.6271212E-05   -1.6271212E-05
 5.8300    3.7496396E-08    1.6015352E-05   -1.6015352E-05
 5.8400    3.7652195E-08    1.6137114E-05   -1.6137114E-05
 5.8500    3.8535909E-08    1.6572468E-05   -1.6572468E-05
 5.8600    3.9564653E-08    1.7073103E-05   -1.7073103E-05
 5.8700    3.9992714E-08    1.7316772E-05   -1.7316772E-05
 5.8800    3.9304662E-08    1.7076882E-05   -1.7076882E-05
 5.8900    3.7529421E-08    1.6361093E-05   -1.6361093E-05
 5.9000    3.5228910E-08    1.5410371E-05   -1.5410371E-05
 5.9100    3.3124503E-08    1.4538989E-05   -1.4538989E-05
 5.9200    3.1615256E-08    1.3923550E-05   -1.3923550E-05
 5.9300    3.0503878E-08    1.3479516E-05   -1.3479516E-05
 5.9400    2.9046711E-08    1.2878928E-05   -1.2878928E-05
 5.9500    2.6257619E-08    1.1681514E-05   -1.1681514E-05
 5.9600    2.1386956E-08    9.5466577E-06   -9.5466577E-06
 5.9700    1.4492638E-08    6.4909157E-06   -6.4909157E-06
 5.9800    6.8330450E-09    3.0706231E-06   -3.0706231E-06
 5.9900    6.4568922E-10    2.9113006E-07   -2.9113006E-07
 6.0000   -1.8486025E-09   -8.3628808E-07    8.3628808E-07
 6.0100    3.0986584E-10    1.4064766E-07   -1.4064766E-07
 6.0200    6.2524268E-09    2.8474196E-06   -2.8474196E-06
 6.0300    1.3852701E-08    6.3296390E-06   -6.3296390E-06
 6.0400    2.0951316E-08    9.6049488E-06   -9.6049488E-06
 6.0500    2.6301678E-08    1.2097735E-05   -1.2097735E-05
 6.0600    2.9727217E-08    1.3718587E-05   -1.3718587E-05
 6.0700    3.1693811E-08    1.4674446E-05   -1.4674446E-05
 6.0800    3.2797089E-08    1.5235346E-05   -1.5235346E-05
 6.0900    3.3471048E-08    1.5599610E-05   -1.5599610E-05
 6.1000    3.3928459E-08    1.5864766E-05   -1.5864766E-05
 6.1100    3.4220667E-08    1.6053907E-05   -1.6053907E-05
 6.1200    3.4328404E-08    1.6157208E-05   -1.6157208E-05
 6.1300    3.4238928E-08    1.6167802E-05   -1.6167802E-05
 6.1400    3.3983383E-08    1.6099530E-05   -1.6099530E-05
 6.1500    3.3627494E-08    1.5982864E-05   -1.5982864E-05
 6.1600    3.3237582E-08    1.5848958E-05   -1.5848958E-05
 6.1700    3.2856139E-08    1.5717980E-05   -1.5717980E-05
 6.1800    3.2502397E-08    1.5599196E-05   -1.5599196E-05
 6.1900    3.2186217E-08    1.5497480E-05   -1.5497480E-05
 6.2000    3.1917770E-08    1.5417920E-05   -1.5417920E-05
 6.2100    3.1709374E-08    1.5366704E-05   -1.5366704E-05
 6.2200    3.1575585E-08    1.5351190E-05   -1.5351190E-05
 6.2300    3.1532496E-08    1.5379574E-05   -1.5379574E-05
 6.2400    3.1590097E-08    1.5457171E-05   -1.5457171E-05
 6.2500    3.1736909E-08    1.5578819E-05   -1.5578819E-05
 6.2600    3.1928922E-08    1.5723267E-05   -1.5723267E-05
 6.2700    3.2097816E-08    1.5856978E-05   -1.5856978E-05
 6.2800    3.2179150E-08    1.5947908E-05   -1.5947908E-05
 6.2900    3.2142299E-08    1.5980416E-05   -1.5980416E-05
 6.3000    3.2000512E-08    1.5960551E-05   -1.5960551E-05
 6.3100    3.1796672E-08    1.5909270E-05   -1.5909270E-05
 6.3200    3.1580923E-08    1.5851444E-05   -1.5851444E-05
 6.3300    3.1398302E-08    1.5809694E-05   -1.5809694E-05
 6.3400    3.1287674E-08    1.5803805E-05   -1.5803805E-05
 6.3500    3.1279467E-08    1.5849540E-05   -1.5849540E-05
 6.3600    3.1384600E-08    1.5952939E-05   -1.5952939E-05
 6.3700    3.1581246E-08    1.6103415E-05   -1.6103415E-05
 6.3800    3.1811872E-08    1.6271982E-05   -1.6271982E-05
 6.3900    3.1996808E-08    1.6417924E-05   -1.6417924E-05
 6.4000    3.2060489E-08    1.6502128E-05   -1.6502128E-05
 6.4100    3.1958568E-08    1.6501113E-05   -1.6501113E-05
 6.4200    3.1691541E-08    1.6414334E-05   -1.6414334E-05
 6.4300    3.1297626E-08    1.6260849E-05   -1.6260849E-05
 6.4400    3.0832454E-08    1.6069031E-05   -1.6069031E-05
 6.4500    3.0352354E-08    1.5867981E-05   -1.5867981E-05
 6.4600    2.9910870E-08    1.5685701E-05   -1.5685701E-05
 6.4700    2.9561481E-08    1.5550509E-05   -1.5550509E-05
 6.4800    2.9351691E-08    1.5487917E-05   -1.5487917E-05
 6.4900    2.9303362E-08    1.5510175E-05   -1.5510175E-05
 6.5000    2.9391510E-08    1.5604809E-05   -1.5604809E-05
 6.5100    2.9540511E-08    1.5732214E-05   -1.5732214E-05
 6.5200    2.9645791E-08    1.5836824E-05   -1.5836824E-05
 6.5300    2.9611659E-08    1.5867151E-05   -1.5867151E-05
 6.5400    2.9388287E-08    1.5795728E-05   -1.5795728E-05
 6.5500    2.8994462E-08    1.5631747E-05   -1.5631747E-05
 6.5600    2.8517196E-08    1.5421420E-05   -1.5421420E-05
 6.5700    2.8082297E-08    1.5232572E-05   -1.5232572E-05
 6.5800    2.7801611E-08    1.5126262E-05   -1.5126262E-05
 6.5900    2.7722479E-08    1.5129088E-05   -1.5129088E-05
 6.6000    2.7811429E-08    1.5223729E-05   -1.5223729E-05
 6.6100    2.7982163E-08    1.5363638E-05   -1.5363638E-05
 6.6200    2.8145263E-08    1.5499980E-05   -1.5499980E-05
 6.6300    2.8246174E-08    1.5602585E-05   -1.5602585E-05
 6.6400    2.8275730E-08    1.5666062E-05   -1.5666062E-05
 6.6500    2.8260146E-08    1.5704624E-05   -1.5704624E-05
 6.6600    2.8244052E-08    1.5742922E-05   -1.5742922E-05
 6.6700    2.8273506E-08    1.5806699E-05   -1.5806699E-05
 6.6800    2.8379721E-08    1.5913691E-05   -1.5913691E-05
 6.6900    2.8564815E-08    1.6065473E-05   -1.6065473E-05
 6.7000    2.8795156E-08    1.6243474E-05   -1.6243474E-05
 6.7100    2.9009831E-08    1.6413459E-05   -1.6413459E-05
 6.7200    2.9145675E-08    1.6539506E-05   -1.6539506E-05
 6.7300    2.9167400E-08    1.6601132E-05   -1.6601132E-05
 6.7400    2.9083107E-08    1.6602384E-05   -1.6602384E-05
 6.7500    2.8934296E-08    1.6566484E-05   -1.6566484E-05
 6.7600    2.8770055E-08    1.6521290E-05   -1.6521290E-05
 6.7700    2.8625592E-08    1.6487001E-05   -1.6487001E-05
 6.7800    2.8515960E-08    1.6472414E-05   -1.6472414E-05
