# total charge: 12.000000 
# r(A)     rho (e/A^3)     4*pi*r^2*rho(e/A)  dip  
 0.0000    4.5738880E-01    0.0000000E+00    9.5746147E+01
 0.0100    4.6018769E-01    5.7828891E-04    9.5268033E+01
 0.0200    4.6372170E-01    2.3309195E-03    9.3847916E+01
 0.0300    4.6813648E-01    5.2944989E-03    9.1527781E+01
 0.0400    4.7358484E-01    9.5219882E-03    8.8375312E+01
 0.0500    4.8023202E-01    1.5086934E-02    8.4480591E+01
 0.0600    4.8825887E-01    2.2088311E-02    7.9951816E+01
 0.0700    4.9784628E-01    3.0654992E-02    7.4910289E+01
 0.0800    5.0913751E-01    4.0947268E-02    6.9485025E+01
 0.0900    5.2219976E-01    5.3153462E-02    6.3807307E+01
 0.1000    5.3701244E-01    6.7482973E-02    5.8005491E+01
 0.1100    5.5348785E-01    8.4159534E-02    5.2200363E+01
 0.1200    5.7150700E-01    1.0341747E-01    4.6501236E+01
 0.1300    5.9094934E-01    1.2550089E-01    4.1002961E+01
 0.1400    6.1170708E-01    1.5066398E-01    3.5783928E+01
 0.1500    6.3368675E-01    1.7917071E-01    3.0905052E+01
 0.1600    6.5680449E-01    2.1129340E-01    2.6409707E+01
 0.1700    6.8098020E-01    2.4731029E-01    2.2324468E+01
 0.1800    7.0613358E-01    2.8750258E-01    1.8660535E+01
 0.1900    7.3218238E-01    3.3215159E-01    1.5415644E+01
 0.2000    7.5904221E-01    3.8153623E-01    1.2576296E+01
 0.2100    7.8662746E-01    4.3593080E-01    1.0120132E+01
 0.2200    8.1485320E-01    4.9560377E-01    8.0182985E+00
 0.2300    8.4363766E-01    5.6081742E-01    6.2376716E+00
 0.2400    8.7290259E-01    6.3182693E-01    4.7428603E+00
 0.2500    9.0256822E-01    7.0887542E-01    3.4979167E+00
 0.2600    9.3254429E-01    7.9218393E-01    2.4677287E+00
 0.2700    9.6272407E-01    8.8194037E-01    1.6190840E+00
 0.2800    9.9298886E-01    9.7829606E-01    9.2141232E-01
 0.2900    1.0232225E+00    1.0813740E+00    3.4723375E-01
 0.3000    1.0533274E+00    1.1912852E+00   -1.2764157E-01
 0.3100    1.0832325E+00    1.3081421E+00   -5.2410555E-01
 0.3200    1.1128901E+00    1.4320629E+00   -8.5988173E-01
 0.3300    1.1422630E+00    1.5631616E+00   -1.1497450E+00
 0.3400    1.1713065E+00    1.7015247E+00   -1.4057921E+00
 0.3500    1.1999501E+00    1.8471797E+00   -1.6377359E+00
 0.3600    1.2280912E+00    2.0000713E+00   -1.8532149E+00
 0.3700    1.2556108E+00    2.1600727E+00   -2.0581254E+00
 0.3800    1.2824073E+00    2.3270357E+00   -2.2569684E+00
 0.3900    1.3084253E+00    2.5008521E+00   -2.4531748E+00
 0.4000    1.3336540E+00    2.6814706E+00   -2.6493513E+00
 0.4100    1.3580907E+00    2.8688402E+00   -2.8474174E+00
 0.4200    1.3816940E+00    3.0628117E+00   -3.0486654E+00
 0.4300    1.4043653E+00    3.2630735E+00   -3.2538251E+00
 0.4400    1.4259742E+00    3.4691803E+00   -3.4631942E+00
 0.4500    1.4464060E+00    3.6806550E+00   -3.6768189E+00
 0.4600    1.4655940E+00    3.8970791E+00   -3.8946453E+00
 0.4700    1.4835151E+00    4.1181063E+00   -4.1165775E+00
 0.4800    1.5001633E+00    4.3434104E+00   -4.3424597E+00
 0.4900    1.5155300E+00    4.5726353E+00   -4.5720500E+00
 0.5000    1.5296063E+00    4.8053998E+00   -4.8050430E+00
 0.5100    1.5424006E+00    5.0413562E+00   -5.0411409E+00
 0.5200    1.5539555E+00    5.2802577E+00   -5.2801291E+00
 0.5300    1.5643395E+00    5.5219518E+00   -5.5218757E+00
 0.5400    1.5735968E+00    5.7662151E+00   -5.7661705E+00
 0.5500    1.5816665E+00    6.0124318E+00   -6.0124060E+00
 0.5600    1.5883294E+00    6.2593103E+00   -6.2592955E+00
 0.5700    1.5932522E+00    6.5049519E+00   -6.5049435E+00
 0.5800    1.5961468E+00    6.7474345E+00   -6.7474297E+00
 0.5900    1.5969588E+00    6.9856623E+00   -6.9856597E+00
 0.6000    1.5959497E+00    7.2199062E+00   -7.2199047E+00
 0.6100    1.5935927E+00    7.4515542E+00   -7.4515534E+00
 0.6200    1.5903310E+00    7.6821145E+00   -7.6821140E+00
 0.6300    1.5863482E+00    7.9120582E+00   -7.9120580E+00
 0.6400    1.5814951E+00    8.1402486E+00   -8.1402485E+00
 0.6500    1.5754135E+00    8.3643298E+00   -8.3643298E+00
 0.6600    1.5677728E+00    8.5818490E+00   -8.5818490E+00
 0.6700    1.5584858E+00    8.7914868E+00   -8.7914867E+00
 0.6800    1.5477928E+00    8.9937438E+00   -8.9937438E+00
 0.6900    1.5361686E+00    9.1906646E+00   -9.1906646E+00
 0.7000    1.5240856E+00    9.3845901E+00   -9.3845901E+00
 0.7100    1.5117599E+00    9.5765570E+00   -9.5765570E+00
 0.7200    1.4990497E+00    9.7654193E+00   -9.7654193E+00
 0.7300    1.4855821E+00    9.9483770E+00   -9.9483770E+00
 0.7400    1.4709939E+00    1.0122416E+01   -1.0122416E+01
 0.7500    1.4550809E+00    1.0285360E+01   -1.0285360E+01
 0.7600    1.4377662E+00    1.0435790E+01   -1.0435790E+01
 0.7700    1.4189934E+00    1.0572354E+01   -1.0572354E+01
 0.7800    1.3987107E+00    1.0693675E+01   -1.0693675E+01
 0.7900    1.3769933E+00    1.0799306E+01   -1.0799306E+01
 0.8000    1.3541858E+00    1.0891009E+01   -1.0891009E+01
 0.8100    1.3309045E+00    1.0973036E+01   -1.0973036E+01
 0.8200    1.3078356E+00    1.1050724E+01   -1.1050724E+01
 0.8300    1.2854265E+00    1.1127902E+01   -1.1127902E+01
 0.8400    1.2636448E+00    1.1204525E+01   -1.1204525E+01
 0.8500    1.2419508E+00    1.1275923E+01   -1.1275923E+01
 0.8600    1.2195222E+00    1.1334346E+01   -1.1334346E+01
 0.8700    1.1956373E+00    1.1372288E+01   -1.1372288E+01
 0.8800    1.1700119E+00    1.1385851E+01   -1.1385851E+01
 0.8900    1.1428875E+00    1.1376099E+01   -1.1376099E+01
 0.9000    1.1148314E+00    1.1347602E+01   -1.1347602E+01
 0.9100    1.0864189E+00    1.1305505E+01   -1.1305505E+01
 0.9200    1.0580396E+00    1.1253496E+01   -1.1253496E+01
 0.9300    1.0299263E+00    1.1193912E+01   -1.1193912E+01
 0.9400    1.0022878E+00    1.1129048E+01   -1.1129048E+01
 0.9500    9.7536462E-01    1.1061756E+01   -1.1061756E+01
 0.9600    9.4935294E-01    1.0994615E+01   -1.0994615E+01
 0.9700    9.2429903E-01    1.0928633E+01   -1.0928633E+01
 0.9800    9.0005773E-01    1.0862565E+01   -1.0862565E+01
 0.9900    8.7630269E-01    1.0792807E+01   -1.0792807E+01
 1.0000    8.5255994E-01    1.0713584E+01   -1.0713584E+01
 1.0100    8.2831569E-01    1.0618141E+01   -1.0618141E+01
 1.0200    8.0323868E-01    1.0501584E+01   -1.0501584E+01
 1.0300    7.7740827E-01    1.0364145E+01   -1.0364145E+01
 1.0400    7.5134979E-01    1.0212186E+01   -1.0212186E+01
 1.0500    7.2580135E-01    1.0055559E+01   -1.0055559E+01
 1.0600    7.0135767E-01    9.9028715E+00   -9.9028715E+00
 1.0700    6.7823118E-01    9.7578733E+00   -9.7578733E+00
 1.0800    6.5626439E-01    9.6191393E+00   -9.6191393E+00
 1.0900    6.3513584E-01    9.4826447E+00   -9.4826447E+00
 1.1000    6.1458049E-01    9.3448859E+00   -9.3448859E+00
 1.1100    5.9447176E-01    9.2042212E+00   -9.2042212E+00
 1.1200    5.7475254E-01    9.0599711E+00   -9.0599711E+00
 1.1300    5.5533589E-01    8.9109190E+00   -8.9109190E+00
 1.1400    5.3610011E-01    8.7551877E+00   -8.7551877E+00
 1.1500    5.1697788E-01    8.5916684E+00   -8.5916684E+00
 1.1600    4.9802492E-01    8.4212568E+00   -8.4212568E+00
 1.1700    4.7938192E-01    8.2463779E+00   -8.2463779E+00
 1.1800    4.6117171E-01    8.0693125E+00   -8.0693125E+00
 1.1900    4.4344072E-01    7.8911329E+00   -7.8911329E+00
 1.2000    4.2618892E-01    7.7121330E+00   -7.7121330E+00
 1.2100    4.0943213E-01    7.5329056E+00   -7.5329056E+00
 1.2200    3.9322444E-01    7.3547859E+00   -7.3547859E+00
 1.2300    3.7763309E-01    7.1794327E+00   -7.1794327E+00
 1.2400    3.6270960E-01    7.0082935E+00   -7.0082935E+00
 1.2500    3.4848691E-01    6.8425245E+00   -6.8425245E+00
 1.2600    3.3498782E-01    6.6831309E+00   -6.6831309E+00
 1.2700    3.2221521E-01    6.5307542E+00   -6.5307542E+00
 1.2800    3.1012123E-01    6.3850058E+00   -6.3850058E+00
 1.2900    2.9858704E-01    6.2439619E+00   -6.2439619E+00
 1.3000    2.8745215E-01    6.1046691E+00   -6.1046691E+00
 1.3100    2.7660100E-01    5.9649417E+00   -5.9649417E+00
 1.3200    2.6605778E-01    5.8255066E+00   -5.8255066E+00
 1.3300    2.5600398E-01    5.6906236E+00   -5.6906236E+00
 1.3400    2.4667368E-01    5.5659881E+00   -5.5659881E+00
 1.3500    2.3818657E-01    5.4549990E+00   -5.4549990E+00
 1.3600    2.3044908E-01    5.3562723E+00   -5.3562723E+00
 1.3700    2.2320603E-01    5.2644975E+00   -5.2644975E+00
 1.3800    2.1620188E-01    5.1740129E+00   -5.1740129E+00
 1.3900    2.0932850E-01    5.0823880E+00   -5.0823880E+00
 1.4000    2.0265704E-01    4.9914605E+00   -4.9914605E+00
 1.4100    1.9634085E-01    4.9052230E+00   -4.9052230E+00
 1.4200    1.9046738E-01    4.8262206E+00   -4.8262206E+00
 1.4300    1.8497062E-01    4.7531848E+00   -4.7531848E+00
 1.4400    1.7966414E-01    4.6816209E+00   -4.6816209E+00
 1.4500    1.7435879E-01    4.6066977E+00   -4.6066977E+00
 1.4600    1.6896842E-01    4.5260685E+00   -4.5260685E+00
 1.4700    1.6352929E-01    4.4405839E+00   -4.4405839E+00
 1.4800    1.5813371E-01    4.3526901E+00   -4.3526901E+00
 1.4900    1.5284030E-01    4.2640303E+00   -4.2640303E+00
 1.5000    1.4763187E-01    4.1741929E+00   -4.1741929E+00
 1.5100    1.4245019E-01    4.0815657E+00   -4.0815657E+00
 1.5200    1.3727669E-01    3.9856011E+00   -3.9856011E+00
 1.5300    1.3219313E-01    3.8886747E+00   -3.8886747E+00
 1.5400    1.2737096E-01    3.7959609E+00   -3.7959609E+00
 1.5500    1.2299086E-01    3.7131809E+00   -3.7131809E+00
 1.5600    1.1914604E-01    3.6436669E+00   -3.6436669E+00
 1.5700    1.1579687E-01    3.5867904E+00   -3.5867904E+00
 1.5800    1.1280878E-01    3.5388889E+00   -3.5388889E+00
 1.5900    1.1004105E-01    3.4958988E+00   -3.4958988E+00
 1.6000    1.0741631E-01    3.4555728E+00   -3.4555728E+00
 1.6100    1.0492532E-01    3.4177628E+00   -3.4177628E+00
 1.6200    1.0258378E-01    3.3831292E+00   -3.3831292E+00
 1.6300    1.0038904E-01    3.3517481E+00   -3.3517481E+00
 1.6400    9.8305444E-02    3.3225776E+00   -3.3225776E+00
 1.6500    9.6276071E-02    3.2937915E+00   -3.2937915E+00
 1.6600    9.4249654E-02    3.2636667E+00   -3.2636667E+00
 1.6700    9.2210753E-02    3.2316504E+00   -3.2316504E+00
 1.6800    9.0193338E-02    3.1989164E+00   -3.1989164E+00
 1.6900    8.8259015E-02    3.1676876E+00   -3.1676876E+00
 1.7000    8.6446850E-02    3.1394739E+00   -3.1394739E+00
 1.7100    8.4731789E-02    3.1134970E+00   -3.1134970E+00
 1.7200    8.3028866E-02    3.0867103E+00   -3.0867103E+00
 1.7300    8.1245735E-02    3.0556432E+00   -3.0556432E+00
 1.7400    7.9346854E-02    3.0188259E+00   -3.0188259E+00
 1.7500    7.7381886E-02    2.9780039E+00   -2.9780039E+00
 1.7600    7.5455655E-02    2.9371559E+00   -2.9371559E+00
 1.7700    7.3658450E-02    2.8998730E+00   -2.8998730E+00
 1.7800    7.2005515E-02    2.8669204E+00   -2.8669204E+00
 1.7900    7.0432090E-02    2.8358712E+00   -2.8358712E+00
 1.8000    6.8851727E-02    2.8033009E+00   -2.8033009E+00
 1.8100    6.7234235E-02    2.7679452E+00   -2.7679452E+00
 1.8200    6.5636619E-02    2.7321142E+00   -2.7321142E+00
 1.8300    6.4152722E-02    2.6997723E+00   -2.6997723E+00
 1.8400    6.2816749E-02    2.6725200E+00   -2.6725200E+00
 1.8500    6.1544761E-02    2.6469419E+00   -2.6469419E+00
 1.8600    6.0174786E-02    2.6160757E+00   -2.6160757E+00
 1.8700    5.8580342E-02    2.5742160E+00   -2.5742160E+00
 1.8800    5.6762248E-02    2.5210714E+00   -2.5210714E+00
 1.8900    5.4842434E-02    2.4617854E+00   -2.4617854E+00
 1.9000    5.2974107E-02    2.4031491E+00   -2.4031491E+00
 1.9100    5.1251840E-02    2.3495574E+00   -2.3495574E+00
 1.9200    4.9689037E-02    2.3018282E+00   -2.3018282E+00
 1.9300    4.8259141E-02    2.2589367E+00   -2.2589367E+00
 1.9400    4.6948459E-02    2.2204176E+00   -2.2204176E+00
 1.9500    4.5778153E-02    2.1874461E+00   -2.1874461E+00
 1.9600    4.4790866E-02    2.1622777E+00   -2.1622777E+00
 1.9700    4.4020210E-02    2.1468141E+00   -2.1468141E+00
 1.9800    4.3461094E-02    2.1411195E+00   -2.1411195E+00
 1.9900    4.3054023E-02    2.1425440E+00   -2.1425440E+00
 2.0000    4.2694059E-02    2.1460375E+00   -2.1460375E+00
 2.0100    4.2265501E-02    2.1457939E+00   -2.1457939E+00
 2.0200    4.1686023E-02    2.1374850E+00   -2.1374850E+00
 2.0300    4.0934904E-02    2.1198040E+00   -2.1198040E+00
 2.0400    4.0049918E-02    2.0944588E+00   -2.0944588E+00
 2.0500    3.9097537E-02    2.0647477E+00   -2.0647477E+00
 2.0600    3.8135765E-02    2.0336526E+00   -2.0336526E+00
 2.0700    3.7191414E-02    2.0025955E+00   -2.0025955E+00
 2.0800    3.6263947E-02    1.9715673E+00   -1.9715673E+00
 2.0900    3.5349604E-02    1.9403809E+00   -1.9403809E+00
 2.1000    3.4463931E-02    1.9099116E+00   -1.9099116E+00
 2.1100    3.3643365E-02    1.8822366E+00   -1.8822366E+00
 2.1200    3.2926921E-02    1.8596564E+00   -1.8596564E+00
 2.1300    3.2335886E-02    1.8435454E+00   -1.8435454E+00
 2.1400    3.1865997E-02    1.8338547E+00   -1.8338547E+00
 2.1500    3.1490517E-02    1.8292227E+00   -1.8292227E+00
 2.1600    3.1164384E-02    1.8271572E+00   -1.8271572E+00
 2.1700    3.0826596E-02    1.8241263E+00   -1.8241263E+00
 2.1800    3.0408506E-02    1.8160087E+00   -1.8160087E+00
 2.1900    2.9854316E-02    1.7993068E+00   -1.7993068E+00
 2.2000    2.9146191E-02    1.7727073E+00   -1.7727073E+00
 2.2100    2.8316014E-02    1.7379070E+00   -1.7379070E+00
 2.2200    2.7432739E-02    1.6989671E+00   -1.6989671E+00
 2.2300    2.6572496E-02    1.6605499E+00   -1.6605499E+00
 2.2400    2.5790211E-02    1.6261507E+00   -1.6261507E+00
 2.2500    2.5107897E-02    1.5972954E+00   -1.5972954E+00
 2.2600    2.4521585E-02    1.5738933E+00   -1.5738933E+00
 2.2700    2.4016691E-02    1.5551589E+00   -1.5551589E+00
 2.2800    2.3578578E-02    1.5402711E+00   -1.5402711E+00
 2.2900    2.3192968E-02    1.5284005E+00   -1.5284005E+00
 2.3000    2.2841696E-02    1.5184269E+00   -1.5184269E+00
 2.3100    2.2501811E-02    1.5088682E+00   -1.5088682E+00
 2.3200    2.2149519E-02    1.4981322E+00   -1.4981322E+00
 2.3300    2.1764910E-02    1.4848363E+00   -1.4848363E+00
 2.3400    2.1335462E-02    1.4680594E+00   -1.4680594E+00
 2.3500    2.0860015E-02    1.4476388E+00   -1.4476388E+00
 2.3600    2.0353077E-02    1.4245049E+00   -1.4245049E+00
 2.3700    1.9844297E-02    1.4006908E+00   -1.4006908E+00
 2.3800    1.9368444E-02    1.3786643E+00   -1.3786643E+00
 2.3900    1.8949234E-02    1.3601830E+00   -1.3601830E+00
 2.4000    1.8587707E-02    1.3454209E+00   -1.3454209E+00
 2.4100    1.8263729E-02    1.3330100E+00   -1.3330100E+00
 2.4200    1.7948999E-02    1.3209331E+00   -1.3209331E+00
 2.4300    1.7621679E-02    1.3075843E+00   -1.3075843E+00
 2.4400    1.7273717E-02    1.2923356E+00   -1.2923356E+00
 2.4500    1.6909469E-02    1.2754751E+00   -1.2754751E+00
 2.4600    1.6540294E-02    1.2578339E+00   -1.2578339E+00
 2.4700    1.6179773E-02    1.2404413E+00   -1.2404413E+00
 2.4800    1.5840269E-02    1.2242659E+00   -1.2242659E+00
 2.4900    1.5529280E-02    1.2099290E+00   -1.2099290E+00
 2.5000    1.5245757E-02    1.1973989E+00   -1.1973989E+00
 2.5100    1.4979176E-02    1.1858922E+00   -1.1858922E+00
 2.5200    1.4713602E-02    1.1741672E+00   -1.1741672E+00
 2.5300    1.4435353E-02    1.1611232E+00   -1.1611232E+00
 2.5400    1.4140001E-02    1.1463751E+00   -1.1463751E+00
 2.5500    1.3834570E-02    1.1304618E+00   -1.1304618E+00
 2.5600    1.3533323E-02    1.1145364E+00   -1.1145364E+00
 2.5700    1.3249117E-02    1.0996717E+00   -1.0996717E+00
 2.5800    1.2985503E-02    1.0861957E+00   -1.0861957E+00
 2.5900    1.2735064E-02    1.0735210E+00   -1.0735210E+00
 2.6000    1.2485365E-02    1.0606151E+00   -1.0606151E+00
 2.6100    1.2227809E-02    1.0467417E+00   -1.0467417E+00
 2.6200    1.1961930E-02    1.0318432E+00   -1.0318432E+00
 2.6300    1.1691406E-02    1.0162208E+00   -1.0162208E+00
 2.6400    1.1415948E-02    9.9983818E-01   -9.9983818E-01
 2.6500    1.1127850E-02    9.8200316E-01   -9.8200316E-01
 2.6600    1.0818107E-02    9.6188775E-01   -9.6188775E-01
 2.6700    1.0487392E-02    9.3950674E-01   -9.3950674E-01
 2.6800    1.0151522E-02    9.1624285E-01   -9.1624285E-01
 2.6900    9.8355737E-03    8.9436361E-01   -8.9436361E-01
 2.7000    9.5608719E-03    8.7586040E-01   -8.7586040E-01
 2.7100    9.3345635E-03    8.6147457E-01   -8.6147457E-01
 2.7200    9.1484991E-03    8.5054544E-01   -8.5054544E-01
 2.7300    8.9866611E-03    8.4165387E-01   -8.4165387E-01
 2.7400    8.8347905E-03    8.3350315E-01   -8.3350315E-01
 2.7500    8.6855288E-03    8.2541340E-01   -8.2541340E-01
 2.7600    8.5369387E-03    8.1720345E-01   -8.1720345E-01
 2.7700    8.3878520E-03    8.0876093E-01   -8.0876093E-01
 2.7800    8.2352834E-03    7.9979374E-01   -7.9979374E-01
 2.7900    8.0759647E-03    7.8997379E-01   -7.8997379E-01
 2.8000    7.9097622E-03    7.7927250E-01   -7.7927250E-01
 2.8100    7.7415836E-03    7.6816110E-01   -7.6816110E-01
 2.8200    7.5803982E-03    7.5753046E-01   -7.5753046E-01
 2.8300    7.4361710E-03    7.4839711E-01   -7.4839711E-01
 2.8400    7.3160448E-03    7.4152006E-01   -7.4152006E-01
 2.8500    7.2207350E-03    7.3702291E-01   -7.3702291E-01
 2.8600    7.1422495E-03    7.3413672E-01   -7.3413672E-01
 2.8700    7.0646965E-03    7.3125217E-01   -7.3125217E-01
 2.8800    6.9695812E-03    7.2644297E-01   -7.2644297E-01
 2.8900    6.8444247E-03    7.1836059E-01   -7.1836059E-01
 2.9000    6.6899973E-03    7.0702017E-01   -7.0702017E-01
 2.9100    6.5205841E-03    6.9387676E-01   -6.9387676E-01
 2.9200    6.3557600E-03    6.8099364E-01   -6.8099364E-01
 2.9300    6.2085869E-03    6.6978878E-01   -6.6978878E-01
 2.9400    6.0783161E-03    6.6021867E-01   -6.6021867E-01
 2.9500    5.9526431E-03    6.5097415E-01   -6.5097415E-01
 2.9600    5.8176348E-03    6.4053039E-01   -6.4053039E-01
 2.9700    5.6678685E-03    6.2826451E-01   -6.2826451E-01
 2.9800    5.5093962E-03    6.1481775E-01   -6.1481775E-01
 2.9900    5.3540889E-03    6.0150303E-01   -6.0150303E-01
 3.0000    5.2108631E-03    5.8933474E-01   -5.8933474E-01
 3.0100    5.0810644E-03    5.7849226E-01   -5.7849226E-01
 3.0200    4.9606225E-03    5.6853856E-01   -5.6853856E-01
 3.0300    4.8454838E-03    5.5902633E-01   -5.5902633E-01
 3.0400    4.7349236E-03    5.4988264E-01   -5.4988264E-01
 3.0500    4.6304707E-03    5.4129583E-01   -5.4129583E-01
 3.0600    4.5325683E-03    5.3333130E-01   -5.3333130E-01
 3.0700    4.4387366E-03    5.2570970E-01   -5.2570970E-01
 3.0800    4.3450166E-03    5.1796777E-01   -5.1796777E-01
 3.0900    4.2492306E-03    5.0984378E-01   -5.0984378E-01
 3.1000    4.1530417E-03    5.0153303E-01   -5.0153303E-01
 3.1100    4.0609624E-03    4.9358234E-01   -4.9358234E-01
 3.1200    3.9770578E-03    4.8649788E-01   -4.8649788E-01
 3.1300    3.9019082E-03    4.8036968E-01   -4.8036968E-01
 3.1400    3.8320600E-03    4.7478989E-01   -4.7478989E-01
 3.1500    3.7621209E-03    4.6909815E-01   -4.6909815E-01
 3.1600    3.6877849E-03    4.6275339E-01   -4.6275339E-01
 3.1700    3.6078764E-03    4.5559614E-01   -4.5559614E-01
 3.1800    3.5245992E-03    4.4789255E-01   -4.4789255E-01
 3.1900    3.4422305E-03    4.4018089E-01   -4.4018089E-01
 3.2000    3.3649827E-03    4.3300474E-01   -4.3300474E-01
 3.2100    3.2950054E-03    4.2665424E-01   -4.2665424E-01
 3.2200    3.2315355E-03    4.2104696E-01   -4.2104696E-01
 3.2300    3.1716425E-03    4.1581402E-01   -4.1581402E-01
 3.2400    3.1120573E-03    4.1053243E-01   -4.1053243E-01
 3.2500    3.0509838E-03    4.0496406E-01   -4.0496406E-01
 3.2600    2.9889382E-03    3.9917378E-01   -3.9917378E-01
 3.2700    2.9281801E-03    3.9346233E-01   -3.9346233E-01
 3.2800    2.8709150E-03    3.8813060E-01   -3.8813060E-01
 3.2900    2.8172357E-03    3.8319942E-01   -3.8319942E-01
 3.3000    2.7643168E-03    3.7829061E-01   -3.7829061E-01
 3.3100    2.7078189E-03    3.7280821E-01   -3.7280821E-01
 3.3200    2.6447713E-03    3.6633141E-01   -3.6633141E-01
 3.3300    2.5758020E-03    3.5893086E-01   -3.5893086E-01
 3.3400    2.5049283E-03    3.5115439E-01   -3.5115439E-01
 3.3500    2.4370490E-03    3.4368750E-01   -3.4368750E-01
 3.3600    2.3751036E-03    3.3695428E-01   -3.3695428E-01
 3.3700    2.3190048E-03    3.3095680E-01   -3.3095680E-01
 3.3800    2.2668191E-03    3.2543191E-01   -3.2543191E-01
 3.3900    2.2167991E-03    3.2013679E-01   -3.2013679E-01
 3.4000    2.1684275E-03    3.1500149E-01   -3.1500149E-01
 3.4100    2.1218787E-03    3.1005531E-01   -3.1005531E-01
 3.4200    2.0768623E-03    3.0525992E-01   -3.0525992E-01
 3.4300    2.0322191E-03    3.0044752E-01   -3.0044752E-01
 3.4400    1.9866708E-03    2.9542868E-01   -2.9542868E-01
 3.4500    1.9398901E-03    2.9015174E-01   -2.9015174E-01
 3.4600    1.8927855E-03    2.8474982E-01   -2.8474982E-01
 3.4700    1.8467508E-03    2.7943262E-01   -2.7943262E-01
 3.4800    1.8026379E-03    2.7433224E-01   -2.7433224E-01
 3.4900    1.7603515E-03    2.6943879E-01   -2.6943879E-01
 3.5000    1.7192623E-03    2.6465987E-01   -2.6465987E-01
 3.5100    1.6789527E-03    2.5993368E-01   -2.5993368E-01
 3.5200    1.6397180E-03    2.5530796E-01   -2.5530796E-01
 3.5300    1.6025529E-03    2.5094102E-01   -2.5094102E-01
 3.5400    1.5686452E-03    2.4702512E-01   -2.4702512E-01
 3.5500    1.5385998E-03    2.4366449E-01   -2.4366449E-01
 3.5600    1.5118052E-03    2.4077184E-01   -2.4077184E-01
 3.5700    1.4864061E-03    2.3805854E-01   -2.3805854E-01
 3.5800    1.4600469E-03    2.3514878E-01   -2.3514878E-01
 3.5900    1.4309931E-03    2.3175884E-01   -2.3175884E-01
 3.6000    1.3988912E-03    2.2782365E-01   -2.2782365E-01
 3.6100    1.3646936E-03    2.2349068E-01   -2.2349068E-01
 3.6200    1.3299352E-03    2.1900674E-01   -2.1900674E-01
 3.6300    1.2959752E-03    2.1459510E-01   -2.1459510E-01
 3.6400    1.2636700E-03    2.1040027E-01   -2.1040027E-01
 3.6500    1.2335002E-03    2.0650702E-01   -2.0650702E-01
 3.6600    1.2058597E-03    2.0298728E-01   -2.0298728E-01
 3.6700    1.1811674E-03    1.9991872E-01   -1.9991872E-01
 3.6800    1.1596172E-03    1.9734229E-01   -1.9734229E-01
 3.6900    1.1406762E-03    1.9517535E-01   -1.9517535E-01
 3.7000    1.1227534E-03    1.9315132E-01   -1.9315132E-01
 3.7100    1.1035188E-03    1.9086988E-01   -1.9086988E-01
 3.7200    1.0809402E-03    1.8797384E-01   -1.8797384E-01
 3.7300    1.0544453E-03    1.8435358E-01   -1.8435358E-01
 3.7400    1.0253299E-03    1.8022568E-01   -1.8022568E-01
 3.7500    9.9602734E-04    1.7601256E-01   -1.7601256E-01
 3.7600    9.6875081E-04    1.7210664E-01   -1.7210664E-01
 3.7700    9.4446959E-04    1.6868658E-01   -1.6868658E-01
 3.7800    9.2280442E-04    1.6569261E-01   -1.6569261E-01
 3.7900    9.0266129E-04    1.6293452E-01   -1.6293452E-01
 3.8000    8.8297695E-04    1.6022358E-01   -1.6022358E-01
 3.8100    8.6309538E-04    1.5744128E-01   -1.5744128E-01
 3.8200    8.4275350E-04    1.5453867E-01   -1.5453867E-01
 3.8300    8.2195698E-04    1.5151530E-01   -1.5151530E-01
 3.8400    8.0095538E-04    1.4841597E-01   -1.4841597E-01
 3.8500    7.8026490E-04    1.4533606E-01   -1.4533606E-01
 3.8600    7.6056363E-04    1.4240329E-01   -1.4240329E-01
 3.8700    7.4240972E-04    1.3972543E-01   -1.3972543E-01
 3.8800    7.2594099E-04    1.3733291E-01   -1.3733291E-01
 3.8900    7.1078727E-04    1.3516016E-01   -1.3516016E-01
 3.9000    6.9628748E-04    1.3308456E-01   -1.3308456E-01
 3.9100    6.8186287E-04    1.3099672E-01   -1.3099672E-01
 3.9200    6.6727332E-04    1.2885040E-01   -1.2885040E-01
 3.9300    6.5260624E-04    1.2666195E-01   -1.2666195E-01
 3.9400    6.3809507E-04    1.2447659E-01   -1.2447659E-01
 3.9500    6.2397579E-04    1.2234094E-01   -1.2234094E-01
 3.9600    6.1047391E-04    1.2030048E-01   -1.2030048E-01
 3.9700    5.9783692E-04    1.1840597E-01   -1.1840597E-01
 3.9800    5.8629131E-04    1.1670500E-01   -1.1670500E-01
 3.9900    5.7592143E-04    1.1521762E-01   -1.1521762E-01
 4.0000    5.6658173E-04    1.1391802E-01   -1.1391802E-01
 4.0100    5.5792871E-04    1.1273982E-01   -1.1273982E-01
 4.0200    5.4953364E-04    1.1159796E-01   -1.1159796E-01
 4.0300    5.4097435E-04    1.1040701E-01   -1.1040701E-01
 4.0400    5.3187668E-04    1.0908965E-01   -1.0908965E-01
 4.0500    5.2196679E-04    1.0758774E-01   -1.0758774E-01
 4.0600    5.1116368E-04    1.0588195E-01   -1.0588195E-01
 4.0700    4.9963100E-04    1.0400352E-01   -1.0400352E-01
 4.0800    4.8769410E-04    1.0201821E-01   -1.0201821E-01
 4.0900    4.7566024E-04    9.9989254E-02   -9.9989254E-02
 4.1000    4.6369531E-04    9.7951316E-02   -9.7951316E-02
 4.1100    4.5185691E-04    9.5916745E-02   -9.5916745E-02
 4.1200    4.4022283E-04    9.3902436E-02   -9.3902436E-02
 4.1300    4.2897126E-04    9.1947127E-02   -9.1947127E-02
 4.1400    4.1833759E-04    9.0102624E-02   -9.0102624E-02
 4.1500    4.0849762E-04    8.8408819E-02   -8.8408819E-02
 4.1600    3.9948490E-04    8.6875414E-02   -8.6875414E-02
 4.1700    3.9120489E-04    8.5484279E-02   -8.5484279E-02
 4.1800    3.8351097E-04    8.4205454E-02   -8.4205454E-02
 4.1900    3.7625120E-04    8.3007208E-02   -8.3007208E-02
 4.2000    3.6924596E-04    8.1851040E-02   -8.1851040E-02
 4.2100    3.6226150E-04    8.0685639E-02   -8.0685639E-02
 4.2200    3.5506578E-04    7.9459090E-02   -7.9459090E-02
 4.2300    3.4754512E-04    7.8145108E-02   -7.8145108E-02
 4.2400    3.3976137E-04    7.6756573E-02   -7.6756573E-02
 4.2500    3.3188071E-04    7.5330306E-02   -7.5330306E-02
 4.2600    3.2404512E-04    7.3898317E-02   -7.3898317E-02
 4.2700    3.1630428E-04    7.2472073E-02   -7.2472073E-02
 4.2800    3.0863706E-04    7.1046955E-02   -7.1046955E-02
 4.2900    3.0100450E-04    6.9614135E-02   -6.9614135E-02
 4.3000    2.9338898E-04    6.8169572E-02   -6.8169572E-02
 4.3100    2.8582824E-04    6.6722073E-02   -6.6722073E-02
 4.3200    2.7845570E-04    6.5303052E-02   -6.5303052E-02
 4.3300    2.7151359E-04    6.3970129E-02   -6.3970129E-02
 4.3400    2.6528410E-04    6.2791454E-02   -6.2791454E-02
 4.3500    2.5993317E-04    6.1808766E-02   -6.1808766E-02
 4.3600    2.5535706E-04    6.1000124E-02   -6.1000124E-02
 4.3700    2.5117128E-04    6.0275763E-02   -6.0275763E-02
 4.3800    2.4689428E-04    5.9520848E-02   -5.9520848E-02
 4.3900    2.4220278E-04    5.8656754E-02   -5.8656754E-02
 4.4000    2.3705511E-04    5.7671936E-02   -5.7671936E-02
 4.4100    2.3160473E-04    5.6602351E-02   -5.6602351E-02
 4.4200    2.2602538E-04    5.5489601E-02   -5.5489601E-02
 4.4300    2.2041827E-04    5.4358179E-02   -5.4358179E-02
 4.4400    2.1483973E-04    5.3221903E-02   -5.3221903E-02
 4.4500    2.0935362E-04    5.2096719E-02   -5.2096719E-02
 4.4600    2.0402476E-04    5.0999094E-02   -5.0999094E-02
 4.4700    1.9887495E-04    4.9934992E-02   -4.9934992E-02
 4.4800    1.9387596E-04    4.8897860E-02   -4.8897860E-02
 4.4900    1.8900030E-04    4.7881201E-02   -4.7881201E-02
 4.5000    1.8427317E-04    4.6891810E-02   -4.6891810E-02
 4.5100    1.7976642E-04    4.5948518E-02   -4.5948518E-02
 4.5200    1.7554311E-04    4.5068231E-02   -4.5068231E-02
 4.5300    1.7161321E-04    4.4254453E-02   -4.4254453E-02
 4.5400    1.6793953E-04    4.3498522E-02   -4.3498522E-02
 4.5500    1.6447428E-04    4.2788854E-02   -4.2788854E-02
 4.5600    1.6118128E-04    4.2116681E-02   -4.2116681E-02
 4.5700    1.5802743E-04    4.1473887E-02   -4.1473887E-02
 4.5800    1.5496686E-04    4.0848834E-02   -4.0848834E-02
 4.5900    1.5194628E-04    4.0227710E-02   -4.0227710E-02
 4.6000    1.4893163E-04    3.9601576E-02   -3.9601576E-02
 4.6100    1.4592840E-04    3.8971896E-02   -3.8971896E-02
 4.6200    1.4297053E-04    3.8347789E-02   -3.8347789E-02
 4.6300    1.4008264E-04    3.7736026E-02   -3.7736026E-02
 4.6400    1.3724759E-04    3.7132189E-02   -3.7132189E-02
 4.6500    1.3440859E-04    3.6521011E-02   -3.6521011E-02
 4.6600    1.3150563E-04    3.5886083E-02   -3.5886083E-02
 4.6700    1.2851681E-04    3.5221151E-02   -3.5221151E-02
 4.6800    1.2547233E-04    3.4534211E-02   -3.4534211E-02
 4.6900    1.2243277E-04    3.3841783E-02   -3.3841783E-02
 4.7000    1.1945149E-04    3.3158673E-02   -3.3158673E-02
 4.7100    1.1655188E-04    3.2491591E-02   -3.2491591E-02
 4.7200    1.1373465E-04    3.1840996E-02   -3.1840996E-02
 4.7300    1.1100398E-04    3.1208342E-02   -3.1208342E-02
 4.7400    1.0838893E-04    3.0602118E-02   -3.0602118E-02
 4.7500    1.0594192E-04    3.0037578E-02   -3.0037578E-02
 4.7600    1.0371008E-04    2.9528729E-02   -2.9528729E-02
 4.7700    1.0169067E-04    2.9075537E-02   -2.9075537E-02
 4.7800    9.9800837E-05    2.8654962E-02   -2.8654962E-02
 4.7900    9.7899382E-05    2.8226748E-02   -2.8226748E-02
 4.8000    9.5866382E-05    2.7756115E-02   -2.7756115E-02
 4.8100    9.3690130E-05    2.7239169E-02   -2.7239169E-02
 4.8200    9.1489528E-05    2.6710088E-02   -2.6710088E-02
 4.8300    8.9448646E-05    2.6222730E-02   -2.6222730E-02
 4.8400    8.7714258E-05    2.5820865E-02   -2.5820865E-02
 4.8500    8.6329822E-05    2.5518444E-02   -2.5518444E-02
 4.8600    8.5232099E-05    2.5297965E-02   -2.5297965E-02
 4.8700    8.4280135E-05    2.5118460E-02   -2.5118460E-02
 4.8800    8.3284731E-05    2.4923837E-02   -2.4923837E-02
 4.8900    8.2047279E-05    2.4654248E-02   -2.4654248E-02
 4.9000    8.0428503E-05    2.4266772E-02   -2.4266772E-02
 4.9100    7.8421819E-05    2.3757994E-02   -2.3757994E-02
 4.9200    7.6166541E-05    2.3168841E-02   -2.3168841E-02
 4.9300    7.3874011E-05    2.2562924E-02   -2.2562924E-02
 4.9400    7.1723615E-05    2.1995099E-02   -2.1995099E-02
 4.9500    6.9813507E-05    2.1496102E-02   -2.1496102E-02
 4.9600    6.8185477E-05    2.1079733E-02   -2.1079733E-02
 4.9700    6.6862018E-05    2.0754015E-02   -2.0754015E-02
 4.9800    6.5831057E-05    2.0516316E-02   -2.0516316E-02
 4.9900    6.4991068E-05    2.0335958E-02   -2.0335958E-02
 5.0000    6.4135978E-05    2.0148912E-02   -2.0148912E-02
 5.0100    6.3034461E-05    1.9882151E-02   -1.9882151E-02
 5.0200    6.1561663E-05    1.9495198E-02   -1.9495198E-02
 5.0300    5.9777853E-05    1.9005800E-02   -1.9005800E-02
 5.0400    5.7889578E-05    1.8478696E-02   -1.8478696E-02
 5.0500    5.6128827E-05    1.7987822E-02   -1.7987822E-02
 5.0600    5.4639888E-05    1.7580074E-02   -1.7580074E-02
 5.0700    5.3433653E-05    1.7259994E-02   -1.7259994E-02
 5.0800    5.2408898E-05    1.6995828E-02   -1.6995828E-02
 5.0900    5.1410736E-05    1.6737834E-02   -1.6737834E-02
 5.1000    5.0300866E-05    1.6440903E-02   -1.6440903E-02
 5.1100    4.9020451E-05    1.6085293E-02   -1.6085293E-02
 5.1200    4.7621320E-05    1.5687409E-02   -1.5687409E-02
 5.1300    4.6243205E-05    1.5292994E-02   -1.5292994E-02
 5.1400    4.5041301E-05    1.4953644E-02   -1.4953644E-02
 5.1500    4.4104850E-05    1.4699775E-02   -1.4699775E-02
 5.1600    4.3417184E-05    1.4526832E-02   -1.4526832E-02
 5.1700    4.2876135E-05    1.4401462E-02   -1.4401462E-02
 5.1800    4.2350034E-05    1.4279833E-02   -1.4279833E-02
 5.1900    4.1729407E-05    1.4124946E-02   -1.4124946E-02
 5.2000    4.0953776E-05    1.3915874E-02   -1.3915874E-02
 5.2100    4.0016981E-05    1.3649905E-02   -1.3649905E-02
 5.2200    3.8959757E-05    1.3340346E-02   -1.3340346E-02
 5.2300    3.7851877E-05    1.3010700E-02   -1.3010700E-02
 5.2400    3.6766295E-05    1.2685930E-02   -1.2685930E-02
 5.2500    3.5755474E-05    1.2384287E-02   -1.2384287E-02
 5.2600    3.4841786E-05    1.2113838E-02   -1.2113838E-02
 5.2700    3.4023009E-05    1.1874185E-02   -1.1874185E-02
 5.2800    3.3282182E-05    1.1659757E-02   -1.1659757E-02
 5.2900    3.2592236E-05    1.1461339E-02   -1.1461339E-02
 5.3000    3.1917612E-05    1.1266577E-02   -1.1266577E-02
 5.3100    3.1221899E-05    1.1062626E-02   -1.1062626E-02
 5.3200    3.0483419E-05    1.0841685E-02   -1.0841685E-02
 5.3300    2.9708099E-05    1.0605695E-02   -1.0605695E-02
 5.3400    2.8926949E-05    1.0365613E-02   -1.0365613E-02
 5.3500    2.8177825E-05    1.0135026E-02   -1.0135026E-02
 5.3600    2.7484853E-05    9.9227685E-03   -9.9227685E-03
 5.3700    2.6849804E-05    9.7297024E-03   -9.7297024E-03
 5.3800    2.6258406E-05    9.5508667E-03   -9.5508667E-03
 5.3900    2.5693593E-05    9.3802030E-03   -9.3802030E-03
 5.4000    2.5146242E-05    9.2144725E-03   -9.2144725E-03
 5.4100    2.4619351E-05    9.0548445E-03   -9.0548445E-03
 5.4200    2.4125510E-05    8.9060462E-03   -8.9060462E-03
 5.4300    2.3678297E-05    8.7732394E-03   -8.7732394E-03
 5.4400    2.3280845E-05    8.6577772E-03   -8.6577772E-03
 5.4500    2.2919532E-05    8.5547753E-03   -8.5547753E-03
 5.4600    2.2569574E-05    8.4550954E-03   -8.4550954E-03
 5.4700    2.2209539E-05    8.3507225E-03   -8.3507225E-03
 5.4800    2.1833035E-05    8.2392010E-03   -8.2392010E-03
 5.4900    2.1448828E-05    8.1237793E-03   -8.1237793E-03
 5.5000    2.1071973E-05    8.0101462E-03   -8.0101462E-03
 5.5100    2.0715710E-05    7.9033804E-03   -7.9033804E-03
 5.5200    2.0390016E-05    7.8073848E-03   -7.8073848E-03
 5.5300    2.0104064E-05    7.7258092E-03   -7.7258092E-03
 5.5400    1.9866203E-05    7.6620374E-03   -7.6620374E-03
 5.5500    1.9679066E-05    7.6172867E-03   -7.6172867E-03
 5.5600    1.9533462E-05    7.5881983E-03   -7.5881983E-03
 5.5700    1.9406812E-05    7.5661414E-03   -7.5661414E-03
 5.5800    1.9268939E-05    7.5393875E-03   -7.5393875E-03
 5.5900    1.9093005E-05    7.4973495E-03   -7.4973495E-03
 5.6000    1.8865119E-05    7.4343922E-03   -7.4343922E-03
 5.6100    1.8585534E-05    7.3503943E-03   -7.3503943E-03
 5.6200    1.8259722E-05    7.2473071E-03   -7.2473071E-03
 5.6300    1.7887066E-05    7.1246865E-03   -7.1246865E-03
 5.6400    1.7459123E-05    6.9789565E-03   -6.9789565E-03
 5.6500    1.6971201E-05    6.8079969E-03   -6.8079969E-03
 5.6600    1.6437226E-05    6.6171540E-03   -6.6171540E-03
 5.6700    1.5893994E-05    6.4210939E-03   -6.4210939E-03
 5.6800    1.5390960E-05    6.2398228E-03   -6.2398228E-03
 5.6900    1.4973427E-05    6.0919399E-03   -6.0919399E-03
 5.7000    1.4669883E-05    5.9894402E-03   -5.9894402E-03
 5.7100    1.4490050E-05    5.9367938E-03   -5.9367938E-03
 5.7200    1.4433720E-05    5.9344464E-03   -5.9344464E-03
 5.7300    1.4501691E-05    5.9832585E-03   -5.9832585E-03
 5.7400    1.4693004E-05    6.0833703E-03   -6.0833703E-03
 5.7500    1.4979954E-05    6.2238057E-03   -6.2238057E-03
 5.7600    1.5277912E-05    6.3696978E-03   -6.3696978E-03
 5.7700    1.5448585E-05    6.4632385E-03   -6.4632385E-03
 5.7800    1.5359655E-05    6.4483262E-03   -6.4483262E-03
 5.7900    1.4970666E-05    6.3067864E-03   -6.3067864E-03
 5.8000    1.4375170E-05    6.0768544E-03   -6.0768544E-03
 5.8100    1.3754511E-05    5.8345487E-03   -5.8345487E-03
 5.8200    1.3273432E-05    5.6498779E-03   -5.6498779E-03
 5.8300    1.2996589E-05    5.5510655E-03   -5.5510655E-03
 5.8400    1.2880057E-05    5.5201812E-03   -5.5201812E-03
 5.8500    1.2825791E-05    5.5157651E-03   -5.5157651E-03
 5.8600    1.2746515E-05    5.5004291E-03   -5.5004291E-03
 5.8700    1.2599301E-05    5.4554743E-03   -5.4554743E-03
 5.8800    1.2382134E-05    5.3797244E-03   -5.3797244E-03
 5.8900    1.2114129E-05    5.2812005E-03   -5.2812005E-03
 5.9000    1.1822032E-05    5.1713749E-03   -5.1713749E-03
 5.9100    1.1538121E-05    5.0643058E-03   -5.0643058E-03
 5.9200    1.1296158E-05    4.9748962E-03   -4.9748962E-03
 5.9300    1.1113751E-05    4.9111130E-03   -4.9111130E-03
 5.9400    1.0971467E-05    4.8646037E-03   -4.8646037E-03
 5.9500    1.0813871E-05    4.8108852E-03   -4.8108852E-03
 5.9600    1.0581846E-05    4.7234990E-03   -4.7234990E-03
 5.9700    1.0252920E-05    4.5920445E-03   -4.5920445E-03
 5.9800    9.8550604E-06    4.4286516E-03   -4.4286516E-03
 5.9900    9.4443333E-06    4.2582859E-03   -4.2582859E-03
 6.0000    9.0702248E-06    4.1032730E-03   -4.1032730E-03
 6.0100    8.7584687E-06    3.9754564E-03   -3.9754564E-03
 6.0200    8.5183050E-06    3.8793238E-03   -3.8793238E-03
 6.0300    8.3582055E-06    3.8190693E-03   -3.8190693E-03
 6.0400    8.2928468E-06    3.8017835E-03   -3.8017835E-03
 6.0500    8.3382986E-06    3.8352887E-03   -3.8352887E-03
 6.0600    8.5028307E-06    3.9239065E-03   -3.9239065E-03
 6.0700    8.7783441E-06    4.0644318E-03   -4.0644318E-03
 6.0800    9.1304416E-06    4.2413958E-03   -4.2413958E-03
 6.0900    9.4879200E-06    4.4219667E-03   -4.4219667E-03
 6.1000    9.7452244E-06    4.5568148E-03   -4.5568148E-03
 6.1100    9.7936600E-06    4.5944900E-03   -4.5944900E-03
 6.1200    9.5735171E-06    4.5059278E-03   -4.5059278E-03
 6.1300    9.1101218E-06    4.3018474E-03   -4.3018474E-03
 6.1400    8.5008686E-06    4.0272622E-03   -4.0272622E-03
 6.1500    7.8612626E-06    3.7363917E-03   -3.7363917E-03
 6.1600    7.2729798E-06    3.4680366E-03   -3.4680366E-03
 6.1700    6.7686736E-06    3.2380516E-03   -3.2380516E-03
 6.1800    6.3501124E-06    3.0476720E-03   -3.0476720E-03
 6.1900    6.0114594E-06    2.8944835E-03   -2.8944835E-03
 6.2000    5.7483780E-06    2.7767614E-03   -2.7767614E-03
 6.2100    5.5563883E-06    2.6926856E-03   -2.6926856E-03
 6.2200    5.4301196E-06    2.6399763E-03   -2.6399763E-03
 6.2300    5.3655540E-06    2.6169807E-03   -2.6169807E-03
 6.2400    5.3584667E-06    2.6219209E-03   -2.6219209E-03
 6.2500    5.3964915E-06    2.6489966E-03   -2.6489966E-03
 6.2600    5.4524147E-06    2.6850193E-03   -2.6850193E-03
 6.2700    5.4883003E-06    2.7113327E-03   -2.7113327E-03
 6.2800    5.4706147E-06    2.7112232E-03   -2.7112232E-03
 6.2900    5.3856118E-06    2.6776031E-03   -2.6776031E-03
 6.3000    5.2433075E-06    2.6151481E-03   -2.6151481E-03
 6.3100    5.0685703E-06    2.5360281E-03   -2.5360281E-03
 6.3200    4.8887266E-06    2.4538034E-03   -2.4538034E-03
 6.3300    4.7273902E-06    2.3803386E-03   -2.3803386E-03
 6.3400    4.6047635E-06    2.3259250E-03   -2.3259250E-03
 6.3500    4.5373094E-06    2.2990886E-03   -2.2990886E-03
 6.3600    4.5322567E-06    2.3037672E-03   -2.3037672E-03
 6.3700    4.5798542E-06    2.3352876E-03   -2.3352876E-03
 6.3800    4.6498542E-06    2.3784310E-03   -2.3784310E-03
 6.3900    4.6968206E-06    2.4099917E-03   -2.4099917E-03
 6.4000    4.6745952E-06    2.4061008E-03   -2.4061008E-03
 6.4100    4.5548997E-06    2.3518236E-03   -2.3518236E-03
 6.4200    4.3403528E-06    2.2480448E-03   -2.2480448E-03
 6.4300    4.0633787E-06    2.1111501E-03   -2.1111501E-03
 6.4400    3.7715540E-06    1.9656307E-03   -1.9656307E-03
 6.4500    3.5094303E-06    1.8347036E-03   -1.8347036E-03
 6.4600    3.3072900E-06    1.7343917E-03   -1.7343917E-03
 6.4700    3.1790876E-06    1.6723259E-03   -1.6723259E-03
 6.4800    3.1244674E-06    1.6486781E-03   -1.6486781E-03
 6.4900    3.1299936E-06    1.6566955E-03   -1.6566955E-03
 6.5000    3.1700613E-06    1.6830780E-03   -1.6830780E-03
 6.5100    3.2112379E-06    1.7101899E-03   -1.7101899E-03
 6.5200    3.2214068E-06    1.7208802E-03   -1.7208802E-03
 6.5300    3.1801091E-06    1.7040340E-03   -1.7040340E-03
 6.5400    3.0845598E-06    1.6579009E-03   -1.6579009E-03
 6.5500    2.9486993E-06    1.5897285E-03   -1.5897285E-03
 6.5600    2.7967778E-06    1.5124308E-03   -1.5124308E-03
 6.5700    2.6546230E-06    1.4399369E-03   -1.4399369E-03
 6.5800    2.5413484E-06    1.3826933E-03   -1.3826933E-03
 6.5900    2.4640565E-06    1.3447184E-03   -1.3447184E-03
 6.6000    2.4177643E-06    1.3234627E-03   -1.3234627E-03
 6.6100    2.3904964E-06    1.3125047E-03   -1.3125047E-03
 6.6200    2.3702565E-06    1.3053326E-03   -1.3053326E-03
 6.6300    2.3497556E-06    1.2979549E-03   -1.2979549E-03
 6.6400    2.3272952E-06    1.2894292E-03   -1.2894292E-03
 6.6500    2.3051672E-06    1.2810191E-03   -1.2810191E-03
 6.6600    2.2875580E-06    1.2750594E-03   -1.2750594E-03
 6.6700    2.2786850E-06    1.2739308E-03   -1.2739308E-03
 6.6800    2.2808905E-06    1.2789902E-03   -1.2789902E-03
 6.6900    2.2926905E-06    1.2894590E-03   -1.2894590E-03
 6.7000    2.3077415E-06    1.3018071E-03   -1.3018071E-03
 6.7100    2.3160531E-06    1.3103986E-03   -1.3103986E-03
 6.7200    2.3077269E-06    1.3095824E-03   -1.3095824E-03
 6.7300    2.2775741E-06    1.2963209E-03   -1.2963209E-03
 6.7400    2.2278795E-06    1.2718074E-03   -1.2718074E-03
 6.7500    2.1674747E-06    1.2409991E-03   -1.2409991E-03
 6.7600    2.1075430E-06    1.2102628E-03   -1.2102628E-03
 6.7700    2.0565218E-06    1.1844603E-03   -1.1844603E-03
 6.7800    2.0168888E-06    1.1650678E-03   -1.1650678E-03
 6.7900    1.9853785E-06    1.1502513E-03   -1.1502513E-03
 6.8000    1.9561337E-06    1.1366486E-03   -1.1366486E-03
 6.8100    1.9247198E-06    1.1216868E-03   -1.1216868E-03
 6.8200    1.8906683E-06    1.1050806E-03   -1.1050806E-03
 6.8300    1.8571945E-06    1.0887011E-03   -1.0887011E-03
 6.8400    1.8283564E-06    1.0749368E-03   -1.0749368E-03
 6.8500    1.8055113E-06    1.0646117E-03   -1.0646117E-03
 6.8600    1.7856167E-06    1.0559572E-03   -1.0559572E-03
 6.8700    1.7628820E-06    1.0455543E-03   -1.0455543E-03
 6.8800    1.7328441E-06    1.0307331E-03   -1.0307331E-03
 6.8900    1.6959125E-06    1.0117000E-03   -1.0117000E-03
 6.9000    1.6576230E-06    9.9173083E-04   -9.9173083E-04
 6.9100    1.6252736E-06    9.7519721E-04   -9.7519721E-04
 6.9200    1.6034552E-06    9.6489241E-04   -9.6489241E-04
 6.9300    1.5918360E-06    9.6067094E-04   -9.6067094E-04
 6.9400    1.5864587E-06    9.6019091E-04   -9.6019091E-04
 6.9500    1.5825938E-06    9.6061407E-04   -9.6061407E-04
 6.9600    1.5762270E-06    9.5950472E-04   -9.5950472E-04
 6.9700    1.5636421E-06    9.5458095E-04   -9.5458095E-04
 6.9800    1.5412346E-06    9.4360334E-04   -9.4360334E-04
 6.9900    1.5071055E-06    9.2535394E-04   -9.2535394E-04
 7.0000    1.4629573E-06    9.0081911E-04   -9.0081911E-04
 7.0100    1.4136405E-06    8.7294096E-04   -8.7294096E-04
 7.0200    1.3641591E-06    8.4479071E-04   -8.4479071E-04
 7.0300    1.3169490E-06    8.1787975E-04   -8.1787975E-04
 7.0400    1.2720545E-06    7.9224755E-04   -7.9224755E-04
 7.0500    1.2297683E-06    7.6808875E-04   -7.6808875E-04
 7.0600    1.1928087E-06    7.4711946E-04   -7.4711946E-04
 7.0700    1.1656398E-06    7.3217192E-04   -7.3217192E-04
 7.0800    1.1513111E-06    7.2521884E-04   -7.2521884E-04
 7.0900    1.1485261E-06    7.2550966E-04   -7.2550966E-04
 7.1000    1.1515293E-06    7.2946014E-04   -7.2946014E-04
 7.1100    1.1530548E-06    7.3248549E-04   -7.3248549E-04
 7.1200    1.1481338E-06    7.3141245E-04   -7.3141245E-04
 7.1300    1.1360527E-06    7.2575059E-04   -7.2575059E-04
 7.1400    1.1194259E-06    7.1713621E-04   -7.1713621E-04
 7.1500    1.1015998E-06    7.0769448E-04   -7.0769448E-04
 7.1600    1.0845453E-06    6.9868854E-04   -6.9868854E-04
 7.1700    1.0685076E-06    6.9028076E-04   -6.9028076E-04
 7.1800    1.0530670E-06    6.8220481E-04   -6.8220481E-04
 7.1900    1.0383716E-06    6.7455981E-04   -6.7455981E-04
 7.2000    1.0255675E-06    6.6809636E-04   -6.6809636E-04
 7.2100    1.0162896E-06    6.6389266E-04   -6.6389266E-04
 7.2200    1.0116720E-06    6.6271068E-04   -6.6271068E-04
 7.2300    1.0114270E-06    6.6438680E-04   -6.6438680E-04
 7.2400    1.0133751E-06    6.6750913E-04   -6.6750913E-04
 7.2500    1.0137133E-06    6.6957775E-04   -6.6957775E-04
 7.2600    1.0082063E-06    6.6777862E-04   -6.6777862E-04
 7.2700    9.9403203E-07    6.6020539E-04   -6.6020539E-04
 7.2800    9.7134385E-07    6.4691261E-04   -6.4691261E-04
 7.2900    9.4344600E-07    6.3006008E-04   -6.3006008E-04
 7.3000    9.1527580E-07    6.1292532E-04   -6.1292532E-04
 7.3100    8.9108564E-07    5.9836208E-04   -5.9836208E-04
 7.3200    8.7276781E-07    5.8766624E-04   -5.8766624E-04
 7.3300    8.5972240E-07    5.8046503E-04   -5.8046503E-04
 7.3400    8.5005410E-07    5.7550427E-04   -5.7550427E-04
 7.3500    8.4206418E-07    5.7164938E-04   -5.7164938E-04
 7.3600    8.3498660E-07    5.6838813E-04   -5.6838813E-04
 7.3700    8.2863361E-07    5.6559737E-04   -5.6559737E-04
 7.3800    8.2253339E-07    5.6295817E-04   -5.6295817E-04
 7.3900    8.1552308E-07    5.5967383E-04   -5.5967383E-04
 7.4000    8.0623446E-07    5.5479771E-04   -5.5479771E-04
 7.4100    7.9398197E-07    5.4784402E-04   -5.4784402E-04
 7.4200    7.7921158E-07    5.3910464E-04   -5.3910464E-04
 7.4300    7.6322638E-07    5.2946940E-04   -5.2946940E-04
 7.4400    7.4763463E-07    5.2005005E-04   -5.2005005E-04
 7.4500    7.3402228E-07    5.1195484E-04   -5.1195484E-04
 7.4600    7.2382069E-07    5.0619577E-04   -5.0619577E-04
 7.4700    7.1800479E-07    5.0347558E-04   -5.0347558E-04
 7.4800    7.1653582E-07    5.0379165E-04   -5.0379165E-04
 7.4900    7.1796743E-07    5.0614883E-04   -5.0614883E-04
 7.5000    7.1973154E-07    5.0874825E-04   -5.0874825E-04
 7.5100    7.1916838E-07    5.0970667E-04   -5.0970667E-04
 7.5200    7.1476754E-07    5.0793761E-04   -5.0793761E-04
 7.5300    7.0683384E-07    5.0363645E-04   -5.0363645E-04
 7.5400    6.9708456E-07    4.9800995E-04   -4.9800995E-04
 7.5500    6.8739632E-07    4.9239198E-04   -4.9239198E-04
 7.5600    6.7860018E-07    4.8737969E-04   -4.8737969E-04
 7.5700    6.7025610E-07    4.8266121E-04   -4.8266121E-04
 7.5800    6.6151526E-07    4.7762620E-04   -4.7762620E-04
 7.5900    6.5219073E-07    4.7213700E-04   -4.7213700E-04
 7.6000    6.4301862E-07    4.6672450E-04   -4.6672450E-04
 7.6100    6.3494823E-07    4.6208035E-04   -4.6208035E-04
 7.6200    6.2822362E-07    4.5838887E-04   -4.5838887E-04
 7.6300    6.2212294E-07    4.5512968E-04   -4.5512968E-04
 7.6400    6.1554468E-07    4.5149834E-04   -4.5149834E-04
 7.6500    6.0788514E-07    4.4704811E-04   -4.4704811E-04
 7.6600    5.9947312E-07    4.4201511E-04   -4.4201511E-04
 7.6700    5.9129668E-07    4.3712539E-04   -4.3712539E-04
 7.6800    5.8438421E-07    4.3314248E-04   -4.3314248E-04
 7.6900    5.7937855E-07    4.3055135E-04   -4.3055135E-04
 7.7000    5.7648091E-07    4.2951293E-04   -4.2951293E-04
 7.7100    5.7553388E-07    4.2992184E-04   -4.2992184E-04
 7.7200    5.7600672E-07    4.3139192E-04   -4.3139192E-04
 7.7300    5.7694911E-07    4.3321787E-04   -4.3321787E-04
 7.7400    5.7716683E-07    4.3450337E-04   -4.3450337E-04
 7.7500    5.7569783E-07    4.3451809E-04   -4.3451809E-04
 7.7600    5.7229915E-07    4.3306831E-04   -4.3306831E-04
 7.7700    5.6750134E-07    4.3054524E-04   -4.3054524E-04
 7.7800    5.6209313E-07    4.2754057E-04   -4.2754057E-04
 7.7900    5.5643734E-07    4.2432737E-04   -4.2432737E-04
 7.8000    5.5025124E-07    4.2068797E-04   -4.2068797E-04
 7.8100    5.4310649E-07    4.1629091E-04   -4.1629091E-04
 7.8200    5.3522215E-07    4.1129880E-04   -4.1129880E-04
 7.8300    5.2778792E-07    4.0662384E-04   -4.0662384E-04
 7.8400    5.2241120E-07    4.0351016E-04   -4.0351016E-04
 7.8500    5.2003410E-07    4.0269942E-04   -4.0269942E-04
 7.8600    5.2015752E-07    4.0382187E-04   -4.0382187E-04
 7.8700    5.2100560E-07    4.0551014E-04   -4.0551014E-04
 7.8800    5.2053030E-07    4.0617044E-04   -4.0617044E-04
 7.8900    5.1752407E-07    4.0485026E-04   -4.0485026E-04
 7.9000    5.1210355E-07    4.0162602E-04   -4.0162602E-04
 7.9100    5.0538087E-07    3.9735770E-04   -3.9735770E-04
 7.9200    4.9870969E-07    3.9310452E-04   -3.9310452E-04
 7.9300    4.9305829E-07    3.8963190E-04   -3.8963190E-04
 7.9400    4.8883688E-07    3.8727087E-04   -3.8727087E-04
 7.9500    4.8613212E-07    3.8609879E-04   -3.8609879E-04
 7.9600    4.8499712E-07    3.8616700E-04   -3.8616700E-04
 7.9700    4.8542386E-07    3.8747851E-04   -3.8747851E-04
 7.9800    4.8699471E-07    3.8970851E-04   -3.8970851E-04
 7.9900    4.8866753E-07    3.9202784E-04   -3.9202784E-04
 8.0000    4.8912502E-07    3.9337769E-04   -3.9337769E-04
 8.0100    4.8751372E-07    3.9306262E-04   -3.9306262E-04
 8.0200    4.8390235E-07    3.9112568E-04   -3.9112568E-04
 8.0300    4.7905093E-07    3.8817060E-04   -3.8817060E-04
 8.0400    4.7378741E-07    3.8486240E-04   -3.8486240E-04
 8.0500    4.6858056E-07    3.8158025E-04   -3.8158025E-04
 8.0600    4.6354286E-07    3.7841631E-04   -3.7841631E-04
 8.0700    4.5865776E-07    3.7535800E-04   -3.7535800E-04
 8.0800    4.5395515E-07    3.7243075E-04   -3.7243075E-04
 8.0900    4.4953080E-07    3.6971439E-04   -3.6971439E-04
 8.1000    4.4544753E-07    3.6726239E-04   -3.6726239E-04
 8.1100    4.4163017E-07    3.6501466E-04   -3.6501466E-04
 8.1200    4.3789451E-07    3.6282017E-04   -3.6282017E-04
 8.1300    4.3415698E-07    3.6060998E-04   -3.6060998E-04
 8.1400    4.3066962E-07    3.5859391E-04   -3.5859391E-04
 8.1500    4.2802388E-07    3.5726715E-04   -3.5726715E-04
 8.1600    4.2683308E-07    3.5714802E-04   -3.5714802E-04
 8.1700    4.2729897E-07    3.5841471E-04   -3.5841471E-04
 8.1800    4.2898274E-07    3.6070842E-04   -3.6070842E-04
 8.1900    4.3092593E-07    3.6322881E-04   -3.6322881E-04
 8.2000    4.3201375E-07    3.6503553E-04   -3.6503553E-04
 8.2100    4.3137822E-07    3.6538810E-04   -3.6538810E-04
 8.2200    4.2868979E-07    3.6399602E-04   -3.6399602E-04
 8.2300    4.2424181E-07    3.6109627E-04   -3.6109627E-04
 8.2400    4.1878129E-07    3.5731526E-04   -3.5731526E-04
 8.2500    4.1315826E-07    3.5337368E-04   -3.5337368E-04
 8.2600    4.0800354E-07    3.4981135E-04   -3.4981135E-04
 8.2700    4.0364044E-07    3.4690899E-04   -3.4690899E-04
 8.2800    4.0025748E-07    3.4483394E-04   -3.4483394E-04
 8.2900    3.9817221E-07    3.4386650E-04   -3.4386650E-04
 8.3000    3.9795566E-07    3.4450913E-04   -3.4450913E-04
 8.3100    4.0027042E-07    3.4734848E-04   -3.4734848E-04
 8.3200    4.0541414E-07    3.5265935E-04   -3.5265935E-04
 8.3300    4.1272544E-07    3.5988281E-04   -3.5988281E-04
 8.3400    4.2022442E-07    3.6730196E-04   -3.6730196E-04
 8.3500    4.2497436E-07    3.7234501E-04   -3.7234501E-04
 8.3600    4.2431844E-07    3.7266132E-04   -3.7266132E-04
 8.3700    4.1736724E-07    3.6743383E-04   -3.6743383E-04
 8.3800    4.0562440E-07    3.5794968E-04   -3.5794968E-04
 8.3900    3.9217335E-07    3.4690605E-04   -3.4690605E-04
 8.4000    3.8002968E-07    3.3696590E-04   -3.3696590E-04
 8.4100    3.7087717E-07    3.2963397E-04   -3.2963397E-04
 8.4200    3.6489170E-07    3.2508583E-04   -3.2508583E-04
 8.4300    3.6140433E-07    3.2274414E-04   -3.2274414E-04
 8.4400    3.5968667E-07    3.2197274E-04   -3.2197274E-04
 8.4500    3.5932946E-07    3.2241564E-04   -3.2241564E-04
 8.4600    3.6012855E-07    3.2389790E-04   -3.2389790E-04
 8.4700    3.6174649E-07    3.2612269E-04   -3.2612269E-04
 8.4800    3.6353723E-07    3.2851142E-04   -3.2851142E-04
 8.4900    3.6474507E-07    3.3038071E-04   -3.3038071E-04
 8.5000    3.6491765E-07    3.3131614E-04   -3.3131614E-04
 8.5100    3.6413695E-07    3.3138568E-04   -3.3138568E-04
 8.5200    3.6284002E-07    3.3098189E-04   -3.3098189E-04
 8.5300    3.6140758E-07    3.3044957E-04   -3.3044957E-04
 8.5400    3.5989634E-07    3.2983978E-04   -3.2983978E-04
 8.5500    3.5809745E-07    3.2896017E-04   -3.2896017E-04
 8.5600    3.5579399E-07    3.2760914E-04   -3.2760914E-04
 8.5700    3.5298712E-07    3.2578447E-04   -3.2578447E-04
 8.5800    3.4996060E-07    3.2374539E-04   -3.2374539E-04
 8.5900    3.4717226E-07    3.2191500E-04   -3.2191500E-04
 8.6000    3.4503792E-07    3.2068127E-04   -3.2068127E-04
 8.6100    3.4374084E-07    3.2021915E-04   -3.2021915E-04
 8.6200    3.4320535E-07    3.2046340E-04   -3.2046340E-04
 8.6300    3.4324516E-07    3.2124463E-04   -3.2124463E-04
 8.6400    3.4373252E-07    3.2244673E-04   -3.2244673E-04
 8.6500    3.4462228E-07    3.2403016E-04   -3.2403016E-04
 8.6600    3.4583000E-07    3.2591797E-04   -3.2591797E-04
 8.6700    3.4711768E-07    3.2788745E-04   -3.2788745E-04
 8.6800    3.4811897E-07    3.2959226E-04   -3.2959226E-04
 8.6900    3.4848241E-07    3.3069702E-04   -3.3069702E-04
 8.7000    3.4800606E-07    3.3100547E-04   -3.3100547E-04
 8.7100    3.4667651E-07    3.3049933E-04   -3.3049933E-04
 8.7200    3.4463318E-07    3.2930621E-04   -3.2930621E-04
 8.7300    3.4211573E-07    3.2765092E-04   -3.2765092E-04
 8.7400    3.3940291E-07    3.2579791E-04   -3.2579791E-04
 8.7500    3.3672452E-07    3.2396695E-04   -3.2396695E-04
 8.7600    3.3418296E-07    3.2225701E-04   -3.2225701E-04
 8.7700    3.3175719E-07    3.2064863E-04   -3.2064863E-04
 8.7800    3.2938963E-07    3.1908679E-04   -3.1908679E-04
 8.7900    3.2707043E-07    3.1756227E-04   -3.1756227E-04
 8.8000    3.2485341E-07    3.1612777E-04   -3.1612777E-04
