# total charge: 13.000000 
# r(A)     rho (e/A^3)     4*pi*r^2*rho(e/A)  dip  
 0.0000    1.8966032E+00    0.0000000E+00    1.0372499E+02
 0.0100    1.8982826E+00    2.3854522E-03    1.0320528E+02
 0.0200    1.9004032E+00    9.5524682E-03    1.0166155E+02
 0.0300    1.9030526E+00    2.1523017E-02    9.9139309E+01
 0.0400    1.9063224E+00    3.8328887E-02    9.5711908E+01
 0.0500    1.9103110E+00    6.0014191E-02    9.1476971E+01
 0.0600    1.9151233E+00    8.6638135E-02    8.6551759E+01
 0.0700    1.9208580E+00    1.1827725E-01    8.1067745E+01
 0.0800    1.9275815E+00    1.5502531E-01    7.5164778E+01
 0.0900    1.9353027E+00    1.9698982E-01    6.8985175E+01
 0.1000    1.9439713E+00    2.4428663E-01    6.2668102E+01
 0.1100    1.9535055E+00    2.9703654E-01    5.6344529E+01
 0.1200    1.9638332E+00    3.5536689E-01    5.0133007E+01
 0.1300    1.9749198E+00    4.1941701E-01    4.4136417E+01
 0.1400    1.9867616E+00    4.8934110E-01    3.8439800E+01
 0.1500    1.9993446E+00    5.6530136E-01    3.3109274E+01
 0.1600    2.0125924E+00    6.4744914E-01    2.8191968E+01
 0.1700    2.0263428E+00    7.3590310E-01    2.3716857E+01
 0.1800    2.0403787E+00    8.3074102E-01    1.9696300E+01
 0.1900    2.0545050E+00    9.3201795E-01    1.6128094E+01
 0.2000    2.0686238E+00    1.0398037E+00    1.2997848E+01
 0.2100    2.0827453E+00    1.1542094E+00    1.0281526E+01
 0.2200    2.0969123E+00    1.2753679E+00    7.9480262E+00
 0.2300    2.1110859E+00    1.4033676E+00    5.9616623E+00
 0.2400    2.1250956E+00    1.5381929E+00    4.2843849E+00
 0.2500    2.1387229E+00    1.6797490E+00    2.8776091E+00
 0.2600    2.1518751E+00    1.8279892E+00    1.7035828E+00
 0.2700    2.1647049E+00    1.9830611E+00    7.2638193E-01
 0.2800    2.1775583E+00    2.1453379E+00   -8.7320506E-02
 0.2900    2.1907677E+00    2.3152729E+00   -7.6761447E-01
 0.3000    2.2044310E+00    2.4931528E+00   -1.3408722E+00
 0.3100    2.2183035E+00    2.6788859E+00   -1.8295129E+00
 0.3200    2.2318400E+00    2.8719236E+00   -2.2520606E+00
 0.3300    2.2443562E+00    3.0713515E+00   -2.6234836E+00
 0.3400    2.2552558E+00    3.2761480E+00   -2.9557710E+00
 0.3500    2.2642481E+00    3.4855391E+00   -3.2586416E+00
 0.3600    2.2714420E+00    3.6992742E+00   -3.5401797E+00
 0.3700    2.2772393E+00    3.9176171E+00   -3.8071742E+00
 0.3800    2.2820615E+00    4.1409921E+00   -4.0650859E+00
 0.3900    2.2860724E+00    4.3694729E+00   -4.3178225E+00
 0.4000    2.2890945E+00    4.6024976E+00   -4.5677017E+00
 0.4100    2.2908274E+00    4.8391596E+00   -4.8159516E+00
 0.4200    2.2912539E+00    5.0790402E+00   -5.0637150E+00
 0.4300    2.2909000E+00    5.3229564E+00   -5.3129372E+00
 0.4400    2.2906243E+00    5.5727438E+00   -5.5662587E+00
 0.4500    2.2909626E+00    5.8297897E+00   -5.8256339E+00
 0.4600    2.2915158E+00    6.0932415E+00   -6.0906049E+00
 0.4700    2.2909691E+00    6.3595269E+00   -6.3578708E+00
 0.4800    2.2878684E+00    6.6240466E+00   -6.6230166E+00
 0.4900    2.2815894E+00    6.8839787E+00   -6.8833446E+00
 0.5000    2.2726688E+00    7.1397995E+00   -7.1394130E+00
 0.5100    2.2621583E+00    7.3938937E+00   -7.3936604E+00
 0.5200    2.2505304E+00    7.6471820E+00   -7.6470426E+00
 0.5300    2.2371195E+00    7.8967934E+00   -7.8967110E+00
 0.5400    2.2206716E+00    8.1373262E+00   -8.1372779E+00
 0.5500    2.2006195E+00    8.3652744E+00   -8.3652464E+00
 0.5600    2.1780229E+00    8.5831827E+00   -8.5831666E+00
 0.5700    2.1553207E+00    8.7997730E+00   -8.7997639E+00
 0.5800    2.1349736E+00    9.0252319E+00   -9.0252267E+00
 0.5900    2.1179725E+00    9.2647605E+00   -9.2647576E+00
 0.6000    2.1032908E+00    9.5150634E+00   -9.5150618E+00
 0.6100    2.0886294E+00    9.7663191E+00   -9.7663183E+00
 0.6200    2.0718579E+00    1.0008136E+01   -1.0008136E+01
 0.6300    2.0521479E+00    1.0235277E+01   -1.0235277E+01
 0.6400    2.0301177E+00    1.0449392E+01   -1.0449392E+01
 0.6500    2.0070544E+00    1.0656037E+01   -1.0656037E+01
 0.6600    1.9838622E+00    1.0859485E+01   -1.0859485E+01
 0.6700    1.9604345E+00    1.1058897E+01   -1.1058897E+01
 0.6800    1.9357293E+00    1.1247923E+01   -1.1247923E+01
 0.6900    1.9083752E+00    1.1417521E+01   -1.1417521E+01
 0.7000    1.8774475E+00    1.1560423E+01   -1.1560423E+01
 0.7100    1.8430312E+00    1.1675064E+01   -1.1675064E+01
 0.7200    1.8062368E+00    1.1766561E+01   -1.1766561E+01
 0.7300    1.7686140E+00    1.1843734E+01   -1.1843734E+01
 0.7400    1.7313801E+00    1.1914223E+01   -1.1914223E+01
 0.7500    1.6950571E+00    1.1981653E+01   -1.1981653E+01
 0.7600    1.6597101E+00    1.2046733E+01   -1.2046733E+01
 0.7700    1.6253934E+00    1.2110158E+01   -1.2110158E+01
 0.7800    1.5923000E+00    1.2173738E+01   -1.2173738E+01
 0.7900    1.5605031E+00    1.2238514E+01   -1.2238514E+01
 0.8000    1.5296116E+00    1.2301866E+01   -1.2301866E+01
 0.8100    1.4987100E+00    1.2356558E+01   -1.2356558E+01
 0.8200    1.4666894E+00    1.2392979E+01   -1.2392979E+01
 0.8300    1.4327655E+00    1.2403412E+01   -1.2403412E+01
 0.8400    1.3968767E+00    1.2385870E+01   -1.2385870E+01
 0.8500    1.3597401E+00    1.2345356E+01   -1.2345356E+01
 0.8600    1.3225305E+00    1.2291715E+01   -1.2291715E+01
 0.8700    1.2863420E+00    1.2235023E+01   -1.2235023E+01
 0.8800    1.2517297E+00    1.2181079E+01   -1.2181079E+01
 0.8900    1.2185940E+00    1.2129668E+01   -1.2129668E+01
 0.9000    1.1864281E+00    1.2076367E+01   -1.2076367E+01
 0.9100    1.1546965E+00    1.2016016E+01   -1.2016016E+01
 0.9200    1.1230687E+00    1.1945156E+01   -1.1945156E+01
 0.9300    1.0914232E+00    1.1862301E+01   -1.1862301E+01
 0.9400    1.0597419E+00    1.1766998E+01   -1.1766998E+01
 0.9500    1.0280510E+00    1.1659280E+01   -1.1659280E+01
 0.9600    9.9643846E-01    1.1539920E+01   -1.1539920E+01
 0.9700    9.6506080E-01    1.1410588E+01   -1.1410588E+01
 0.9800    9.3406826E-01    1.1273029E+01   -1.1273029E+01
 0.9900    9.0349952E-01    1.1127771E+01   -1.1127771E+01
 1.0000    8.7326008E-01    1.0973710E+01   -1.0973710E+01
 1.0100    8.4323008E-01    1.0809328E+01   -1.0809328E+01
 1.0200    8.1342269E-01    1.0634731E+01   -1.0634731E+01
 1.0300    7.8406376E-01    1.0452874E+01   -1.0452874E+01
 1.0400    7.5552501E-01    1.0268935E+01   -1.0268935E+01
 1.0500    7.2815316E-01    1.0088142E+01   -1.0088142E+01
 1.0600    7.0210838E-01    9.9134712E+00   -9.9134712E+00
 1.0700    6.7731379E-01    9.7446745E+00   -9.7446745E+00
 1.0800    6.5353727E-01    9.5791668E+00   -9.5791668E+00
 1.0900    6.3053794E-01    9.4139976E+00   -9.4139976E+00
 1.1000    6.0817410E-01    9.2474748E+00   -9.2474748E+00
 1.1100    5.8641009E-01    9.0794023E+00   -9.0794023E+00
 1.1200    5.6524340E-01    8.9100760E+00   -8.9100760E+00
 1.1300    5.4463373E-01    8.7391921E+00   -8.7391921E+00
 1.1400    5.2450091E-01    8.5657582E+00   -8.5657582E+00
 1.1500    5.0478201E-01    8.3889849E+00   -8.3889849E+00
 1.1600    4.8547855E-01    8.2091064E+00   -8.2091064E+00
 1.1700    4.6664477E-01    8.0272723E+00   -8.0272723E+00
 1.1800    4.4833947E-01    7.8447815E+00   -7.8447815E+00
 1.1900    4.3059757E-01    7.6625860E+00   -7.6625860E+00
 1.2000    4.1344113E-01    7.4814545E+00   -7.4814545E+00
 1.2100    3.9689834E-01    7.3023036E+00   -7.3023036E+00
 1.2200    3.8099884E-01    7.1261208E+00   -7.1261208E+00
 1.2300    3.6575366E-01    6.9535850E+00   -6.9535850E+00
 1.2400    3.5114963E-01    6.7849312E+00   -6.7849312E+00
 1.2500    3.3716743E-01    6.6202670E+00   -6.6202670E+00
 1.2600    3.2380111E-01    6.4599519E+00   -6.4599519E+00
 1.2700    3.1105378E-01    6.3045310E+00   -6.3045310E+00
 1.2800    2.9891006E-01    6.1541819E+00   -6.1541819E+00
 1.2900    2.8731142E-01    6.0081694E+00   -6.0081694E+00
 1.3000    2.7616513E-01    5.8649648E+00   -5.8649648E+00
 1.3100    2.6539612E-01    5.7233068E+00   -5.7233068E+00
 1.3200    2.5501214E-01    5.5836551E+00   -5.5836551E+00
 1.3300    2.4512380E-01    5.4487718E+00   -5.4487718E+00
 1.3400    2.3588238E-01    5.3224914E+00   -5.3224914E+00
 1.3500    2.2736859E-01    5.2072434E+00   -5.2072434E+00
 1.3600    2.1951894E-01    5.1022258E+00   -5.1022258E+00
 1.3700    2.1215156E-01    5.0037687E+00   -5.0037687E+00
 1.3800    2.0507188E-01    4.9076563E+00   -4.9076563E+00
 1.3900    1.9817924E-01    4.8116898E+00   -4.8116898E+00
 1.4000    1.9150148E-01    4.7166980E+00   -4.7166980E+00
 1.4100    1.8513829E-01    4.6253471E+00   -4.6253471E+00
 1.4200    1.7915735E-01    4.5396377E+00   -4.5396377E+00
 1.4300    1.7352064E-01    4.4589548E+00   -4.4589548E+00
 1.4400    1.6809439E-01    4.3801407E+00   -4.3801407E+00
 1.4500    1.6273045E-01    4.2994678E+00   -4.2994678E+00
 1.4600    1.5735182E-01    4.2149007E+00   -4.2149007E+00
 1.4700    1.5197830E-01    4.1269207E+00   -4.1269207E+00
 1.4800    1.4668014E-01    4.0374262E+00   -4.0374262E+00
 1.4900    1.4150328E-01    3.9477432E+00   -3.9477432E+00
 1.5000    1.3642845E-01    3.8574234E+00   -3.8574234E+00
 1.5100    1.3139677E-01    3.7648568E+00   -3.7648568E+00
 1.5200    1.2638165E-01    3.6692818E+00   -3.6692818E+00
 1.5300    1.2144991E-01    3.5726455E+00   -3.5726455E+00
 1.5400    1.1676164E-01    3.4797777E+00   -3.4797777E+00
 1.5500    1.1250078E-01    3.3964778E+00   -3.3964778E+00
 1.5600    1.0877856E-01    3.3266136E+00   -3.3266136E+00
 1.5700    1.0557610E-01    3.2702034E+00   -3.2702034E+00
 1.5800    1.0276779E-01    3.2238963E+00   -3.2238963E+00
 1.5900    1.0020488E-01    3.1834129E+00   -3.1834129E+00
 1.6000    9.7790726E-02    3.1459187E+00   -3.1459187E+00
 1.6100    9.5496082E-02    3.1106215E+00   -3.1106215E+00
 1.6200    9.3323411E-02    3.0777299E+00   -3.0777299E+00
 1.6300    9.1266301E-02    3.0471619E+00   -3.0471619E+00
 1.6400    8.9294162E-02    3.0180097E+00   -3.0180097E+00
 1.6500    8.7361697E-02    2.9888135E+00   -2.9888135E+00
 1.6600    8.5431888E-02    2.9583261E+00   -2.9583261E+00
 1.6700    8.3500810E-02    2.9263987E+00   -2.9263987E+00
 1.6800    8.1606721E-02    2.8943720E+00   -2.8943720E+00
 1.6900    7.9807760E-02    2.8643652E+00   -2.8643652E+00
 1.7000    7.8135735E-02    2.8376407E+00   -2.8376407E+00
 1.7100    7.6559839E-02    2.8132161E+00   -2.8132161E+00
 1.7200    7.4993537E-02    2.7879860E+00   -2.7879860E+00
 1.7300    7.3346168E-02    2.7585414E+00   -2.7585414E+00
 1.7400    7.1584824E-02    2.7235122E+00   -2.7235122E+00
 1.7500    6.9761400E-02    2.6847333E+00   -2.6847333E+00
 1.7600    6.7982566E-02    2.6462615E+00   -2.6462615E+00
 1.7700    6.6340367E-02    2.6117660E+00   -2.6117660E+00
 1.7800    6.4851469E-02    2.5820799E+00   -2.5820799E+00
 1.7900    6.3451580E-02    2.5548086E+00   -2.5548086E+00
 1.8000    6.2053960E-02    2.5265295E+00   -2.5265295E+00
 1.8100    6.0628769E-02    2.4960068E+00   -2.4960068E+00
 1.8200    5.9234517E-02    2.4656276E+00   -2.4656276E+00
 1.8300    5.7964327E-02    2.4393428E+00   -2.4393428E+00
 1.8400    5.6843587E-02    2.4183936E+00   -2.4183936E+00
 1.8500    5.5769968E-02    2.3985773E+00   -2.3985773E+00
 1.8600    5.4561531E-02    2.3720416E+00   -2.3720416E+00
 1.8700    5.3082977E-02    2.3326434E+00   -2.3326434E+00
 1.8800    5.1343417E-02    2.2803963E+00   -2.2803963E+00
 1.8900    4.9483569E-02    2.2212349E+00   -2.2212349E+00
 1.9000    4.7673415E-02    2.1626853E+00   -2.1626853E+00
 1.9100    4.6015504E-02    2.1095061E+00   -2.1095061E+00
 1.9200    4.4525294E-02    2.0626195E+00   -2.0626195E+00
 1.9300    4.3178344E-02    2.0211124E+00   -2.0211124E+00
 1.9400    4.1964126E-02    1.9846846E+00   -1.9846846E+00
 1.9500    4.0903504E-02    1.9545176E+00   -1.9545176E+00
 1.9600    4.0031849E-02    1.9325363E+00   -1.9325363E+00
 1.9700    3.9371267E-02    1.9200906E+00   -1.9200906E+00
 1.9800    3.8908087E-02    1.9168147E+00   -1.9168147E+00
 1.9900    3.8582205E-02    1.9200081E+00   -1.9200081E+00
 2.0000    3.8294867E-02    1.9249100E+00   -1.9249100E+00
 2.0100    3.7937891E-02    1.9260837E+00   -1.9260837E+00
 2.0200    3.7433112E-02    1.9194135E+00   -1.9194135E+00
 2.0300    3.6759574E-02    1.9035856E+00   -1.9035856E+00
 2.0400    3.5952069E-02    1.8801569E+00   -1.8801569E+00
 2.0500    3.5073377E-02    1.8522311E+00   -1.8522311E+00
 2.0600    3.4178768E-02    1.8226392E+00   -1.8226392E+00
 2.0700    3.3295026E-02    1.7927921E+00   -1.7927921E+00
 2.0800    3.2425934E-02    1.7629055E+00   -1.7629055E+00
 2.0900    3.1576200E-02    1.7332543E+00   -1.7332543E+00
 2.1000    3.0770585E-02    1.7052349E+00   -1.7052349E+00
 2.1100    3.0050279E-02    1.6812151E+00   -1.6812151E+00
 2.1200    2.9451246E-02    1.6633562E+00   -1.6633562E+00
 2.1300    2.8985252E-02    1.6525178E+00   -1.6525178E+00
 2.1400    2.8637082E-02    1.6480340E+00   -1.6480340E+00
 2.1500    2.8372587E-02    1.6481082E+00   -1.6481082E+00
 2.1600    2.8144659E-02    1.6501118E+00   -1.6501118E+00
 2.1700    2.7894114E-02    1.6506002E+00   -1.6506002E+00
 2.1800    2.7555238E-02    1.6456104E+00   -1.6456104E+00
 2.1900    2.7074389E-02    1.6317618E+00   -1.6317618E+00
 2.2000    2.6434774E-02    1.6077956E+00   -1.6077956E+00
 2.2100    2.5668895E-02    1.5754390E+00   -1.5754390E+00
 2.2200    2.4846577E-02    1.5388007E+00   -1.5388007E+00
 2.2300    2.4045066E-02    1.5026075E+00   -1.5026075E+00
 2.2400    2.3320138E-02    1.4704052E+00   -1.4704052E+00
 2.2500    2.2694148E-02    1.4437393E+00   -1.4437393E+00
 2.2600    2.2163499E-02    1.4225419E+00   -1.4225419E+00
 2.2700    2.1714788E-02    1.4061031E+00   -1.4061031E+00
 2.2800    2.1335300E-02    1.3937289E+00   -1.3937289E+00
 2.2900    2.1012216E-02    1.3846904E+00   -1.3846904E+00
 2.3000    2.0727010E-02    1.3778508E+00   -1.3778508E+00
 2.3100    2.0454295E-02    1.3715711E+00   -1.3715711E+00
 2.3200    2.0166804E-02    1.3640269E+00   -1.3640269E+00
 2.3300    1.9841663E-02    1.3536294E+00   -1.3536294E+00
 2.3400    1.9464989E-02    1.3393551E+00   -1.3393551E+00
 2.3500    1.9036176E-02    1.3210684E+00   -1.3210684E+00
 2.3600    1.8571787E-02    1.2998330E+00   -1.2998330E+00
 2.3700    1.8104177E-02    1.2778661E+00   -1.2778661E+00
 2.3800    1.7670454E-02    1.2577997E+00   -1.2577997E+00
 2.3900    1.7295537E-02    1.2414799E+00   -1.2414799E+00
 2.4000    1.6980324E-02    1.2290748E+00   -1.2290748E+00
 2.4100    1.6703622E-02    1.2191428E+00   -1.2191428E+00
 2.4200    1.6435849E-02    1.2095748E+00   -1.2095748E+00
 2.4300    1.6154201E-02    1.1986928E+00   -1.1986928E+00
 2.4400    1.5850136E-02    1.1858302E+00   -1.1858302E+00
 2.4500    1.5527933E-02    1.1712664E+00   -1.1712664E+00
 2.4600    1.5199252E-02    1.1558522E+00   -1.1558522E+00
 2.4700    1.4878300E-02    1.1406623E+00   -1.1406623E+00
 2.4800    1.4578169E-02    1.1267205E+00   -1.1267205E+00
 2.4900    1.4306742E-02    1.1146777E+00   -1.1146777E+00
 2.5000    1.4062625E-02    1.1044759E+00   -1.1044759E+00
 2.5100    1.3834313E-02    1.0952542E+00   -1.0952542E+00
 2.5200    1.3604909E-02    1.0856919E+00   -1.0856919E+00
 2.5300    1.3360514E-02    1.0746674E+00   -1.0746674E+00
 2.5400    1.3097476E-02    1.0618542E+00   -1.0618542E+00
 2.5500    1.2824183E-02    1.0479002E+00   -1.0479002E+00
 2.5600    1.2556093E-02    1.0340566E+00   -1.0340566E+00
 2.5700    1.2306444E-02    1.0214302E+00   -1.0214302E+00
 2.5800    1.2078165E-02    1.0102998E+00   -1.0102998E+00
 2.5900    1.1862574E-02    9.9997313E-01   -9.9997313E-01
 2.6000    1.1646070E-02    9.8931812E-01   -9.8931812E-01
 2.6100    1.1419624E-02    9.7755833E-01   -9.7755833E-01
 2.6200    1.1183034E-02    9.6465516E-01   -9.6465516E-01
 2.6300    1.0940170E-02    9.5092318E-01   -9.5092318E-01
 2.6400    1.0689977E-02    9.3625570E-01   -9.3625570E-01
 2.6500    1.0423010E-02    9.1980288E-01   -9.1980288E-01
 2.6600    1.0128739E-02    9.0059293E-01   -9.0059293E-01
 2.6700    9.8080687E-03    8.7864995E-01   -8.7864995E-01
 2.6800    9.4793900E-03    8.5557847E-01   -8.5557847E-01
 2.6900    9.1717392E-03    8.3400013E-01   -8.3400013E-01
 2.7000    8.9098841E-03    8.1622416E-01   -8.1622416E-01
 2.7100    8.7023536E-03    8.0312875E-01   -8.0312875E-01
 2.7200    8.5400132E-03    7.9397388E-01   -7.9397388E-01
 2.7300    8.4044333E-03    7.8712479E-01   -7.8712479E-01
 2.7400    8.2789395E-03    7.8106234E-01   -7.8106234E-01
 2.7500    8.1547185E-03    7.7496881E-01   -7.7496881E-01
 2.7600    8.0293742E-03    7.6861655E-01   -7.6861655E-01
 2.7700    7.9016845E-03    7.6188441E-01   -7.6188441E-01
 2.7800    7.7685011E-03    7.5446081E-01   -7.5446081E-01
 2.7900    7.6262725E-03    7.4598585E-01   -7.4598585E-01
 2.8000    7.4748193E-03    7.3642178E-01   -7.3642178E-01
 2.8100    7.3196113E-03    7.2629077E-01   -7.2629077E-01
 2.8200    7.1709749E-03    7.1661564E-01   -7.1661564E-01
 2.8300    7.0409902E-03    7.0862501E-01   -7.0862501E-01
 2.8400    6.9392530E-03    7.0333020E-01   -7.0333020E-01
 2.8500    6.8682326E-03    7.0104288E-01   -7.0104288E-01
 2.8600    6.8195260E-03    7.0096465E-01   -7.0096465E-01
 2.8700    6.7737222E-03    7.0113402E-01   -7.0113402E-01
 2.8800    6.7064939E-03    6.9902124E-01   -6.9902124E-01
 2.8900    6.5999589E-03    6.9270254E-01   -6.9270254E-01
 2.9000    6.4531042E-03    6.8198455E-01   -6.8198455E-01
 2.9100    6.2833649E-03    6.6863348E-01   -6.6863348E-01
 2.9200    6.1166676E-03    6.5537587E-01   -6.5537587E-01
 2.9300    5.9719273E-03    6.4425770E-01   -6.4425770E-01
 2.9400    5.8505939E-03    6.3548379E-01   -6.3548379E-01
 2.9500    5.7383188E-03    6.2753588E-01   -6.2753588E-01
 2.9600    5.6169817E-03    6.1843819E-01   -6.1843819E-01
 2.9700    5.4778635E-03    6.0720309E-01   -6.0720309E-01
 2.9800    5.3263541E-03    5.9439127E-01   -5.9439127E-01
 2.9900    5.1758209E-03    5.8147558E-01   -5.8147558E-01
 3.0000    5.0370864E-03    5.6968105E-01   -5.6968105E-01
 3.0100    4.9124918E-03    5.5929984E-01   -5.5929984E-01
 3.0200    4.7980074E-03    5.4990120E-01   -5.4990120E-01
 3.0300    4.6893973E-03    5.4101855E-01   -5.4101855E-01
 3.0400    4.5860378E-03    5.3259203E-01   -5.3259203E-01
 3.0500    4.4896581E-03    5.2483502E-01   -5.2483502E-01
 3.0600    4.4004816E-03    5.1778913E-01   -5.1778913E-01
 3.0700    4.3151880E-03    5.1107699E-01   -5.1107699E-01
 3.0800    4.2287831E-03    5.0411162E-01   -5.0411162E-01
 3.0900    4.1386284E-03    4.9657317E-01   -4.9657317E-01
 3.1000    4.0469987E-03    4.8872699E-01   -4.8872699E-01
 3.1100    3.9598705E-03    4.8129530E-01   -4.8129530E-01
 3.1200    3.8827495E-03    4.7496151E-01   -4.7496151E-01
 3.1300    3.8166967E-03    4.6987917E-01   -4.6987917E-01
 3.1400    3.7574562E-03    4.6554652E-01   -4.6554652E-01
 3.1500    3.6980588E-03    4.6111026E-01   -4.6111026E-01
 3.1600    3.6327770E-03    4.5585085E-01   -4.5585085E-01
 3.1700    3.5598788E-03    4.4953510E-01   -4.4953510E-01
 3.1800    3.4820071E-03    4.4248011E-01   -4.4248011E-01
 3.1900    3.4044781E-03    4.3535324E-01   -4.3535324E-01
 3.2000    3.3325178E-03    4.2882718E-01   -4.2882718E-01
 3.2100    3.2687398E-03    4.2325323E-01   -4.2325323E-01
 3.2200    3.2121188E-03    4.1851710E-01   -4.1851710E-01
 3.2300    3.1589678E-03    4.1415232E-01   -4.1415232E-01
 3.2400    3.1052430E-03    4.0963351E-01   -4.0963351E-01
 3.2500    3.0488069E-03    4.0467513E-01   -4.0467513E-01
 3.2600    2.9904704E-03    3.9937840E-01   -3.9937840E-01
 3.2700    2.9332664E-03    3.9414577E-01   -3.9414577E-01
 3.2800    2.8801752E-03    3.8938252E-01   -3.8938252E-01
 3.2900    2.8315070E-03    3.8514060E-01   -3.8514060E-01
 3.3000    2.7838432E-03    3.8096275E-01   -3.8096275E-01
 3.3100    2.7317498E-03    3.7610298E-01   -3.7610298E-01
 3.3200    2.6713682E-03    3.7001539E-01   -3.7001539E-01
 3.3300    2.6032363E-03    3.6275376E-01   -3.6275376E-01
 3.3400    2.5321124E-03    3.5496520E-01   -3.5496520E-01
 3.3500    2.4639560E-03    3.4748209E-01   -3.4748209E-01
 3.3600    2.4024579E-03    3.4083501E-01   -3.4083501E-01
 3.3700    2.3476770E-03    3.3504875E-01   -3.3504875E-01
 3.3800    2.2973818E-03    3.2981959E-01   -3.2981959E-01
 3.3900    2.2494590E-03    3.2485334E-01   -3.2485334E-01
 3.4000    2.2032124E-03    3.2005459E-01   -3.2005459E-01
 3.4100    2.1588085E-03    3.1545160E-01   -3.1545160E-01
 3.4200    2.1159527E-03    3.1100547E-01   -3.1100547E-01
 3.4300    2.0733870E-03    3.0653388E-01   -3.0653388E-01
 3.4400    2.0297081E-03    3.0182856E-01   -3.0182856E-01
 3.4500    1.9845734E-03    2.9683507E-01   -2.9683507E-01
 3.4600    1.9390196E-03    2.9170527E-01   -2.9170527E-01
 3.4700    1.8945947E-03    2.8667191E-01   -2.8667191E-01
 3.4800    1.8521777E-03    2.8187139E-01   -2.8187139E-01
 3.4900    1.8115381E-03    2.7727339E-01   -2.7727339E-01
 3.5000    1.7718653E-03    2.7275746E-01   -2.7275746E-01
 3.5100    1.7326790E-03    2.6825154E-01   -2.6825154E-01
 3.5200    1.6944163E-03    2.6382461E-01   -2.6382461E-01
 3.5300    1.6583644E-03    2.5968044E-01   -2.5968044E-01
 3.5400    1.6260015E-03    2.5605740E-01   -2.5605740E-01
 3.5500    1.5980570E-03    2.5308058E-01   -2.5308058E-01
 3.5600    1.5737955E-03    2.5064449E-01   -2.5064449E-01
 3.5700    1.5510331E-03    2.4840901E-01   -2.4840901E-01
 3.5800    1.5270202E-03    2.4593520E-01   -2.4593520E-01
 3.5900    1.4997146E-03    2.4288874E-01   -2.4288874E-01
 3.6000    1.4686230E-03    2.3918019E-01   -2.3918019E-01
 3.6100    1.4347219E-03    2.3495895E-01   -2.3495895E-01
 3.6200    1.3996914E-03    2.3049383E-01   -2.3049383E-01
 3.6300    1.3651175E-03    2.2604408E-01   -2.2604408E-01
 3.6400    1.3321244E-03    2.2179789E-01   -2.2179789E-01
 3.6500    1.3014464E-03    2.1788227E-01   -2.1788227E-01
 3.6600    1.2736651E-03    2.1440123E-01   -2.1440123E-01
 3.6700    1.2492980E-03    2.1145016E-01   -2.1145016E-01
 3.6800    1.2285427E-03    2.0907195E-01   -2.0907195E-01
 3.6900    1.2107533E-03    2.0716590E-01   -2.0716590E-01
 3.7000    1.1940857E-03    2.0542289E-01   -2.0542289E-01
 3.7100    1.1758562E-03    2.0338171E-01   -2.0338171E-01
 3.7200    1.1537149E-03    2.0062925E-01   -2.0062925E-01
 3.7300    1.1269747E-03    1.9703423E-01   -1.9703423E-01
 3.7400    1.0970894E-03    1.9283909E-01   -1.9283909E-01
 3.7500    1.0668325E-03    1.8852487E-01   -1.8852487E-01
 3.7600    1.0387501E-03    1.8454261E-01   -1.8454261E-01
 3.7700    1.0139821E-03    1.8110184E-01   -1.8110184E-01
 3.7800    9.9212356E-04    1.7813909E-01   -1.7813909E-01
 3.7900    9.7193324E-04    1.7543842E-01   -1.7543842E-01
 3.8000    9.5218530E-04    1.7278201E-01   -1.7278201E-01
 3.8100    9.3211297E-04    1.7003110E-01   -1.7003110E-01
 3.8200    9.1140526E-04    1.6712758E-01   -1.6712758E-01
 3.8300    8.9006456E-04    1.6406990E-01   -1.6406990E-01
 3.8400    8.6836832E-04    1.6090750E-01   -1.6090750E-01
 3.8500    8.4689270E-04    1.5774649E-01   -1.5774649E-01
 3.8600    8.2641101E-04    1.5473215E-01   -1.5473215E-01
 3.8700    8.0760030E-04    1.5199464E-01   -1.5199464E-01
 3.8800    7.9070846E-04    1.4958557E-01   -1.4958557E-01
 3.8900    7.7542252E-04    1.4745092E-01   -1.4745092E-01
 3.9000    7.6105315E-04    1.4546351E-01   -1.4546351E-01
 3.9100    7.4690994E-04    1.4349330E-01   -1.4349330E-01
 3.9200    7.3259985E-04    1.4146494E-01   -1.4146494E-01
 3.9300    7.1807852E-04    1.3936923E-01   -1.3936923E-01
 3.9400    7.0351672E-04    1.3723874E-01   -1.3723874E-01
 3.9500    6.8916590E-04    1.3512255E-01   -1.3512255E-01
 3.9600    6.7531597E-04    1.3307830E-01   -1.3307830E-01
 3.9700    6.6228515E-04    1.3117042E-01   -1.3117042E-01
 3.9800    6.5034702E-04    1.2945569E-01   -1.2945569E-01
 3.9900    6.3960156E-04    1.2795733E-01   -1.2795733E-01
 4.0000    6.2989332E-04    1.2664757E-01   -1.2664757E-01
 4.0100    6.2085144E-04    1.2545452E-01   -1.2545452E-01
 4.0200    6.1201033E-04    1.2428557E-01   -1.2428557E-01
 4.0300    6.0291408E-04    1.2304823E-01   -1.2304823E-01
 4.0400    5.9317509E-04    1.2166215E-01   -1.2166215E-01
 4.0500    5.8253767E-04    1.2007260E-01   -1.2007260E-01
 4.0600    5.7096325E-04    1.1826877E-01   -1.1826877E-01
 4.0700    5.5865639E-04    1.1629029E-01   -1.1629029E-01
 4.0800    5.4595540E-04    1.1420559E-01   -1.1420559E-01
 4.0900    5.3314620E-04    1.1207346E-01   -1.1207346E-01
 4.1000    5.2035883E-04    1.0992096E-01   -1.0992096E-01
 4.1100    5.0763171E-04    1.0775620E-01   -1.0775620E-01
 4.1200    4.9505877E-04    1.0559930E-01   -1.0559930E-01
 4.1300    4.8286165E-04    1.0349817E-01   -1.0349817E-01
 4.1400    4.7131804E-04    1.0151369E-01   -1.0151369E-01
 4.1500    4.6061851E-04    9.9689048E-02   -9.9689048E-02
 4.1600    4.5077968E-04    9.8030418E-02   -9.8030418E-02
 4.1700    4.4167688E-04    9.6513183E-02   -9.6513183E-02
 4.1800    4.3314418E-04    9.5103153E-02   -9.5103153E-02
 4.1900    4.2503139E-04    9.3768921E-02   -9.3768921E-02
 4.2000    4.1717184E-04    9.2474807E-02   -9.2474807E-02
 4.2100    4.0933650E-04    9.1170539E-02   -9.1170539E-02
 4.2200    4.0127898E-04    8.9801001E-02   -8.9801001E-02
 4.2300    3.9286208E-04    8.8334572E-02   -8.8334572E-02
 4.2400    3.8413851E-04    8.6781954E-02   -8.6781954E-02
 4.2500    3.7529541E-04    8.5184578E-02   -8.5184578E-02
 4.2600    3.6651761E-04    8.3584146E-02   -8.3584146E-02
 4.2700    3.5789530E-04    8.2001466E-02   -8.2001466E-02
 4.2800    3.4942931E-04    8.0437160E-02   -8.0437160E-02
 4.2900    3.4108905E-04    7.8884599E-02   -7.8884599E-02
 4.3000    3.3286585E-04    7.7342110E-02   -7.7342110E-02
 4.3100    3.2480682E-04    7.5821007E-02   -7.5821007E-02
 4.3200    3.1703331E-04    7.4350218E-02   -7.4350218E-02
 4.3300    3.0973006E-04    7.2974145E-02   -7.2974145E-02
 4.3400    3.0308105E-04    7.1737808E-02   -7.1737808E-02
 4.3500    2.9715611E-04    7.0659904E-02   -7.0659904E-02
 4.3600    2.9181214E-04    6.9708574E-02   -6.9708574E-02
 4.3700    2.8670452E-04    6.8802985E-02   -6.8802985E-02
 4.3800    2.8144377E-04    6.7849981E-02   -6.7849981E-02
 4.3900    2.7580064E-04    6.6793495E-02   -6.6793495E-02
 4.4000    2.6979781E-04    6.5637744E-02   -6.5637744E-02
 4.4100    2.6362305E-04    6.4427372E-02   -6.4427372E-02
 4.4200    2.5746308E-04    6.3207608E-02   -6.3207608E-02
 4.4300    2.5140881E-04    6.2000873E-02   -6.2000873E-02
 4.4400    2.4547705E-04    6.0811637E-02   -6.0811637E-02
 4.4500    2.3967282E-04    5.9641517E-02   -5.9641517E-02
 4.4600    2.3400963E-04    5.8494269E-02   -5.8494269E-02
 4.4700    2.2848831E-04    5.7370533E-02   -5.7370533E-02
 4.4800    2.2309033E-04    5.6266077E-02   -5.6266077E-02
 4.4900    2.1781003E-04    5.5179839E-02   -5.5179839E-02
 4.5000    2.1268797E-04    5.4122497E-02   -5.4122497E-02
 4.5100    2.0779915E-04    5.3113720E-02   -5.3113720E-02
 4.5200    2.0320160E-04    5.2169162E-02   -5.2169162E-02
 4.5300    1.9889493E-04    5.1289680E-02   -5.1289680E-02
 4.5400    1.9482445E-04    5.0462067E-02   -5.0462067E-02
 4.5500    1.9091789E-04    4.9668298E-02   -4.9668298E-02
 4.5600    1.8711681E-04    4.8893639E-02   -4.8893639E-02
 4.5700    1.8338251E-04    4.8128261E-02   -4.8128261E-02
 4.5800    1.7968705E-04    4.7365006E-02   -4.7365006E-02
 4.5900    1.7601037E-04    4.6598666E-02   -4.6598666E-02
 4.6000    1.7234889E-04    4.5828329E-02   -4.5828329E-02
 4.6100    1.6872267E-04    4.5059375E-02   -4.5059375E-02
 4.6200    1.6516656E-04    4.4301247E-02   -4.4301247E-02
 4.6300    1.6170814E-04    4.3561590E-02   -4.3561590E-02
 4.6400    1.5835072E-04    4.2841617E-02   -4.2841617E-02
 4.6500    1.5507565E-04    4.2136588E-02   -4.2136588E-02
 4.6600    1.5185840E-04    4.1440074E-02   -4.1440074E-02
 4.6700    1.4868164E-04    4.0747500E-02   -4.0747500E-02
 4.6800    1.4553629E-04    4.0056487E-02   -4.0056487E-02
 4.6900    1.4241614E-04    3.9365408E-02   -3.9365408E-02
 4.7000    1.3931574E-04    3.8672813E-02   -3.8672813E-02
 4.7100    1.3623429E-04    3.7978525E-02   -3.7978525E-02
 4.7200    1.3318141E-04    3.7285286E-02   -3.7285286E-02
 4.7300    1.3017959E-04    3.6599490E-02   -3.6599490E-02
 4.7400    1.2726204E-04    3.5930681E-02   -3.5930681E-02
 4.7500    1.2446752E-04    3.5290120E-02   -3.5290120E-02
 4.7600    1.2183049E-04    3.4688039E-02   -3.4688039E-02
 4.7700    1.1936467E-04    3.4128910E-02   -3.4128910E-02
 4.7800    1.1704650E-04    3.3606564E-02   -3.3606564E-02
 4.7900    1.1481544E-04    3.3104055E-02   -3.3104055E-02
 4.8000    1.1260159E-04    3.2601447E-02   -3.2601447E-02
 4.8100    1.1036648E-04    3.2087599E-02   -3.2087599E-02
 4.8200    1.0812611E-04    3.1567087E-02   -3.1567087E-02
 4.8300    1.0593838E-04    3.1056855E-02   -3.1056855E-02
 4.8400    1.0386694E-04    3.0575807E-02   -3.0575807E-02
 4.8500    1.0194764E-04    3.0134952E-02   -3.0134952E-02
 4.8600    1.0017302E-04    2.9732620E-02   -2.9732620E-02
 4.8700    9.8492074E-05    2.9354120E-02   -2.9354120E-02
 4.8800    9.6820729E-05    2.8974627E-02   -2.8974627E-02
 4.8900    9.5067353E-05    2.8566628E-02   -2.8566628E-02
 4.9000    9.3172973E-05    2.8112015E-02   -2.8112015E-02
 4.9100    9.1145387E-05    2.7612615E-02   -2.7612615E-02
 4.9200    8.9057218E-05    2.7090012E-02   -2.7090012E-02
 4.9300    8.7003200E-05    2.6572898E-02   -2.6572898E-02
 4.9400    8.5049811E-05    2.6081773E-02   -2.6081773E-02
 4.9500    8.3216621E-05    2.5623021E-02   -2.5623021E-02
 4.9600    8.1494718E-05    2.5194322E-02   -2.5194322E-02
 4.9700    7.9872321E-05    2.4792422E-02   -2.4792422E-02
 4.9800    7.8339047E-05    2.4414444E-02   -2.4414444E-02
 4.9900    7.6871403E-05    2.4053361E-02   -2.4053361E-02
 5.0000    7.5424989E-05    2.3695459E-02   -2.3695459E-02
 5.0100    7.3950331E-05    2.3325203E-02   -2.3325203E-02
 5.0200    7.2422531E-05    2.2934591E-02   -2.2934591E-02
 5.0300    7.0859884E-05    2.2529226E-02   -2.2529226E-02
 5.0400    6.9316313E-05    2.2126177E-02   -2.2126177E-02
 5.0500    6.7853455E-05    2.1745259E-02   -2.1745259E-02
 5.0600    6.6509993E-05    2.1399213E-02   -2.1399213E-02
 5.0700    6.5282997E-05    2.1087538E-02   -2.1087538E-02
 5.0800    6.4127661E-05    2.0796138E-02   -2.0796138E-02
 5.0900    6.2975749E-05    2.0503064E-02   -2.0503064E-02
 5.1000    6.1768000E-05    2.0188951E-02   -2.0188951E-02
 5.1100    6.0488089E-05    1.9848218E-02   -1.9848218E-02
 5.1200    5.9179259E-05    1.9494824E-02   -1.9494824E-02
 5.1300    5.7929087E-05    1.9157608E-02   -1.9157608E-02
 5.1400    5.6826282E-05    1.8866240E-02   -1.8866240E-02
 5.1500    5.5912897E-05    1.8635297E-02   -1.8635297E-02
 5.1600    5.5158868E-05    1.8455449E-02   -1.8455449E-02
 5.1700    5.4471428E-05    1.8296150E-02   -1.8296150E-02
 5.1800    5.3733403E-05    1.8118145E-02   -1.8118145E-02
 5.1900    5.2852357E-05    1.7889942E-02   -1.7889942E-02
 5.2000    5.1798215E-05    1.7600757E-02   -1.7600757E-02
 5.2100    5.0611250E-05    1.7263640E-02   -1.7263640E-02
 5.2200    4.9377323E-05    1.6907462E-02   -1.6907462E-02
 5.2300    4.8186316E-05    1.6562922E-02   -1.6562922E-02
 5.2400    4.7097905E-05    1.6250773E-02   -1.6250773E-02
 5.2500    4.6129893E-05    1.5977577E-02   -1.5977577E-02
 5.2600    4.5267556E-05    1.5738683E-02   -1.5738683E-02
 5.2700    4.4481255E-05    1.5524161E-02   -1.5524161E-02
 5.2800    4.3739804E-05    1.5323379E-02   -1.5323379E-02
 5.2900    4.3015330E-05    1.5126709E-02   -1.5126709E-02
 5.3000    4.2284090E-05    1.4925834E-02   -1.4925834E-02
 5.3100    4.1529744E-05    1.4714929E-02   -1.4714929E-02
 5.3200    4.0749503E-05    1.4492905E-02   -1.4492905E-02
 5.3300    3.9956541E-05    1.4264356E-02   -1.4264356E-02
 5.3400    3.9173050E-05    1.4037177E-02   -1.4037177E-02
 5.3500    3.8417577E-05    1.3818070E-02   -1.3818070E-02
 5.3600    3.7696917E-05    1.3609597E-02   -1.3609597E-02
 5.3700    3.7008476E-05    1.3410953E-02   -1.3410953E-02
 5.3800    3.6348505E-05    1.3220899E-02   -1.3220899E-02
 5.3900    3.5717034E-05    1.3039555E-02   -1.3039555E-02
 5.4000    3.5115628E-05    1.2867608E-02   -1.2867608E-02
 5.4100    3.4541945E-05    1.2704313E-02   -1.2704313E-02
 5.4200    3.3987226E-05    1.2546545E-02   -1.2546545E-02
 5.4300    3.3439087E-05    1.2389790E-02   -1.2389790E-02
 5.4400    3.2887293E-05    1.2230263E-02   -1.2230263E-02
 5.4500    3.2328323E-05    1.2066631E-02   -1.2066631E-02
 5.4600    3.1765861E-05    1.1900241E-02   -1.1900241E-02
 5.4700    3.1207357E-05    1.1733876E-02   -1.1733876E-02
 5.4800    3.0659519E-05    1.1570079E-02   -1.1570079E-02
 5.4900    3.0125935E-05    1.1410248E-02   -1.1410248E-02
 5.5000    2.9607939E-05    1.1254946E-02   -1.1254946E-02
 5.5100    2.9107048E-05    1.1104812E-02   -1.1104812E-02
 5.5200    2.8626223E-05    1.0961048E-02   -1.0961048E-02
 5.5300    2.8168411E-05    1.0824865E-02   -1.0824865E-02
 5.5400    2.7733295E-05    1.0696233E-02   -1.0696233E-02
 5.5500    2.7315027E-05    1.0572981E-02   -1.0572981E-02
 5.5600    2.6903104E-05    1.0451096E-02   -1.0451096E-02
 5.5700    2.6485959E-05    1.0326091E-02   -1.0326091E-02
 5.5800    2.6054852E-05    1.0194522E-02   -1.0194522E-02
 5.5900    2.5606403E-05    1.0055000E-02   -1.0055000E-02
 5.6000    2.5144212E-05    9.9088660E-03   -9.9088660E-03
 5.6100    2.4679899E-05    9.7606549E-03   -9.7606549E-03
 5.6200    2.4231252E-05    9.6174147E-03   -9.6174147E-03
 5.6300    2.3814726E-05    9.4857624E-03   -9.4857624E-03
 5.6400    2.3434772E-05    9.3676101E-03   -9.3676101E-03
 5.6500    2.3078922E-05    9.2581087E-03   -9.2581087E-03
 5.6600    2.2725944E-05    9.1488110E-03   -9.1488110E-03
 5.6700    2.2363166E-05    9.0346069E-03   -9.0346069E-03
 5.6800    2.1998708E-05    8.9187442E-03   -8.9187442E-03
 5.6900    2.1656550E-05    8.8109688E-03   -8.8109688E-03
 5.7000    2.1356046E-05    8.7192760E-03   -8.7192760E-03
 5.7100    2.1090087E-05    8.6409291E-03   -8.6409291E-03
 5.7200    2.0817217E-05    8.5590307E-03   -8.5590307E-03
 5.7300    2.0474554E-05    8.4476043E-03   -8.4476043E-03
 5.7400    2.0008263E-05    8.2840564E-03   -8.2840564E-03
 5.7500    1.9409627E-05    8.0642269E-03   -8.0642269E-03
 5.7600    1.8736601E-05    7.8117015E-03   -7.8117015E-03
 5.7700    1.8100306E-05    7.5726416E-03   -7.5726416E-03
 5.7800    1.7615015E-05    7.3951767E-03   -7.3951767E-03
 5.7900    1.7341713E-05    7.3056519E-03   -7.3056519E-03
 5.8000    1.7267088E-05    7.2993627E-03   -7.2993627E-03
 5.8100    1.7331479E-05    7.3518689E-03   -7.3518689E-03
 5.8200    1.7475820E-05    7.4386375E-03   -7.4386375E-03
 5.8300    1.7664897E-05    7.5449799E-03   -7.5449799E-03
 5.8400    1.7873672E-05    7.6603627E-03   -7.6603627E-03
 5.8500    1.8060927E-05    7.7671491E-03   -7.7671491E-03
 5.8600    1.8162953E-05    7.8377528E-03   -7.8377528E-03
 5.8700    1.8116424E-05    7.8443784E-03   -7.8443784E-03
 5.8800    1.7891295E-05    7.7733155E-03   -7.7733155E-03
 5.8900    1.7507984E-05    7.6326720E-03   -7.6326720E-03
 5.9000    1.7029548E-05    7.4493264E-03   -7.4493264E-03
 5.9100    1.6537686E-05    7.2587121E-03   -7.2587121E-03
 5.9200    1.6105034E-05    7.0927542E-03   -7.0927542E-03
 5.9300    1.5771569E-05    6.9693803E-03   -6.9693803E-03
 5.9400    1.5532439E-05    6.8868786E-03   -6.8868786E-03
 5.9500    1.5345113E-05    6.8267484E-03   -6.8267484E-03
 5.9600    1.5155144E-05    6.7649168E-03   -6.7649168E-03
 5.9700    1.4925577E-05    6.6848189E-03   -6.6848189E-03
 5.9800    1.4651429E-05    6.5840362E-03   -6.5840362E-03
 5.9900    1.4353543E-05    6.4717633E-03   -6.4717633E-03
 6.0000    1.4062043E-05    6.3615185E-03   -6.3615185E-03
 6.0100    1.3803102E-05    6.2652080E-03   -6.2652080E-03
 6.0200    1.3594140E-05    6.1909111E-03   -6.1909111E-03
 6.0300    1.3444349E-05    6.1430532E-03   -6.1430532E-03
 6.0400    1.3356983E-05    6.1233926E-03   -6.1233926E-03
 6.0500    1.3333002E-05    6.1326553E-03   -6.1326553E-03
 6.0600    1.3375000E-05    6.1723265E-03   -6.1723265E-03
 6.0700    1.3485496E-05    6.2438744E-03   -6.2438744E-03
 6.0800    1.3653418E-05    6.3424696E-03   -6.3424696E-03
 6.0900    1.3834334E-05    6.4476685E-03   -6.4476685E-03
 6.1000    1.3945726E-05    6.5209470E-03   -6.5209470E-03
 6.1100    1.3895851E-05    6.5189466E-03   -6.5189466E-03
 6.1200    1.3635066E-05    6.4175601E-03   -6.4175601E-03
 6.1300    1.3189807E-05    6.2282963E-03   -6.2282963E-03
 6.1400    1.2648632E-05    5.9922535E-03   -5.9922535E-03
 6.1500    1.2112131E-05    5.7567937E-03   -5.7567937E-03
 6.1600    1.1647830E-05    5.5541335E-03   -5.5541335E-03
 6.1700    1.1278089E-05    5.3953016E-03   -5.3953016E-03
 6.1800    1.0994929E-05    5.2769044E-03   -5.2769044E-03
 6.1900    1.0779140E-05    5.1900944E-03   -5.1900944E-03
 6.2000    1.0610701E-05    5.1255128E-03   -5.1255128E-03
 6.2100    1.0472645E-05    5.0751567E-03   -5.0751567E-03
 6.2200    1.0353867E-05    5.0337682E-03   -5.0337682E-03
 6.2300    1.0250742E-05    4.9996690E-03   -4.9996690E-03
 6.2400    1.0164458E-05    4.9735130E-03   -4.9735130E-03
 6.2500    1.0094662E-05    4.9552055E-03   -4.9552055E-03
 6.2600    1.0034626E-05    4.9415105E-03   -4.9415105E-03
 6.2700    9.9723855E-06    4.9265626E-03   -4.9265626E-03
 6.2800    9.8968042E-06    4.9048319E-03   -4.9048319E-03
 6.2900    9.8030964E-06    4.8738754E-03   -4.8738754E-03
 6.3000    9.6933323E-06    4.8346392E-03   -4.8346392E-03
 6.3100    9.5727032E-06    4.7896433E-03   -4.7896433E-03
 6.3200    9.4463106E-06    4.7413961E-03   -4.7413961E-03
 6.3300    9.3196754E-06    4.6926490E-03   -4.6926490E-03
 6.3400    9.2009171E-06    4.6475011E-03   -4.6475011E-03
 6.3500    9.1000977E-06    4.6110876E-03   -4.6110876E-03
 6.3600    9.0244759E-06    4.5871832E-03   -4.5871832E-03
 6.3700    8.9729937E-06    4.5753687E-03   -4.5753687E-03
 6.3800    8.9339475E-06    4.5697729E-03   -4.5697729E-03
 6.3900    8.8871708E-06    4.5601078E-03   -4.5601078E-03
 6.4000    8.8100098E-06    4.5346754E-03   -4.5346754E-03
 6.4100    8.6854581E-06    4.4845477E-03   -4.4845477E-03
 6.4200    8.5093142E-06    4.4073190E-03   -4.4073190E-03
 6.4300    8.2923169E-06    4.3083175E-03   -4.3083175E-03
 6.4400    8.0558528E-06    4.1984900E-03   -4.1984900E-03
 6.4500    7.8245900E-06    4.0906365E-03   -4.0906365E-03
 6.4600    7.6207747E-06    3.9964467E-03   -3.9964467E-03
 6.4700    7.4612562E-06    3.9249161E-03   -3.9249161E-03
 6.4800    7.3547195E-06    3.8808423E-03   -3.8808423E-03
 6.4900    7.2980681E-06    3.8628440E-03   -3.8628440E-03
 6.5000    7.2750658E-06    3.8625446E-03   -3.8625446E-03
 6.5100    7.2607751E-06    3.8668277E-03   -3.8668277E-03
 6.5200    7.2305299E-06    3.8625595E-03   -3.8625595E-03
 6.5300    7.1680028E-06    3.8409123E-03   -3.8409123E-03
 6.5400    7.0685101E-06    3.7992095E-03   -3.7992095E-03
 6.5500    6.9383535E-06    3.7406656E-03   -3.7406656E-03
 6.5600    6.7924592E-06    3.6732001E-03   -3.6732001E-03
 6.5700    6.6502781E-06    3.6072846E-03   -3.6072846E-03
 6.5800    6.5291672E-06    3.5523802E-03   -3.5523802E-03
 6.5900    6.4375218E-06    3.5131720E-03   -3.5131720E-03
 6.6000    6.3722187E-06    3.4880959E-03   -3.4880959E-03
 6.6100    6.3222691E-06    3.4712489E-03   -3.4712489E-03
 6.6200    6.2756485E-06    3.4560853E-03   -3.4560853E-03
 6.6300    6.2246791E-06    3.4383801E-03   -3.4383801E-03
 6.6400    6.1679497E-06    3.4173294E-03   -3.4173294E-03
 6.6500    6.1096322E-06    3.3952223E-03   -3.3952223E-03
 6.6600    6.0575041E-06    3.3763856E-03   -3.3763856E-03
 6.6700    6.0201815E-06    3.3656668E-03   -3.3656668E-03
 6.6800    6.0037941E-06    3.3665772E-03   -3.3665772E-03
 6.6900    6.0086783E-06    3.3794113E-03   -3.3794113E-03
 6.7000    6.0271502E-06    3.3999418E-03   -3.3999418E-03
 6.7100    6.0439597E-06    3.4196091E-03   -3.4196091E-03
 6.7200    6.0407907E-06    3.4280109E-03   -3.4280109E-03
 6.7300    6.0039285E-06    3.4172402E-03   -3.4172402E-03
 6.7400    5.9310003E-06    3.3857712E-03   -3.3857712E-03
 6.7500    5.8319646E-06    3.3391220E-03   -3.3391220E-03
 6.7600    5.7231798E-06    3.2865530E-03   -3.2865530E-03
 6.7700    5.6186347E-06    3.2360707E-03   -3.2360707E-03
 6.7800    5.5244133E-06    3.1912102E-03   -3.1912102E-03
 6.7900    5.4394562E-06    3.1514099E-03   -3.1514099E-03
 6.8000    5.3606295E-06    3.1148955E-03   -3.1148955E-03
 6.8100    5.2873402E-06    3.0813522E-03   -3.0813522E-03
 6.8200    5.2222817E-06    3.0523821E-03   -3.0523821E-03
 6.8300    5.1685948E-06    3.0298684E-03   -3.0298684E-03
 6.8400    5.1264263E-06    3.0139552E-03   -3.0139552E-03
 6.8500    5.0916018E-06    3.0022402E-03   -3.0022402E-03
 6.8600    5.0569634E-06    2.9905282E-03   -2.9905282E-03
 6.8700    5.0152784E-06    2.9745302E-03   -2.9745302E-03
 6.8800    4.9624217E-06    2.9517557E-03   -2.9517557E-03
 6.8900    4.8996499E-06    2.9228959E-03   -2.9228959E-03
 6.9000    4.8335880E-06    2.8918627E-03   -2.8918627E-03
 6.9100    4.7732735E-06    2.8640611E-03   -2.8640611E-03
 6.9200    4.7259388E-06    2.8438726E-03   -2.8438726E-03
 6.9300    4.6947814E-06    2.8332944E-03   -2.8332944E-03
 6.9400    4.6798904E-06    2.8324646E-03   -2.8324646E-03
 6.9500    4.6794940E-06    2.8403926E-03   -2.8403926E-03
 6.9600    4.6883449E-06    2.8539601E-03   -2.8539601E-03
 6.9700    4.6949261E-06    2.8661847E-03   -2.8661847E-03
 6.9800    4.6830110E-06    2.8671201E-03   -2.8671201E-03
 6.9900    4.6394874E-06    2.8486180E-03   -2.8486180E-03
 7.0000    4.5624358E-06    2.8093297E-03   -2.8093297E-03
 7.0100    4.4613496E-06    2.7549401E-03   -2.7549401E-03
 7.0200    4.3489092E-06    2.6931741E-03   -2.6931741E-03
 7.0300    4.2326347E-06    2.6286411E-03   -2.6286411E-03
 7.0400    4.1147522E-06    2.5627065E-03   -2.5627065E-03
 7.0500    3.9996861E-06    2.4981241E-03   -2.4981241E-03
 7.0600    3.9003131E-06    2.4429734E-03   -2.4429734E-03
 7.0700    3.8348287E-06    2.4087662E-03   -2.4087662E-03
 7.0800    3.8149482E-06    2.4030623E-03   -2.4030623E-03
 7.0900    3.8348548E-06    2.4224301E-03   -2.4224301E-03
 7.1000    3.8708179E-06    2.4520499E-03   -2.4520499E-03
 7.1100    3.8930932E-06    2.4731125E-03   -2.4731125E-03
 7.1200    3.8817507E-06    2.4728484E-03   -2.4728484E-03
 7.1300    3.8350982E-06    2.4499962E-03   -2.4499962E-03
 7.1400    3.7657479E-06    2.4124456E-03   -2.4124456E-03
 7.1500    3.6891780E-06    2.3700175E-03   -2.3700175E-03
 7.1600    3.6142949E-06    2.3284102E-03   -2.3284102E-03
 7.1700    3.5419406E-06    2.2881761E-03   -2.2881761E-03
 7.1800    3.4700326E-06    2.2479793E-03   -2.2479793E-03
 7.1900    3.3996203E-06    2.2085033E-03   -2.2085033E-03
 7.2000    3.3369638E-06    2.1738339E-03   -2.1738339E-03
 7.2100    3.2906688E-06    2.1496342E-03   -2.1496342E-03
 7.2200    3.2664981E-06    2.1397679E-03   -2.1397679E-03
 7.2300    3.2635362E-06    2.1437537E-03   -2.1437537E-03
 7.2400    3.2737897E-06    2.1564420E-03   -2.1564420E-03
 7.2500    3.2848698E-06    2.1697217E-03   -2.1697217E-03
 7.2600    3.2841203E-06    2.1752148E-03   -2.1752148E-03
 7.2700    3.2626938E-06    2.1669805E-03   -2.1669805E-03
 7.2800    3.2184873E-06    2.1435046E-03   -2.1435046E-03
 7.2900    3.1569315E-06    2.1082887E-03   -2.1082887E-03
 7.3000    3.0889501E-06    2.0685521E-03   -2.0685521E-03
 7.3100    3.0265055E-06    2.0322919E-03   -2.0322919E-03
 7.3200    2.9776039E-06    2.0049288E-03   -2.0049288E-03
 7.3300    2.9433423E-06    1.9872779E-03   -1.9872779E-03
 7.3400    2.9187040E-06    1.9760232E-03   -1.9760232E-03
 7.3500    2.8964913E-06    1.9663317E-03   -1.9663317E-03
 7.3600    2.8715544E-06    1.9547109E-03   -1.9547109E-03
 7.3700    2.8423759E-06    1.9401100E-03   -1.9401100E-03
 7.3800    2.8095542E-06    1.9229147E-03   -1.9229147E-03
 7.3900    2.7734361E-06    1.9033423E-03   -1.9033423E-03
 7.4000    2.7332884E-06    1.8808699E-03   -1.8808699E-03
 7.4100    2.6881861E-06    1.8548364E-03   -1.8548364E-03
 7.4200    2.6381585E-06    1.8252341E-03   -1.8252341E-03
 7.4300    2.5847162E-06    1.7930829E-03   -1.7930829E-03
 7.4400    2.5310752E-06    1.7606003E-03   -1.7606003E-03
 7.4500    2.4822497E-06    1.7312823E-03   -1.7312823E-03
 7.4600    2.4442400E-06    1.7093515E-03   -1.7093515E-03
 7.4700    2.4216804E-06    1.6981181E-03   -1.6981181E-03
 7.4800    2.4148069E-06    1.6978349E-03   -1.6978349E-03
 7.4900    2.4178057E-06    1.7044918E-03   -1.7044918E-03
 7.5000    2.4201476E-06    1.7107015E-03   -1.7107015E-03
 7.5100    2.4107406E-06    1.7085993E-03   -1.7085993E-03
 7.5200    2.3829635E-06    1.6934132E-03   -1.6934132E-03
 7.5300    2.3378014E-06    1.6657409E-03   -1.6657409E-03
 7.5400    2.2828835E-06    1.6309337E-03   -1.6309337E-03
 7.5500    2.2275495E-06    1.5956261E-03   -1.5956261E-03
 7.5600    2.1772384E-06    1.5637216E-03   -1.5637216E-03
 7.5700    2.1315981E-06    1.5349949E-03   -1.5349949E-03
 7.5800    2.0876516E-06    1.5073229E-03   -1.5073229E-03
 7.5900    2.0445607E-06    1.4801081E-03   -1.4801081E-03
 7.6000    2.0051499E-06    1.4554051E-03   -1.4554051E-03
 7.6100    1.9729417E-06    1.4357983E-03   -1.4357983E-03
 7.6200    1.9479681E-06    1.4213520E-03   -1.4213520E-03
 7.6300    1.9255566E-06    1.4086893E-03   -1.4086893E-03
 7.6400    1.8993405E-06    1.3931549E-03   -1.3931549E-03
 7.6500    1.8659762E-06    1.3722677E-03   -1.3722677E-03
 7.6600    1.8276493E-06    1.3475977E-03   -1.3475977E-03
 7.6700    1.7904965E-06    1.3236528E-03   -1.3236528E-03
 7.6800    1.7606652E-06    1.3049957E-03   -1.3049957E-03
 7.6900    1.7414054E-06    1.2940839E-03   -1.2940839E-03
 7.7000    1.7328370E-06    1.2910677E-03   -1.2910677E-03
 7.7100    1.7331141E-06    1.2946304E-03   -1.2946304E-03
 7.7200    1.7389293E-06    1.3023460E-03   -1.3023460E-03
 7.7300    1.7451477E-06    1.3103914E-03   -1.3103914E-03
 7.7400    1.7452352E-06    1.3138499E-03   -1.3138499E-03
 7.7500    1.7336023E-06    1.3084669E-03   -1.3084669E-03
 7.7600    1.7085633E-06    1.2928983E-03   -1.2928983E-03
 7.7700    1.6731688E-06    1.2693800E-03   -1.2693800E-03
 7.7800    1.6326996E-06    1.2418677E-03   -1.2418677E-03
 7.7900    1.5907704E-06    1.2130879E-03   -1.2130879E-03
 7.8000    1.5474600E-06    1.1830920E-03   -1.1830920E-03
 7.8100    1.5008860E-06    1.1504285E-03   -1.1504285E-03
 7.8200    1.4502358E-06    1.1144536E-03   -1.1144536E-03
 7.8300    1.3972493E-06    1.0764833E-03   -1.0764833E-03
 7.8400    1.3453307E-06    1.0391327E-03   -1.0391327E-03
 7.8500    1.2977717E-06    1.0049570E-03   -1.0049570E-03
