# total charge: 14.000000 
# r(A)     rho (e/A^3)     4*pi*r^2*rho(e/A)  dip  
 0.0000    3.5337502E+00    0.0000000E+00    1.1170384E+02
 0.0100    3.5338979E+00    4.4408271E-03    1.1114227E+02
 0.0200    3.5340814E+00    1.7764231E-02    1.0947419E+02
 0.0300    3.5343044E+00    3.9972041E-02    1.0674862E+02
 0.0400    3.5345672E+00    7.1066691E-02    1.0304457E+02
 0.0500    3.5348665E+00    1.1105110E-01    9.8467240E+01
 0.0600    3.5351945E+00    1.5992843E-01    9.3142960E+01
 0.0700    3.5355404E+00    2.1770166E-01    8.7213400E+01
 0.0800    3.5358891E+00    2.8437307E-01    8.0829262E+01
 0.0900    3.5362209E+00    3.5994344E-01    7.4143927E+01
 0.1000    3.5365098E+00    4.4441093E-01    6.7307392E+01
 0.1100    3.5367216E+00    5.3776942E-01    6.0460840E+01
 0.1200    3.5368107E+00    6.4000618E-01    5.3732089E+01
 0.1300    3.5367206E+00    7.5109924E-01    4.7232107E+01
 0.1400    3.5363880E+00    8.7101542E-01    4.1052675E+01
 0.1500    3.5357524E+00    9.9971043E-01    3.5265216E+01
 0.1600    3.5347668E+00    1.1371313E+00    2.9920702E+01
 0.1700    3.5334025E+00    1.2832191E+00    2.5050523E+01
 0.1800    3.5316417E+00    1.4379094E+00    2.0668135E+01
 0.1900    3.5294615E+00    1.6011260E+00    1.6771302E+01
 0.2000    3.5268174E+00    1.7727718E+00    1.3344699E+01
 0.2100    3.5236406E+00    1.9527204E+00    1.0362686E+01
 0.2200    3.5198541E+00    2.1408187E+00    7.7920673E+00
 0.2300    3.5153982E+00    2.3368996E+00    5.5946709E+00
 0.2400    3.5102435E+00    2.5407948E+00    3.7296737E+00
 0.2500    3.5043732E+00    2.7523283E+00    2.1555958E+00
 0.2600    3.4977443E+00    2.9712871E+00    8.3194431E-01
 0.2700    3.4902610E+00    3.1973876E+00   -2.7952590E-01
 0.2800    3.4817897E+00    3.4302713E+00   -1.2139448E+00
 0.2900    3.4722102E+00    3.6695420E+00   -2.0028330E+00
 0.3000    3.4614664E+00    3.9148263E+00   -2.6739088E+00
 0.3100    3.4495843E+00    4.1658154E+00   -3.2511060E+00
 0.3200    3.4366455E+00    4.4222629E+00   -3.7547182E+00
 0.3300    3.4227347E+00    4.6839363E+00   -4.2016170E+00
 0.3400    3.4078848E+00    4.9505403E+00   -4.6055190E+00
 0.3500    3.3920465E+00    5.2216499E+00   -4.9772987E+00
 0.3600    3.3751015E+00    5.4966959E+00   -5.3253633E+00
 0.3700    3.3569201E+00    5.7750309E+00   -5.6560925E+00
 0.3800    3.3374320E+00    6.0560504E+00   -5.9743052E+00
 0.3900    3.3166667E+00    6.3392942E+00   -6.2836707E+00
 0.4000    3.2947235E+00    6.6244346E+00   -6.5869621E+00
 0.4100    3.2716686E+00    6.9110954E+00   -6.8861021E+00
 0.4200    3.2474163E+00    7.1985730E+00   -7.1820690E+00
 0.4300    3.2216941E+00    7.4856769E+00   -7.4748870E+00
 0.4400    3.1941707E+00    7.7709362E+00   -7.7639523E+00
 0.4500    3.1647057E+00    8.0531952E+00   -8.0487197E+00
 0.4600    3.1335413E+00    8.3322242E+00   -8.3293848E+00
 0.4700    3.1012421E+00    8.6087729E+00   -8.6069893E+00
 0.4800    3.0683684E+00    8.8838220E+00   -8.8827128E+00
 0.4900    3.0351213E+00    9.1575243E+00   -9.1568414E+00
 0.5000    3.0012732E+00    9.4287779E+00   -9.4283616E+00
 0.5100    2.9664694E+00    9.6959437E+00   -9.6956925E+00
 0.5200    2.9306394E+00    9.9581561E+00   -9.9580060E+00
 0.5300    2.8941396E+00    1.0216005E+01   -1.0215916E+01
 0.5400    2.8574800E+00    1.0470817E+01   -1.0470765E+01
 0.5500    2.8208513E+00    1.0722979E+01   -1.0722948E+01
 0.5600    2.7838399E+00    1.0970595E+01   -1.0970578E+01
 0.5700    2.7455714E+00    1.1209657E+01   -1.1209647E+01
 0.5800    2.7052056E+00    1.1435789E+01   -1.1435783E+01
 0.5900    2.6624479E+00    1.1646489E+01   -1.1646486E+01
 0.6000    2.6177307E+00    1.1842335E+01   -1.1842333E+01
 0.6100    2.5719492E+00    1.2026297E+01   -1.2026296E+01
 0.6200    2.5259436E+00    1.2201603E+01   -1.2201603E+01
 0.6300    2.4800763E+00    1.2369610E+01   -1.2369610E+01
 0.6400    2.4341661E+00    1.2529104E+01   -1.2529104E+01
 0.6500    2.3877928E+00    1.2677488E+01   -1.2677488E+01
 0.6600    2.3407344E+00    1.2812972E+01   -1.2812972E+01
 0.6700    2.2932262E+00    1.2936189E+01   -1.2936189E+01
 0.6800    2.2458715E+00    1.3050063E+01   -1.3050063E+01
 0.6900    2.1992868E+00    1.3158001E+01   -1.3158001E+01
 0.7000    2.1537275E+00    1.3261624E+01   -1.3261624E+01
 0.7100    2.1089328E+00    1.3359472E+01   -1.3359472E+01
 0.7200    2.0642740E+00    1.3447520E+01   -1.3447520E+01
 0.7300    2.0191045E+00    1.3521173E+01   -1.3521173E+01
 0.7400    1.9730757E+00    1.3577414E+01   -1.3577414E+01
 0.7500    1.9262125E+00    1.3615594E+01   -1.3615594E+01
 0.7600    1.8787326E+00    1.3636472E+01   -1.3636472E+01
 0.7700    1.8308059E+00    1.3640604E+01   -1.3640604E+01
 0.7800    1.7824908E+00    1.3627819E+01   -1.3627819E+01
 0.7900    1.7338962E+00    1.3598379E+01   -1.3598379E+01
 0.8000    1.6853876E+00    1.3554691E+01   -1.3554691E+01
 0.8100    1.6375944E+00    1.3501631E+01   -1.3501631E+01
 0.8200    1.5911592E+00    1.3444703E+01   -1.3444703E+01
 0.8300    1.5464081E+00    1.3387212E+01   -1.3387212E+01
 0.8400    1.5031853E+00    1.3328490E+01   -1.3328490E+01
 0.8500    1.4609488E+00    1.3264250E+01   -1.3264250E+01
 0.8600    1.4190414E+00    1.3188696E+01   -1.3188696E+01
 0.8700    1.3769796E+00    1.3097122E+01   -1.3097122E+01
 0.8800    1.3346298E+00    1.2987813E+01   -1.2987813E+01
 0.8900    1.2922089E+00    1.2862418E+01   -1.2862418E+01
 0.9000    1.2501269E+00    1.2724742E+01   -1.2724742E+01
 0.9100    1.2087738E+00    1.2578756E+01   -1.2578756E+01
 0.9200    1.1683835E+00    1.2427132E+01   -1.2427132E+01
 0.9300    1.1290370E+00    1.2271112E+01   -1.2271112E+01
 0.9400    1.0907584E+00    1.2111394E+01   -1.2111394E+01
 0.9500    1.0535924E+00    1.1948949E+01   -1.1948949E+01
 0.9600    1.0175940E+00    1.1784927E+01   -1.1784927E+01
 0.9700    9.8275506E-01    1.1619799E+01   -1.1619799E+01
 0.9800    9.4894522E-01    1.1452575E+01   -1.1452575E+01
 0.9900    9.1592656E-01    1.1280826E+01   -1.1280826E+01
 1.0000    8.8343842E-01    1.1101615E+01   -1.1101615E+01
 1.0100    8.5131342E-01    1.0912948E+01   -1.0912948E+01
 1.0200    8.1957180E-01    1.0715124E+01   -1.0715124E+01
 1.0300    7.8844163E-01    1.0511238E+01   -1.0511238E+01
 1.0400    7.5827435E-01    1.0306303E+01   -1.0306303E+01
 1.0500    7.2938411E-01    1.0105196E+01   -1.0105196E+01
 1.0600    7.0190116E-01    9.9105454E+00   -9.9105454E+00
 1.0700    6.7573199E-01    9.7219168E+00   -9.7219168E+00
 1.0800    6.5064362E-01    9.5367533E+00   -9.5367533E+00
 1.0900    6.2639988E-01    9.3522159E+00   -9.3522159E+00
 1.1000    6.0285321E-01    9.1665689E+00   -9.1665689E+00
 1.1100    5.7995079E-01    8.9793927E+00   -8.9793927E+00
 1.1200    5.5768736E-01    8.7909682E+00   -8.7909682E+00
 1.1300    5.3606290E-01    8.6016645E+00   -8.6016645E+00
 1.1400    5.1507422E-01    8.4118085E+00   -8.4118085E+00
 1.1500    4.9472739E-01    8.2218870E+00   -8.2218870E+00
 1.1600    4.7504402E-01    8.0326658E+00   -8.0326658E+00
 1.1700    4.5605155E-01    7.8450465E+00   -7.8450465E+00
 1.1800    4.3776919E-01    7.6598290E+00   -7.6598290E+00
 1.1900    4.2020347E-01    7.4776204E+00   -7.4776204E+00
 1.2000    4.0335333E-01    7.2989100E+00   -7.2989100E+00
 1.2100    3.8721456E-01    7.1241373E+00   -7.1241373E+00
 1.2200    3.7177646E-01    6.9536273E+00   -6.9536273E+00
 1.2300    3.5701593E-01    6.7874663E+00   -6.7874663E+00
 1.2400    3.4289846E-01    6.6255017E+00   -6.6255017E+00
 1.2500    3.2938801E-01    6.4675184E+00   -6.4675184E+00
 1.2600    3.1645726E-01    6.3134395E+00   -6.3134395E+00
 1.2700    3.0408837E-01    6.1633541E+00   -6.1633541E+00
 1.2800    2.9226423E-01    6.0173527E+00   -6.0173527E+00
 1.2900    2.8095985E-01    5.8753474E+00   -5.8753474E+00
 1.3000    2.7014272E-01    5.7370659E+00   -5.7370659E+00
 1.3100    2.5978148E-01    5.6022261E+00   -5.6022261E+00
 1.3200    2.4985469E-01    5.4707294E+00   -5.4707294E+00
 1.3300    2.4035183E-01    5.3426975E+00   -5.3426975E+00
 1.3400    2.3126614E-01    5.2183296E+00   -5.2183296E+00
 1.3500    2.2258610E-01    5.0977138E+00   -5.0977138E+00
 1.3600    2.1429287E-01    4.9807576E+00   -4.9807576E+00
 1.3700    2.0636485E-01    4.8672844E+00   -4.8672844E+00
 1.3800    1.9878435E-01    4.7571870E+00   -4.7571870E+00
 1.3900    1.9154010E-01    4.6504949E+00   -4.6504949E+00
 1.4000    1.8462446E-01    4.5473165E+00   -4.5473165E+00
 1.4100    1.7802963E-01    4.4477500E+00   -4.4477500E+00
 1.4200    1.7174653E-01    4.3518561E+00   -4.3518561E+00
 1.4300    1.6576530E-01    4.2596662E+00   -4.2596662E+00
 1.4400    1.6007358E-01    4.1711374E+00   -4.1711374E+00
 1.4500    1.5465311E-01    4.0860580E+00   -4.0860580E+00
 1.4600    1.4947964E-01    4.0040328E+00   -4.0040328E+00
 1.4700    1.4452798E-01    3.9246097E+00   -3.9246097E+00
 1.4800    1.3977773E-01    3.8474347E+00   -3.8474347E+00
 1.4900    1.3521401E-01    3.7722814E+00   -3.7722814E+00
 1.5000    1.3082391E-01    3.6989589E+00   -3.6989589E+00
 1.5100    1.2659421E-01    3.6272508E+00   -3.6272508E+00
 1.5200    1.2251417E-01    3.5569958E+00   -3.5569958E+00
 1.5300    1.1858160E-01    3.4882694E+00   -3.4882694E+00
 1.5400    1.1480650E-01    3.4215097E+00   -3.4215097E+00
 1.5500    1.1120737E-01    3.3574291E+00   -3.3574291E+00
 1.5600    1.0780009E-01    3.2966906E+00   -3.2966906E+00
 1.5700    1.0458588E-01    3.2395317E+00   -3.2395317E+00
 1.5800    1.0154747E-01    3.1856140E+00   -3.1856140E+00
 1.5900    9.8656292E-02    3.1342159E+00   -3.1342159E+00
 1.6000    9.5884337E-02    3.0845904E+00   -3.0845904E+00
 1.6100    9.3211801E-02    3.0362150E+00   -3.0362150E+00
 1.6200    9.0627553E-02    2.9888227E+00   -2.9888227E+00
 1.6300    8.8126030E-02    2.9423158E+00   -2.9423158E+00
 1.6400    8.5704698E-02    2.8966911E+00   -2.8966911E+00
 1.6500    8.3363040E-02    2.8520116E+00   -2.8520116E+00
 1.6600    8.1102094E-02    2.8083945E+00   -2.8083945E+00
 1.6700    7.8923811E-02    2.7659916E+00   -2.7659916E+00
 1.6800    7.6830035E-02    2.7249558E+00   -2.7249558E+00
 1.6900    7.4821108E-02    2.6853903E+00   -2.6853903E+00
 1.7000    7.2894335E-02    2.6472898E+00   -2.6472898E+00
 1.7100    7.1043142E-02    2.6105033E+00   -2.6105033E+00
 1.7200    6.9257845E-02    2.5747539E+00   -2.5747539E+00
 1.7300    6.7528225E-02    2.5397291E+00   -2.5397291E+00
 1.7400    6.5846838E-02    2.5052051E+00   -2.5052051E+00
 1.7500    6.4211215E-02    2.4711372E+00   -2.4711372E+00
 1.7600    6.2623621E-02    2.4376614E+00   -2.4376614E+00
 1.7700    6.1088528E-02    2.4050054E+00   -2.4050054E+00
 1.7800    5.9609252E-02    2.3733596E+00   -2.3733596E+00
 1.7900    5.8185740E-02    2.3427853E+00   -2.3427853E+00
 1.8000    5.6814973E-02    2.3132239E+00   -2.3132239E+00
 1.8100    5.5493626E-02    2.2845997E+00   -2.2845997E+00
 1.8200    5.4220195E-02    2.2569073E+00   -2.2569073E+00
 1.8300    5.2993612E-02    2.2301576E+00   -2.2301576E+00
 1.8400    5.1809022E-02    2.2041995E+00   -2.2041995E+00
 1.8500    5.0655610E-02    2.1786169E+00   -2.1786169E+00
 1.8600    4.9520560E-02    2.1528873E+00   -2.1528873E+00
 1.8700    4.8396923E-02    2.1267225E+00   -2.1267225E+00
 1.8800    4.7288100E-02    2.1002811E+00   -2.1002811E+00
 1.8900    4.6204299E-02    2.0740339E+00   -2.0740339E+00
 1.9000    4.5154152E-02    2.0483999E+00   -2.0483999E+00
 1.9100    4.4139161E-02    2.0234882E+00   -2.0234882E+00
 1.9200    4.3155043E-02    1.9991431E+00   -1.9991431E+00
 1.9300    4.2197029E-02    1.9751785E+00   -1.9751785E+00
 1.9400    4.1263386E-02    1.9515433E+00   -1.9515433E+00
 1.9500    4.0354696E-02    1.9282936E+00   -1.9282936E+00
 1.9600    3.9471150E-02    1.9054686E+00   -1.9054686E+00
 1.9700    3.8611289E-02    1.8830273E+00   -1.8830273E+00
 1.9800    3.7773240E-02    1.8609062E+00   -1.8609062E+00
 1.9900    3.6956727E-02    1.8391177E+00   -1.8391177E+00
 2.0000    3.6163681E-02    1.8177849E+00   -1.8177849E+00
 2.0100    3.5396814E-02    1.7970748E+00   -1.7970748E+00
 2.0200    3.4657317E-02    1.7770823E+00   -1.7770823E+00
 2.0300    3.3943546E-02    1.7577582E+00   -1.7577582E+00
 2.0400    3.3251727E-02    1.7389392E+00   -1.7389392E+00
 2.0500    3.2578076E-02    1.7204538E+00   -1.7204538E+00
 2.0600    3.1920480E-02    1.7022123E+00   -1.7022123E+00
 2.0700    3.1278326E-02    1.6842015E+00   -1.6842015E+00
 2.0800    3.0650785E-02    1.6663957E+00   -1.6663957E+00
 2.0900    3.0035345E-02    1.6486750E+00   -1.6486750E+00
 2.1000    2.9428203E-02    1.6308432E+00   -1.6308432E+00
 2.1100    2.8826307E-02    1.6127379E+00   -1.6127379E+00
 2.1200    2.8229218E-02    1.5943381E+00   -1.5943381E+00
 2.1300    2.7639084E-02    1.5757696E+00   -1.5757696E+00
 2.1400    2.7058884E-02    1.5572104E+00   -1.5572104E+00
 2.1500    2.6490636E-02    1.5387894E+00   -1.5387894E+00
 2.1600    2.5934989E-02    1.5205595E+00   -1.5205595E+00
 2.1700    2.5392051E-02    1.5025437E+00   -1.5025437E+00
 2.1800    2.4862290E-02    1.4847864E+00   -1.4847864E+00
 2.1900    2.4346571E-02    1.4673574E+00   -1.4673574E+00
 2.2000    2.3845390E-02    1.4503060E+00   -1.4503060E+00
 2.2100    2.3357866E-02    1.4335986E+00   -1.4335986E+00
 2.2200    2.2881165E-02    1.4170786E+00   -1.4170786E+00
 2.2300    2.2410848E-02    1.4004832E+00   -1.4004832E+00
 2.2400    2.1942440E-02    1.3835371E+00   -1.3835371E+00
 2.2500    2.1473898E-02    1.3661104E+00   -1.3661104E+00
 2.2600    2.1007718E-02    1.3483592E+00   -1.3483592E+00
 2.2700    2.0550956E-02    1.3307412E+00   -1.3307412E+00
 2.2800    2.0112417E-02    1.3138440E+00   -1.3138440E+00
 2.2900    1.9698149E-02    1.2980943E+00   -1.2980943E+00
 2.3000    1.9307855E-02    1.2835109E+00   -1.2835109E+00
 2.3100    1.8934444E-02    1.2696569E+00   -1.2696569E+00
 2.3200    1.8567148E-02    1.2558305E+00   -1.2558305E+00
 2.3300    1.8196496E-02    1.2413935E+00   -1.2413935E+00
 2.3400    1.7818336E-02    1.2260515E+00   -1.2260515E+00
 2.3500    1.7434668E-02    1.2099273E+00   -1.2099273E+00
 2.3600    1.7051174E-02    1.1934059E+00   -1.1934059E+00
 2.3700    1.6673483E-02    1.1768819E+00   -1.1768819E+00
 2.3800    1.6304698E-02    1.1605839E+00   -1.1605839E+00
 2.3900    1.5945205E-02    1.1445527E+00   -1.1445527E+00
 2.4000    1.5593957E-02    1.1287264E+00   -1.1287264E+00
 2.4100    1.5249884E-02    1.1130392E+00   -1.1130392E+00
 2.4200    1.4912716E-02    1.0974819E+00   -1.0974819E+00
 2.4300    1.4583160E-02    1.0821165E+00   -1.0821165E+00
 2.4400    1.4262512E-02    1.0670519E+00   -1.0670519E+00
 2.4500    1.3951797E-02    1.0523790E+00   -1.0523790E+00
 2.4600    1.3650800E-02    1.0380976E+00   -1.0380976E+00
 2.4700    1.3357744E-02    1.0240871E+00   -1.0240871E+00
 2.4800    1.3070053E-02    1.0101610E+00   -1.0101610E+00
 2.4900    1.2785779E-02    9.9617523E-01   -9.9617523E-01
 2.5000    1.2504624E-02    9.8211088E-01   -9.8211088E-01
 2.5100    1.2227819E-02    9.6806898E-01   -9.6806898E-01
 2.5200    1.1957041E-02    9.5418958E-01   -9.5418958E-01
 2.5300    1.1693275E-02    9.4056125E-01   -9.4056125E-01
 2.5400    1.1436350E-02    9.2718147E-01   -9.2718147E-01
 2.5500    1.1185252E-02    9.1397853E-01   -9.1397853E-01
 2.5600    1.0938826E-02    9.0086665E-01   -9.0086665E-01
 2.5700    1.0696429E-02    8.8779959E-01   -8.8779959E-01
 2.5800    1.0458261E-02    8.7479996E-01   -8.7479996E-01
 2.5900    1.0225252E-02    8.6195269E-01   -8.6195269E-01
 2.6000    9.9985408E-03    8.4936269E-01   -8.4936269E-01
 2.6100    9.7787471E-03    8.3709374E-01   -8.3709374E-01
 2.6200    9.5654628E-03    8.2512251E-01   -8.2512251E-01
 2.6300    9.3573360E-03    8.1334272E-01   -8.1334272E-01
 2.6400    9.1528174E-03    8.0162733E-01   -8.0162733E-01
 2.6500    8.9511089E-03    7.8991153E-01   -7.8991153E-01
 2.6600    8.7525569E-03    7.7823020E-01   -7.7823020E-01
 2.6700    8.5580937E-03    7.6667168E-01   -7.6667168E-01
 2.6800    8.3681890E-03    7.5528513E-01   -7.5528513E-01
 2.6900    8.1822947E-03    7.4402845E-01   -7.4402845E-01
 2.7000    7.9993148E-03    7.3280796E-01   -7.3280796E-01
 2.7100    7.8186106E-03    7.2156927E-01   -7.2156927E-01
 2.7200    7.6405421E-03    7.1034912E-01   -7.1034912E-01
 2.7300    7.4660506E-03    6.9923972E-01   -6.9923972E-01
 2.7400    7.2957308E-03    6.8830321E-01   -6.8830321E-01
 2.7500    7.1292788E-03    6.7751802E-01   -6.7751802E-01
 2.7600    6.9658248E-03    6.6680765E-01   -6.6680765E-01
 2.7700    6.8049003E-03    6.5613193E-01   -6.5613193E-01
 2.7800    6.6472886E-03    6.4557097E-01   -6.4557097E-01
 2.7900    6.4950740E-03    6.3533440E-01   -6.3533440E-01
 2.8000    6.3507202E-03    6.2567515E-01   -6.2567515E-01
 2.8100    6.2156221E-03    6.1674709E-01   -6.1674709E-01
 2.8200    6.0889415E-03    6.0848501E-01   -6.0848501E-01
 2.8300    5.9674761E-03    6.0058354E-01   -6.0058354E-01
 2.8400    5.8468243E-03    5.9260674E-01   -5.9260674E-01
 2.8500    5.7233906E-03    5.8418846E-01   -5.8418846E-01
 2.8600    5.5961876E-03    5.7522029E-01   -5.7522029E-01
 2.8700    5.4673698E-03    5.6591618E-01   -5.6591618E-01
 2.8800    5.3411333E-03    5.5670901E-01   -5.5670901E-01
 2.8900    5.2215912E-03    5.4803516E-01   -5.4803516E-01
 2.9000    5.1107748E-03    5.4012292E-01   -5.4012292E-01
 2.9100    5.0077024E-03    5.3288605E-01   -5.3288605E-01
 2.9200    4.9088486E-03    5.2596301E-01   -5.2596301E-01
 2.9300    4.8097509E-03    5.1888091E-01   -5.1888091E-01
 2.9400    4.7070470E-03    5.1127323E-01   -5.1127323E-01
 2.9500    4.5999594E-03    5.0304622E-01   -5.0304622E-01
 2.9600    4.4904133E-03    4.9440130E-01   -4.9440130E-01
 2.9700    4.3817658E-03    4.8570427E-01   -4.8570427E-01
 2.9800    4.2770800E-03    4.7729816E-01   -4.7729816E-01
 2.9900    4.1780742E-03    4.6938412E-01   -4.6938412E-01
 3.0000    4.0850940E-03    4.6201325E-01   -4.6201325E-01
 3.0100    3.9975535E-03    4.5513176E-01   -4.5513176E-01
 3.0200    3.9142155E-03    4.4860952E-01   -4.4860952E-01
 3.0300    3.8333185E-03    4.4225223E-01   -4.4225223E-01
 3.0400    3.7529945E-03    4.3584790E-01   -4.3584790E-01
 3.0500    3.6720973E-03    4.2926326E-01   -4.2926326E-01
 3.0600    3.5909178E-03    4.2253061E-01   -4.2253061E-01
 3.0700    3.5111272E-03    4.1584663E-01   -4.1584663E-01
 3.0800    3.4348365E-03    4.0946555E-01   -4.0946555E-01
 3.0900    3.3633273E-03    4.0354870E-01   -4.0354870E-01
 3.1000    3.2962324E-03    3.9806232E-01   -3.9806232E-01
 3.1100    3.2316458E-03    3.9278455E-01   -3.9278455E-01
 3.1200    3.1670736E-03    3.8741570E-01   -3.8741570E-01
 3.1300    3.1006352E-03    3.8172377E-01   -3.8172377E-01
 3.1400    3.0318229E-03    3.7564100E-01   -3.7564100E-01
 3.1500    2.9615104E-03    3.6927018E-01   -3.6927018E-01
 3.1600    2.8913850E-03    3.6281895E-01   -3.6281895E-01
 3.1700    2.8231741E-03    3.5650534E-01   -3.5650534E-01
 3.1800    2.7579729E-03    3.5047262E-01   -3.5047262E-01
 3.1900    2.6959108E-03    3.4474402E-01   -3.4474402E-01
 3.2000    2.6363047E-03    3.3923872E-01   -3.3923872E-01
 3.2100    2.5782039E-03    3.3383909E-01   -3.3383909E-01
 3.2200    2.5209648E-03    3.2846446E-01   -3.2846446E-01
 3.2300    2.4645061E-03    3.2310584E-01   -3.2310584E-01
 3.2400    2.4091893E-03    3.1781238E-01   -3.1781238E-01
 3.2500    2.3555237E-03    3.1265405E-01   -3.1265405E-01
 3.2600    2.3039031E-03    3.0768709E-01   -3.0768709E-01
 3.2700    2.2544609E-03    3.0293404E-01   -3.0293404E-01
 3.2800    2.2070539E-03    2.9838053E-01   -2.9838053E-01
 3.2900    2.1613700E-03    2.9398879E-01   -2.9398879E-01
 3.3000    2.1170888E-03    2.8971889E-01   -2.8971889E-01
 3.3100    2.0739675E-03    2.8554055E-01   -2.8554055E-01
 3.3200    2.0317895E-03    2.8142635E-01   -2.8142635E-01
 3.3300    1.9902823E-03    2.7734031E-01   -2.7734031E-01
 3.3400    1.9491661E-03    2.7324464E-01   -2.7324464E-01
 3.3500    1.9083327E-03    2.6912471E-01   -2.6912471E-01
 3.3600    1.8679527E-03    2.6500514E-01   -2.6500514E-01
 3.3700    1.8283543E-03    2.6093361E-01   -2.6093361E-01
 3.3800    1.7897631E-03    2.5694420E-01   -2.5694420E-01
 3.3900    1.7521425E-03    2.5303389E-01   -2.5303389E-01
 3.4000    1.7152618E-03    2.4917136E-01   -2.4917136E-01
 3.4100    1.6789022E-03    2.4532625E-01   -2.4532625E-01
 3.4200    1.6430222E-03    2.4149353E-01   -2.4149353E-01
 3.4300    1.6077883E-03    2.3769878E-01   -2.3769878E-01
 3.4400    1.5734851E-03    2.3398573E-01   -2.3398573E-01
 3.4500    1.5403702E-03    2.3039506E-01   -2.3039506E-01
 3.4600    1.5085438E-03    2.2694468E-01   -2.2694468E-01
 3.4700    1.4778985E-03    2.2362144E-01   -2.2362144E-01
 3.4800    1.4481784E-03    2.2038926E-01   -2.2038926E-01
 3.4900    1.4191100E-03    2.1720848E-01   -2.1720848E-01
 3.5000    1.3905082E-03    2.1405211E-01   -2.1405211E-01
 3.5100    1.3622834E-03    2.1090728E-01   -2.1090728E-01
 3.5200    1.3343740E-03    2.0776518E-01   -2.0776518E-01
 3.5300    1.3067053E-03    2.0461474E-01   -2.0461474E-01
 3.5400    1.2792387E-03    2.0145032E-01   -2.0145032E-01
 3.5500    1.2520605E-03    1.9828592E-01   -1.9828592E-01
 3.5600    1.2254035E-03    1.9515918E-01   -1.9515918E-01
 3.5700    1.1995633E-03    1.9211862E-01   -1.9211862E-01
 3.5800    1.1747700E-03    1.8920333E-01   -1.8920333E-01
 3.5900    1.1511056E-03    1.8642920E-01   -1.8642920E-01
 3.6000    1.1284918E-03    1.8378636E-01   -1.8378636E-01
 3.6100    1.1067244E-03    1.8124405E-01   -1.8124405E-01
 3.6200    1.0855250E-03    1.7875856E-01   -1.7875856E-01
 3.6300    1.0646101E-03    1.7628432E-01   -1.7628432E-01
 3.6400    1.0437722E-03    1.7378743E-01   -1.7378743E-01
 3.6500    1.0229361E-03    1.7125533E-01   -1.7125533E-01
 3.6600    1.0021486E-03    1.6869576E-01   -1.6869576E-01
 3.6700    9.8151566E-04    1.6612662E-01   -1.6612662E-01
 3.6800    9.6114960E-04    1.6356730E-01   -1.6356730E-01
 3.6900    9.4116671E-04    1.6103829E-01   -1.6103829E-01
 3.7000    9.2170523E-04    1.5856428E-01   -1.5856428E-01
 3.7100    9.0290533E-04    1.5617082E-01   -1.5617082E-01
 3.7200    8.8484295E-04    1.5387283E-01   -1.5387283E-01
 3.7300    8.6747323E-04    1.5166439E-01   -1.5166439E-01
 3.7400    8.5064182E-04    1.4952018E-01   -1.4952018E-01
 3.7500    8.3416304E-04    1.4740878E-01   -1.4740878E-01
 3.7600    8.1790856E-04    1.4530826E-01   -1.4530826E-01
 3.7700    8.0184938E-04    1.4321396E-01   -1.4321396E-01
 3.7800    7.8603631E-04    1.4113544E-01   -1.4113544E-01
 3.7900    7.7054478E-04    1.3908688E-01   -1.3908688E-01
 3.8000    7.5542119E-04    1.3707751E-01   -1.3707751E-01
 3.8100    7.4065654E-04    1.3510664E-01   -1.3510664E-01
 3.8200    7.2619444E-04    1.3316482E-01   -1.3316482E-01
 3.8300    7.1196385E-04    1.3123974E-01   -1.3123974E-01
 3.8400    6.9791498E-04    1.2932272E-01   -1.2932272E-01
 3.8500    6.8403818E-04    1.2741239E-01   -1.2741239E-01
 3.8600    6.7036071E-04    1.2551425E-01   -1.2551425E-01
 3.8700    6.5693160E-04    1.2363799E-01   -1.2363799E-01
 3.8800    6.4380786E-04    1.2179504E-01   -1.2179504E-01
 3.8900    6.3104599E-04    1.1999691E-01   -1.1999691E-01
 3.9000    6.1869396E-04    1.1825376E-01   -1.1825376E-01
 3.9100    6.0677887E-04    1.1657189E-01   -1.1657189E-01
 3.9200    5.9529242E-04    1.1495089E-01   -1.1495089E-01
 3.9300    5.8418356E-04    1.1338205E-01   -1.1338205E-01
 3.9400    5.7336829E-04    1.1185000E-01   -1.1185000E-01
 3.9500    5.6275878E-04    1.1033831E-01   -1.1033831E-01
 3.9600    5.5229959E-04    1.0883660E-01   -1.0883660E-01
 3.9700    5.4198895E-04    1.0734487E-01   -1.0734487E-01
 3.9800    5.3186858E-04    1.0587181E-01   -1.0587181E-01
 3.9900    5.2198658E-04    1.0442753E-01   -1.0442753E-01
 4.0000    5.1235870E-04    1.0301583E-01   -1.0301583E-01
 4.0100    5.0295548E-04    1.0163146E-01   -1.0163146E-01
 4.0200    4.9372441E-04    1.0026436E-01   -1.0026436E-01
 4.0300    4.8463074E-04    9.8907884E-02   -9.8907884E-02
 4.0400    4.7568770E-04    9.7565105E-02   -9.7565105E-02
 4.0500    4.6695422E-04    9.6248554E-02   -9.6248554E-02
 4.0600    4.5849974E-04    9.4973190E-02   -9.4973190E-02
 4.0700    4.5035634E-04    9.3746479E-02   -9.3746479E-02
 4.0800    4.4248563E-04    9.2561282E-02   -9.2561282E-02
 4.0900    4.3478131E-04    9.1396032E-02   -9.1396032E-02
 4.1000    4.2711090E-04    9.0223202E-02   -9.0223202E-02
 4.1100    4.1937833E-04    8.9022441E-02   -8.9022441E-02
 4.1200    4.1157292E-04    8.7791222E-02   -8.7791222E-02
 4.1300    4.0377484E-04    8.6546443E-02   -8.6546443E-02
 4.1400    3.9611395E-04    8.5316040E-02   -8.5316040E-02
 4.1500    3.8871099E-04    8.4126510E-02   -8.4126510E-02
 4.1600    3.8163994E-04    8.2994698E-02   -8.2994698E-02
 4.1700    3.7492825E-04    8.1927583E-02   -8.1927583E-02
 4.1800    3.6857454E-04    8.0925941E-02   -8.0925941E-02
 4.1900    3.6254789E-04    7.9984031E-02   -7.9984031E-02
 4.2000    3.5675968E-04    7.9083196E-02   -7.9083196E-02
 4.2100    3.5104662E-04    7.8187774E-02   -7.8187774E-02
 4.2200    3.4521455E-04    7.7254514E-02   -7.7254514E-02
 4.2300    3.3913775E-04    7.6254719E-02   -7.6254719E-02
 4.2400    3.3283900E-04    7.5192719E-02   -7.5192719E-02
 4.2500    3.2647679E-04    7.4103724E-02   -7.4103724E-02
 4.2600    3.2024511E-04    7.3031726E-02   -7.3031726E-02
 4.2700    3.1426710E-04    7.2005311E-02   -7.2005311E-02
 4.2800    3.0855855E-04    7.1028884E-02   -7.1028884E-02
 4.2900    3.0307028E-04    7.0091895E-02   -7.0091895E-02
 4.3000    2.9776065E-04    6.9185339E-02   -6.9185339E-02
 4.3100    2.9264168E-04    6.8312565E-02   -6.8312565E-02
 4.3200    2.8777336E-04    6.7488216E-02   -6.7488216E-02
 4.3300    2.8321896E-04    6.6727980E-02   -6.6727980E-02
 4.3400    2.7899517E-04    6.6036798E-02   -6.6036798E-02
 4.3500    2.7504419E-04    6.5401973E-02   -6.5401973E-02
 4.3600    2.7123760E-04    6.4793694E-02   -6.4793694E-02
 4.3700    2.6741305E-04    6.4173443E-02   -6.4173443E-02
 4.3800    2.6343720E-04    6.3508988E-02   -6.3508988E-02
 4.3900    2.5926792E-04    6.2789597E-02   -6.2789597E-02
 4.4000    2.5497180E-04    6.2030798E-02   -6.2030798E-02
 4.4100    2.5067647E-04    6.1263333E-02   -6.1263333E-02
 4.4200    2.4649158E-04    6.0514088E-02   -6.0514088E-02
 4.4300    2.4246010E-04    5.9793998E-02   -5.9793998E-02
 4.4400    2.3856901E-04    5.9100321E-02   -5.9100321E-02
 4.4500    2.3479069E-04    5.8426619E-02   -5.8426619E-02
 4.4600    2.3110734E-04    5.7768796E-02   -5.7768796E-02
 4.4700    2.2750616E-04    5.7123929E-02   -5.7123929E-02
 4.4800    2.2397237E-04    5.6488538E-02   -5.6488538E-02
 4.4900    2.2050260E-04    5.5861973E-02   -5.5861973E-02
 4.5000    2.1712340E-04    5.5251175E-02   -5.5251175E-02
 4.5100    2.1388449E-04    5.4669140E-02   -5.4669140E-02
 4.5200    2.1082627E-04    5.4126689E-02   -5.4126689E-02
 4.5300    2.0795350E-04    5.3625642E-02   -5.3625642E-02
 4.5400    2.0523964E-04    5.3159737E-02   -5.3159737E-02
 4.5500    2.0264996E-04    5.2720457E-02   -5.2720457E-02
 4.5600    2.0015434E-04    5.2300345E-02   -5.2300345E-02
 4.5700    1.9772014E-04    5.1891135E-02   -5.1891135E-02
 4.5800    1.9530312E-04    5.1481359E-02   -5.1481359E-02
 4.5900    1.9285750E-04    5.1058938E-02   -5.1058938E-02
 4.6000    1.9036247E-04    5.0618219E-02   -5.0618219E-02
 4.6100    1.8784008E-04    5.0164904E-02   -5.0164904E-02
 4.6200    1.8534373E-04    4.9713199E-02   -4.9713199E-02
 4.6300    1.8292479E-04    4.9277018E-02   -4.9277018E-02
 4.6400    1.8060655E-04    4.8862909E-02   -4.8862909E-02
 4.6500    1.7838358E-04    4.8469736E-02   -4.8469736E-02
 4.6600    1.7623580E-04    4.8092332E-02   -4.8092332E-02
 4.6700    1.7413592E-04    4.7723467E-02   -4.7723467E-02
 4.6800    1.7204758E-04    4.7353289E-02   -4.7353289E-02
 4.6900    1.6992842E-04    4.6970109E-02   -4.6970109E-02
 4.7000    1.6774507E-04    4.6564544E-02   -4.6564544E-02
 4.7100    1.6548986E-04    4.6134207E-02   -4.6134207E-02
 4.7200    1.6318505E-04    4.5685064E-02   -4.5685064E-02
 4.7300    1.6087397E-04    4.5229097E-02   -4.5229097E-02
 4.7400    1.5860995E-04    4.4781330E-02   -4.4781330E-02
 4.7500    1.5645198E-04    4.4358632E-02   -4.4358632E-02
 4.7600    1.5445972E-04    4.3978358E-02   -4.3978358E-02
 4.7700    1.5267369E-04    4.3652671E-02   -4.3652671E-02
 4.7800    1.5108349E-04    4.3379312E-02   -4.3379312E-02
 4.7900    1.4961480E-04    4.3137548E-02   -4.3137548E-02
 4.8000    1.4816350E-04    4.2897655E-02   -4.2897655E-02
 4.8100    1.4666294E-04    4.2640315E-02   -4.2640315E-02
 4.8200    1.4513309E-04    4.2371162E-02   -4.2371162E-02
 4.8300    1.4367162E-04    4.2118715E-02   -4.2118715E-02
 4.8400    1.4239690E-04    4.1918054E-02   -4.1918054E-02
 4.8500    1.4138444E-04    4.1792173E-02   -4.1792173E-02
 4.8600    1.4062673E-04    4.1739791E-02   -4.1739791E-02
 4.8700    1.4001909E-04    4.1730641E-02   -4.1730641E-02
 4.8800    1.3937234E-04    4.1708646E-02   -4.1708646E-02
 4.8900    1.3846710E-04    4.1607746E-02   -4.1607746E-02
 4.9000    1.3715034E-04    4.1380803E-02   -4.1380803E-02
 4.9100    1.3542303E-04    4.1026584E-02   -4.1026584E-02
 4.9200    1.3344511E-04    4.0592213E-02   -4.0592213E-02
 4.9300    1.3144246E-04    4.0145733E-02   -4.0145733E-02
 4.9400    1.2959254E-04    3.9741454E-02   -3.9741454E-02
 4.9500    1.2798238E-04    3.9406735E-02   -3.9406735E-02
 4.9600    1.2664817E-04    3.9153639E-02   -3.9153639E-02
 4.9700    1.2561598E-04    3.8991283E-02   -3.8991283E-02
 4.9800    1.2487385E-04    3.8917061E-02   -3.8917061E-02
 4.9900    1.2430175E-04    3.8894500E-02   -3.8894500E-02
 5.0000    1.2365726E-04    3.8848073E-02   -3.8848073E-02
 5.0100    1.2267500E-04    3.8693801E-02   -3.8693801E-02
 5.0200    1.2122457E-04    3.8389101E-02   -3.8389101E-02
 5.0300    1.1940405E-04    3.7963381E-02   -3.7963381E-02
 5.0400    1.1749574E-04    3.7505335E-02   -3.7505335E-02
 5.0500    1.1581883E-04    3.7116908E-02   -3.7116908E-02
 5.0600    1.1457469E-04    3.6863756E-02   -3.6863756E-02
 5.0700    1.1375903E-04    3.6746135E-02   -3.6746135E-02
 5.0800    1.1316468E-04    3.6698491E-02   -3.6698491E-02
 5.0900    1.1246862E-04    3.6616496E-02   -3.6616496E-02
 5.1000    1.1138118E-04    3.6405084E-02   -3.6405084E-02
 5.1100    1.0980606E-04    3.6031139E-02   -3.6031139E-02
 5.1200    1.0792628E-04    3.5553059E-02   -3.5553059E-02
 5.1300    1.0614390E-04    3.5102629E-02   -3.5102629E-02
 5.1400    1.0488488E-04    3.4821620E-02   -3.4821620E-02
 5.1500    1.0437921E-04    3.4788710E-02   -3.4788710E-02
 5.1600    1.0454837E-04    3.4980543E-02   -3.4980543E-02
 5.1700    1.0505154E-04    3.5285266E-02   -3.5285266E-02
 5.1800    1.0544040E-04    3.5553013E-02   -3.5553013E-02
 5.1900    1.0533237E-04    3.5653851E-02   -3.5653851E-02
 5.2000    1.0453581E-04    3.5520709E-02   -3.5520709E-02
 5.2100    1.0309484E-04    3.5165942E-02   -3.5165942E-02
 5.2200    1.0124560E-04    3.4667858E-02   -3.4667858E-02
 5.2300    9.9302808E-05    3.4133024E-02   -3.4133024E-02
 5.2400    9.7530328E-05    3.3652096E-02   -3.3652096E-02
 5.2500    9.6060700E-05    3.3271641E-02   -3.3271641E-02
 5.2600    9.4896420E-05    3.2993712E-02   -3.2993712E-02
 5.2700    9.3967766E-05    3.2795178E-02   -3.2795178E-02
 5.2800    9.3189176E-05    3.2646993E-02   -3.2646993E-02
 5.2900    9.2477269E-05    3.2520424E-02   -3.2520424E-02
 5.3000    9.1744271E-05    3.2384751E-02   -3.2384751E-02
 5.3100    9.0906021E-05    3.2210062E-02   -3.2210062E-02
 5.3200    8.9918078E-05    3.1980124E-02   -3.1980124E-02
 5.3300    8.8808987E-05    3.1704521E-02   -3.1704521E-02
 5.3400    8.7670571E-05    3.1415662E-02   -3.1415662E-02
 5.3500    8.6604385E-05    3.1149947E-02   -3.1149947E-02
 5.3600    8.5666948E-05    3.0928064E-02   -3.0928064E-02
 5.3700    8.4855812E-05    3.0749639E-02   -3.0749639E-02
 5.3800    8.4137591E-05    3.0603034E-02   -3.0603034E-02
 5.3900    8.3484588E-05    3.0478508E-02   -3.0478508E-02
 5.4000    8.2891334E-05    3.0374316E-02   -3.0374316E-02
 5.4100    8.2370465E-05    3.0295346E-02   -3.0295346E-02
 5.4200    8.1941438E-05    3.0249069E-02   -3.0249069E-02
 5.4300    8.1616873E-05    3.0240535E-02   -3.0240535E-02
 5.4400    8.1385682E-05    3.0266045E-02   -3.0266045E-02
 5.4500    8.1203346E-05    3.0309362E-02   -3.0309362E-02
 5.4600    8.1005613E-05    3.0346616E-02   -3.0346616E-02
 5.4700    8.0742874E-05    3.0359088E-02   -3.0359088E-02
 5.4800    8.0408283E-05    3.0343926E-02   -3.0343926E-02
 5.4900    8.0036176E-05    3.0313835E-02   -3.0313835E-02
 5.5000    7.9676716E-05    3.0287726E-02   -3.0287726E-02
 5.5100    7.9373497E-05    3.0282280E-02   -3.0282280E-02
 5.5200    7.9160370E-05    3.0310691E-02   -3.0310691E-02
 5.5300    7.9068008E-05    3.0385118E-02   -3.0385118E-02
 5.5400    7.9120886E-05    3.0515503E-02   -3.0515503E-02
 5.5500    7.9319891E-05    3.0702797E-02   -3.0702797E-02
 5.5600    7.9624919E-05    3.0932032E-02   -3.0932032E-02
 5.5700    7.9954918E-05    3.1172055E-02   -3.1172055E-02
 5.5800    8.0209814E-05    3.1383818E-02   -3.1383818E-02
 5.5900    8.0303719E-05    3.1533279E-02   -3.1533279E-02
 5.6000    8.0191169E-05    3.1601847E-02   -3.1601847E-02
 5.6100    7.9869492E-05    3.1587591E-02   -3.1587591E-02
 5.6200    7.9353439E-05    3.1495481E-02   -3.1495481E-02
 5.6300    7.8641744E-05    3.1324186E-02   -3.1324186E-02
 5.6400    7.7709374E-05    3.1062863E-02   -3.1062863E-02
 5.6500    7.6541422E-05    3.0704589E-02   -3.0704589E-02
 5.6600    7.5185536E-05    3.0267533E-02   -3.0267533E-02
 5.6700    7.3779455E-05    2.9806531E-02   -2.9806531E-02
 5.6800    7.2527386E-05    2.9404146E-02   -2.9404146E-02
 5.6900    7.1633031E-05    2.9143904E-02   -2.9143904E-02
 5.7000    7.1224482E-05    2.9079630E-02   -2.9079630E-02
 5.7100    7.1318138E-05    2.9220126E-02   -2.9220126E-02
 5.7200    7.1850819E-05    2.9541575E-02   -2.9541575E-02
 5.7300    7.2751647E-05    3.0016630E-02   -3.0016630E-02
 5.7400    7.3970005E-05    3.0625931E-02   -3.0625931E-02
 5.7500    7.5400808E-05    3.1327198E-02   -3.1327198E-02
 5.7600    7.6765936E-05    3.2005409E-02   -3.2005409E-02
 5.7700    7.7609831E-05    3.2469697E-02   -3.2469697E-02
 5.7800    7.7508526E-05    3.2539810E-02   -3.2539810E-02
 5.7900    7.6382582E-05    3.2178169E-02   -3.2178169E-02
 5.8000    7.4647631E-05    3.1555995E-02   -3.1555995E-02
 5.8100    7.3028671E-05    3.0978153E-02   -3.0978153E-02
 5.8200    7.2147941E-05    3.0709997E-02   -3.0709997E-02
 5.8300    7.2189404E-05    3.0833330E-02   -3.0833330E-02
 5.8400    7.2859740E-05    3.1226490E-02   -3.1226490E-02
 5.8500    7.3617802E-05    3.1659528E-02   -3.1659528E-02
 5.8600    7.3976667E-05    3.1922718E-02   -3.1922718E-02
 5.8700    7.3697453E-05    3.1910863E-02   -3.1910863E-02
 5.8800    7.2813987E-05    3.1635837E-02   -3.1635837E-02
 5.8900    7.1540847E-05    3.1188503E-02   -3.1188503E-02
 5.9000    7.0162113E-05    3.0691389E-02   -3.0691389E-02
 5.9100    6.8956929E-05    3.0266537E-02   -3.0266537E-02
 5.9200    6.8138550E-05    3.0008630E-02   -3.0008630E-02
 5.9300    6.7767242E-05    2.9946017E-02   -2.9946017E-02
 5.9400    6.7676112E-05    3.0006694E-02   -3.0006694E-02
 5.9500    6.7511095E-05    3.0034399E-02   -3.0034399E-02
 5.9600    6.6914551E-05    2.9869156E-02   -2.9869156E-02
 5.9700    6.5733533E-05    2.9440522E-02   -2.9440522E-02
 5.9800    6.4088720E-05    2.8800089E-02   -2.8800089E-02
 5.9900    6.2265455E-05    2.8074413E-02   -2.8074413E-02
 6.0000    6.0545408E-05    2.7390097E-02   -2.7390097E-02
 6.0100    5.9117373E-05    2.6833291E-02   -2.6833291E-02
 6.0200    5.8093773E-05    2.6456502E-02   -2.6456502E-02
 6.0300    5.7559352E-05    2.6300281E-02   -2.6300281E-02
 6.0400    5.7583810E-05    2.6398797E-02   -2.6398797E-02
 6.0500    5.8198716E-05    2.6769115E-02   -2.6769115E-02
 6.0600    5.9378279E-05    2.7402029E-02   -2.7402029E-02
 6.0700    6.1036932E-05    2.8260506E-02   -2.8260506E-02
 6.0800    6.3010733E-05    2.9270595E-02   -2.9270595E-02
 6.0900    6.5002264E-05    3.0295138E-02   -3.0295138E-02
 6.1000    6.6550215E-05    3.1118525E-02   -3.1118525E-02
 6.1100    6.7128797E-05    3.1492066E-02   -3.1492066E-02
 6.1200    6.6382757E-05    3.1244098E-02   -3.1244098E-02
 6.1300    6.4336895E-05    3.0380220E-02   -3.0380220E-02
 6.1400    6.1393407E-05    2.9084951E-02   -2.9084951E-02
 6.1500    5.8111084E-05    2.7619707E-02   -2.7619707E-02
 6.1600    5.4952687E-05    2.6203555E-02   -2.6203555E-02
 6.1700    5.2177967E-05    2.4961309E-02   -2.4961309E-02
 6.1800    4.9886141E-05    2.3942347E-02   -2.3942347E-02
 6.1900    4.8090734E-05    2.3155415E-02   -2.3155415E-02
 6.2000    4.6753423E-05    2.2584301E-02   -2.2584301E-02
 6.2100    4.5805063E-05    2.2197627E-02   -2.2197627E-02
 6.2200    4.5193379E-05    2.1971790E-02   -2.1971790E-02
 6.2300    4.4924720E-05    2.1911461E-02   -2.1911461E-02
 6.2400    4.5035872E-05    2.2036246E-02   -2.2036246E-02
 6.2500    4.5498486E-05    2.2334017E-02   -2.2334017E-02
 6.2600    4.6143740E-05    2.2723296E-02   -2.2723296E-02
 6.2700    4.6692373E-05    2.3066988E-02   -2.3066988E-02
 6.2800    4.6882153E-05    2.3234680E-02   -2.3234680E-02
 6.2900    4.6595884E-05    2.3166409E-02   -2.3166409E-02
 6.3000    4.5895123E-05    2.2890617E-02   -2.2890617E-02
 6.3100    4.4952063E-05    2.2491489E-02   -2.2491489E-02
 6.3200    4.3955834E-05    2.2062796E-02   -2.2062796E-02
 6.3300    4.3067826E-05    2.1685540E-02   -2.1685540E-02
 6.3400    4.2425908E-05    2.1429870E-02   -2.1429870E-02
 6.3500    4.2142136E-05    2.1353735E-02   -2.1353735E-02
 6.3600    4.2261106E-05    2.1481517E-02   -2.1481517E-02
 6.3700    4.2705000E-05    2.1775466E-02   -2.1775466E-02
 6.3800    4.3254686E-05    2.2125056E-02   -2.2125056E-02
 6.3900    4.3593307E-05    2.2368218E-02   -2.2368218E-02
 6.4000    4.3404324E-05    2.2341011E-02   -2.2341011E-02
 6.4100    4.2488281E-05    2.1937902E-02   -2.1937902E-02
 6.4200    4.0844490E-05    2.1155018E-02   -2.1155018E-02
 6.4300    3.8673302E-05    2.0092921E-02   -2.0092921E-02
 6.4400    3.6301068E-05    1.8919123E-02   -1.8919123E-02
 6.4500    3.4078055E-05    1.7815749E-02   -1.7815749E-02
 6.4600    3.2301258E-05    1.6939256E-02   -1.6939256E-02
 6.4700    3.1172201E-05    1.6397812E-02   -1.6397812E-02
 6.4800    3.0766707E-05    1.6234574E-02   -1.6234574E-02
 6.4900    3.1005172E-05    1.6410938E-02   -1.6410938E-02
 6.5000    3.1646949E-05    1.6802288E-02   -1.6802288E-02
 6.5100    3.2341579E-05    1.7223962E-02   -1.7223962E-02
 6.5200    3.2734480E-05    1.7486806E-02   -1.7486806E-02
 6.5300    3.2581033E-05    1.7458265E-02   -1.7458265E-02
 6.5400    3.1817488E-05    1.7101384E-02   -1.7101384E-02
 6.5500    3.0568937E-05    1.6480592E-02   -1.6480592E-02
 6.5600    2.9102027E-05    1.5737683E-02   -1.5737683E-02
 6.5700    2.7734794E-05    1.5044077E-02   -1.5044077E-02
 6.5800    2.6723729E-05    1.4539809E-02   -1.4539809E-02
 6.5900    2.6172958E-05    1.4283462E-02   -1.4283462E-02
 6.6000    2.6016830E-05    1.4241381E-02   -1.4241381E-02
 6.6100    2.6084657E-05    1.4321810E-02   -1.4321810E-02
 6.6200    2.6198554E-05    1.4427901E-02   -1.4427901E-02
 6.6300    2.6243135E-05    1.4496149E-02   -1.4496149E-02
 6.6400    2.6184962E-05    1.4507680E-02   -1.4507680E-02
 6.6500    2.6059268E-05    1.4481561E-02   -1.4481561E-02
 6.6600    2.5945790E-05    1.4461896E-02   -1.4461896E-02
 6.6700    2.5939204E-05    1.4501675E-02   -1.4501675E-02
 6.6800    2.6111687E-05    1.4641910E-02   -1.4641910E-02
 6.6900    2.6473058E-05    1.4889023E-02   -1.4889023E-02
 6.7000    2.6946472E-05    1.5200623E-02   -1.5200623E-02
 6.7100    2.7381143E-05    1.5491964E-02   -1.5491964E-02
 6.7200    2.7608492E-05    1.5667190E-02   -1.5667190E-02
 6.7300    2.7518645E-05    1.5662715E-02   -1.5662715E-02
 6.7400    2.7113143E-05    1.5477811E-02   -1.5477811E-02
 6.7500    2.6500025E-05    1.5172729E-02   -1.5172729E-02
 6.7600    2.5835119E-05    1.4835894E-02   -1.4835894E-02
 6.7700    2.5248011E-05    1.4541673E-02   -1.4541673E-02
 6.7800    2.4795689E-05    1.4323377E-02   -1.4323377E-02
 6.7900    2.4462250E-05    1.4172479E-02   -1.4172479E-02
 6.8000    2.4192801E-05    1.4057686E-02   -1.4057686E-02
 6.8100    2.3934973E-05    1.3948806E-02   -1.3948806E-02
 6.8200    2.3665287E-05    1.3832172E-02   -1.3832172E-02
 6.8300    2.3390342E-05    1.3711591E-02   -1.3711591E-02
 6.8400    2.3126381E-05    1.3596582E-02   -1.3596582E-02
 6.8500    2.2872374E-05    1.3486593E-02   -1.3486593E-02
 6.8600    2.2597348E-05    1.3363357E-02   -1.3363357E-02
 6.8700    2.2255449E-05    1.3199567E-02   -1.3199567E-02
 6.8800    2.1822295E-05    1.2980373E-02   -1.2980373E-02
 6.8900    2.1326523E-05    1.2722380E-02   -1.2722380E-02
 6.9000    2.0848664E-05    1.2473441E-02   -1.2473441E-02
 6.9100    2.0482281E-05    1.2289785E-02   -1.2289785E-02
 6.9200    2.0284783E-05    1.2206535E-02   -1.2206535E-02
 6.9300    2.0256639E-05    1.2224855E-02   -1.2224855E-02
 6.9400    2.0360466E-05    1.2323002E-02   -1.2323002E-02
 6.9500    2.0549886E-05    1.2473516E-02   -1.2473516E-02
 6.9600    2.0771232E-05    1.2644178E-02   -1.2644178E-02
 6.9700    2.0941987E-05    1.2784781E-02   -1.2784781E-02
 6.9800    2.0949043E-05    1.2825813E-02   -1.2825813E-02
 6.9900    2.0692344E-05    1.2704977E-02   -1.2704977E-02
 7.0000    2.0141106E-05    1.2401929E-02   -1.2401929E-02
 7.0100    1.9345088E-05    1.1945838E-02   -1.1945838E-02
 7.0200    1.8389637E-05    1.1388256E-02   -1.1388256E-02
 7.0300    1.7346860E-05    1.0773118E-02   -1.0773118E-02
 7.0400    1.6277927E-05    1.0138047E-02   -1.0138047E-02
 7.0500    1.5278167E-05    9.5424383E-03   -9.5424383E-03
 7.0600    1.4500429E-05    9.0823894E-03   -9.0823894E-03
 7.0700    1.4106580E-05    8.8607490E-03   -8.8607490E-03
 7.0800    1.4168674E-05    8.9249460E-03   -8.9249460E-03
 7.0900    1.4598440E-05    9.2216530E-03   -9.2216530E-03
 7.1000    1.5170251E-05    9.6099100E-03   -9.6099100E-03
 7.1100    1.5629895E-05    9.9289914E-03   -9.9289914E-03
 7.1200    1.5814301E-05    1.0074416E-02   -1.0074416E-02
 7.1300    1.5703501E-05    1.0031951E-02   -1.0031951E-02
 7.1400    1.5384525E-05    9.8557661E-03   -9.8557661E-03
 7.1500    1.4972078E-05    9.6184266E-03   -9.6184266E-03
 7.1600    1.4547697E-05    9.3719542E-03   -9.3719542E-03
 7.1700    1.4145253E-05    9.1381630E-03   -9.1381630E-03
 7.1800    1.3769691E-05    8.9203714E-03   -8.9203714E-03
 7.1900    1.3422506E-05    8.7196939E-03   -8.7196939E-03
 7.2000    1.3116874E-05    8.5448652E-03   -8.5448652E-03
 7.2100    1.2877342E-05    8.4121428E-03   -8.4121428E-03
 7.2200    1.2727258E-05    8.3371789E-03   -8.3371789E-03
 7.2300    1.2673660E-05    8.3250816E-03   -8.3250816E-03
 7.2400    1.2700669E-05    8.3659177E-03   -8.3659177E-03
 7.2500    1.2775596E-05    8.4385349E-03   -8.4385349E-03
 7.2600    1.2862437E-05    8.5193484E-03   -8.5193484E-03
 7.2700    1.2933622E-05    8.5901124E-03   -8.5901124E-03
 7.2800    1.2974563E-05    8.6410270E-03   -8.6410270E-03
 7.2900    1.2981767E-05    8.6695936E-03   -8.6695936E-03
